57
20
16682	17809	75	48	294	3883890
16693	17845	255	50	294	3883900
16684	17845	286	50	295	3883910
16684	17851	358	51	293	3883920
16678	17851	399	51	294	3883930
16678	17839	445	51	294	3883940
16668	17822	479	51	294	3883950
16661	17800	504	52	293	3883960
16653	17771	519	52	293	3883970
16644	17735	546	52	292	3883980
16634	17693	564	52	292	3883990
16620	17644	587	52	292	3884000
16605	17590	599	53	292	3884010
16585	17532	611	53	292	3884020
16565	17480	614	53	292	3884030
16546	17434	618	53	292	3884040
16533	17400	618	53	292	3884050
16526	17380	613	53	292	3884060
16526	17370	543	53	293	3884080
16526	17384	172	52.5	294.5	3884100
19
16698	17882	358	52	295	3884206
16705	17895	425	52	295	3884216
16705	17902	506	52	295	3884236
16705	17893	582	52	295	3884246
16705	17881	604	53	294	3884256
16715	17862	622	53	294	3884266
16725	17834	646	53	292	3884276
16736	17798	657	53	292	3884286
16747	17753	668	53	292	3884296
16757	17700	682	53	292	3884306
16766	17642	693	53	292	3884316
16773	17584	699	53	292	3884326
16773	17527	698	53	292	3884336
16782	17472	699	53	292	3884346
16782	17426	697	53	292	3884356
16782	17390	681	53	292	3884366
16782	17363	657	53	292	3884376
16782	17348	534	53	292	3884396
16770	17348	56	53	292	3884416
9
16658	17540	349	53	292	3884494
16626	17546	404	54	293	3884504
16613	17546	500	54	293	3884514
16606	17546	560	54	293	3884524
16613	17546	578	54	293	3884534
16634	17546	587	54	293	3884544
16671	17546	579	54	293	3884554
16720	17564	505	54	293	3884564
16771	17579	75	53.5	292.5	3884584
19
16502	16632	11	53	299	3885078
16502	16687	185	53	299	3885088
16502	16719	290	53	299	3885098
16502	16749	367	53	299	3885108
16509	16777	446	54	298	3885118
16509	16796	509	54	298	3885128
16509	16806	553	54	297	3885158
16509	16783	629	54	297	3885168
16509	16757	645	54	297	3885178
16509	16721	671	54	297	3885188
16509	16676	682	54	297	3885198
16509	16624	704	54	297	3885208
16509	16568	707	54	297	3885218
16500	16511	710	54	297	3885228
16500	16462	716	54	297	3885238
16492	16423	715	54	297	3885248
16492	16398	688	54	297	3885258
16492	16385	565	54	297	3885278
16492	16407	140	54	297	3885298
47
16475	16642	164	54	297	3885358
16466	16688	294	54	297	3885368
16466	16702	388	54	297	3885378
16458	16715	472	54	297	3885388
16458	16727	526	54	297	3885398
16458	16738	560	54	297	3885408
16465	16748	585	54	297	3885418
16472	16754	607	54	297	3885428
16484	16763	629	54	297	3885438
16497	16770	631	54	297	3885448
16515	16779	641	54	297	3885458
16537	16788	644	54	297	3885468
16562	16796	642	54	297	3885478
16590	16796	641	54	297	3885488
16613	16796	640	54	297	3885498
16632	16796	637	54	297	3885508
16643	16781	639	54	297	3885518
16643	16760	641	54	297	3885528
16643	16735	648	54	297	3885538
16632	16705	643	54	297	3885548
16615	16673	650	54	297	3885558
16594	16644	647	54	297	3885568
16574	16619	649	54	297	3885578
16558	16603	652	54	297	3885588
16545	16594	657	54	297	3885598
16539	16594	670	54	297	3885628
16545	16594	674	54	297	3885638
16556	16602	672	54	297	3885648
16570	16602	673	54	297	3885658
16590	16611	673	54	297	3885668
16613	16611	673	54	297	3885678
16638	16603	673	54	297	3885688
16663	16591	671	54	297	3885698
16686	16572	670	54	297	3885708
16705	16549	672	54	297	3885718
16718	16521	672	54	297	3885728
16725	16490	672	54	297	3885738
16725	16458	679	54	297	3885748
16716	16427	683	54	297	3885758
16704	16402	701	54	297	3885768
16682	16381	712	54	297	3885778
16653	16368	734	54	297	3885788
16620	16361	750	54	297	3885798
16580	16361	749	54	297	3885808
16544	16361	729	54	297	3885818
16514	16361	667	54	297	3885828
16492	16371	222	54	297	3885848
29
16567	15724	19	53	296	3886458
16581	15706	167	53	294	3886478
16595	15699	249	54	293	3886488
16604	15699	300	54	293	3886498
16610	15699	357	54	293	3886518
16619	15711	389	54	293	3886528
16619	15718	422	54	293	3886538
16619	15728	476	54	293	3886548
16606	15737	524	54	293	3886558
16593	15737	569	54	293	3886568
16575	15737	599	54	293	3886578
16552	15737	644	54	293	3886588
16527	15729	674	54	293	3886598
16499	15713	697	54	293	3886608
16472	15692	705	54	293	3886618
16450	15666	724	54	293	3886628
16431	15634	732	54	293	3886638
16418	15597	732	54	293	3886648
16418	15557	733	54	293	3886658
16418	15516	735	54	293	3886668
16429	15477	735	54	293	3886678
16453	15443	737	54	293	3886688
16484	15417	743	54	293	3886698
16523	15403	743	54	293	3886708
16566	15403	745	54	293	3886718
16607	15403	743	54	293	3886728
16639	15403	701	54	293	3886738
16657	15403	595	54	293	3886748
16665	15403	162	54	293	3886768
16
16473	14720	155	54	304	3887302
16459	14765	304	54	304	3887312
16459	14775	401	54	304	3887322
16449	14775	463	54	304	3887342
16449	14762	537	54	304	3887352
16449	14739	574	54	304	3887362
16449	14705	606	54	304	3887372
16456	14662	639	54	304	3887382
16456	14613	667	54	304	3887392
16456	14562	679	53	303	3887402
16456	14510	685	54	304	3887412
16456	14459	687	54	304	3887422
16456	14413	683	54	304	3887432
16456	14376	653	54	304	3887442
16456	14348	591	54	304	3887452
16456	14334	221	54	304	3887482
26
16442	14709	377	54	304	3887558
16431	14744	448	54	304	3887568
16431	14754	529	54	304	3887578
16424	14761	561	54	304	3887598
16435	14761	567	54	304	3887608
16450	14761	575	54	304	3887618
16470	14742	592	54	304	3887628
16494	14721	596	54	304	3887638
16521	14695	603	54	304	3887648
16550	14666	615	54	304	3887658
16582	14635	626	55	303	3887668
16611	14600	646	55	303	3887678
16638	14560	657	54	300	3887688
16659	14516	667	55	301	3887698
16675	14466	677	55	301	3887708
16683	14415	689	55	301	3887718
16683	14365	694	55	301	3887728
16683	14317	699	55	301	3887738
16663	14275	703	55	301	3887748
16639	14236	707	55	303	3887758
16606	14207	718	55	303	3887768
16568	14186	725	55	305	3887778
16528	14174	715	55	305	3887788
16493	14174	694	55	305	3887798
16467	14174	596	55	305	3887808
16450	14174	116	55	305	3887828
23
16995	16577	64	47	270	3891650
16976	16577	134	47	270	3891660
16964	16577	193	47	270	3891670
16950	16589	324	47	270	3891680
16938	16589	380	47	270	3891690
16928	16589	441	47	270	3891700
16921	16596	510	47	270	3891730
16930	16596	544	47	270	3891740
16949	16596	556	47	270	3891750
16980	16596	572	47	270	3891760
17026	16602	582	47	270	3891770
17092	16602	588	47	270	3891780
17175	16602	596	47	270	3891790
17271	16602	598	47	269	3891800
17377	16609	611	47	269	3891810
17488	16609	618	47	268	3891820
17595	16609	621	47	267	3891830
17696	16609	623	47	267	3891840
17782	16609	618	47	266	3891850
17848	16602	582	47	266	3891860
17895	16602	544	47	266	3891870
17926	16602	430	47	266	3891880
17946	16602	101	47	265	3891900
24
17927	16705	52	48	266	3892178
17938	16722	101	48	266	3892188
17950	16734	207	48	266	3892198
17956	16745	288	49	265	3892208
17956	16756	404	49	265	3892218
17964	16766	476	49	265	3892228
17964	16774	555	49	267	3892248
17964	16783	614	49	268	3892278
17964	16776	627	49	268	3892288
17964	16765	630	49	268	3892298
17964	16747	639	49	268	3892308
17964	16723	656	49	268	3892318
17964	16695	657	49	268	3892328
17964	16661	665	49	268	3892338
17957	16622	674	49	267	3892348
17957	16582	677	49	267	3892358
17957	16541	687	48	266	3892368
17950	16502	696	48	266	3892378
17950	16472	692	48	266	3892388
17950	16451	692	48	266	3892398
17950	16438	678	48	266	3892428
17950	16455	527	48	266	3892438
17950	16477	336	47	266	3892448
17962	16504	0	47	266	3892468
32
17984	16734	284	48	266	3892546
17969	16741	367	48	266	3892556
17962	16753	514	48	266	3892566
17962	16760	605	48	266	3892576
17955	16766	674	48	266	3892606
17964	16766	693	48	266	3892616
17970	16766	698	48	266	3892626
17982	16760	701	48	266	3892636
18002	16752	715	48	266	3892646
18032	16744	718	48	266	3892656
18071	16734	724	48	266	3892666
18118	16721	726	48	264	3892676
18167	16708	726	48	264	3892686
18218	16693	726	48	263	3892696
18261	16677	727	48	263	3892706
18294	16662	725	48	262	3892716
18316	16650	715	47	262	3892726
18327	16641	715	47	261	3892736
18327	16631	718	47	261	3892746
18327	16620	725	47	260	3892756
18327	16610	721	47	260	3892766
18319	16598	733	46	259	3892776
18303	16585	738	46	259	3892786
18279	16571	739	46	258	3892796
18245	16555	742	46	258	3892806
18201	16538	745	46	257	3892816
18156	16520	748	46	257	3892826
18114	16502	747	46	257	3892836
18079	16484	752	46	258	3892846
18054	16472	748	46	258	3892856
18040	16464	728	46	259	3892876
18033	16464	381	47	260.333	3892906
29
18419	16695	181	46	259	3893150
18419	16708	273	46	259	3893160
18410	16708	406	46	258	3893170
18401	16720	476	46	258	3893180
18390	16720	539	47	257	3893190
18378	16728	574	47	257	3893200
18366	16728	602	47	257	3893210
18355	16728	605	47	257	3893220
18347	16728	612	47	257	3893230
18341	16713	620	47	257	3893240
18341	16697	626	47	257	3893250
18334	16676	627	47	257	3893260
18334	16651	630	47	257	3893270
18334	16625	626	47	257	3893280
18349	16600	626	47	257	3893290
18366	16578	623	47	257	3893300
18391	16560	621	47	257	3893310
18423	16552	618	47	257	3893320
18459	16552	622	47	257	3893330
18492	16559	618	47	257	3893340
18518	16577	621	47	257	3893350
18534	16601	634	47	257	3893360
18534	16631	633	47	257	3893370
18534	16658	649	47	257	3893380
18519	16683	646	47	257	3893390
18495	16700	641	47	257	3893400
18468	16708	587	47	257	3893410
18437	16708	512	47	257	3893420
18411	16701	140	47	257	3893440
20
16957	15546	123	47	268	3898527
16934	15546	151	47	268	3898537
16923	15546	237	47	268	3898547
16916	15562	369	47	268	3898587
16926	15562	452	46	268	3898597
16945	15562	450	46	268	3898607
16977	15562	466	46	268	3898617
17019	15562	479	46	268	3898627
17075	15562	485	46	268	3898637
17145	15562	492	46	268	3898647
17225	15562	509	46	268	3898657
17312	15569	512	46	268	3898667
17400	15569	526	46	268	3898677
17487	15569	538	46	267	3898687
17568	15569	549	46	267	3898697
17640	15576	560	46	266	3898707
17695	15576	565	46	266	3898717
17731	15576	561	46	265	3898727
17750	15576	542	46	265	3898737
17758	15576	262	46	263.2	3898787
19
17764	15588	66	47	264	3899299
17741	15588	100	47	264	3899309
17731	15588	172	47	262	3899319
17721	15588	231	47	262	3899329
17713	15582	278	47	261	3899339
17705	15582	346	47	261	3899359
17697	15582	492	47	261	3899409
17703	15582	556	47	261	3899419
17714	15582	581	47	261	3899429
17730	15582	600	47	261	3899439
17755	15582	603	47	261	3899449
17788	15582	606	47	261	3899459
17823	15582	619	47	261	3899469
17860	15582	619	46	262	3899479
17895	15588	621	46	262	3899489
17924	15588	619	46	262	3899499
17944	15588	603	46	262	3899509
17955	15588	439	46	262	3899539
17949	15582	13	46	262	3899559
18
18009	15760	245	47	261	3899715
18015	15779	331	48	261	3899725
18022	15788	452	48	261	3899745
18022	15796	550	48	261	3899775
18022	15781	581	48	261	3899785
18022	15765	595	48	262	3899795
18022	15742	619	48	262	3899805
18022	15710	636	48	263	3899815
18022	15672	661	48	263	3899825
18022	15631	674	48	263	3899835
18022	15589	677	48	263	3899845
18015	15547	687	48	263	3899855
18015	15511	686	48	263	3899865
18008	15484	687	48	263	3899875
18008	15467	683	48	263	3899885
18008	15459	652	48	263	3899915
18008	15469	519	48	263	3899925
18008	15484	138	47	264	3899945
32
18022	15725	316	47	261	3900023
18009	15732	372	47	261	3900033
18001	15741	468	47	261	3900043
17995	15741	610	47	261	3900053
17995	15750	680	47	261	3900083
18002	15750	696	47	261	3900093
18015	15750	703	47	261	3900103
18036	15739	705	47	261	3900113
18066	15729	705	47	261	3900123
18102	15718	704	47	261	3900133
18145	15705	703	47	261	3900143
18194	15690	704	47	261	3900153
18242	15674	704	47	260	3900163
18289	15658	704	47	260	3900173
18328	15642	701	46	259	3900183
18355	15627	697	46	259	3900193
18373	15614	695	46	258	3900203
18381	15604	689	46	258	3900213
18381	15596	684	46	257	3900223
18381	15589	686	46	256	3900233
18375	15580	688	46	256	3900243
18359	15568	689	46	255	3900253
18333	15555	696	46	255	3900263
18298	15540	694	46	254	3900273
18255	15527	694	46	254	3900283
18204	15513	693	46	253	3900293
18152	15500	693	46	254	3900303
18106	15489	693	46	254	3900313
18070	15477	682	46	255	3900323
18048	15477	652	46	255	3900333
18040	15470	533	46	256	3900343
18046	15470	42	46	256.5	3900363
31
18471	15641	63	47	255	3900599
18478	15648	190	47	255	3900619
18471	15658	350	47	255	3900629
18464	15658	440	48	254	3900639
18454	15669	485	48	254	3900649
18441	15669	531	48	254	3900659
18427	15669	569	48	254	3900669
18414	15669	595	48	253	3900679
18402	15669	600	48	253	3900689
18393	15669	601	48	252	3900699
18393	15657	601	48	252	3900709
18387	15646	625	48	252	3900719
18387	15629	637	48	252	3900729
18387	15608	634	48	252	3900739
18395	15583	652	48	252	3900749
18407	15561	656	47	252	3900759
18430	15543	658	47	252	3900769
18460	15530	667	47	252	3900779
18495	15530	667	47	252	3900789
18530	15530	665	47	252	3900799
18560	15530	667	47	252	3900809
18582	15552	665	47	252	3900819
18593	15574	675	47	253	3900829
18593	15598	682	47	253	3900839
18593	15624	687	47	255	3900849
18572	15644	681	47	255	3900859
18551	15659	672	47	255	3900869
18525	15668	637	47	255	3900879
18502	15668	575	47	255	3900889
18481	15668	445	47	255	3900899
18468	15653	38	47	255	3900919
19
16697	14407	92	49	265	3903239
16687	14407	131	49	265	3903249
16680	14407	312	49	265	3903299
16687	14407	425	49	265	3903309
16706	14399	489	49	265	3903319
16739	14399	533	48	266	3903329
16790	14399	567	48	266	3903339
16863	14399	586	48	266	3903349
16957	14399	613	48	266	3903359
17066	14409	620	48	266	3903369
17185	14409	650	48	264	3903379
17310	14415	662	48	264	3903389
17438	14415	662	47	264	3903399
17565	14422	672	47	262	3903409
17682	14422	665	47	262	3903419
17779	14430	661	47	261	3903429
17851	14430	621	47	261	3903439
17894	14437	528	47	261	3903449
17910	14437	179	47	260	3903469
17
17942	14547	131	50	260	3903783
17927	14565	216	50	260	3903793
17927	14574	294	50	260	3903803
17920	14580	460	50	260	3903823
17920	14589	547	49.3333	260.667	3903853
17920	14576	587	49	261	3903863
17920	14562	614	49	261	3903873
17929	14542	625	49	261	3903883
17929	14515	650	49	261	3903893
17936	14483	656	49	261	3903903
17936	14445	671	49	261	3903913
17936	14408	673	49	261	3903923
17936	14372	672	49	261	3903933
17936	14341	673	49	261	3903943
17936	14320	657	49	261	3903953
17936	14306	562	49	261	3903983
17936	14316	126	49	261	3904003
29
17936	14565	363	49	261	3904071
17927	14591	405	49	261	3904081
17920	14591	457	49	261	3904091
17911	14601	624	49	260.5	3904111
17911	14608	686	47.5	259.5	3904131
17919	14608	718	47	259	3904141
17936	14598	724	47	259	3904151
17959	14588	732	47	259	3904161
17988	14576	733	47	259	3904171
18024	14562	736	46	259	3904181
18065	14547	738	46	259	3904191
18112	14531	740	46	259	3904201
18164	14515	735	46	259	3904211
18212	14501	733	46	259	3904221
18252	14487	730	46	258	3904231
18278	14475	725	46	258	3904241
18291	14466	720	46	257	3904251
18291	14457	709	46	256	3904261
18291	14450	709	46	256	3904271
18283	14441	711	46	255	3904281
18263	14427	718	46	255	3904291
18232	14412	721	46	255	3904301
18192	14395	727	46	254	3904311
18145	14374	729	46	254	3904321
18096	14356	730	46	253	3904331
18049	14337	733	46	253	3904341
18011	14320	732	46	253	3904351
17986	14308	720	46	254	3904361
17973	14301	363	46.4	255	3904411
30
18392	14526	75	48	254	3904687
18392	14532	115	48	254	3904697
18392	14539	247	48	253	3904707
18400	14547	334	48	253	3904717
18400	14556	439	48	252	3904727
18400	14563	521	48	252	3904747
18385	14571	573	48	252	3904757
18374	14571	587	48	252	3904767
18360	14571	604	48	252	3904777
18345	14557	618	48	252	3904787
18330	14545	621	48	252	3904797
18316	14528	642	48	252	3904807
18303	14506	648	48	252	3904817
18296	14482	653	48	252	3904827
18296	14458	653	48	252	3904837
18296	14435	654	48	252	3904847
18312	14416	650	48	252	3904857
18336	14403	647	48	252	3904867
18370	14403	644	48	252	3904877
18408	14403	644	48	252	3904887
18445	14403	644	48	252	3904897
18475	14425	650	48	252	3904907
18494	14444	649	48	252	3904917
18500	14468	651	48	252	3904927
18500	14492	653	48	252	3904937
18483	14515	649	48	252	3904947
18464	14532	637	48	252	3904957
18442	14543	603	48	252	3904967
18420	14543	525	48	252	3904977
18405	14543	184	48	252	3904997
76
17372	15527	53	48	270	3909795
17372	15536	143	48	270	3909805
17372	15545	257	47.5	270	3909825
17366	15557	380	47	270	3909845
17366	15567	487	47	270	3909865
17359	15567	521	47	270	3909905
17359	15546	558	47	270	3909915
17359	15525	560	47	270	3909925
17359	15498	565	47	270	3909935
17359	15465	572	47	270	3909945
17359	15428	580	47	270	3909955
17351	15383	606	47	270	3909965
17351	15332	614	48	270	3909975
17343	15277	624	48	270	3909985
17343	15220	633	48	270	3909995
17332	15163	643	49	270	3910005
17332	15111	647	49	270	3910015
17320	15063	647	49	270	3910025
17320	15021	649	49	270	3910035
17313	14986	650	49	270	3910045
17313	14956	651	49	270	3910055
17313	14933	663	50	270	3910065
17313	14913	663	50	269	3910075
17313	14901	665	50	269	3910085
17313	14892	711	50.8	268	3910185
17313	14884	717	50	268	3910205
17313	14867	726	50	268	3910215
17313	14855	725	50	266	3910225
17313	14839	722	50	266	3910235
17313	14825	722	50	265	3910245
17313	14809	718	50	265	3910255
17313	14792	721	50	265	3910265
17313	14773	721	50	265	3910275
17313	14756	724	50	265	3910285
17313	14740	720	50	265	3910295
17313	14727	720	50	265	3910305
17313	14718	718	50	265	3910315
17313	14712	762	49.1538	265	3910445
17325	14712	787	49	265	3910455
17340	14712	791	49	265	3910465
17363	14712	794	49	265	3910475
17395	14720	793	48	266	3910485
17434	14728	792	48	266	3910495
17478	14738	791	49	265	3910505
17523	14746	791	49	265	3910515
17570	14746	791	49	265	3910525
17617	14757	791	49	265	3910535
17661	14757	792	48	266	3910545
17703	14757	794	48	266	3910555
17747	14765	794	48	266	3910565
17796	14765	799	48	266	3910575
17851	14765	807	48	264	3910585
17914	14775	808	48	264	3910595
17979	14775	810	48	263	3910605
18045	14775	813	48	263	3910615
18110	14782	817	48	263	3910625
18172	14782	819	48	263	3910635
18230	14782	821	48	263	3910645
18283	14782	822	48	263	3910655
18326	14774	820	48	262	3910665
18365	14774	822	48	262	3910675
18402	14767	823	48	261	3910685
18438	14767	822	48	261	3910695
18475	14759	823	48	260	3910705
18511	14759	822	48	260	3910715
18546	14752	822	47	259	3910725
18588	14752	825	47	259	3910735
18635	14745	821	47	259	3910745
18685	14745	823	47	258	3910755
18736	14745	824	48	257	3910765
18777	14739	823	48	256	3910775
18808	14739	818	48	256	3910785
18828	14732	803	48	256	3910795
18840	14732	763	48	256	3910805
18847	14726	590	48	256	3910825
18838	14718	24	48	256	3910845
19
18552	14463	117	48	261	3911333
18545	14463	210	48	261	3911343
18538	14463	248	48	261	3911353
18531	14463	261	48	261	3911363
18523	14463	278	48	261	3911373
18515	14463	316	48	261	3911383
18509	14463	439	47.6667	261	3911413
18509	14471	577	47	260.75	3911453
18523	14471	626	47	260	3911463
18538	14471	636	46	259	3911473
18561	14463	650	46	259	3911483
18597	14463	670	46	259	3911493
18646	14463	681	46	259	3911503
18711	14463	693	46	259	3911513
18786	14472	693	46	259	3911523
18862	14484	691	46	259	3911533
18928	14497	686	46	259	3911543
18972	14508	645	46	259	3911553
18992	14515	238	46	259	3911573
16
18777	14728	127	48	268	3913839
18768	14728	217	48	268	3913849
18768	14746	317	48	268	3913859
18761	14746	408	48	268	3913889
18761	14740	457	48	268	3913919
18771	14732	486	48	268	3913929
18783	14732	515	48	268	3913939
18799	14726	541	48	268	3913949
18821	14726	542	48	268	3913959
18850	14726	548	48	268	3913969
18884	14726	552	48	268	3913979
18919	14726	548	48	268	3913989
18954	14726	522	48	268	3913999
18982	14726	474	48	268	3914009
19001	14726	347	48	268	3914019
19010	14726	25	47	268	3914039
23
18994	14820	220	50	269	3914407
18985	14832	288	50	270	3914417
18985	14843	395	50	270	3914427
18975	14843	459	50	270	3914437
18975	14849	486	50	270	3914457
18975	14842	537	50	270	3914467
18975	14831	549	50	270	3914477
18975	14812	594	50	270	3914487
18983	14787	638	50	270	3914497
18983	14757	652	50	270	3914507
18992	14720	666	50	270	3914517
18992	14680	675	50	270	3914527
19002	14634	679	50	270	3914537
19002	14582	695	50	270	3914547
19002	14526	696	50	270	3914557
19002	14471	704	50	270	3914567
19002	14419	707	50	270	3914577
19002	14377	717	50	270	3914587
19008	14346	723	50	270	3914597
19008	14326	727	50	270	3914607
19008	14315	723	49.25	270	3914647
19008	14333	590	49	270	3914657
19008	14354	119	49.5	270	3914677
36
19016	14823	67	48	268	3914931
19001	14806	126	48	268	3914941
18994	14814	223	48	268	3914951
18994	14820	324	48	268	3914961
18987	14845	410	49	268	3914981
18987	14851	457	49	269	3914991
18995	14851	480	49	269	3915001
19005	14851	512	49	269	3915011
19017	14843	514	49	269	3915021
19034	14836	513	49	269	3915031
19055	14826	541	49	268	3915041
19082	14813	557	49	268	3915051
19116	14798	564	49	268	3915061
19156	14778	572	49	268	3915071
19201	14756	576	49	268	3915081
19246	14730	577	49	267	3915091
19289	14703	576	49	267	3915101
19323	14673	579	49	265	3915111
19351	14640	594	49	265	3915121
19369	14606	598	49	264	3915131
19379	14571	597	49	264	3915141
19379	14536	614	48	263	3915151
19379	14502	626	48	262	3915161
19369	14467	646	48	262	3915171
19353	14432	663	48	261	3915181
19329	14397	674	48	261	3915191
19297	14366	687	48	260	3915201
19257	14338	691	48	260	3915211
19213	14319	693	46	259	3915221
19170	14306	696	46	259	3915231
19132	14306	698	46	259	3915241
19099	14306	697	46	259	3915251
19074	14306	682	46	259	3915261
19053	14316	627	47	260	3915271
19036	14316	541	47	260	3915281
19027	14323	128	47	261	3915301
39
17355	16635	67	53	303	3923133
17348	16635	171	53	303	3923163
17348	16647	213	53	303	3923173
17348	16654	248	53	303	3923193
17356	16664	436	53.75	301.25	3923273
17350	16654	536	54	300	3923283
17350	16643	550	54	300	3923293
17350	16628	575	54	300	3923303
17350	16609	581	54	300	3923313
17350	16587	602	54	300	3923323
17350	16560	617	54	300	3923333
17350	16532	636	54	300	3923343
17350	16500	644	54	300	3923353
17350	16466	653	54	300	3923363
17350	16433	660	54	300	3923373
17350	16398	669	54	300	3923383
17350	16362	682	54	300	3923393
17350	16329	683	54	302	3923403
17350	16296	688	54	302	3923413
17350	16264	695	53	303	3923423
17350	16235	700	53	303	3923433
17350	16206	711	54	304	3923443
17350	16180	714	54	304	3923453
17350	16160	715	54	304	3923463
17350	16144	721	54	304	3923473
17350	16132	730	55	305	3923483
17350	16121	731	55	305	3923493
17350	16109	732	55	305	3923503
17350	16100	734	55	305	3923513
17350	16091	743	56	306	3923523
17350	16079	759	56	306	3923533
17350	16068	762	56	306	3923543
17350	16058	761	56	306	3923553
17350	16049	761	56	306	3923573
17350	16037	761	56	306	3923583
17350	16030	763	56	306	3923593
17350	16021	763	56	306	3923603
17350	16014	764	56	306	3923623
17350	16003	631	56	306	3923713
28
17325	15947	65	49	268	3924663
17319	15947	123	49	268	3924673
17310	15947	211	49	268	3924683
17310	15961	383	49.5	267.5	3924723
17318	15961	513	50	266	3924733
17325	15961	539	50	265	3924743
17337	15961	563	50	265	3924753
17355	15961	594	50	265	3924763
17379	15961	619	50	265	3924773
17413	15961	633	50	265	3924783
17456	15961	641	50	265	3924793
17509	15961	647	50	265	3924803
17579	15961	650	50	264	3924813
17663	15961	656	50	264	3924823
17764	15961	651	50	263	3924833
17885	15952	657	50	263	3924843
18024	15952	657	50	263	3924853
18170	15943	663	50	263	3924863
18316	15936	660	50	263	3924873
18455	15927	662	50	263	3924883
18585	15918	664	50	262	3924893
18702	15911	666	50	262	3924903
18803	15911	666	50	260	3924913
18886	15902	666	49	261	3924923
18945	15902	656	49	261	3924933
18979	15902	611	49	261	3924943
18996	15902	453	49	260	3924963
18988	15894	0	48	259	3924983
18
18600	15610	11	48	261	3925563
18592	15603	61	48	261	3925573
18584	15603	107	48	261	3925583
18584	15613	293	48	261	3925623
18594	15613	432	48	261	3925633
18594	15607	477	48	261	3925643
18610	15607	526	48	261	3925653
18629	15607	562	48	261	3925663
18656	15607	591	48	261	3925673
18695	15607	627	48	261	3925683
18745	15607	651	48	261	3925693
18803	15613	653	48	261	3925703
18866	15613	665	48	261	3925713
18927	15613	667	48	261	3925723
18984	15623	668	48	261	3925733
19028	15623	666	47	261	3925743
19058	15623	649	47	261	3925753
19073	15623	290	47	261	3925793
19
19026	15962	126	50	263	3926515
19026	15969	213	50	263	3926525
19026	15977	379	50	263	3926545
19026	15984	504	50	263.4	3926595
19026	15970	545	50	265	3926605
19026	15952	580	50	265	3926615
19035	15926	611	51	265	3926625
19035	15890	629	51	265	3926635
19044	15846	631	51	265	3926645
19044	15796	647	51	265	3926655
19050	15742	674	51	265	3926665
19050	15689	694	50	265	3926675
19050	15640	693	50	265	3926685
19050	15597	709	50	265	3926695
19059	15561	710	50	265	3926705
19059	15535	711	50	265	3926715
19065	15517	710	50	265	3926725
19065	15508	672	49.25	264.75	3926765
19065	15526	182	49	263.5	3926785
34
19020	15979	111	48	263	3926992
19011	15979	194	49	263	3927002
19000	15979	387	49.25	263	3927041
19011	15979	488	50	264	3927051
19024	15979	519	50	264	3927061
19040	15979	544	50	265	3927071
19061	15979	568	50	265	3927081
19087	15979	579	50	264	3927091
19119	15972	582	50	264	3927101
19159	15963	595	50	263	3927111
19200	15953	601	50	263	3927121
19242	15942	604	50	262	3927131
19283	15927	606	50	262	3927141
19320	15911	612	50	260	3927151
19352	15891	613	50	259	3927161
19380	15867	607	50	259	3927171
19401	15838	611	49	258	3927181
19419	15807	611	49	257	3927191
19432	15774	614	49	257	3927201
19440	15741	620	49	256	3927211
19440	15708	622	49	256	3927221
19440	15677	638	49	255	3927231
19424	15648	637	49	255	3927241
19408	15620	643	49	253	3927251
19384	15594	658	49	253	3927261
19354	15570	674	48	254	3927271
19317	15549	677	48	253	3927281
19272	15531	681	48	253	3927291
19224	15519	674	48	253	3927301
19177	15519	667	48	253	3927311
19140	15519	650	47	255	3927321
19113	15519	593	47	255	3927331
19099	15519	478	47	255	3927341
19099	15525	84	47	256	3927361
15
19484	15745	52	49	258	3927836
19477	15767	166	49.5	258	3927856
19469	15767	321	50	258	3927876
19462	15767	545	50	258	3927916
19470	15767	636	50	258	3927926
19483	15775	653	50	258	3927936
19503	15775	666	50	258	3927946
19530	15775	680	50	258	3927956
19563	15775	685	50	258	3927966
19603	15767	689	50	258	3927976
19646	15767	687	50	258	3927986
19688	15757	674	50	258	3927996
19727	15757	637	50	258	3928006
19760	15748	536	49	258	3928015
19784	15748	120	49	258	3928035
13
19401	14497	53	50	260	3928840
19401	14505	161	50	260	3928860
19401	14514	247	50	260	3928880
19401	14520	475	50	260	3928960
19409	14520	642	50	260	3928980
19425	14520	672	50	260	3928990
19442	14520	678	49	261	3929000
19467	14520	680	49	261	3929010
19499	14514	678	49	261	3929020
19534	14514	649	49	261	3929030
19575	14514	598	49	261	3929040
19619	14506	436	49	261	3929050
19664	14506	0	49.5	260.5	3929070
29
17007	17565	1	49	272	3934744
16995	17546	112	49	272	3934754
16989	17546	207	49	272	3934774
16978	17546	325	49	272	3934784
16978	17563	426	49	272	3934814
16989	17563	513	49	272	3934824
17007	17563	553	49	272	3934834
17035	17563	570	49	272	3934844
17075	17563	595	49	272	3934854
17130	17563	606	49	272	3934864
17198	17563	621	49	272	3934874
17279	17556	627	49	271	3934884
17373	17556	638	49	271	3934894
17484	17547	654	49	270	3934904
17612	17540	665	49	270	3934914
17754	17533	670	49	270	3934924
17901	17533	678	48	269	3934934
18044	17523	681	48	269	3934944
18173	17523	683	48	268	3934954
18288	17523	689	48	267	3934964
18391	17523	689	48	266	3934974
18484	17523	698	47	265	3934984
18572	17523	704	47	265	3934994
18653	17523	713	47	264	3935004
18722	17523	725	47	262	3935014
18773	17523	723	47	262	3935024
18804	17523	715	47	261	3935034
18816	17523	599	47	260.5	3935054
18803	17523	42	46.5	259.5	3935074
51
18551	16639	34	50	277	3936024
18543	16639	81	50	277	3936034
18537	16639	126	50	277	3936044
18529	16639	167	50	277	3936064
18521	16639	416	50	277	3936174
18534	16639	543	50	277	3936184
18547	16632	555	50	277	3936194
18567	16632	557	50	277	3936204
18592	16632	562	50	277	3936214
18617	16632	564	50	277	3936224
18642	16639	563	50	277	3936234
18662	16646	565	50	277	3936244
18676	16652	568	50	277	3936254
18686	16659	573	50	277	3936264
18686	16665	574	50	277	3936274
18693	16676	587	50	277	3936284
18693	16690	588	50	277	3936294
18693	16710	607	50	277	3936304
18693	16737	621	50	277	3936314
18693	16769	637	50	276	3936324
18693	16806	657	50	276	3936334
18693	16845	666	50	275	3936344
18693	16885	677	50	275	3936354
18693	16927	679	50	275	3936364
18703	16968	686	50	275	3936374
18703	17009	687	50	275	3936384
18713	17051	702	50	275	3936394
18713	17092	704	50	275	3936404
18722	17131	710	50	275	3936414
18722	17167	736	50	275	3936424
18722	17199	738	50	275	3936434
18715	17225	755	50	275	3936444
18715	17247	750	50	275	3936454
18707	17268	762	50	274	3936464
18707	17285	768	49	273	3936474
18707	17302	768	49	272	3936484
18707	17317	768	49	272	3936494
18707	17328	771	49	272	3936504
18707	17337	775	48	272	3936524
18707	17345	778	46.6	272	3936574
18714	17345	779	46	272	3936584
18720	17345	778	46	272	3936594
18729	17351	777	46	272	3936604
18745	17351	776	46	272	3936614
18765	17351	771	45	272	3936624
18790	17351	770	45	272	3936634
18816	17351	765	45	272	3936644
18838	17351	748	45	272	3936654
18855	17351	705	45	272	3936664
18868	17351	562	45	272	3936684
18874	17341	150	45	272	3936704
11
18795	17518	34	46	272	3936936
18789	17512	95	46	272	3936946
18778	17525	216	46	272	3936966
18770	17525	343	46	272	3936986
18764	17525	483	46	272	3937046
18778	17518	560	46	272	3937056
18792	17518	592	45	272	3937066
18812	17509	597	45	272	3937076
18837	17509	576	45	272	3937086
18861	17502	495	45	272	3937096
18879	17502	104	45	272	3937116
22
18853	17699	192	47	274	3937344
18860	17711	288	47	274	3937354
18867	17718	414	47	273	3937364
18867	17726	519	47	273	3937374
18867	17735	581	47	272	3937414
18867	17723	611	47	272	3937424
18867	17703	615	47	272	3937434
18867	17674	618	47	272	3937444
18867	17636	626	47	272	3937454
18873	17591	647	47	273	3937464
18873	17538	653	47	273	3937474
18873	17478	657	47	274	3937484
18880	17411	667	47	274	3937494
18880	17339	674	47	274	3937504
18880	17266	684	48	274	3937514
18880	17201	688	48	274	3937524
18880	17146	688	48	274	3937534
18880	17107	691	48	274	3937544
18880	17082	691	49	275	3937554
18880	17069	637	49	275	3937584
18880	17095	401	49	275	3937594
18880	17126	12	49.5	275	3937614
34
18881	17592	232	48	274	3937740
18855	17606	287	48	274	3937750
18847	17619	370	48	273	3937760
18847	17633	441	47	273	3937770
18847	17645	479	47	272	3937780
18847	17654	506	47	272	3937790
18855	17661	530	47	272	3937800
18864	17661	539	47	272	3937810
18877	17667	556	47	272	3937820
18896	17667	573	47	272	3937830
18919	17661	589	47	272	3937840
18951	17650	596	47	272	3937850
18990	17631	599	47	272	3937860
19035	17607	600	47	272	3937870
19089	17578	602	47	272	3937880
19143	17545	602	47	272	3937890
19196	17506	602	47	272	3937900
19241	17464	604	47	271	3937910
19273	17416	602	47	271	3937920
19294	17365	607	47	270	3937930
19305	17308	615	47	270	3937940
19305	17251	619	47	270	3937950
19299	17195	637	47	269	3937960
19281	17143	662	48	269	3937970
19253	17099	687	48	268	3937980
19215	17062	696	48	268	3937990
19170	17035	709	48	268	3938000
19118	17014	730	49	268	3938010
19061	17003	732	49	268	3938020
19005	17003	725	49	268	3938030
18957	17003	703	50	268	3938040
18919	17011	658	50	268	3938050
18897	17021	521	50	269	3938060
18887	17029	105	51	269.5	3938080
71
19331	17356	43	51	272	3944216
19320	17356	84	51	272	3944226
19312	17356	313	51	271.75	3944306
19322	17356	450	51	270	3944316
19336	17356	470	51	270	3944326
19360	17356	484	51	270	3944336
19394	17356	497	51	270	3944346
19437	17356	518	51	270	3944356
19488	17356	524	51	270	3944366
19545	17350	548	51	270	3944376
19604	17350	551	51	270	3944386
19663	17350	552	51	270	3944396
19719	17343	557	51	270	3944406
19772	17343	557	51	270	3944416
19821	17333	558	51	270	3944426
19869	17333	560	51	270	3944436
19913	17324	560	51	270	3944446
19954	17324	563	51	270	3944456
19991	17324	564	51	270	3944466
20021	17324	566	51	270	3944476
20042	17324	569	51	270	3944486
20054	17331	630	51	270	3944586
20054	17324	642	51	270	3944596
20047	17315	644	51	270	3944606
20040	17303	643	51	270	3944616
20040	17285	643	51	270	3944626
20027	17261	647	51	270	3944636
20020	17231	648	51	270	3944646
20013	17197	649	51	270	3944656
20006	17158	652	51	270	3944666
19996	17121	655	51	270	3944676
19987	17084	655	52	270	3944686
19979	17050	658	52	270	3944696
19971	17018	664	52	270	3944706
19971	16989	664	52	270	3944716
19962	16962	671	52	270	3944726
19962	16937	680	52	270	3944736
19953	16917	680	52	270	3944746
19953	16902	680	52	270	3944756
19953	16893	680	52.6667	270	3944786
19953	16886	683	53	270	3944846
19953	16875	700	53	270	3944856
19946	16866	703	53	270	3944866
19946	16854	702	53	270	3944876
19946	16838	711	52	270	3944886
19936	16825	712	52	270	3944896
19936	16811	714	52	270	3944906
19936	16798	718	52	270	3944916
19936	16789	720	52	270	3944926
19936	16780	721	52	270	3944936
19936	16771	721	52	270	3944946
19936	16765	720	52	270	3944966
19936	16756	824	52	271.448	3946016
19948	16756	833	52	273	3946026
19968	16756	832	52	273	3946036
20005	16756	832	52	273	3946046
20060	16756	832	52	273	3946056
20127	16756	831	52	271	3946066
20205	16756	830	52	271	3946076
20295	16763	827	52	270	3946086
20390	16763	825	52	270	3946096
20489	16769	825	52	270	3946106
20582	16769	824	52	269	3946116
20665	16769	822	52	269	3946126
20737	16769	823	52	267	3946136
20794	16758	822	52	267	3946146
20839	16758	822	52	267	3946156
20873	16751	820	52	266	3946166
20893	16751	817	52	266	3946176
20906	16751	792	52	265	3946196
20913	16744	333	52	263.75	3946236
78
19646	14486	47	51	272	3948396
19636	14486	133	51	272	3948406
19629	14478	271	51	272	3948436
19629	14486	353	51	272	3948446
19639	14486	388	51	272	3948456
19646	14494	450	51	272	3948476
19654	14494	504	51	272	3948486
19654	14501	559	51	272	3948526
19661	14501	622	50	272	3948556
19669	14501	652	50	272	3948576
19678	14501	664	50	272	3948586
19684	14501	664	50	272	3948596
19695	14501	663	50	272	3948606
19707	14501	666	50	272	3948616
19724	14501	669	50	272	3948626
19741	14501	668	50	272	3948636
19758	14501	667	50	272	3948646
19778	14501	671	50	272	3948656
19795	14501	671	50	272	3948666
19811	14501	670	50	272	3948676
19827	14501	673	50	272	3948686
19837	14501	674	50	272	3948696
19845	14501	694	50	272	3948746
19845	14508	710	50	272	3948756
19845	14516	714	50	272	3948766
19845	14527	714	49	272	3948776
19845	14541	715	49	272	3948786
19836	14558	716	49	272	3948796
19836	14578	716	49	272	3948806
19830	14606	720	49	272	3948816
19830	14637	715	49	272	3948826
19830	14676	714	49	272	3948836
19830	14721	712	49	272	3948846
19830	14772	708	49	272	3948856
19823	14829	703	50	272	3948866
19823	14885	705	50	272	3948876
19823	14935	707	50	272	3948886
19823	14976	707	50	272	3948896
19823	15007	720	50	272	3948906
19823	15030	720	50	272	3948916
19823	15049	720	50	272	3948926
19816	15065	720	50	272	3948936
19816	15078	722	50	272	3948946
19816	15089	721	50	272	3948956
19810	15098	722	50	272	3948976
19810	15104	723	50.5	272	3948996
19803	15104	754	50.4211	272	3949186
19803	15112	808	50	272	3949206
19803	15119	810	50	272	3949226
19803	15127	816	50	272	3949286
19803	15133	815	50.4	272	3949386
19815	15133	811	51	272	3949396
19833	15126	816	51	272	3949406
19861	15126	817	51	272	3949416
19900	15118	816	51	272	3949426
19947	15118	815	51	271	3949436
19995	15118	816	51	271	3949446
20048	15112	815	50	270	3949456
20104	15112	814	50	270	3949466
20161	15112	816	50	270	3949476
20219	15112	816	50	270	3949486
20269	15112	815	50	269	3949496
20314	15104	815	50	269	3949506
20355	15104	813	50	268	3949516
20391	15098	812	50	266	3949526
20428	15098	813	50	266	3949536
20465	15090	814	50	265	3949546
20507	15090	814	50	264	3949556
20553	15084	810	50	264	3949566
20602	15084	809	50	263	3949576
20653	15084	808	50	263	3949586
20700	15084	804	50	262	3949596
20744	15084	800	50	262	3949606
20779	15084	800	50	260	3949616
20805	15090	800	50	260	3949626
20823	15090	798	50	260	3949636
20832	15090	692	50	260	3949676
20817	15090	49	50	260	3949696
90
19795	15725	87	50	270	3950568
19795	15739	441	50	270	3950688
19795	15747	631	50	270	3950708
19788	15758	666	50	270	3950718
19788	15764	694	50	270	3950728
19788	15773	702	50	270	3950738
19788	15783	722	50	270	3950748
19788	15796	734	50	270	3950758
19788	15811	733	49	270	3950768
19788	15828	742	50	270	3950778
19798	15848	745	50	270	3950788
19798	15869	754	50	270	3950798
19798	15892	757	50	270	3950808
19805	15917	770	50	270	3950818
19805	15943	770	50	270	3950828
19805	15972	773	50	270	3950838
19805	16002	786	50	270	3950848
19805	16029	792	50	270	3950858
19812	16053	802	50	270	3950868
19812	16076	804	50	270	3950878
19812	16098	806	50	270	3950888
19812	16119	817	50	270	3950898
19820	16141	820	50	270	3950908
19820	16166	817	50	270	3950918
19820	16193	822	50	270	3950928
19830	16224	823	50	270	3950938
19837	16256	828	50	270	3950948
19844	16289	828	50	270	3950958
19851	16319	837	49	270	3950968
19851	16346	836	49	270	3950978
19861	16372	840	48	270	3950988
19861	16393	842	48	270	3950998
19872	16413	845	48	270	3951008
19872	16430	846	47	270	3951018
19882	16444	848	47	270	3951028
19882	16457	851	46	269	3951038
19882	16469	851	46	269	3951048
19882	16481	853	46	268	3951058
19889	16492	854	45	268	3951068
19889	16502	855	45	268	3951078
19889	16512	857	45	268	3951088
19889	16523	864	44	268	3951098
19889	16534	865	44	268	3951108
19889	16548	864	44	268	3951118
19889	16561	866	44	268	3951128
19889	16573	867	44	268	3951138
19889	16583	866	44	268	3951158
19889	16592	863	44	268	3951238
19895	16592	851	44	268	3951258
19909	16592	850	44	268	3951268
19926	16592	851	44	268	3951278
19952	16592	847	44	268	3951288
19981	16585	846	44	268	3951298
20011	16585	844	44	268	3951308
20039	16585	843	44	268	3951318
20063	16585	843	44	268	3951328
20084	16576	840	44	268	3951338
20105	16576	840	44	267	3951348
20127	16576	838	44	267	3951358
20149	16570	838	44	266	3951368
20176	16570	836	44	266	3951378
20205	16570	835	44	265	3951388
20236	16561	830	44	265	3951398
20268	16561	825	44	264	3951408
20302	16561	822	44	263	3951418
20333	16553	818	44	263	3951428
20364	16553	818	44	262	3951438
20392	16553	821	44	261	3951448
20417	16553	821	44	261	3951458
20443	16553	823	44	260	3951468
20467	16553	823	44	259	3951478
20492	16553	822	43	260	3951488
20518	16553	823	42	259	3951498
20548	16553	823	42	259	3951508
20580	16553	822	42	259	3951518
20611	16553	822	42	259	3951528
20642	16553	823	42	259	3951538
20670	16553	823	42	259	3951548
20693	16553	823	42	258	3951558
20713	16553	822	42	258	3951568
20731	16553	822	42	257	3951578
20747	16553	822	42	258	3951588
20765	16553	823	42	258	3951598
20783	16553	821	42	259	3951608
20802	16553	820	42	259	3951618
20820	16553	817	42	259	3951628
20835	16553	817	42	259	3951638
20849	16553	814	42	259	3951648
20859	16553	781	42	259	3951668
20869	16553	337	42.75	258.25	3951708
93
19799	15777	105	47	270	3952316
19787	15777	161	47	270	3952326
19787	15769	206	47	270	3952336
19779	15769	239	47	270	3952346
19779	15760	259	47	270	3952356
19779	15753	301	47	270	3952366
19779	15747	331	47	270	3952376
19779	15740	367	47	270	3952386
19779	15733	384	47	270	3952396
19779	15725	412	47	270	3952406
19779	15717	435	47	270	3952416
19785	15705	472	47	270	3952426
19785	15692	485	47	270	3952436
19785	15678	496	47	270	3952446
19785	15663	514	47	270	3952456
19785	15645	537	47	270	3952466
19793	15628	544	47	270	3952476
19793	15612	543	47	270	3952486
19793	15594	552	47	270	3952496
19793	15577	557	46	270	3952506
19793	15559	561	46	270	3952516
19793	15543	567	46	270	3952526
19793	15529	567	46	270	3952536
19793	15517	569	46	270	3952546
19793	15507	568	46	270	3952556
19793	15498	568	46	270	3952566
19793	15491	570	46	270	3952576
19793	15484	569	46	270	3952586
19793	15477	570	46	270	3952606
19793	15465	576	46	270	3952616
19800	15457	590	46	270	3952626
19800	15447	602	46	270	3952636
19800	15438	602	46	270	3952646
19800	15431	602	45	270	3952656
19800	15423	602	45	270	3952676
19800	15414	602	45	270	3952696
19800	15405	603	45	270	3952716
19800	15390	615	45	270	3952726
19800	15381	616	45	270	3952736
19800	15372	615	45	270	3952746
19800	15362	618	45	270	3952756
19800	15356	615	45	270	3952776
19800	15347	622	45	270	3952886
19806	15347	625	45	270	3952906
19814	15347	644	45	270	3952916
19825	15340	671	45	270	3952926
19844	15340	681	45	270	3952936
19867	15340	687	45	270	3952946
19897	15340	690	45	270	3952956
19928	15340	691	45	270	3952966
19957	15333	690	45	270	3952976
19984	15333	691	45	270	3952986
20008	15333	690	45	270	3952996
20028	15333	690	45	269	3953006
20048	15333	693	45	269	3953016
20068	15333	691	45	268	3953026
20086	15333	690	45	268	3953036
20110	15333	691	45	268	3953046
20135	15333	691	45	268	3953056
20162	15333	690	45	268	3953066
20195	15333	691	45	267	3953076
20226	15333	690	45	267	3953086
20259	15333	692	45	266	3953096
20291	15325	690	45	266	3953106
20317	15325	690	45	265	3953116
20342	15317	690	45	265	3953126
20362	15317	689	44	264	3953136
20379	15311	688	44	263	3953146
20400	15311	690	44	263	3953156
20422	15311	689	44	262	3953166
20442	15301	689	44	261	3953176
20463	15301	691	44	261	3953186
20481	15301	689	44	260	3953196
20502	15301	688	44	260	3953206
20522	15301	688	44	260	3953216
20541	15294	687	44	260	3953226
20559	15294	689	44	260	3953236
20575	15294	687	44	260	3953246
20588	15294	688	44	260	3953256
20601	15294	687	44	260	3953266
20612	15294	688	44	260	3953276
20625	15285	688	44	260	3953286
20640	15285	688	44	260	3953296
20657	15285	689	44	260	3953306
20676	15285	689	44	260	3953316
20697	15279	688	44	260	3953326
20718	15279	688	44	260	3953336
20739	15279	688	44	260	3953346
20758	15279	688	44	260	3953356
20772	15279	687	44	260	3953366
20783	15279	688	44	260	3953376
20790	15279	688	44	260	3953386
20797	15279	567	43.9	260.1	3953486
29
20842	16824	67	45	264	3955808
20825	16841	102	45	264	3955818
20817	16863	174	46	264	3955828
20808	16863	282	46	264	3955838
20808	16871	350	46	264	3955848
20802	16871	412	46	264	3955888
20816	16864	444	46	264	3955898
20828	16854	455	46	264	3955908
20844	16839	471	46	264	3955918
20865	16821	483	46	264	3955928
20891	16798	490	46	264	3955938
20921	16768	501	46	264	3955948
20952	16735	506	46	264	3955958
20983	16696	505	46	264	3955968
21008	16657	509	46	264	3955978
21027	16616	510	46	264	3955988
21040	16577	512	46	264	3955998
21040	16539	515	46	264	3956008
21040	16502	529	46	264	3956018
21032	16467	536	45	264	3956028
21014	16436	550	45	264	3956038
20986	16406	566	45	264	3956048
20951	16381	586	45	264	3956058
20910	16361	591	45	264	3956068
20868	16348	595	45	264	3956078
20835	16342	601	45	264	3956088
20815	16342	577	44	264	3956098
20807	16356	497	44	264	3956108
20814	16373	170	44	264	3956128
30
20840	16924	104	45	264	3956372
20831	16924	145	45	264	3956382
20820	16917	280	45.5	264	3956422
20820	16910	384	46	264	3956432
20835	16910	424	46	264	3956442
20850	16902	441	46	264	3956452
20872	16895	469	46	264	3956462
20898	16886	478	47	264	3956472
20931	16876	497	47	264	3956482
20974	16864	514	47	264	3956492
21023	16849	522	47	264	3956502
21080	16831	526	46	264	3956512
21140	16808	530	46	263	3956522
21196	16781	530	46	263	3956532
21246	16752	528	46	262	3956542
21287	16722	531	46	262	3956552
21321	16692	534	46	261	3956562
21346	16663	541	46	261	3956572
21368	16633	543	45	260	3956582
21385	16602	546	44	259	3956592
21395	16571	549	44	259	3956602
21395	16538	566	44	258	3956612
21395	16504	580	44	258	3956622
21395	16471	582	44	257	3956632
21381	16442	585	44	257	3956642
21372	16421	583	43	256	3956652
21364	16406	589	43	256	3956662
21364	16399	581	44	256	3956672
21357	16399	493	44	256	3956692
21349	16399	16	44	256	3956712
23
20836	16316	25	47	260	3956996
20814	16307	105	47	261	3957016
20805	16307	248	46.3333	261.667	3957046
20805	16300	308	46	262	3957056
20813	16300	343	46	262	3957066
20823	16291	367	46	262	3957076
20840	16291	392	46	262	3957086
20863	16283	424	46	262	3957096
20893	16283	460	46	262	3957106
20932	16283	488	45	262	3957116
20978	16291	497	45	262	3957126
21033	16301	515	45	262	3957136
21094	16315	524	45	262	3957146
21156	16331	529	45	262	3957156
21218	16348	538	45	262	3957166
21271	16367	543	45	261	3957176
21318	16387	560	45	261	3957186
21355	16406	570	45	260	3957196
21380	16423	583	45	260	3957206
21399	16439	598	44	259	3957216
21409	16451	601	44	259	3957226
21409	16460	582	44	258	3957236
21417	16468	256	44	257.333	3957266
24
20633	15386	152	46	263	3958041
20625	15386	249	46	264	3958081
20638	15386	308	46	264	3958091
20651	15375	328	46	264	3958101
20670	15364	350	46	264	3958111
20697	15347	375	46	264	3958120
20730	15325	397	45	264	3958130
20764	15297	404	45	264	3958140
20799	15267	409	45	264	3958150
20831	15234	410	46	264	3958160
20857	15199	416	46	264	3958170
20880	15162	429	46	263	3958180
20894	15122	444	46	263	3958190
20902	15084	457	47	261	3958200
20902	15043	478	47	261	3958210
20902	15005	489	47	261	3958220
20882	14967	507	48	261	3958230
20862	14932	517	48	261	3958240
20839	14904	523	48	261	3958250
20818	14884	531	48	261	3958260
20802	14872	532	49	261	3958270
20790	14872	530	49	261	3958280
20781	14872	475	49	261	3958300
20772	14880	122	49	261	3958320
21
20677	15369	174	45	262	3958497
20657	15369	262	44.5	262	3958537
20657	15375	384	45	262	3958547
20678	15375	423	45	262	3958557
20701	15375	437	45	262	3958567
20733	15375	470	45	262	3958577
20775	15375	496	45	262	3958587
20822	15375	513	45	262	3958597
20875	15375	527	44	262	3958607
20931	15362	534	44	262	3958617
20989	15352	548	44	262	3958627
21052	15337	560	44	262	3958637
21112	15319	568	44	262	3958647
21167	15297	575	44	262	3958656
21213	15269	590	44	261	3958666
21247	15239	596	44	261	3958676
21271	15207	607	45	260	3958686
21288	15179	606	44	259	3958696
21300	15157	605	44	259	3958706
21307	15142	596	45	258	3958716
21307	15134	291	45.5	256.5	3958756
23
20839	14843	56	46	259	3958993
20806	14836	85	46	259	3959003
20796	14827	148	47	259	3959013
20789	14840	235	48	259.5	3959033
20789	14831	325	49	260.5	3959053
20789	14821	396	49	261	3959073
20804	14821	437	49	261	3959083
20820	14821	455	49	261	3959093
20846	14821	471	49	261	3959103
20880	14830	504	49	261	3959113
20919	14843	543	49	261	3959123
20963	14861	553	49	261	3959133
21012	14881	564	49	261	3959143
21063	14906	580	49	261	3959153
21113	14931	613	50	259	3959163
21162	14957	612	50	259	3959173
21205	14984	616	49	258	3959183
21240	15010	618	49	258	3959193
21270	15033	618	49	258	3959203
21293	15054	622	49	257	3959213
21308	15069	624	49	257	3959223
21316	15080	625	49	256	3959232
21316	15087	336	49	254.4	3959282
53
21367	16620	14	46	268	3962549
21360	16620	46	46	268	3962569
21350	16620	126	46	268	3962599
21344	16620	347	46	266.889	3962689
21358	16620	479	46	266	3962699
21373	16620	484	46	266	3962709
21393	16620	485	45	266	3962719
21423	16620	488	45	266	3962729
21463	16620	489	45	266	3962739
21512	16620	488	45	266	3962749
21569	16614	489	45	266	3962759
21627	16614	488	45	266	3962769
21683	16603	488	45	266	3962779
21731	16603	486	45	267	3962789
21769	16595	485	45	267	3962799
21796	16595	485	45	268	3962809
21811	16595	486	45	268	3962819
21820	16588	484	45	268	3962849
21820	16581	483	45	268	3962859
21820	16572	484	45	268	3962869
21820	16557	483	45	268	3962879
21820	16538	485	45	268	3962889
21820	16513	483	45	268	3962899
21820	16486	488	45	268	3962909
21811	16453	497	45	268	3962919
21811	16416	506	45	268	3962929
21800	16376	505	45	268	3962939
21793	16329	506	45	268	3962949
21784	16280	509	45	268	3962959
21777	16229	513	46	268	3962969
21768	16181	515	46	268	3962979
21768	16141	518	46	268	3962989
21759	16110	518	46	268	3962999
21759	16091	521	47	268	3963009
21759	16075	539	47	268	3963019
21759	16062	542	47	268	3963029
21752	16053	545	48	268	3963039
21752	16046	561	48	268	3963059
21752	16034	609	49	268	3963089
21752	16028	646	50	268	3963109
21762	16028	659	50	268	3963119
21775	16028	664	50	268	3963129
21799	16028	665	50	268	3963139
21834	16020	667	50	268	3963149
21877	16020	669	50	268	3963159
21923	16020	668	50	268	3963169
21967	16014	666	50	268	3963179
22010	16014	659	50	268	3963189
22047	16014	642	50	268	3963199
22078	16014	606	50	268	3963209
22098	16007	514	50	266	3963219
22107	16007	389	50	266	3963229
22107	15996	24	50	265	3963249
12
21370	15237	91	53	270	3963673
21360	15228	139	53	270	3963683
21352	15228	194	53	270	3963693
21343	15222	236	53	270	3963703
21333	15222	257	53	270	3963713
21324	15214	266	53	270	3963723
21315	15214	270	53	270	3963733
21309	15204	286	53.5	270	3963753
21309	15195	340	54	270	3963763
21302	15195	477	54	270	3963853
21310	15195	348	54	270	3963863
21310	15186	100	54	270	3963883
56
21313	15133	74	54	270.333	3964277
21301	15133	141	54	270	3964287
21294	15133	242	54	270	3964307
21285	15140	474	54	270	3964387
21297	15140	549	54	270	3964397
21311	15140	561	54	270	3964407
21335	15140	564	54	270	3964417
21372	15147	564	54	270	3964427
21419	15155	568	54	270	3964437
21471	15162	566	54	270	3964447
21523	15162	569	54	270	3964457
21568	15170	573	54	270	3964467
21602	15170	573	54	270	3964477
21628	15170	572	54	270	3964487
21645	15163	573	54	270	3964497
21656	15163	580	54	270	3964507
21662	15163	597	54	270	3964527
21671	15163	606	54	270	3964537
21677	15178	615	54	270	3964547
21686	15193	618	54	270	3964557
21695	15213	618	54	269	3964567
21705	15235	620	54	269	3964577
21712	15260	622	53	267	3964587
21712	15290	625	53	267	3964597
21722	15327	627	53	267	3964607
21722	15371	631	53	267	3964617
21722	15419	636	53	267	3964627
21722	15470	642	52	267	3964637
21722	15518	656	52	267	3964647
21722	15562	682	52	267	3964657
21722	15602	684	52	267	3964667
21722	15637	688	51	268	3964677
21722	15668	695	51	268	3964687
21722	15697	699	51	268	3964697
21722	15726	701	51	268	3964707
21722	15754	709	50	268	3964717
21731	15780	708	50	268	3964727
21731	15804	712	50	268	3964737
21738	15819	716	50	268	3964747
21738	15828	718	50	268	3964767
21738	15836	719	50	268	3964837
21747	15836	720	50	268	3964847
21754	15828	718	50	268	3964857
21768	15828	722	50	268	3964867
21790	15828	718	50	268	3964877
21818	15828	718	50	268	3964887
21852	15828	718	49	268	3964897
21890	15818	718	49	268	3964907
21930	15818	720	49	268	3964917
21972	15807	716	49	268	3964927
22017	15807	715	49	268	3964937
22061	15807	712	49	268	3964947
22103	15807	703	49	267	3964957
22139	15807	675	50	266	3964967
22160	15807	605	50	265	3964977
22169	15807	185	50	265	3964997
27
22149	16059	93	50	264	3965329
22134	16094	139	50	264	3965339
22124	16108	195	50	263	3965349
22112	16120	328	50	263	3965359
22104	16128	416	50	263	3965379
22097	16136	446	50	261.333	3965409
22110	16122	456	50	260	3965419
22124	16108	455	50	260	3965429
22141	16087	458	50	260	3965439
22164	16061	462	50	260	3965449
22187	16029	465	50	260	3965459
22213	15995	469	50	260	3965469
22238	15959	472	50	260	3965479
22261	15922	478	50	260	3965489
22280	15885	486	50	260	3965499
22293	15850	502	50	260	3965509
22301	15814	512	50	260	3965519
22301	15780	526	50	260	3965529
22293	15747	536	50	259	3965539
22281	15718	545	50	259	3965549
22266	15695	550	49	258	3965559
22249	15676	556	49	258	3965569
22233	15663	557	49	258	3965579
22221	15655	556	49	258	3965589
22212	15655	526	49	258	3965609
22205	15655	383	49	258	3965619
22205	15668	93	49	258	3965639
29
22288	16114	214	47	259	3965875
22288	16121	416	48	259	3965895
22294	16121	480	49	257.5	3965915
22305	16121	519	49	257	3965925
22314	16121	534	49	256	3965935
22327	16111	541	49	256	3965945
22343	16105	543	49	256	3965955
22362	16093	545	49	256	3965965
22382	16077	549	49	256	3965975
22404	16059	548	49	256	3965985
22425	16035	548	49	256	3965995
22444	16010	552	49	256	3966005
22461	15982	554	49	256	3966015
22477	15952	553	49	256	3966025
22490	15917	564	49	256	3966035
22502	15882	572	49	256	3966045
22511	15844	578	49	256	3966055
22511	15805	583	49	256	3966065
22519	15768	588	48	256	3966075
22519	15733	603	48	256	3966085
22513	15703	605	48	256	3966095
22513	15681	615	48	256	3966105
22502	15662	618	48	256	3966115
22502	15652	619	48	256	3966125
22495	15652	622	48	256	3966135
22495	15644	611	47	257	3966155
22486	15654	526	47	257	3966165
22486	15663	434	47	257	3966175
22478	15676	38	47	257	3966195
53
22370	16107	90	46	259	3966397
22352	16107	164	47	259	3966407
22352	16115	236	47	259	3966417
22343	16115	344	47.6667	257.667	3966447
22354	16122	383	48	256	3966457
22365	16122	390	48	256	3966467
22382	16122	396	49	256	3966477
22406	16122	399	49	256	3966487
22435	16114	416	49	256	3966497
22470	16105	423	49	256	3966507
22510	16092	432	49	256	3966517
22553	16076	446	49	256	3966527
22592	16057	453	49	256	3966537
22634	16035	456	49	256	3966547
22670	16011	461	49	256	3966557
22700	15985	461	49	256	3966567
22730	15959	465	49	256	3966577
22752	15932	472	49	256	3966587
22767	15906	473	49	256	3966597
22778	15882	486	49	256	3966607
22785	15856	496	49	256	3966617
22785	15831	538	48	256	3966627
22785	15805	541	48	256	3966637
22785	15779	547	48	256	3966647
22785	15756	557	48	256	3966657
22785	15738	560	48	256	3966667
22785	15727	566	48	256	3966677
22785	15720	570	48	255	3966687
22779	15720	588	47	255.5	3966707
22772	15720	610	47	255	3966717
22766	15720	616	47	255	3966727
22756	15714	619	47	255	3966737
22746	15714	621	47	255	3966747
22739	15714	625	47	255	3966767
22731	15714	651	46	255	3966837
22725	15714	670	46	255	3966917
22718	15714	675	46	255	3966927
22710	15707	678	46	255	3966937
22697	15707	677	46	255	3966947
22680	15701	676	46	255	3966957
22658	15701	679	46	255	3966967
22639	15701	680	46	255	3966977
22622	15693	680	46	255	3966987
22610	15693	682	46	255	3966997
22600	15687	683	46	255	3967007
22593	15687	682	46	255	3967027
22579	15678	682	46	255	3967037
22570	15678	681	46	255	3967047
22560	15671	683	46	255	3967057
22552	15671	684	46	255	3967067
22545	15671	683	46	255	3967077
22545	15664	684	46	255	3967097
22539	15664	503	46	255	3967157
18
22821	15863	18	51	260	3968045
22821	15869	163	51	260	3968105
22815	15869	624	50.2593	260	3968915
22830	15869	780	50	260	3968925
22868	15869	780	50	260	3968935
22935	15869	784	50	260	3968945
23035	15878	779	50	260	3968955
23153	15878	779	50	259	3968965
23279	15871	778	50	259	3968975
23403	15863	779	49	258	3968985
23520	15849	780	49	258	3968995
23617	15836	778	49	258	3969005
23689	15823	777	49	257	3969015
23732	15815	776	49	257	3969025
23752	15815	776	49	256	3969035
23759	15815	737	50	255	3969065
23752	15815	583	50	254	3969075
23741	15826	149	50	253.5	3969095
25
23870	16052	281	46	254	3969305
23880	16076	353	46	255	3969315
23880	16091	406	47	255	3969325
23880	16103	477	47	255	3969335
23880	16112	542	48.3333	255.333	3969365
23880	16104	566	49	256	3969375
23892	16084	569	50	255	3969385
23902	16055	581	50	255	3969395
23915	16017	580	50	255	3969405
23930	15977	585	51	255	3969415
23947	15939	590	51	255	3969425
23967	15902	594	51	255	3969435
23989	15872	596	51	255	3969445
24015	15851	605	51	255	3969455
24037	15838	644	51	255	3969465
24060	15838	659	51	255	3969475
24083	15846	679	51	255	3969485
24104	15867	686	51	254	3969495
24125	15897	688	51	254	3969505
24146	15932	688	51	252	3969515
24163	15970	689	51	252	3969525
24177	16002	679	50	251	3969535
24187	16029	659	50	251	3969545
24187	16047	597	50	250	3969555
24195	16054	246	50	250	3969585
20
24051	15778	46	51	252	3969851
24051	15785	107	52	252	3969881
24043	15793	240	52	252	3969901
24034	15800	400	52	252	3969921
24034	15807	529	52	252	3969941
24034	15818	606	52	252	3969951
24028	15818	655	52	252	3969961
24028	15828	699	52	252	3970011
24028	15814	707	51	252	3970021
24028	15791	722	51	252	3970031
24028	15759	732	51	252	3970041
24028	15719	733	51	252	3970051
24018	15679	749	51	252	3970061
24018	15642	749	51	252	3970071
24018	15609	759	51	252	3970081
24018	15582	763	51	252	3970091
24018	15557	769	51	252	3970101
24018	15542	771	51	252	3970111
24018	15532	775	51	252	3970131
24018	15525	598	50.4286	251.143	3970201
