70
17
13174	10894	182	51	274	3451992
13146	10887	230	51	272	3452002
13131	10887	263	51	272	3452012
13115	10887	361	51	272	3452022
13100	10887	455	51	272	3452032
13088	10887	517	51	274	3452042
13080	10887	579	51	274.667	3452072
13095	10887	620	51	275	3452082
13120	10887	642	52	275	3452092
13158	10887	649	52	275	3452102
13214	10887	653	52	275	3452112
13282	10887	654	52	275	3452122
13358	10894	648	52	274	3452132
13435	10902	623	51	274	3452142
13504	10910	581	51	272	3452152
13557	10917	478	51	272	3452162
13592	10917	100	51	271	3452182
14
13338	10827	242	50	269	3452308
13280	10815	302	50	270	3452318
13259	10806	339	50	270	3452328
13241	10806	457	50	270	3452338
13230	10806	567	50	270.5	3452378
13249	10806	607	50	272	3452388
13279	10806	625	50	271	3452398
13325	10806	627	50	271	3452408
13384	10806	627	51	270	3452418
13453	10812	620	51	270	3452428
13520	10819	608	51	270	3452438
13580	10827	568	51	270	3452448
13623	10833	462	51	270	3452458
13647	10833	82	51	269	3452478
25
13617	11112	216	48	268	3452656
13593	11133	291	49	268	3452666
13585	11142	318	49	268	3452676
13577	11148	448	49	268	3452696
13577	11157	516	49.5	268	3452716
13587	11157	536	50	268	3452726
13603	11147	543	50	268	3452736
13626	11134	548	50	268	3452746
13652	11114	548	50	266	3452756
13680	11087	551	51	266	3452766
13703	11052	553	51	265	3452776
13721	11013	555	51	265	3452786
13733	10968	565	51	265	3452796
13733	10921	569	51	265	3452806
13733	10875	585	51	265	3452816
13724	10829	594	51	265	3452826
13701	10785	615	51	265	3452836
13666	10742	624	51	265	3452846
13624	10703	626	51	265	3452856
13583	10671	630	51	265	3452866
13548	10648	631	51	265	3452876
13527	10635	632	50	265	3452886
13517	10635	600	50	265	3452906
13526	10635	486	50	265	3452916
13544	10648	142	50	265	3452936
26
13649	11167	48	52	267	3453280
13639	11167	160	52	267	3453300
13633	11173	364	52	267	3453330
13633	11180	510	52	267	3453360
13645	11180	566	52	267	3453370
13662	11180	589	52	267	3453380
13683	11180	605	52	267	3453390
13712	11180	614	52	267	3453400
13745	11167	620	52	267	3453410
13780	11158	634	52	266	3453420
13820	11147	650	52	266	3453430
13861	11135	656	52	265	3453440
13906	11120	664	52	265	3453450
13950	11104	668	52	265	3453460
13991	11085	671	52	265	3453470
14029	11065	677	52	265	3453480
14063	11042	679	52	265	3453490
14092	11018	681	52	265	3453500
14116	10992	681	52	265	3453510
14135	10964	682	52	266	3453520
14152	10935	694	51	266	3453530
14165	10908	698	51	266	3453540
14176	10886	697	51	266	3453550
14185	10866	700	51	265	3453560
14185	10855	701	51	265	3453570
14193	10847	441	50.6667	265	3453630
23
13572	10622	195	51	266.833	3453926
13572	10615	415	51	265	3453946
13582	10615	456	51	265	3453956
13597	10615	506	51	265	3453966
13617	10615	526	51	265	3453976
13643	10615	550	51	265	3453986
13674	10615	565	51	265	3453996
13709	10615	572	51	265	3454006
13751	10625	577	51	265	3454016
13797	10637	583	51	265	3454026
13845	10653	587	51	265	3454036
13893	10673	589	50	265	3454046
13939	10693	592	50	265	3454056
13980	10713	602	50	265	3454066
14014	10733	611	50	265	3454076
14041	10751	645	50	265	3454086
14061	10767	657	50	265	3454096
14074	10782	658	50	265	3454106
14082	10797	660	50	265	3454116
14082	10811	665	50	265	3454126
14091	10822	666	50	265	3454136
14091	10832	657	50	265	3454156
14098	10841	387	50	265	3454196
35
14223	10884	38	51	265	3454464
14234	10884	102	51	265	3454484
14241	10890	202	51	265	3454504
14241	10903	275	51	265	3454514
14241	10913	316	51	265	3454524
14241	10920	368	51	265	3454534
14229	10927	405	51	265	3454544
14217	10927	456	51	265	3454554
14202	10935	488	51	265	3454564
14181	10935	518	51	265	3454574
14160	10935	560	51	265	3454584
14136	10925	576	51	265	3454594
14115	10916	583	51	265	3454604
14096	10902	590	51	266	3454614
14082	10889	592	51	266	3454624
14072	10874	592	51	268	3454634
14072	10857	599	51	268	3454644
14072	10842	602	51	268	3454654
14082	10826	603	51	268	3454664
14101	10813	605	51	268	3454674
14130	10806	605	51	268	3454684
14164	10806	602	51	268	3454694
14205	10813	601	51	268	3454704
14244	10827	598	51	268	3454714
14279	10843	602	51	268	3454724
14305	10863	605	51	266	3454734
14321	10885	611	51	266	3454744
14321	10906	612	51	265	3454754
14321	10927	616	51	265	3454764
14306	10943	618	51	265	3454774
14286	10955	613	51	265	3454784
14264	10955	596	51	265	3454794
14240	10962	565	51	265	3454804
14220	10962	458	51	265	3454814
14204	10951	100	51	264	3454834
16
14330	10873	33	51	263	3455096
14330	10865	108	51	263	3455106
14324	10865	282	51	263	3455126
14316	10865	595	51	263	3455186
14325	10865	682	51	261	3455196
14342	10865	698	51	261	3455206
14373	10865	712	51	260	3455216
14417	10856	720	51	260	3455226
14475	10856	733	51	260	3455236
14543	10856	732	51	260	3455246
14614	10856	728	51	260	3455256
14680	10863	728	51	260	3455266
14741	10863	708	51	260	3455276
14788	10872	682	51	260	3455286
14819	10872	590	51	260	3455296
14837	10872	150	51	260	3455316
12
16276	11114	348	45	269	3456216
16254	11114	363	46	269	3456226
16244	11114	499	47	267.75	3456266
16263	11114	616	48	267	3456276
16300	11114	649	49	265	3456286
16353	11114	658	49	265	3456296
16428	11114	663	50	264	3456306
16517	11114	653	50	264	3456316
16605	11114	633	50	263	3456326
16684	11121	569	51	263	3456336
16740	11121	406	51	261	3456346
16768	11114	70	51	260.5	3456366
16
16358	11002	199	49	261	3456476
16307	10977	294	49	261	3456486
16291	10977	343	49	261	3456496
16281	10970	507	49	261	3456526
16294	10977	589	49	261	3456536
16320	10977	611	49	261	3456546
16360	10977	630	50	260	3456556
16411	10977	637	50	260	3456566
16474	10977	637	50	260	3456576
16543	10977	641	50	260	3456586
16612	10969	634	50	260	3456596
16677	10962	627	50	260	3456606
16730	10962	603	50	260	3456616
16770	10953	553	50	260	3456626
16794	10953	393	50	260	3456636
16806	10953	36	50	260	3456656
25
16691	11339	83	49	263	3456972
16674	11347	156	49	263	3456982
16674	11356	241	49	263	3456992
16664	11356	366	49	263	3457002
16664	11365	479	48.4	263	3457052
16677	11352	520	48	263	3457062
16695	11336	545	48	263	3457072
16717	11314	553	48	263	3457082
16743	11288	558	48	262	3457092
16771	11257	572	48	262	3457102
16798	11225	574	48	261	3457112
16823	11191	574	48	261	3457122
16845	11156	575	49	261	3457132
16861	11118	577	49	261	3457142
16871	11078	576	49	261	3457152
16871	11037	576	49	261	3457162
16871	10994	582	50	260	3457172
16853	10952	597	50	260	3457182
16836	10911	623	50	260	3457192
16816	10873	643	50	260	3457202
16794	10839	664	50	260	3457212
16771	10811	669	50	260	3457222
16751	10791	668	50	260	3457232
16735	10780	659	50	260	3457242
16725	10780	344	50	260	3457272
25
16726	11364	4	46	264	3457568
16707	11364	72	46	264	3457578
16698	11356	172	47	264	3457598
16691	11356	260	47	264	3457608
16691	11350	346	47	264	3457638
16706	11350	406	47	264	3457648
16722	11342	428	47	264	3457658
16743	11342	447	48	263	3457668
16773	11329	484	48	263	3457678
16811	11317	515	48	263	3457688
16854	11300	529	48	263	3457698
16898	11281	543	48	262	3457708
16943	11262	554	49	262	3457718
16986	11240	558	49	261	3457728
17027	11217	568	49	261	3457738
17064	11194	574	49	261	3457748
17095	11170	583	49	261	3457758
17119	11147	587	50	260	3457768
17136	11126	595	50	260	3457778
17147	11105	616	50	260	3457788
17147	11088	620	50	260	3457798
17156	11074	622	50	260	3457808
17156	11065	624	50	259	3457828
17156	11055	604	49	258	3457858
17148	11049	271	49	258	3457888
23
16737	10760	55	50	260	3458220
16720	10752	154	50	260	3458240
16713	10752	341	50	260	3458270
16720	10752	420	50	260	3458280
16727	10752	444	50	260	3458290
16741	10752	472	50	260	3458300
16762	10752	508	50	260	3458310
16788	10761	541	50	260	3458320
16820	10767	561	50	260	3458330
16856	10778	583	50	260	3458340
16893	10790	590	50	260	3458350
16934	10807	591	50	260	3458360
16974	10827	605	50	260	3458370
17010	10851	611	50	260	3458380
17044	10878	616	50	260	3458390
17073	10907	616	50	260	3458400
17098	10937	620	50	260	3458410
17119	10968	626	50	260	3458420
17137	10997	636	50	260	3458430
17151	11022	637	50	260	3458440
17160	11042	651	50	260	3458450
17160	11055	651	50	259	3458460
17160	11064	445	49.1429	258.143	3458530
31
17249	11099	172	49.75	255.25	3458866
17239	11108	381	50	255	3458876
17233	11108	425	50	255	3458886
17225	11116	467	50	255	3458896
17217	11116	500	50	255	3458906
17205	11116	522	50	255	3458916
17194	11116	541	50	255	3458926
17183	11116	549	50	255	3458936
17171	11108	561	50	255	3458946
17162	11097	576	50	255	3458956
17162	11082	580	50	255	3458966
17154	11065	581	50	255	3458976
17154	11045	587	50	255	3458986
17161	11027	591	50	255	3458996
17173	11011	598	50	255	3459006
17192	10998	604	50	255	3459016
17219	10992	613	50	255	3459026
17252	10992	618	50	255	3459036
17288	10992	619	50	255	3459046
17323	11007	621	50	255	3459056
17354	11022	620	50	255	3459066
17378	11041	626	50	255	3459076
17393	11062	629	50	255	3459086
17400	11081	659	50	255	3459096
17400	11100	654	50	255	3459106
17383	11116	664	50	254	3459116
17365	11127	657	50	254	3459126
17341	11135	644	50	253	3459136
17316	11135	607	50	253	3459146
17290	11135	525	50	253	3459156
17267	11127	153	50	252.5	3459176
17
17451	11081	49	50	255	3459620
17438	11081	81	50	255	3459630
17431	11081	169	50	255	3459650
17421	11081	267	50	255	3459670
17415	11081	390	50	255	3459700
17408	11081	493	50	255	3459740
17420	11081	545	50	254	3459750
17437	11081	592	50	254	3459760
17466	11071	611	50	253	3459770
17510	11071	621	50	253	3459780
17572	11071	628	50	253	3459790
17646	11065	629	50	253	3459800
17725	11065	629	50	253	3459810
17799	11065	625	50	253	3459820
17857	11065	612	50	253	3459830
17894	11073	529	50	254	3459840
17912	11073	60	51	254.5	3459860
15
13142	10022	163	49	265	3461256
13115	10002	217	50	266	3461266
13101	9992	275	50	266	3461276
13090	9992	399	50	268	3461286
13083	10004	476	50	268	3461316
13094	10004	538	50	268	3461326
13114	10004	552	50	268	3461336
13150	10004	564	50	268	3461346
13205	10004	569	50	268	3461356
13277	10004	570	50	268	3461366
13365	10004	568	50	266	3461376
13457	10004	556	50	266	3461386
13543	10012	494	50	265	3461396
13610	10012	349	50	265	3461406
13653	10018	5	50	264.5	3461426
12
13273	9899	34	49	262	3461544
13227	9890	306	49	263	3461554
13215	9883	333	49	263	3461564
13207	9883	486	49	263.667	3461594
13221	9883	527	49	265	3461604
13246	9883	553	49	265	3461614
13286	9883	558	49	265	3461624
13340	9883	558	49	265	3461634
13406	9876	555	49	265	3461644
13479	9876	528	49	265	3461654
13550	9876	462	50	265	3461664
13618	9876	143	50	264	3461684
28
13675	10131	42	48	266	3461880
13650	10160	118	48	264	3461890
13637	10172	186	49	264	3461900
13624	10181	295	49	263	3461910
13613	10181	399	49	263	3461920
13603	10190	487	49.5	263	3461940
13596	10190	544	50	262.5	3461960
13607	10190	560	50	262	3461970
13622	10183	564	50	260	3461980
13645	10175	569	50	260	3461990
13671	10161	577	50	260	3462000
13703	10141	579	50	260	3462010
13737	10120	580	50	260	3462020
13770	10091	579	50	260	3462030
13800	10057	580	50	260	3462040
13826	10018	580	50	260	3462050
13845	9973	582	50	260	3462060
13854	9928	581	50	260	3462070
13854	9887	580	50	260	3462080
13847	9848	583	50	260	3462090
13831	9814	585	50	260	3462100
13806	9783	588	50	260	3462110
13775	9760	583	50	260	3462120
13741	9744	578	50	260	3462130
13708	9736	556	50	260	3462140
13680	9736	533	49	261	3462150
13660	9746	436	49	261	3462160
13651	9760	100	49	261	3462180
20
13669	10241	167	47	261	3462396
13643	10241	208	47	261	3462406
13635	10241	373	48.25	261	3462446
13654	10241	431	49	261	3462456
13674	10241	447	49	261	3462466
13701	10234	478	49	261	3462476
13734	10223	509	50	260	3462486
13772	10207	553	50	260	3462496
13816	10187	596	50	260	3462506
13863	10165	618	50	260	3462516
13909	10139	637	50	260	3462526
13954	10114	644	50	260	3462536
13993	10089	649	50	260	3462546
14024	10064	656	50	260	3462556
14049	10042	678	50	260	3462566
14066	10019	680	50	260	3462576
14078	9999	685	50	260	3462586
14086	9982	683	50	260	3462596
14086	9971	683	50	260	3462606
14095	9964	501	49.1667	260.833	3462666
24
13748	9742	67	48	261	3462872
13718	9735	93	48	261	3462882
13705	9725	144	49	261	3462892
13695	9725	258	49	261	3462912
13687	9725	323	49	261	3462932
13695	9725	347	49	262	3462942
13705	9725	376	49	262	3462952
13717	9725	404	49	263	3462962
13736	9725	424	49	263	3462972
13759	9735	470	49	263	3462982
13789	9744	485	49	263	3462992
13826	9756	500	49	263	3463002
13865	9771	512	49	263	3463012
13907	9788	524	49	263	3463022
13946	9808	538	49	263	3463032
13979	9826	556	49	263	3463042
14004	9844	560	49	263	3463052
14020	9862	565	49	263	3463062
14029	9878	571	49	263	3463072
14029	9892	581	49	263	3463082
14037	9905	581	49	263	3463092
14037	9915	574	49	263	3463102
14037	9924	496	49.5	263	3463122
14037	9932	108	50	263	3463142
33
14132	10013	24	49	261	3463420
14140	10027	81	49	261	3463430
14140	10035	149	50	260	3463440
14140	10046	245	50	260	3463450
14140	10055	284	50	262	3463460
14140	10063	341	50	262	3463470
14128	10063	399	50	263	3463480
14114	10071	423	50	263	3463490
14098	10071	460	50	263	3463500
14081	10071	515	50	263	3463510
14064	10059	526	50	263	3463520
14051	10049	530	50	263	3463530
14041	10035	539	50	263	3463540
14035	10019	542	50	263	3463550
14035	10001	551	50	263	3463560
14035	9978	552	50	263	3463570
14041	9956	556	50	263	3463580
14053	9933	561	50	263	3463590
14069	9915	563	50	263	3463600
14088	9901	565	50	263	3463610
14113	9895	568	50	263	3463620
14140	9895	568	50	263	3463630
14167	9909	572	50	263	3463640
14191	9928	571	50	263	3463650
14210	9950	569	50	263	3463660
14221	9974	570	50	263	3463670
14221	9999	569	50	263	3463680
14221	10019	568	50	263	3463690
14203	10035	564	50	263	3463700
14184	10046	551	50	263	3463710
14163	10046	522	50	263	3463720
14143	10046	453	50	263	3463730
14127	10046	143	50	263	3463750
16
14213	10013	104	49	261	3463985
14198	10003	247	50	260	3464004
14190	10003	459	50	261.333	3464034
14204	10003	515	50	263	3464044
14219	10003	536	50	263	3464054
14241	10003	569	50	263	3464064
14275	10003	601	50	263	3464074
14319	10003	623	50	262	3464084
14375	10003	640	50	262	3464094
14441	10003	645	50	260	3464104
14509	10012	660	50	260	3464114
14571	10012	658	50	260	3464124
14622	10022	661	50	260	3464134
14657	10022	655	50	259	3464144
14677	10022	583	50	259	3464154
14685	10029	168	49	258	3464174
16
16439	10022	10	50	263	3464929
16424	10031	107	50	263	3464939
16411	10031	175	50	263	3464949
16398	10031	286	50	263	3464959
16385	10042	396	50	263	3464969
16374	10042	498	50	262	3464979
16366	10048	622	50.5	260.333	3465039
16382	10048	666	51	260	3465049
16411	10048	673	50	259	3465059
16457	10048	677	50	259	3465069
16518	10048	675	49	258	3465079
16596	10048	671	49	258	3465089
16680	10058	652	49	258	3465098
16757	10065	615	49	258	3465108
16824	10065	554	49	258	3465118
16868	10075	178	49	258	3465138
15
16551	9966	294	48	259	3465253
16503	9945	365	48	259	3465263
16486	9945	453	48	259	3465273
16477	9939	583	48	259	3465303
16489	9939	626	48	259	3465313
16517	9939	640	48	259	3465323
16562	9939	642	48	259	3465333
16623	9939	647	48	259	3465343
16689	9939	645	48	259	3465353
16754	9939	640	48	257	3465363
16809	9939	628	48	257	3465373
16848	9945	598	49	256	3465383
16875	9945	536	49	256	3465393
16892	9952	425	49	256	3465403
16903	9952	114	49	257	3465423
24
16870	10281	299	46	259	3465593
16838	10288	366	46	259	3465603
16828	10288	432	46	259	3465613
16828	10294	544	46	259	3465643
16837	10294	568	47	259	3465653
16857	10278	581	47	259	3465663
16883	10262	588	47	259	3465673
16915	10240	598	48	259	3465683
16950	10213	603	48	259	3465693
16980	10183	604	49	258	3465703
17010	10150	603	49	258	3465713
17032	10111	607	49	258	3465723
17049	10070	607	49	258	3465733
17057	10026	611	49	258	3465743
17057	9978	618	49	258	3465753
17048	9931	619	49	258	3465763
17030	9887	621	49	258	3465773
17006	9849	620	49	258	3465783
16977	9820	621	49	258	3465793
16945	9795	622	49	258	3465803
16914	9778	613	49	258	3465813
16890	9766	598	49	258	3465823
16874	9766	572	49	258	3465833
16867	9766	234	49	258	3465862
25
16902	10342	99	46	259	3466109
16885	10334	203	47	259	3466129
16877	10334	382	47	259	3466159
16886	10334	437	47	259	3466169
16897	10334	448	47	259	3466179
16916	10334	480	47	259	3466189
16942	10334	494	47	259	3466199
16977	10324	504	47	259	3466209
17016	10315	534	47	259	3466219
17059	10303	544	48	259	3466229
17105	10288	551	48	259	3466239
17152	10271	569	48	259	3466249
17198	10252	575	48	259	3466259
17243	10231	579	48	259	3466269
17284	10211	582	48	257	3466279
17322	10188	585	48	257	3466289
17352	10166	596	48	256	3466299
17375	10141	603	49	255	3466309
17396	10118	611	49	255	3466319
17411	10095	626	49	253	3466329
17426	10076	643	49	253	3466339
17438	10059	644	49	252	3466349
17447	10047	644	49	252	3466359
17455	10037	643	48	250.5	3466379
17462	10030	440	48	249.167	3466439
27
16920	9724	100	48	259	3466693
16911	9724	147	48	259	3466703
16900	9724	239	48	259	3466713
16900	9731	377	48	259	3466753
16909	9731	433	48	259	3466763
16922	9731	448	48	259	3466773
16942	9731	473	48	259	3466783
16967	9731	484	48	259	3466793
16999	9731	496	49	258	3466803
17037	9738	496	49	258	3466813
17077	9748	510	49	258	3466823
17119	9760	514	49	258	3466833
17160	9775	516	49	258	3466843
17196	9792	526	49	258	3466853
17228	9811	539	49	258	3466863
17256	9833	555	49	257	3466873
17280	9856	575	49	257	3466883
17300	9882	579	49	256	3466893
17319	9907	587	49	256	3466903
17336	9932	603	49	256	3466913
17354	9955	605	49	255	3466923
17370	9973	607	49	255	3466933
17385	9985	612	49	253	3466943
17396	9992	610	49	253	3466953
17403	9992	596	49	252	3466973
17403	9999	560	48	251	3466983
17410	9999	261	48	250.667	3467013
31
17526	10105	88	49	252	3467337
17526	10113	161	48	251	3467347
17526	10123	260	48	251	3467357
17510	10123	349	49	251	3467367
17496	10134	404	49	251	3467377
17478	10134	444	49	251	3467387
17459	10134	471	49	251	3467397
17439	10134	488	49	251	3467407
17420	10121	521	49	251	3467417
17405	10110	526	49	251	3467427
17394	10095	536	49	251	3467437
17386	10078	539	49	251	3467447
17386	10056	548	49	251	3467457
17386	10030	551	49	251	3467467
17400	10005	553	49	251	3467477
17417	9983	556	49	251	3467487
17438	9965	560	49	251	3467497
17461	9956	560	49	251	3467507
17485	9956	563	49	251	3467517
17507	9956	564	49	251	3467527
17527	9973	563	49	251	3467537
17543	9994	573	49	251	3467547
17553	10020	583	49	251	3467557
17553	10048	583	49	251	3467567
17553	10075	587	49	251	3467577
17541	10097	582	49	251	3467587
17527	10116	565	49	251	3467597
17512	10126	529	49	251	3467607
17497	10126	448	49	251	3467617
17484	10126	325	49	251	3467627
17475	10117	33	49	251	3467647
17
17567	10066	87	50	253	3467881
17549	10060	165	50	253	3467891
17542	10060	475	50	253	3467951
17550	10060	626	50	253	3467961
17565	10060	637	50	253	3467971
17588	10060	652	50	253	3467981
17624	10060	668	50	253	3467991
17671	10060	686	50	253	3468001
17730	10067	693	50	252	3468011
17793	10067	693	50	252	3468021
17858	10067	702	49	251	3468031
17916	10067	705	49	251	3468041
17965	10074	708	49	251	3468051
17999	10074	714	49	251	3468061
18019	10080	715	49	251	3468071
18030	10080	625	49	251	3468111
18009	10080	96	49	251	3468131
16
13169	9178	167	51	265	3468925
13140	9168	223	51	265	3468935
13125	9168	278	51	265	3468945
13110	9168	350	51	265	3468955
13097	9168	446	51	266	3468965
13088	9168	543	52	266.75	3469005
13106	9168	606	52	267	3469015
13136	9168	621	52	267	3469025
13182	9168	651	52	267	3469035
13244	9168	656	52	267	3469045
13321	9168	660	52	267	3469055
13409	9168	657	52	267	3469065
13498	9168	641	52	266	3469075
13583	9168	591	52	266	3469085
13652	9168	461	52	265	3469095
13704	9168	46	52	265	3469115
17
13207	9011	282	51	265	3469241
13152	8999	322	51	265	3469251
13138	8993	383	51	265	3469261
13130	8993	481	51	266	3469271
13130	8999	520	51	266	3469281
13140	8999	537	51	268	3469291
13159	8999	550	51	268	3469301
13194	8999	570	51	268	3469311
13245	8999	581	51	268	3469321
13311	8999	586	51	268	3469331
13391	8999	593	51	268	3469341
13476	8999	589	51	266	3469351
13555	8999	581	51	266	3469361
13619	8999	560	51	265	3469371
13665	9006	517	51	265	3469381
13692	9006	376	51	265	3469391
13705	9006	9	51	264.5	3469411
25
13661	9366	234	48	263	3469597
13636	9373	306	48	263	3469607
13628	9373	339	48	263	3469617
13628	9379	435	48	263	3469627
13620	9379	488	48	263	3469647
13633	9379	504	49	263	3469657
13650	9366	520	49	263	3469667
13675	9345	526	49	263	3469677
13707	9318	543	50	263	3469687
13743	9284	545	50	263	3469697
13781	9248	550	50	263	3469707
13820	9206	557	50	262	3469717
13855	9160	564	50	262	3469727
13881	9111	569	50	260	3469737
13897	9059	575	50	260	3469747
13897	9010	589	50	260	3469757
13897	8962	599	51	260	3469767
13878	8921	606	51	260	3469777
13855	8883	614	51	260	3469787
13827	8855	616	51	260	3469797
13795	8835	612	51	260	3469807
13763	8820	606	51	260	3469817
13732	8812	580	51	260	3469827
13710	8812	530	51	260	3469837
13695	8812	178	51	260	3469857
25
13658	9391	249	48	261	3470105
13650	9391	266	48	261	3470115
13643	9391	353	48	261	3470135
13651	9399	416	48	261	3470145
13663	9399	439	48	261	3470155
13679	9409	467	48	261	3470165
13699	9409	496	48	261	3470175
13725	9409	515	48	261	3470185
13756	9409	527	48	261	3470195
13796	9402	544	48	261	3470205
13843	9386	564	48	261	3470215
13895	9366	569	48	261	3470225
13951	9343	576	48	261	3470235
14010	9317	581	49	261	3470245
14070	9290	590	49	261	3470255
14128	9260	596	49	261	3470265
14179	9228	598	49	261	3470275
14223	9194	602	49	261	3470285
14260	9162	614	50	260	3470295
14290	9132	616	50	260	3470305
14312	9104	619	50	259	3470315
14327	9083	619	50	259	3470325
14334	9067	613	50	258	3470335
14334	9057	562	50	258	3470355
14321	9049	167	50	258	3470375
22
13775	8819	110	52	260	3470629
13768	8813	163	52	260	3470639
13761	8813	289	52	260	3470669
13773	8813	391	52	260	3470679
13791	8813	427	52	260	3470689
13815	8813	469	52	260	3470699
13849	8813	500	52	260	3470709
13890	8813	524	52	260	3470719
13939	8813	545	52	260	3470729
13992	8823	573	52	260	3470739
14047	8835	595	52	260	3470749
14100	8851	629	52	260	3470759
14150	8871	659	52	260	3470769
14193	8893	674	52	260	3470779
14231	8916	693	52	260	3470789
14261	8940	697	52	260	3470799
14284	8965	700	52	260	3470809
14303	8987	704	52	260	3470819
14316	9008	705	52	260	3470829
14325	9025	699	52	260	3470839
14325	9036	682	51	259	3470849
14331	9043	376	51	257.5	3470889
28
14407	9122	17	50	259	3471085
14407	9131	228	50	258.5	3471105
14395	9137	374	50	258	3471115
14384	9137	455	51	257	3471125
14369	9146	486	51	257	3471135
14353	9146	534	51	257	3471145
14337	9146	551	51	256	3471155
14319	9146	568	51	256	3471165
14304	9138	573	51	255	3471175
14292	9128	575	51	255	3471185
14292	9115	575	51	255	3471195
14292	9098	578	51	255	3471205
14292	9077	582	51	255	3471215
14305	9055	583	51	255	3471225
14323	9033	587	51	255	3471235
14345	9014	581	51	255	3471245
14370	9002	579	51	255	3471255
14399	9002	581	51	255	3471265
14424	9002	583	51	255	3471275
14447	9011	581	51	255	3471285
14464	9027	583	51	255	3471295
14475	9047	583	51	255	3471305
14475	9070	588	51	255	3471315
14475	9091	580	51	255	3471325
14467	9110	572	51	255	3471335
14450	9124	546	51	255	3471345
14430	9133	497	51	255	3471355
14408	9133	172	51	255	3471375
17
14502	9118	65	50	258	3471621
14483	9104	192	51	256	3471631
14476	9104	284	51	256	3471641
14476	9098	470	51	255	3471671
14489	9098	524	51	255	3471681
14505	9104	551	51	255	3471691
14530	9104	558	51	255	3471701
14564	9104	579	51	255	3471711
14606	9104	588	51	255	3471721
14654	9104	591	51	255	3471731
14707	9104	598	51	255	3471741
14760	9104	607	52	254	3471751
14810	9112	610	52	254	3471761
14853	9112	611	52	254	3471771
14884	9112	604	52	254	3471781
14903	9112	574	52	254	3471791
14911	9118	220	52	254	3471811
15
16392	9129	254	52	262	3472605
16359	9120	298	52	262	3472615
16344	9120	350	52	262	3472625
16332	9120	466	52	262	3472635
16323	9114	573	52	261.667	3472665
16337	9114	630	53	261	3472675
16366	9114	658	53	259	3472685
16411	9105	669	53	259	3472695
16470	9105	671	53	259	3472705
16547	9105	675	53	259	3472715
16635	9099	674	53	259	3472725
16726	9099	667	53	259	3472735
16813	9099	649	53	259	3472745
16881	9099	572	53	259	3472755
16926	9099	168	53	259	3472775
15
16481	8958	368	52	260	3472893
16426	8937	422	52	260	3472903
16411	8937	473	52	260	3472913
16404	8937	603	52	260	3472933
16410	8937	637	52	260	3472943
16426	8944	644	52	260	3472953
16455	8944	653	52	260	3472963
16499	8944	654	52	260	3472973
16559	8944	658	52	260	3472983
16629	8938	657	52	260	3472993
16706	8938	654	52	260	3473003
16779	8938	633	51	259	3473013
16844	8929	591	51	259	3473023
16894	8929	514	51	257	3473033
16925	8929	122	51	257	3473053
26
16834	9321	291	49	261	3473229
16825	9343	322	49	261	3473239
16815	9343	352	49	261	3473249
16815	9351	460	49.5	260.5	3473269
16825	9342	491	50	260	3473279
16839	9328	522	50	260	3473289
16864	9311	536	51	260	3473299
16898	9287	560	51	260	3473309
16939	9259	565	51	260	3473319
16982	9226	567	52	260	3473329
17023	9187	577	52	260	3473339
17055	9142	582	52	260	3473349
17080	9094	589	52	260	3473359
17095	9043	598	52	260	3473369
17095	8992	607	52	260	3473379
17095	8942	625	53	259	3473389
17083	8897	636	53	259	3473399
17061	8856	646	53	259	3473409
17030	8820	649	53	259	3473419
16995	8792	650	53	259	3473429
16960	8771	651	53	259	3473439
16927	8756	638	53	259	3473449
16903	8746	621	53	259	3473459
16885	8746	581	53	259	3473469
16875	8746	486	52	260	3473479
16875	8757	134	52	260	3473499
22
16864	9334	184	49	258	3473685
16827	9342	227	49	258	3473695
16815	9351	315	49	258	3473705
16808	9351	422	49	258	3473715
16808	9360	503	49.3333	258	3473745
16819	9360	537	50	259	3473755
16836	9360	544	50	259	3473765
16862	9350	555	51	260	3473775
16897	9341	567	51	260	3473785
16942	9328	582	51	260	3473795
16995	9312	599	51	260	3473805
17056	9293	605	51	260	3473815
17126	9272	613	51	260	3473825
17198	9247	628	51	259	3473835
17265	9219	638	51	259	3473845
17325	9186	651	51	257	3473855
17373	9152	657	51	256	3473865
17408	9120	674	51	256	3473875
17432	9093	683	51	255	3473885
17448	9072	693	51	255	3473895
17457	9057	696	51	254	3473905
17457	9047	457	51.4286	250.714	3473975
22
16911	8743	165	52	257	3474241
16891	8733	263	52	257	3474261
16891	8727	428	52	257	3474281
16901	8727	483	52	257	3474291
16916	8727	531	52	257	3474301
16939	8727	558	52	257	3474311
16970	8727	582	52	258	3474321
17008	8733	600	52	258	3474331
17049	8744	614	52	258	3474341
17096	8761	633	52	258	3474351
17147	8786	649	52	258	3474361
17205	8818	660	52	257	3474371
17265	8855	674	52	257	3474381
17324	8901	677	52	257	3474391
17378	8949	684	52	256	3474401
17424	8997	687	52	256	3474411
17458	9040	686	52	254	3474421
17480	9073	687	52	254	3474431
17491	9099	670	52	253	3474441
17491	9115	638	52	253	3474451
17491	9123	503	52	252	3474471
17481	9116	23	51	250	3474491
33
17542	9110	27	51	252	3474765
17550	9110	93	51	252	3474775
17550	9118	173	52	252	3474785
17558	9125	253	52	252	3474795
17558	9133	317	51	250	3474805
17558	9141	350	51	250	3474815
17558	9150	403	51	249	3474825
17547	9157	457	51	249	3474835
17536	9157	498	51	249	3474845
17521	9165	526	51	249	3474855
17506	9165	542	52	248	3474865
17493	9165	564	52	248	3474875
17480	9154	575	52	248	3474885
17471	9144	583	52	248	3474895
17462	9129	596	52	248	3474905
17462	9110	603	52	248	3474915
17462	9089	611	52	248	3474925
17462	9066	612	52	248	3474935
17475	9044	612	52	248	3474945
17498	9027	612	52	248	3474955
17525	9014	611	51	249	3474965
17556	9014	611	51	249	3474975
17587	9014	613	51	249	3474985
17612	9023	612	51	249	3474995
17631	9040	612	51	249	3475005
17642	9063	611	51	249	3475015
17642	9088	607	51	249	3475025
17642	9115	605	51	249	3475035
17628	9137	603	51	249	3475045
17610	9155	590	51	249	3475055
17592	9166	561	51	249	3475065
17575	9166	460	51	249	3475075
17562	9166	103	51	249	3475095
16
17656	9104	52	52	252	3475341
17641	9097	153	51.5	251	3475361
17632	9097	348	51.3333	249	3475391
17625	9097	512	52	248	3475421
17637	9097	591	52	248	3475431
17653	9097	604	52	248	3475441
17681	9097	622	52	248	3475451
17725	9097	630	52	248	3475461
17782	9097	642	52	248	3475471
17850	9097	653	52	248	3475481
17922	9097	656	52	248	3475491
17993	9104	655	52	248	3475501
18056	9104	656	52	248	3475511
18105	9104	631	52	248	3475521
18138	9113	587	52	248	3475531
18156	9113	217	52	248	3475551
18
13172	7967	71	50	263	3476441
13138	7967	124	50	263	3476451
13119	7961	193	51	263	3476461
13100	7961	288	51	263	3476471
13081	7954	374	51	264	3476481
13066	7954	436	51	264	3476491
13058	7954	502	51	265	3476511
13065	7954	543	51	265	3476521
13082	7954	569	51	265	3476531
13114	7954	590	51	265	3476541
13165	7954	602	51	265	3476551
13237	7954	605	51	265	3476561
13324	7954	617	51	265	3476571
13419	7954	619	51	265	3476581
13507	7954	610	51	264	3476591
13577	7962	589	51	264	3476601
13626	7962	514	51	263	3476611
13655	7962	150	51	263	3476631
18
13186	7828	157	51	260	3476749
13118	7802	208	51	260	3476759
13095	7794	248	51	260	3476769
13080	7794	337	51	261	3476779
13080	7787	455	51	262	3476799
13089	7787	528	51	263	3476809
13112	7787	565	51	263	3476819
13145	7787	597	51	263	3476829
13189	7795	614	51	263	3476839
13245	7795	633	51	263	3476849
13314	7795	636	51	263	3476859
13392	7795	640	51	263	3476869
13473	7795	640	51	263	3476879
13551	7801	638	51	263	3476889
13616	7801	628	51	263	3476899
13662	7809	608	51	261	3476909
13690	7809	570	51	261	3476919
13702	7809	231	51	260	3476949
25
13609	8112	252	49	261	3477117
13600	8120	342	49	260.5	3477137
13591	8129	495	48.5	259.5	3477157
13591	8136	544	49	258	3477167
13603	8136	547	49	258	3477177
13616	8125	565	49	258	3477187
13635	8108	575	49	258	3477197
13663	8084	579	49	258	3477207
13694	8053	581	49	258	3477217
13726	8013	598	50	258	3477227
13755	7970	599	50	258	3477237
13782	7922	606	50	257	3477247
13802	7873	612	50	257	3477257
13815	7826	617	50	255	3477267
13824	7781	620	50	255	3477277
13824	7741	620	50	255	3477287
13824	7707	626	50	255	3477297
13806	7678	631	50	257	3477307
13789	7655	638	50	257	3477317
13770	7638	634	49	258	3477327
13749	7627	626	49	258	3477337
13729	7627	603	49	258	3477347
13712	7627	558	49	258	3477357
13700	7627	398	49	258	3477367
13694	7646	49	49	258	3477387
23
13661	8163	311	47	259	3477553
13623	8163	328	47	259	3477563
13614	8163	409	47	259	3477583
13614	8170	485	47	259	3477593
13623	8170	492	48	259	3477603
13640	8170	504	48	259	3477613
13666	8162	522	48	259	3477623
13702	8154	524	49	258	3477633
13745	8140	541	49	258	3477643
13799	8121	549	49	258	3477653
13858	8098	557	49	258	3477663
13923	8072	560	50	258	3477673
13989	8045	573	50	258	3477683
14049	8015	574	50	257	3477693
14100	7982	576	50	257	3477703
14142	7948	587	50	255	3477713
14172	7911	602	50	255	3477723
14193	7877	610	50	255	3477733
14207	7849	611	49	256	3477743
14215	7827	614	49	256	3477753
14215	7810	614	49	256	3477763
14215	7799	597	49	256	3477773
14215	7793	260	49	256	3477813
21
13784	7587	69	50	255	3478009
13757	7577	139	50	257	3478019
13748	7568	235	50	257	3478029
13740	7568	336	50	258	3478039
13734	7568	497	50	258	3478079
13740	7568	565	50	258	3478089
13757	7568	589	50	258	3478099
13783	7568	602	50	258	3478109
13817	7579	628	50	258	3478119
13860	7589	634	50	258	3478129
13909	7603	646	50	258	3478139
13963	7622	651	50	258	3478149
14019	7647	665	50	258	3478159
14072	7674	673	50	258	3478169
14119	7704	680	50	258	3478179
14159	7735	686	50	258	3478189
14189	7766	682	49	258	3478199
14207	7793	685	49	258	3478209
14219	7816	689	49	258	3478219
14219	7833	689	49	258	3478229
14219	7843	375	49	258	3478289
32
14332	7901	102	49	253	3478497
14332	7918	144	49	253	3478507
14332	7926	235	49	253	3478517
14321	7934	319	49	253	3478527
14311	7942	368	50	253	3478537
14297	7948	419	50	253	3478547
14281	7948	458	50	253	3478557
14260	7955	479	50	253	3478567
14237	7955	500	50	253	3478577
14215	7948	519	50	253	3478587
14192	7939	538	50	254	3478597
14177	7928	540	50	254	3478607
14167	7914	546	50	255	3478617
14167	7897	554	50	255	3478627
14167	7878	557	50	255	3478637
14177	7858	561	50	255	3478647
14195	7838	564	50	255	3478657
14220	7820	567	50	255	3478667
14250	7807	568	50	255	3478677
14280	7799	569	50	257	3478687
14312	7799	572	49	257	3478697
14340	7799	570	49	257	3478707
14363	7813	569	49	257	3478717
14377	7828	572	49	256	3478727
14385	7846	572	49	256	3478737
14385	7866	569	49	256	3478747
14376	7886	565	49	256	3478757
14363	7903	560	49	255	3478767
14345	7918	544	49	255	3478777
14326	7928	502	49	253	3478787
14309	7928	363	49	253	3478797
14297	7928	21	49	253	3478817
17
14388	7857	74	50	254	3479041
14368	7857	142	50	253	3479051
14360	7857	303	50	253	3479071
14353	7857	484	50	253	3479101
14353	7849	566	50	253	3479111
14362	7849	582	50	253	3479121
14374	7849	615	50	253	3479131
14396	7843	631	50	253	3479141
14430	7843	656	50	252	3479151
14482	7843	665	50	252	3479161
14545	7843	679	49	251	3479171
14629	7854	681	49	251	3479181
14723	7864	683	49	251	3479191
14812	7873	683	49	251	3479201
14887	7880	674	49	251	3479211
14930	7880	643	49	251	3479221
14949	7880	272	49	251	3479251
17
16302	8011	143	51	263	3480081
16270	8002	198	51	263	3480091
16256	8002	285	51	263	3480101
16242	8002	398	51	263	3480111
16231	8002	494	51	263	3480121
16224	8002	585	51	263	3480151
16241	8002	647	51	263	3480161
16275	8002	665	51	263	3480171
16326	8002	681	51	263	3480181
16398	8002	689	51	263	3480191
16480	8002	693	51	263	3480201
16571	8002	694	51	261	3480211
16668	8002	696	51	261	3480221
16757	8002	690	51	260	3480231
16830	8002	666	51	260	3480241
16877	8002	611	51	260	3480251
16898	8002	266	51	260	3480281
18
16437	7832	310	51	260	3480401
16368	7801	359	51	260	3480411
16348	7795	450	51	260	3480421
16337	7795	608	51	260	3480451
16354	7805	657	51	260	3480461
16381	7805	669	51	260	3480471
16422	7816	674	51	260	3480481
16476	7816	682	51	260	3480491
16541	7824	687	51	260	3480501
16616	7824	687	51	260	3480511
16696	7824	687	50	259	3480521
16778	7830	688	50	259	3480531
16850	7830	681	50	258	3480541
16906	7830	669	50	258	3480551
16943	7830	645	50	258	3480561
16962	7830	599	50	259	3480571
16970	7830	450	50.6667	259.667	3480601
16977	7830	28	51	260	3480621
26
16910	8212	259	48	259	3480797
16876	8220	298	48	259	3480807
16863	8220	383	49	258	3480817
16856	8228	541	50	259	3480857
16871	8228	577	51	260	3480867
16889	8209	591	51	260	3480877
16913	8190	599	51	260	3480887
16946	8166	602	51	260	3480897
16982	8136	605	52	260	3480907
17020	8100	606	52	260	3480917
17055	8058	605	52	260	3480927
17084	8012	607	52	260	3480937
17102	7963	612	52	260	3480947
17110	7917	612	52	260	3480957
17110	7872	620	52	260	3480967
17096	7830	619	52	260	3480977
17079	7794	622	52	260	3480987
17058	7760	629	52	260	3480997
17032	7729	639	51	260	3481007
17002	7702	642	51	260	3481017
16972	7678	645	51	260	3481027
16942	7657	645	51	260	3481037
16918	7643	638	51	260	3481047
16904	7636	621	51	260	3481057
16895	7636	521	51	260	3481077
16903	7636	30	51	260	3481097
22
16890	8271	149	48	259	3481353
16875	8271	299	49.3333	258.333	3481383
16885	8271	414	50	259	3481393
16897	8271	437	51	260	3481403
16916	8271	450	51	260	3481413
16940	8271	479	51	260	3481423
16971	8258	494	51	260	3481433
17008	8246	508	52	260	3481443
17048	8229	537	52	260	3481453
17091	8209	553	52	260	3481463
17139	8184	566	51	259	3481473
17192	8157	578	51	259	3481483
17244	8125	588	51	257	3481493
17295	8090	599	51	257	3481503
17339	8053	615	51	256	3481513
17370	8017	621	51	256	3481523
17396	7987	624	51	255	3481533
17413	7962	631	51	255	3481543
17423	7945	633	51	254	3481553
17430	7934	632	51	254	3481563
17430	7928	589	50	252.667	3481593
17436	7928	133	49.3333	251.333	3481623
20
16920	7561	94	51	259	3481909
16911	7561	184	52	260	3481929
16901	7561	434	52	260	3481989
16920	7561	541	52	260	3481999
16944	7568	548	52	260	3482009
16977	7568	565	52	260	3482019
17019	7581	568	52	260	3482029
17068	7598	573	52	260	3482039
17120	7621	589	51	260	3482049
17176	7652	591	51	260	3482059
17232	7687	604	50	259	3482069
17283	7723	626	50	259	3482079
17329	7761	629	50	258	3482089
17366	7800	636	50	258	3482099
17394	7842	643	50	258	3482109
17411	7882	643	50	257	3482119
17421	7918	650	50	257	3482129
17421	7948	655	50	255	3482139
17421	7970	652	50	255	3482149
17421	7983	392	50	253.2	3482199
30
17490	7979	30	50	253	3482473
17496	7989	92	51	252	3482493
17496	8000	206	50	251	3482513
17496	8008	292	50	250	3482523
17488	8008	343	50	250	3482533
17477	8008	397	50	250	3482543
17460	8008	447	50	250	3482553
17442	8008	493	50	250	3482563
17421	8008	528	50	250	3482573
17401	8001	534	50	250	3482583
17386	7993	539	50	250	3482593
17376	7985	542	50	250	3482603
17376	7973	545	50	250	3482613
17368	7956	550	50	250	3482623
17368	7935	550	50	250	3482633
17374	7915	555	50	250	3482643
17387	7895	557	50	250	3482653
17407	7882	554	50	250	3482663
17433	7874	549	50	250	3482673
17463	7874	541	50	250	3482683
17493	7884	528	50	250	3482693
17521	7896	532	50	250	3482703
17542	7913	530	50	251	3482713
17554	7931	540	50	251	3482723
17554	7949	542	51	252	3482733
17554	7968	534	51	252	3482743
17538	7985	518	51	252	3482753
17523	7997	480	51	252	3482763
17507	8005	388	50	251	3482773
17494	8005	118	50	250.5	3482793
15
17573	7948	72	51	252	3483057
17566	7941	140	51	252	3483067
17559	7941	441	51	252	3483127
17583	7948	598	51	252	3483137
17618	7948	618	51	252	3483147
17672	7948	630	51	252	3483157
17743	7955	641	51	252	3483167
17821	7955	642	51	252	3483177
17903	7965	645	51	252	3483187
17984	7965	645	51	252	3483197
18058	7976	641	51	252	3483207
18120	7976	622	51	252	3483217
18167	7984	563	51	252	3483227
18201	7984	458	50	251	3483237
18219	7984	21	50	250.5	3483257
20
13166	6758	119	50	263	3484357
13136	6767	218	50	263	3484367
13122	6767	299	50	263	3484377
13109	6775	405	50	263	3484387
13097	6775	489	50	263	3484397
13089	6775	541	50	263	3484407
13082	6775	592	49.6667	263	3484437
13094	6775	624	49	263	3484447
13115	6775	657	49	263	3484457
13150	6775	666	49	263	3484467
13203	6767	678	49	263	3484477
13270	6767	682	49	263	3484487
13343	6767	682	49	263	3484497
13420	6767	680	48	263	3484507
13494	6767	672	48	263	3484517
13560	6777	651	48	262	3484527
13617	6777	618	48	262	3484537
13663	6777	556	48	261	3484547
13695	6784	390	48	261	3484557
13710	6784	56	48	260	3484577
15
13233	6638	302	48	259	3484705
13206	6630	355	48	259	3484715
13200	6630	577	49	260.5	3484755
13209	6630	647	49	261	3484765
13234	6630	664	49	261	3484775
13276	6630	670	49	261	3484785
13336	6638	674	48	261	3484795
13410	6638	681	48	261	3484805
13488	6638	681	48	261	3484815
13567	6638	682	48	261	3484825
13641	6629	679	48	260	3484835
13702	6629	656	48	260	3484845
13749	6629	623	47	259	3484855
13778	6623	526	47	259	3484865
13791	6623	134	46.6667	258.667	3484895
28
13720	6969	185	47	257	3485093
13694	6977	252	47	257	3485103
13684	6977	357	47	257	3485113
13684	6986	446	47	257	3485123
13678	6986	495	47	257	3485143
13691	6986	522	47	257	3485153
13706	6973	531	47	257	3485163
13726	6958	546	47	257	3485173
13752	6937	551	47	257	3485183
13783	6911	564	47	257	3485193
13815	6879	572	47	257	3485203
13849	6843	580	47	257	3485213
13878	6806	592	47	257	3485223
13902	6768	595	47	257	3485233
13917	6733	595	47	257	3485243
13917	6699	594	47	257	3485253
13917	6668	615	47	257	3485263
13906	6638	624	47	257	3485273
13885	6609	648	47	257	3485283
13856	6580	658	47	257	3485293
13823	6553	658	47	257	3485303
13790	6531	658	47	257	3485313
13758	6513	656	47	257	3485323
13734	6501	640	47	257	3485333
13718	6493	618	47	257	3485343
13708	6493	590	47	257	3485353
13708	6486	473	47	257	3485373
13716	6497	5	47	257	3485393
26
13758	7018	82	46	255	3485597
13716	7026	123	46	255	3485607
13699	7035	186	46	255	3485617
13687	7035	300	46	255	3485627
13680	7046	457	46	256.5	3485667
13692	7046	528	46	257	3485677
13705	7046	551	46	256	3485687
13728	7046	564	46	256	3485697
13762	7046	580	46	255	3485707
13808	7038	592	46	255	3485717
13865	7029	599	46	255	3485727
13931	7018	605	46	255	3485737
14002	7001	607	46	255	3485747
14071	6981	619	46	255	3485757
14135	6959	621	46	255	3485767
14193	6934	628	46	255	3485777
14245	6909	643	46	255	3485787
14291	6881	651	46	255	3485797
14332	6851	668	46	255	3485807
14366	6823	673	46	254	3485817
14391	6799	679	46	254	3485827
14412	6780	679	46	253	3485837
14422	6768	676	46	253	3485847
14430	6762	593	46	252.333	3485877
14430	6755	415	45	251	3485887
14420	6755	37	45	251	3485907
22
13810	6469	91	46	255	3486181
13801	6469	348	47	255	3486231
13813	6469	484	47	255	3486241
13827	6469	518	47	255	3486251
13847	6469	534	47	255	3486261
13875	6469	552	47	255	3486271
13911	6469	568	47	255	3486281
13950	6479	586	47	255	3486291
13995	6489	590	47	255	3486301
14041	6505	598	47	255	3486311
14091	6527	604	47	255	3486321
14142	6553	607	47	255	3486331
14191	6582	618	47	255	3486341
14238	6612	638	47	255	3486351
14280	6641	638	47	255	3486361
14315	6670	644	46	255	3486371
14344	6695	655	46	255	3486381
14367	6718	652	46	254	3486391
14382	6734	652	46	254	3486401
14392	6746	636	46	253	3486411
14392	6752	498	46	252.333	3486441
14382	6741	0	45	251	3486461
34
14450	6794	69	46	253	3486757
14444	6805	110	47	252	3486767
14444	6815	177	47	252	3486777
14437	6815	269	47	252	3486787
14437	6823	324	47	252	3486797
14430	6823	363	46	251	3486807
14423	6823	399	46	251	3486817
14415	6823	445	46	250	3486827
14407	6823	488	46	250	3486837
14400	6823	494	46	250	3486847
14393	6811	493	46	250	3486857
14393	6802	496	46	250	3486867
14385	6791	513	46	250	3486877
14385	6776	524	46	250	3486887
14385	6759	539	46	250	3486897
14385	6742	543	46	250	3486907
14385	6727	550	46	250	3486917
14400	6715	556	46	250	3486927
14415	6704	562	46	250	3486937
14436	6696	563	46	250	3486947
14460	6696	562	46	250	3486957
14485	6696	561	46	250	3486967
14510	6703	561	46	250	3486977
14534	6716	562	46	250	3486987
14551	6730	571	46	250	3486997
14559	6748	572	46	250	3487007
14559	6765	572	46	250	3487017
14559	6781	580	46	250	3487027
14549	6797	570	46	250	3487037
14538	6809	565	46	250	3487047
14521	6818	537	46	250	3487057
14505	6818	485	46	250	3487067
14492	6818	357	46	250	3487077
14482	6818	29	46	250	3487097
18
14603	6785	28	48	252	3487433
14588	6777	90	48	252	3487443
14580	6777	211	48	252	3487463
14570	6777	503	48	252	3487523
14579	6777	627	48	252	3487533
14593	6777	638	48	252	3487543
14615	6777	649	48	252	3487553
14648	6777	657	48	252	3487563
14689	6777	657	47	251	3487573
14737	6785	665	47	251	3487583
14790	6785	668	47	250	3487593
14841	6793	671	47	250	3487603
14893	6793	668	46	250	3487613
14940	6801	668	46	250	3487623
14978	6801	664	46	250	3487633
15006	6801	647	46	250	3487643
15024	6808	590	46	250	3487653
15030	6808	160	46	250	3487683
17
16293	6830	50	49	258	3488761
16278	6823	133	49	258	3488771
16270	6823	208	49	258	3488781
16261	6823	325	49	258	3488791
16254	6823	418	49	258	3488801
16247	6823	540	49	258	3488841
16265	6830	599	49	258	3488851
16294	6830	608	49	258	3488861
16339	6830	617	49	258	3488871
16400	6830	629	49	258	3488881
16472	6823	638	49	258	3488891
16556	6823	641	49	258	3488901
16641	6815	642	49	258	3488911
16715	6815	637	49	258	3488921
16773	6815	604	49	258	3488931
16807	6815	527	49	258	3488941
16821	6815	160	48	259	3488961
16
16357	6697	124	48	259	3489109
16313	6689	191	48	259	3489119
16299	6689	295	48	259	3489129
16290	6689	526	48	259	3489179
16301	6689	622	48	257	3489189
16321	6689	633	48	257	3489199
16359	6689	645	48	256	3489209
16410	6689	653	48	256	3489219
16475	6698	655	48	256	3489229
16548	6698	660	48	256	3489239
16624	6698	665	48	256	3489249
16699	6705	666	47	257	3489259
16763	6705	664	47	257	3489269
16811	6705	656	47	257	3489279
16839	6713	626	47	257	3489289
16850	6713	323	47	257	3489329
26
16760	6987	166	47	257	3489525
16744	6988	257	47	257	3489535
16744	6996	341	47	257	3489545
16734	7003	441	47	257	3489555
16734	7027	532	47	257	3489585
16750	7027	561	47	257	3489595
16770	7014	569	47	257	3489605
16798	6999	576	47	257	3489615
16831	6977	579	47	257	3489625
16867	6952	583	47	257	3489635
16901	6921	592	47	257	3489645
16928	6886	598	47	257	3489655
16950	6849	614	47	257	3489665
16963	6807	620	47	257	3489675
16969	6764	630	47	257	3489685
16969	6722	638	47	257	3489695
16962	6679	646	47	257	3489705
16950	6640	656	47	257	3489715
16929	6599	668	47	257	3489725
16905	6562	683	47	257	3489735
16877	6527	689	47	257	3489745
16849	6498	696	47	257	3489755
16828	6478	698	47	257	3489765
16812	6467	697	46	257	3489775
16805	6467	643	46	257	3489815
16813	6486	195	46	257	3489835
22
16808	7068	129	46	257	3490081
16801	7068	185	46	257	3490091
16795	7068	327	47	257	3490121
16803	7068	412	47	257	3490131
16815	7060	462	47	257	3490141
16834	7060	483	47	257	3490151
16860	7049	506	48	256	3490161
16893	7041	528	48	256	3490171
16935	7031	546	48	256	3490181
16984	7018	566	48	256	3490191
17041	7000	575	48	256	3490201
17103	6977	583	48	256	3490211
17170	6951	591	48	256	3490221
17233	6923	594	48	255	3490231
17291	6896	599	48	255	3490241
17337	6870	606	48	254	3490251
17371	6846	625	48	254	3490261
17396	6825	622	47	253	3490271
17409	6808	622	47	253	3490281
17416	6796	625	47	252	3490291
17416	6790	617	46.3333	251.333	3490321
17416	6783	316	45	250	3490361
22
16802	6402	49	50	255	3490665
16785	6402	110	50	255	3490675
16778	6402	328	50	255	3490725
16789	6409	472	50	255	3490735
16806	6409	504	50	255	3490745
16830	6418	529	50	255	3490755
16861	6426	552	50	255	3490765
16902	6437	581	50	255	3490775
16950	6455	620	50	255	3490785
17006	6478	627	50	255	3490795
17068	6507	642	50	255	3490805
17134	6539	662	50	255	3490815
17199	6575	673	49	256	3490825
17259	6613	679	49	256	3490835
17310	6651	693	49	255	3490845
17350	6688	699	49	255	3490855
17381	6723	715	49	253	3490865
17400	6751	716	48	254	3490875
17412	6773	720	48	253	3490885
17412	6787	714	48	253	3490895
17418	6793	627	47	251.667	3490925
17418	6786	187	46	250.5	3490945
31
17460	6845	63	47	250	3491191
17460	6838	224	48	249	3491211
17460	6846	350	48	249	3491221
17450	6846	380	48	249	3491231
17442	6857	416	48	249	3491241
17430	6857	444	48	249	3491251
17415	6867	481	48	249	3491261
17396	6867	522	48	249	3491271
17378	6867	527	48	249	3491281
17364	6858	529	48	249	3491291
17353	6848	541	48	249	3491301
17345	6833	551	48	249	3491311
17345	6813	553	48	249	3491321
17345	6790	567	48	249	3491331
17355	6763	573	47	250	3491341
17370	6739	572	47	250	3491351
17391	6718	577	47	250	3491361
17417	6703	575	47	250	3491371
17448	6703	574	47	250	3491381
17483	6703	576	47	250	3491391
17515	6703	573	47	250	3491401
17541	6723	573	47	250	3491411
17558	6743	576	47	250	3491421
17565	6764	574	47	250	3491431
17565	6787	574	47	250	3491441
17555	6808	573	47	250	3491451
17540	6826	567	47	250	3491461
17521	6839	542	47	250	3491471
17501	6847	512	47	250	3491481
17479	6847	408	47	250	3491491
17460	6847	78	47	250	3491511
18
17576	6794	120	49	253	3491885
17569	6787	292	49	253	3491915
17569	6779	559	49	253	3491975
17579	6779	660	49	253	3491985
17598	6779	667	49	253	3491995
17636	6779	675	49	253	3492005
17692	6787	680	49	253	3492015
17767	6793	695	49	253	3492025
17855	6800	704	49	253	3492035
17945	6800	707	49	253	3492045
18030	6807	709	49	253	3492055
18104	6807	710	49	253	3492065
18162	6807	712	49	253	3492075
18205	6807	710	49	252	3492085
18238	6807	707	49	252	3492095
18263	6807	686	48	251	3492105
18280	6807	629	48	250	3492115
18291	6807	227	48	249.5	3492135
