48
22
16119	11309	229	48	291	3983853
16128	11338	259	48	292	3983863
16128	11353	318	48	292	3983873
16128	11367	417	48	293	3983883
16120	11377	460	48	293	3983903
16112	11367	514	48	294	3983913
16104	11345	544	48	294	3983923
16091	11309	558	48	294	3983933
16077	11266	567	48	294	3983943
16065	11215	591	48	294	3983953
16051	11159	608	49	295	3983963
16037	11103	624	49	295	3983973
16020	11039	638	49	295	3983983
15995	10975	642	49	295	3983993
15975	10912	650	49	295	3984003
15948	10853	652	49	295	3984013
15923	10804	651	49	295	3984023
15902	10768	649	49	295	3984033
15884	10745	640	49	295	3984043
15877	10735	593	49	295	3984063
15877	10743	461	49	295	3984073
15886	10760	108	49	295	3984093
24
16087	11329	398	48	293	3984229
16097	11336	464	48	293	3984239
16097	11347	556	47	293	3984249
16087	11355	651	47	292	3984299
16087	11337	675	47	293	3984309
16095	11313	684	48	293	3984319
16101	11280	695	48	293	3984329
16110	11244	701	48	293	3984339
16120	11201	711	48	293	3984349
16133	11152	721	48	294	3984359
16149	11099	725	48	294	3984369
16167	11042	731	48	294	3984379
16183	10983	732	48	294	3984389
16196	10929	739	48	294	3984399
16205	10879	738	48	294	3984409
16205	10837	734	48	294	3984419
16215	10806	734	50	294	3984429
16215	10784	729	50	294	3984439
16215	10772	716	50	293	3984459
16215	10764	674	50	293	3984469
16200	10764	623	50	293	3984479
16179	10770	518	50	293	3984489
16152	10780	365	50	293	3984499
16122	10794	5	50	293	3984519
12
16043	10875	69	50	293	3984557
16020	10919	220	50	294	3984567
16008	10936	372	50	294	3984577
15999	10948	483	49	295	3984587
15992	10948	604	49	295	3984617
16001	10948	700	49	295	3984627
16018	10948	732	49	295	3984637
16046	10948	740	49	295	3984647
16084	10948	738	49	295	3984657
16134	10962	720	49	295	3984667
16175	10971	597	49	295	3984677
16202	10971	100	49	295	3984697
18
15934	9779	267	50	302	3985401
15934	9820	363	50	302	3985411
15926	9828	443	50	302	3985441
15926	9814	495	50	302	3985451
15926	9789	538	50	302	3985461
15926	9755	565	50	302	3985471
15926	9717	599	50	302	3985481
15915	9675	630	50	302	3985491
15915	9633	653	50	302	3985501
15906	9590	684	50	302	3985511
15906	9551	690	50	302	3985521
15899	9517	694	50	302	3985531
15899	9488	695	50	302	3985541
15892	9469	695	50	302	3985551
15892	9457	670	50	302	3985581
15892	9479	545	50	302	3985591
15892	9503	382	50	302	3985601
15892	9529	49	50	302	3985621
46
15877	9696	202	50	302	3985689
15877	9721	315	50	302	3985699
15870	9737	430	50	302	3985709
15870	9756	470	50	302	3985719
15870	9776	543	50	302	3985729
15883	9795	598	50	302	3985739
15894	9812	624	50	302	3985749
15909	9825	633	50	302	3985759
15927	9836	638	50	302	3985769
15947	9836	640	50	302	3985779
15972	9846	641	50	302	3985789
16001	9846	642	50	302	3985799
16030	9846	640	50	302	3985809
16057	9846	637	50	302	3985819
16078	9830	637	50	302	3985829
16091	9813	633	50	302	3985839
16091	9791	634	50	302	3985849
16091	9763	636	50	302	3985859
16091	9730	638	50	302	3985869
16071	9694	640	50	302	3985879
16050	9658	636	50	302	3985889
16027	9628	636	50	302	3985899
16005	9606	642	50	302	3985909
15986	9591	644	50	302	3985919
15973	9584	665	49	301	3985929
15965	9584	679	49	301	3985959
15973	9584	683	50	302	3985969
15986	9594	679	50	302	3985979
16004	9594	679	50	302	3985989
16025	9602	678	50	302	3985999
16048	9602	679	50	302	3986009
16069	9602	678	50	302	3986019
16088	9592	678	50	302	3986029
16105	9582	680	50	302	3986039
16119	9568	678	50	302	3986049
16127	9550	680	50	302	3986059
16127	9529	684	50	302	3986069
16127	9508	698	50	302	3986079
16112	9486	705	50	302	3986089
16087	9465	708	50	302	3986099
16050	9447	714	50	302	3986109
16001	9427	714	50	302	3986119
15950	9414	717	50	302	3986129
15906	9407	712	50	302	3986139
15873	9407	681	50	302	3986149
15855	9414	269	50	301	3986169
26
15950	8413	81	51	300	3986849
15957	8413	113	51	300	3986859
15957	8405	188	51	300	3986869
15963	8405	273	51	300	3986889
15963	8398	477	50.6	299.6	3986939
15963	8405	615	50	299	3986959
15948	8412	633	50	299	3986969
15932	8412	641	50	299	3986979
15911	8412	650	50	299	3986989
15882	8391	665	50	299	3986999
15850	8370	679	51	300	3987009
15818	8346	687	51	300	3987019
15786	8318	698	51	300	3987029
15760	8285	708	51	300	3987039
15738	8255	705	51	300	3987049
15727	8223	705	51	300	3987059
15727	8189	703	51	300	3987069
15737	8157	705	51	300	3987079
15762	8120	705	51	300	3987089
15797	8083	710	52	301	3987099
15841	8053	707	52	301	3987109
15888	8030	707	52	301	3987119
15934	8014	705	52	301	3987129
15971	8008	705	52	301	3987139
15995	8008	697	52	301	3987149
16010	8008	263	52.3333	301.333	3987179
19
16611	11029	45	48	270	3989146
16582	11029	143	48	270	3989156
16566	11037	245	49	270	3989166
16550	11052	355	49	270	3989176
16537	11052	455	49	270	3989186
16526	11052	519	49	270	3989196
16519	11052	587	49.5	270	3989236
16530	11052	619	50	270	3989246
16554	11052	631	50	270	3989256
16601	11042	643	50	270	3989266
16677	11042	651	50	270	3989275
16780	11034	656	50	270	3989285
16903	11034	660	50	270	3989295
17034	11034	662	50	270	3989305
17156	11034	665	50	269	3989315
17261	11034	665	50	269	3989325
17340	11034	646	50	268	3989335
17393	11034	581	50	268	3989345
17423	11021	203	50	266	3989365
51
16270	9640	104	49	275	3990388
16261	9640	252	49	275	3990398
16261	9646	380	49	275	3990438
16261	9653	469	48	274	3990448
16268	9653	490	48	274	3990458
16279	9653	506	48	274	3990468
16294	9653	523	48	274	3990478
16315	9653	544	48	274	3990488
16340	9653	568	48	274	3990498
16370	9653	580	48	273	3990508
16404	9661	588	48	273	3990518
16441	9670	597	48	272	3990528
16481	9685	597	48	272	3990538
16517	9705	601	47	272	3990548
16550	9731	602	47	272	3990558
16575	9761	606	47	272	3990568
16592	9797	605	47	272	3990578
16605	9840	613	47	272	3990588
16611	9891	621	47	272	3990598
16611	9949	621	48	272	3990608
16611	10013	626	48	272	3990618
16603	10080	627	48	272	3990628
16593	10150	628	48	272	3990638
16585	10219	630	48	272	3990648
16578	10284	654	48	272	3990658
16578	10342	671	48	272	3990668
16568	10393	678	48	272	3990677
16568	10436	691	48	272	3990687
16560	10472	705	47	272	3990697
16560	10501	715	47	272	3990707
16552	10526	724	47	272	3990717
16552	10547	726	47	272	3990727
16552	10567	728	47	272	3990737
16552	10585	735	46	272	3990747
16552	10597	741	46	272	3990757
16552	10605	748	44.5	270.2	3990857
16563	10612	748	44	270	3990867
16583	10612	748	44	270	3990877
16619	10612	748	44	270	3990887
16670	10612	747	44	270	3990897
16741	10612	747	43	270	3990907
16826	10622	746	43	270	3990917
16921	10629	746	43	270	3990927
17022	10637	744	43	270	3990937
17122	10648	742	44	270	3990947
17211	10655	742	44	270	3990957
17283	10655	740	44	270	3990967
17337	10662	736	44	270	3990977
17370	10662	718	44	269	3990987
17387	10662	652	44	269	3990997
17387	10654	314	44	268	3991027
27
17294	11205	163	49	273	3993274
17272	11205	236	49	273	3993284
17265	11212	375	50	272	3993304
17265	11219	469	50	272	3993324
17278	11219	513	51	272	3993334
17293	11207	534	51	272	3993344
17312	11194	546	51	272	3993354
17337	11175	567	51	272	3993364
17364	11150	575	52	271	3993374
17392	11118	580	52	271	3993384
17421	11078	588	52	270	3993394
17450	11031	586	52	270	3993404
17475	10977	596	52	270	3993414
17493	10919	602	52	270	3993424
17503	10857	612	52	270	3993434
17503	10793	618	52	270	3993444
17493	10731	643	52	270	3993454
17477	10671	663	52	270	3993464
17455	10614	668	51	270	3993474
17429	10563	671	51	270	3993484
17401	10521	673	51	270	3993494
17379	10492	678	51	270	3993504
17361	10477	679	51	270	3993514
17350	10477	678	51	270	3993524
17341	10477	636	51	270	3993534
17334	10477	505	51	270	3993544
17334	10498	123	51	270	3993564
30
17521	11229	101	50	270	3994066
17513	11229	153	50	270	3994076
17505	11229	247	51	270	3994086
17505	11238	359	51	270	3994106
17505	11245	417	51	270	3994116
17520	11245	454	51	270	3994126
17535	11245	497	51	270	3994136
17555	11232	517	52	270	3994146
17579	11217	521	52	270	3994156
17605	11197	537	52	270	3994166
17634	11172	538	52	270	3994176
17666	11140	548	52	270	3994186
17697	11099	560	52	270	3994196
17725	11053	569	52	270	3994206
17747	11000	578	52	270	3994216
17763	10941	591	52	270	3994226
17770	10878	603	51	270	3994236
17770	10812	620	51	270	3994246
17759	10750	643	51	270	3994256
17742	10687	664	51	270	3994266
17719	10626	686	50	270	3994276
17695	10570	692	50	270	3994286
17670	10518	704	50	269	3994296
17646	10477	710	50	269	3994306
17625	10444	711	50	268	3994316
17610	10422	711	50	268	3994326
17600	10408	711	49	268	3994336
17594	10402	698	49	268	3994356
17594	10409	622	49	268	3994366
17587	10423	192	49	268	3994386
31
17618	11257	75	50	270	3994762
17608	11257	135	50	270	3994772
17598	11257	335	50.4	270	3994822
17612	11257	455	51	270	3994832
17625	11250	488	51	270	3994842
17641	11250	506	51	269	3994852
17665	11250	537	51	269	3994862
17694	11241	553	51	268	3994872
17730	11241	566	51	268	3994882
17774	11231	580	51	268	3994892
17823	11222	590	51	268	3994902
17877	11211	599	51	268	3994912
17935	11194	606	51	268	3994922
17991	11173	618	51	268	3994932
18043	11150	621	51	268	3994942
18091	11122	630	51	268	3994952
18134	11092	636	51	268	3994962
18171	11059	637	51	268	3994972
18205	11024	638	51	266	3994982
18235	10991	642	51	266	3994992
18263	10956	649	50	265	3995002
18286	10923	647	50	264	3995012
18306	10892	650	50	264	3995022
18322	10864	659	50	263	3995032
18334	10840	660	49	262	3995042
18344	10820	664	49	262	3995052
18351	10802	665	49	261	3995062
18358	10790	666	49	260	3995072
18358	10782	663	49	260	3995082
18364	10782	649	47	259	3995092
18364	10774	357	47	257.5	3995132
28
17590	10385	36	51	270	3996942
17590	10395	154	51	270	3996962
17590	10403	326	50.3333	270	3996992
17590	10410	396	50	270	3997002
17598	10410	417	50	270	3997012
17608	10417	421	50	270	3997022
17624	10417	453	49	270	3997032
17649	10426	472	49	270	3997042
17685	10426	498	49	270	3997052
17733	10439	515	49	270	3997062
17787	10447	521	49	270	3997072
17844	10458	526	49	270	3997082
17902	10471	536	49	270	3997092
17958	10487	536	49	270	3997102
18014	10508	536	49	270	3997112
18068	10530	530	49	270	3997122
18123	10557	527	49	270	3997132
18178	10584	526	49	270	3997142
18227	10614	525	49	269	3997152
18272	10644	528	49	269	3997162
18308	10672	533	49	268	3997172
18332	10697	536	49	268	3997182
18350	10719	551	49	268	3997192
18361	10737	576	49	267	3997202
18370	10750	590	49	267	3997212
18376	10760	597	49	265	3997222
18376	10767	595	49	265	3997232
18384	10767	309	49.75	263.5	3997272
132
16341	9653	8	53	286	4001378
16319	9653	53	53	286	4001388
16309	9653	112	53	286	4001398
16300	9653	188	53	286	4001408
16292	9653	299	53	286	4001428
16282	9653	421	53	286	4001448
16275	9653	503	53	286	4001468
16275	9659	558	52	286	4001518
16290	9659	591	52	286	4001528
16303	9659	602	52	286	4001538
16320	9659	616	52	286	4001548
16337	9659	625	52	284	4001558
16353	9659	630	52	284	4001568
16369	9659	637	52	283	4001578
16385	9659	641	52	283	4001588
16400	9659	642	52	283	4001598
16415	9659	643	52	283	4001608
16428	9659	642	52	283	4001618
16440	9659	644	52	283	4001628
16450	9659	645	52	283	4001638
16457	9659	647	51.5	283	4001658
16467	9659	652	51	283	4001678
16481	9666	657	51	283	4001688
16493	9666	658	51	283	4001698
16507	9673	659	51	283	4001708
16524	9673	660	51	283	4001718
16539	9680	661	51	283	4001728
16556	9680	661	51	283	4001738
16573	9680	661	51	283	4001748
16588	9680	660	51	283	4001758
16602	9680	660	51	283	4001768
16613	9687	659	51	283	4001778
16620	9687	661	51	283	4001808
16626	9687	669	51	283	4001858
16626	9694	682	50	282	4001878
16626	9701	698	50	282	4001888
16626	9708	697	51	283	4001898
16620	9720	700	51	283	4001908
16620	9735	696	51	283	4001918
16612	9755	697	51	283	4001928
16612	9775	701	51	283	4001938
16612	9796	700	51	283	4001948
16612	9820	700	51	283	4001958
16612	9842	702	51	283	4001968
16612	9865	702	51	283	4001978
16612	9887	705	51	283	4001988
16612	9905	716	51	283	4001998
16612	9924	721	51	283	4002008
16612	9943	717	51	283	4002018
16612	9962	720	51	283	4002028
16620	9985	721	51	283	4002038
16620	10007	725	51	283	4002048
16620	10029	716	51	283	4002058
16620	10048	728	51	283	4002068
16620	10064	727	51	283	4002078
16620	10081	728	51	283	4002088
16627	10094	732	51	283	4002098
16627	10105	740	51	283	4002108
16627	10111	736	51.8571	283	4002178
16627	10102	727	52	283	4002188
16627	10093	728	52	283	4002198
16627	10082	726	52	283	4002208
16627	10067	730	52	283	4002218
16627	10049	729	52	283	4002228
16627	10029	731	52	283	4002238
16627	10005	730	52	283	4002248
16627	9981	731	52	283	4002258
16620	9955	733	52	283	4002268
16620	9929	732	52	283	4002278
16620	9907	732	52	283	4002288
16620	9887	732	52	283	4002298
16620	9873	732	52	283	4002308
16620	9861	731	51	283	4002318
16620	9850	728	51	283	4002328
16620	9842	728	51	283	4002338
16620	9835	729	51	283	4002348
16620	9825	732	51	283	4002358
16620	9813	733	51	283	4002368
16620	9799	733	51	283	4002378
16620	9784	732	51	283	4002388
16620	9771	730	51	283	4002398
16620	9763	732	51	283	4002408
16620	9752	733	51	283	4002418
16613	9742	734	51	283	4002428
16613	9731	734	51	283	4002438
16613	9718	734	51	283	4002448
16613	9705	732	51	283	4002458
16613	9695	731	51	283	4002468
16613	9684	731	51	283	4002478
16613	9675	732	51	283	4002488
16613	9669	732	51	283	4002498
16613	9660	732	51	283	4002508
16613	9652	731	51	283	4002518
16613	9643	732	51	283	4002528
16613	9629	734	51	283	4002538
16613	9615	733	51	283	4002548
16613	9598	734	51	283	4002558
16613	9583	733	51	283	4002568
16613	9567	733	51	283	4002578
16613	9551	733	52	283	4002588
16605	9538	733	52	283	4002598
16605	9525	733	52	283	4002608
16605	9514	734	52	283	4002618
16605	9503	736	52	283	4002628
16605	9492	734	52	283	4002638
16605	9482	734	52	283	4002648
16605	9474	735	52	283	4002658
16605	9462	735	52	283	4002668
16605	9448	736	52	283	4002678
16605	9430	735	53	284	4002688
16605	9410	735	53	284	4002698
16605	9392	737	53	285	4002708
16599	9375	734	53	285	4002718
16599	9359	733	54	287	4002728
16599	9344	735	54	287	4002738
16591	9329	734	54	287	4002748
16591	9316	735	54	287	4002758
16591	9302	735	55	287	4002768
16584	9288	735	55	287	4002778
16584	9275	735	55	287	4002788
16584	9262	739	55	287	4002798
16584	9249	739	56	288	4002808
16584	9238	739	56	288	4002818
16584	9227	740	56	288	4002828
16584	9219	742	56	288	4002848
16584	9206	743	56	288	4002858
16584	9199	742	56	288	4002868
16576	9193	743	56	288	4002878
16576	9184	745	56	288	4002888
16576	9175	743	56	288	4002898
16576	9166	743	56	288	4002908
16576	9159	657	56	288	4003078
28
16561	9137	26	54	281	4005214
16561	9131	97	54	281	4005234
16561	9123	257	54	281	4005324
16568	9123	476	54	281	4005404
16575	9123	666	53.5833	281	4005644
16575	9130	784	53.1923	280.577	4005904
16568	9136	802	54	278	4006214
16568	9144	823	54	278	4006234
16568	9152	825	54	278	4006264
16568	9159	829	54	278	4006404
16575	9159	831	53	278	4006424
16585	9159	832	53	278	4006434
16601	9149	837	53	278	4006444
16629	9149	838	53	278	4006454
16664	9140	838	53	278	4006464
16713	9140	840	53	278	4006474
16771	9133	838	53	278	4006484
16836	9133	838	53	278	4006494
16906	9133	834	53	278	4006504
16973	9133	835	53	278	4006514
17034	9133	831	53	278	4006524
17085	9133	827	53	278	4006534
17129	9133	824	53	278	4006544
17162	9133	822	53	278	4006554
17189	9133	813	53	277	4006564
17206	9133	793	53	277	4006574
17217	9133	716	53	275	4006594
17223	9126	194	53	275	4006624
21
17229	9221	63	53	275	4006874
17220	9243	104	54	274	4006884
17220	9255	207	54	274	4006894
17220	9270	296	54	273	4006904
17220	9284	414	54	273	4006914
17220	9295	493	55	273	4006924
17214	9301	566	55	273	4006964
17214	9284	610	55	273	4006974
17214	9266	641	55	273	4006984
17214	9240	664	55	273	4006994
17214	9210	683	55	273	4007004
17214	9175	696	55	273	4007014
17214	9137	703	55	273	4007024
17214	9097	712	55	273	4007034
17207	9059	710	55	273	4007044
17207	9025	715	55	273	4007054
17207	8997	712	55	273	4007064
17207	8978	710	55	273	4007074
17207	8966	681	54.6667	273	4007104
17207	8976	565	54	273	4007114
17207	8994	186	54	273	4007134
34
17214	9293	318	54	273	4007230
17214	9299	540	54	273	4007280
17226	9299	650	54	273	4007290
17239	9293	660	54	273	4007300
17256	9293	674	54	273	4007310
17280	9278	680	54	271	4007320
17310	9266	692	54	271	4007330
17342	9251	695	55	270	4007340
17377	9234	698	55	270	4007350
17410	9217	701	55	270	4007360
17442	9201	705	55	270	4007370
17471	9187	708	55	269	4007380
17497	9176	708	55	269	4007390
17520	9163	710	55	267	4007400
17537	9151	710	54	267	4007410
17550	9140	710	54	267	4007420
17560	9128	705	54	267	4007430
17560	9117	712	54	267	4007440
17566	9108	715	54	266	4007450
17566	9100	732	54	266	4007460
17566	9093	738	54	265	4007470
17557	9093	748	54	265	4007480
17543	9079	756	54	265	4007490
17521	9069	761	54	265	4007500
17490	9054	765	54	265	4007510
17453	9038	769	54	265	4007520
17412	9020	770	54	265	4007530
17370	9003	770	54	265	4007540
17328	8986	771	53	265	4007550
17292	8971	765	53	265	4007560
17265	8963	763	53	265	4007570
17248	8963	751	53	265	4007580
17240	8956	673	53	266	4007600
17247	8967	199	53	267	4007620
33
17657	9160	119	53	267	4007846
17664	9171	210	54	267	4007856
17671	9178	394	54	265.667	4007886
17665	9188	573	54	265	4007906
17655	9195	619	54	265	4007916
17648	9195	650	54	265	4007926
17641	9195	671	54	265	4007946
17630	9195	684	54	265	4007956
17630	9188	684	54	265	4007966
17619	9178	687	54	265	4007976
17619	9168	680	54	265	4007986
17619	9157	679	54	265	4007996
17619	9141	682	54	265	4008006
17619	9125	682	54	265	4008016
17619	9106	680	54	265	4008026
17633	9087	674	54	265	4008036
17647	9071	674	54	265	4008046
17664	9059	668	54	265	4008056
17683	9059	667	54	265	4008066
17704	9059	663	54	265	4008076
17724	9073	662	54	265	4008086
17742	9089	662	54	265	4008096
17754	9109	664	54	265	4008106
17754	9129	683	54	265	4008116
17754	9148	677	54	265	4008126
17754	9168	684	54	266	4008136
17735	9184	684	54	266	4008146
17718	9196	683	54	266	4008156
17700	9196	681	54	266	4008166
17681	9196	672	54	265	4008176
17663	9196	640	54	265	4008186
17646	9189	552	54	265	4008196
17633	9178	158	54	265	4008216
119
17770	9143	59	54	278	4011078
17770	9149	184	54	278	4011088
17762	9149	314	54	278	4011138
17756	9149	583	54	278	4011378
17749	9149	796	53.2269	278.55	4013758
17761	9149	829	53	281	4013768
17779	9158	827	53	281	4013778
17806	9158	827	53	281	4013788
17841	9167	824	53	281	4013798
17876	9167	822	53	281	4013808
17909	9167	817	53	281	4013818
17940	9174	816	53	281	4013828
17970	9174	814	53	281	4013838
17997	9174	815	53	281	4013848
18022	9174	814	53	281	4013858
18045	9174	814	53	281	4013868
18068	9174	812	53	281	4013878
18094	9174	811	53	281	4013888
18122	9174	810	53	281	4013898
18154	9174	808	53	279	4013908
18185	9174	806	53	279	4013918
18216	9174	804	53	278	4013928
18244	9174	802	53	278	4013938
18270	9174	801	53	278	4013948
18295	9174	800	53	277	4013958
18318	9174	802	53	277	4013968
18338	9174	802	53	275	4013978
18356	9174	801	53	275	4013988
18371	9174	801	53	275	4013998
18387	9174	802	53	274	4014008
18402	9174	802	53	274	4014018
18416	9174	801	53	273	4014028
18429	9174	802	53	273	4014038
18440	9174	804	53	273	4014048
18451	9174	802	53	271	4014058
18464	9174	804	53	271	4014068
18475	9174	804	53	270	4014078
18484	9174	803	53	270	4014088
18491	9174	804	53	270	4014098
18497	9174	804	53	270	4014108
18497	9182	808	54	270	4014118
18508	9182	809	54	270	4014128
18508	9193	812	54	270	4014138
18508	9205	813	54	270	4014148
18508	9220	817	54	270	4014158
18508	9237	822	54	270	4014168
18494	9259	821	54	270	4014178
18484	9283	824	54	270	4014188
18474	9313	822	54	270	4014198
18466	9347	822	54	270	4014208
18466	9379	824	54	270	4014218
18460	9413	823	53	270	4014228
18460	9444	827	53	270	4014238
18460	9472	829	53	270	4014248
18460	9501	829	53	270	4014258
18460	9530	830	52	270	4014268
18460	9560	830	52	270	4014278
18460	9592	830	52	270	4014288
18469	9623	832	51	270	4014298
18469	9653	831	51	270	4014308
18477	9680	843	51	270	4014318
18477	9706	838	50	270	4014328
18477	9733	843	50	270	4014338
18486	9761	844	50	270	4014348
18486	9791	841	49	270	4014358
18486	9820	845	49	270	4014368
18486	9847	848	49	270	4014378
18494	9875	850	49	270	4014388
18494	9905	849	49	270	4014398
18494	9937	853	49	270	4014408
18500	9971	853	49	270	4014418
18500	10005	853	49	270	4014428
18500	10037	854	50	270	4014438
18511	10070	853	50	270	4014448
18511	10099	859	50	270	4014458
18522	10128	857	50	270	4014467
18522	10155	858	50	270	4014477
18528	10180	861	50	270	4014487
18528	10206	865	51	270	4014497
18528	10230	866	51	270	4014507
18528	10255	867	51	270	4014517
18528	10281	866	51	270	4014527
18528	10306	866	51	270	4014537
18528	10333	869	51	270	4014547
18528	10358	866	51	270	4014557
18521	10381	868	50	270	4014567
18521	10402	868	50	270	4014577
18521	10418	869	50	270	4014587
18521	10430	869	50	270	4014597
18521	10439	872	49	269	4014617
18521	10451	879	48.25	268	4014657
18521	10457	881	46.4286	268	4014727
18528	10457	875	46	268	4014737
18536	10457	874	45	268	4014747
18547	10457	872	45	268	4014757
18569	10457	873	45	268	4014767
18597	10457	870	45	268	4014777
18630	10457	870	45	268	4014787
18670	10457	870	45	268	4014797
18710	10465	867	45	268	4014807
18751	10465	865	45	268	4014817
18792	10465	862	45	268	4014827
18825	10465	859	45	268	4014837
18858	10465	854	45	268	4014847
18887	10465	848	44	268	4014857
18917	10465	845	44	268	4014867
18949	10465	845	45	268	4014877
18984	10458	843	45	268	4014887
19023	10452	843	45	268	4014897
19065	10445	841	45	268	4014907
19110	10438	833	45	268	4014917
19159	10438	821	45	267	4014927
19209	10431	813	45	267	4014937
19257	10431	796	45	266	4014947
19296	10431	783	45	266	4014957
19328	10431	746	45	265	4014967
19352	10431	656	45	265	4014977
19369	10438	355	45	264	4014987
19369	10448	21	45.5	263	4015007
43
18402	10743	40	45	267	4015502
18386	10743	94	45	266.5	4015522
18375	10743	153	45	266	4015532
18375	10750	378	45	266	4015632
18384	10750	541	45	266	4015642
18394	10750	589	45	266	4015652
18409	10750	605	44	266	4015662
18432	10750	626	44	266	4015672
18463	10750	657	44	266	4015682
18500	10750	664	44	266	4015692
18546	10750	671	44	266	4015702
18597	10750	690	44	266	4015712
18651	10750	699	44	266	4015722
18705	10750	700	44	266	4015732
18757	10750	702	44	266	4015742
18801	10750	706	44	266	4015752
18837	10750	709	44	267	4015762
18868	10750	722	44	267	4015772
18895	10750	732	44	268	4015782
18924	10750	736	44	268	4015792
18956	10750	744	44	268	4015802
18989	10750	751	44	268	4015812
19022	10750	752	44	268	4015822
19053	10750	753	44	268	4015832
19081	10750	753	44	268	4015842
19106	10750	753	44	268	4015852
19126	10750	755	44	268	4015862
19147	10750	754	44	268	4015872
19164	10750	755	44	267	4015882
19184	10750	753	44	267	4015892
19203	10750	753	44	266	4015902
19222	10750	749	44	266	4015912
19239	10743	746	44	265	4015922
19260	10743	746	44	265	4015932
19281	10743	745	44	264	4015942
19305	10735	745	44	263	4015952
19327	10735	746	44	263	4015962
19344	10727	743	44	262	4015972
19359	10727	744	43	262	4015982
19371	10727	741	43	262	4015992
19381	10727	730	43	261	4016002
19389	10721	628	43	260.5	4016022
19395	10721	112	42.5	259.5	4016042
54
19365	10992	210	53	299	4017782
19365	11008	285	53	299	4017792
19365	11015	482	54.25	298.75	4017832
19365	11022	608	55	297	4017882
19365	11013	664	55	297	4017902
19365	10998	682	55	297	4017912
19365	10986	690	55	297	4017922
19365	10973	694	55	297	4017932
19365	10958	703	55	297	4017942
19365	10942	704	55	297	4017952
19365	10926	717	55	297	4017962
19365	10909	725	55	297	4017972
19365	10891	731	54	297	4017982
19365	10872	735	54	297	4017992
19365	10852	738	54	297	4018002
19365	10830	741	54	297	4018012
19365	10807	746	54	297	4018022
19365	10784	749	54	297	4018032
19365	10762	750	54	297	4018042
19365	10743	749	54	297	4018052
19373	10724	753	54	297	4018062
19373	10704	755	54	297	4018072
19373	10683	758	54	297	4018082
19373	10661	761	54	297	4018092
19380	10642	758	54	297	4018102
19380	10627	764	54	297	4018112
19380	10611	773	55	297	4018122
19380	10593	784	55	297	4018132
19380	10573	789	55	297	4018142
19380	10553	793	55	297	4018152
19380	10534	796	55	297	4018162
19380	10516	801	55	297	4018172
19380	10499	805	55	297	4018182
19380	10483	811	55	297	4018192
19380	10466	816	55	297	4018202
19373	10451	815	55	297	4018212
19373	10438	815	55	297	4018222
19373	10424	816	55	297	4018232
19373	10413	817	55	297	4018242
19373	10402	817	55	297	4018252
19373	10391	817	55	297	4018262
19373	10376	823	55	297	4018272
19373	10363	825	55	297	4018282
19366	10348	826	55	297	4018292
19366	10333	827	56	298	4018302
19366	10318	829	56	298	4018312
19366	10303	832	56	298	4018322
19366	10288	830	56	298	4018332
19366	10275	829	56	298	4018342
19366	10266	830	56	298.5	4018362
19366	10259	796	56	299	4018422
19373	10266	643	57	300	4018432
19373	10282	399	57	300	4018442
19384	10311	4	57	300	4018462
79
19426	11023	71	53	292	4018794
19417	11023	157	53	292	4018804
19407	11023	295	53	291	4018824
19399	11030	437	53	290	4018844
19399	11037	534	53	290	4018864
19399	11046	644	53	290	4018904
19406	11046	695	53	290	4018924
19414	11046	701	53	290	4018934
19424	11046	703	53	290	4018944
19438	11046	707	53	290	4018954
19456	11046	710	53	290	4018964
19480	11046	717	53	290	4018974
19507	11046	722	53	290	4018984
19534	11046	727	53	290	4018994
19560	11046	735	53	290	4019004
19586	11046	738	53	290	4019014
19610	11037	747	53	290	4019024
19637	11030	763	53	290	4019034
19665	11022	764	53	290	4019044
19691	11014	771	52	289	4019054
19715	11003	772	53	288	4019064
19737	10992	772	53	288	4019074
19757	10978	772	53	286	4019084
19779	10964	772	53	286	4019094
19801	10949	776	53	286	4019104
19826	10934	777	53	286	4019114
19851	10918	778	53	286	4019124
19875	10903	777	53	286	4019134
19899	10890	778	53	286	4019144
19919	10877	777	53	286	4019154
19935	10863	776	53	286	4019164
19950	10850	770	53	286	4019174
19964	10836	772	52	286	4019184
19975	10822	770	52	286	4019194
19984	10809	773	52	286	4019204
19993	10792	777	52	286	4019214
19999	10774	776	52	286	4019224
19999	10757	776	52	286	4019234
20010	10738	776	52	286	4019244
20010	10722	777	52	286	4019254
20010	10702	779	52	286	4019264
20010	10680	780	52	286	4019274
20010	10661	780	52	286	4019284
20010	10641	780	52	286	4019294
20010	10624	781	52	286	4019304
19998	10606	784	52	286	4019314
19991	10587	786	52	286	4019324
19982	10567	787	52	286	4019334
19971	10545	791	52	286	4019344
19960	10524	792	52	286	4019354
19946	10503	795	52	286	4019364
19930	10482	798	52	286	4019374
19912	10460	801	52	286	4019384
19894	10440	803	52	286	4019394
19876	10420	802	52	286	4019404
19858	10401	804	52	286	4019414
19836	10383	803	52	286	4019424
19815	10365	803	52	286	4019434
19791	10348	806	53	286	4019444
19770	10333	808	53	286	4019454
19752	10321	814	53	286	4019464
19732	10312	815	53	286	4019474
19710	10304	819	54	287	4019484
19688	10304	825	54	287	4019494
19665	10296	831	54	287	4019504
19643	10296	832	54	287	4019514
19620	10288	837	54	287	4019524
19595	10281	838	55	287	4019534
19566	10273	851	55	287	4019544
19536	10266	855	55	287	4019554
19505	10266	859	55	287	4019564
19479	10266	863	56	288	4019574
19452	10266	860	55	290	4019584
19425	10266	853	55	290	4019594
19404	10266	846	55	291	4019604
19382	10266	818	55	291	4019614
19365	10273	778	55	291	4019624
19353	10273	687	55	291	4019634
19343	10273	199	55	291	4019654
114
18495	9223	23	55	305	4024613
18502	9229	43	55	305	4024653
18502	9238	44	55	305	4024663
18510	9238	48	55	305	4024673
18510	9247	275	55	305	4024813
18510	9237	416	55	305	4024823
18510	9229	440	55	305	4024833
18510	9221	443	55	305	4024843
18510	9209	448	55	305	4024853
18510	9196	460	55	305	4024863
18510	9182	472	55	305	4024873
18510	9165	486	55	305	4024883
18510	9149	490	55	305	4024893
18510	9132	496	55	305	4024903
18510	9116	496	55	305	4024913
18510	9097	506	55	305	4024923
18510	9078	507	55	305	4024933
18510	9059	508	55	305	4024943
18510	9039	510	55	305	4024953
18510	9020	510	55	305	4024963
18510	9003	509	55	305	4024973
18503	8986	510	55	305	4024983
18503	8970	513	56	306	4024993
18503	8954	513	56	306	4025003
18503	8939	512	56	306	4025013
18503	8925	512	56	306	4025023
18503	8913	512	55	307	4025033
18503	8902	514	55	307	4025043
18503	8889	514	55	309	4025053
18503	8875	513	55	309	4025063
18496	8861	514	55	309	4025073
18496	8847	514	55	309	4025083
18496	8834	514	55	309	4025093
18496	8822	518	55	309	4025103
18496	8811	517	55	309	4025113
18496	8802	517	55	309	4025123
18496	8793	517	55	309	4025133
18496	8787	520	55	309	4025143
18496	8778	527	55	309	4025153
18496	8771	530	55	309	4025163
18496	8762	533	55	309	4025173
18496	8756	535	55	309	4025193
18496	8749	551	55	309	4025233
18496	8743	568	55	309	4025253
18504	8743	576	55	309	4025273
18510	8736	597	54	308	4025293
18520	8736	615	54	308	4025303
18527	8736	623	54	308	4025313
18536	8736	629	54	308	4025323
18543	8736	633	54	308	4025333
18552	8736	637	54	308	4025343
18560	8736	643	54	308	4025353
18569	8736	646	54	308	4025363
18580	8736	649	54	308	4025373
18593	8743	653	54	306	4025383
18606	8743	662	54	306	4025393
18619	8749	667	55	305	4025403
18633	8749	666	55	305	4025413
18645	8749	667	55	305	4025423
18657	8749	670	55	305	4025433
18668	8749	673	55	305	4025443
18680	8749	672	55	305	4025453
18692	8743	672	55	305	4025463
18704	8743	674	55	305	4025473
18715	8743	678	55	305	4025482
18725	8736	674	55	305	4025492
18734	8736	675	55	305	4025502
18742	8736	677	55	305	4025512
18750	8736	677	55	305	4025532
18762	8736	679	55	305	4025542
18772	8736	679	55	305	4025552
18782	8736	681	55	305	4025562
18795	8736	681	55	305	4025572
18808	8736	682	55	305	4025582
18819	8736	682	55	305	4025592
18828	8736	682	55	305	4025602
18837	8736	681	55	305	4025612
18844	8736	683	55	305	4025622
18852	8736	683	55	305	4025632
18859	8736	683	55	305	4025642
18868	8736	681	55	305	4025652
18875	8736	682	54	304	4025662
18882	8736	682	54	304	4025672
18888	8736	681	54	304	4025682
18896	8736	682	54	304	4025692
18903	8736	682	54	304	4025702
18913	8736	682	54	304	4025712
18921	8736	682	54	304	4025722
18930	8729	682	54	304	4025732
18937	8729	681	54	304	4025742
18945	8722	682	54	304	4025752
18956	8722	681	54	304	4025762
18965	8722	681	54	304	4025772
18975	8714	681	54	304	4025782
18982	8714	682	54	304	4025792
18982	8707	681	54	304	4025802
18994	8707	681	54	304	4025812
19003	8707	682	54	304	4025822
19012	8707	682	54	304	4025832
19022	8698	679	54	304	4025842
19035	8698	679	54	304	4025852
19048	8691	679	54	304	4025862
19059	8691	679	54	304	4025872
19070	8682	684	54	304	4025882
19082	8682	680	54	304	4025892
19096	8674	680	54	304	4025902
19110	8674	681	54	304	4025912
19125	8674	679	54	304	4025922
19139	8668	680	55	303	4025932
19150	8668	680	55	303	4025942
19160	8668	680	54	300	4025952
19169	8668	678	55	301	4025962
19175	8668	663	55	301	4025972
19175	8658	330	55	301	4026002
76
16481	8209	1	51	265	4027951
16474	8203	48	51	265	4027981
16481	8203	122	51	265	4028001
16489	8203	184	51	265	4028011
16497	8203	217	51	264	4028021
16507	8203	277	51	264	4028031
16522	8203	290	51	263	4028041
16540	8203	308	51	263	4028051
16560	8195	316	51	263	4028061
16582	8195	331	51	263	4028071
16606	8195	346	51	263	4028081
16635	8195	359	51	263	4028091
16667	8188	366	51	264	4028101
16705	8188	389	51	264	4028111
16743	8188	399	51	265	4028121
16784	8188	415	51	265	4028131
16823	8188	432	51	265	4028141
16860	8188	448	51	265	4028151
16893	8188	454	51	265	4028161
16925	8188	466	51	265	4028171
16956	8188	469	51	265	4028181
16987	8188	472	51	265	4028191
17019	8188	480	51	265	4028201
17054	8195	484	52	265	4028211
17091	8195	493	52	265	4028221
17131	8195	495	52	265	4028231
17175	8204	496	52	265	4028241
17220	8204	506	52	264	4028251
17264	8204	513	52	264	4028261
17309	8211	513	52	262	4028271
17353	8211	514	52	262	4028281
17396	8211	517	52	261	4028291
17439	8211	519	52	261	4028301
17483	8211	521	52	260	4028311
17528	8211	525	52	260	4028321
17576	8218	524	52	260	4028331
17626	8218	527	51	259	4028341
17679	8218	525	51	259	4028351
17733	8227	528	51	257	4028361
17790	8227	528	51	257	4028371
17845	8235	528	51	257	4028381
17898	8235	530	51	256	4028391
17949	8243	529	51	256	4028401
17996	8243	529	51	256	4028411
18042	8243	536	51	256	4028421
18087	8250	534	51	256	4028431
18134	8250	536	51	256	4028441
18180	8250	536	51	255	4028451
18228	8259	539	51	255	4028461
18274	8259	544	51	255	4028471
18320	8259	557	51	255	4028481
18367	8268	552	51	255	4028491
18414	8268	556	51	254	4028501
18463	8268	558	51	254	4028511
18510	8277	564	51	252	4028521
18557	8277	562	51	252	4028531
18607	8277	574	51	252	4028541
18658	8277	586	52	252	4028551
18709	8285	589	51	250	4028561
18762	8285	591	51	250	4028571
18811	8292	593	51	249	4028581
18860	8292	595	51	249	4028591
18905	8299	598	51	249	4028601
18944	8299	598	51	249	4028611
18980	8299	600	51	249	4028621
19014	8299	600	51	249	4028631
19047	8299	604	51	249	4028641
19080	8299	602	51	249	4028651
19111	8299	605	51	249	4028661
19140	8299	605	51	249	4028671
19170	8299	605	51	249	4028681
19200	8299	606	51	249	4028691
19224	8299	607	51	249	4028701
19244	8299	604	51	248	4028711
19257	8299	594	51	248	4028721
19264	8299	285	51	247	4028751
45
19089	8801	82	49	284	4030251
19068	8817	132	49	284	4030261
19059	8824	209	49	284	4030271
19051	8831	333	49	284	4030291
19043	8839	423	49	284	4030341
19053	8839	472	49	285	4030351
19062	8828	501	49	285	4030361
19074	8820	514	48	286	4030371
19090	8811	528	48	286	4030381
19110	8798	538	48	286	4030391
19132	8782	541	48	285	4030401
19157	8761	545	48	285	4030411
19182	8737	551	48	284	4030421
19205	8712	556	48	284	4030431
19229	8683	563	48	284	4030441
19251	8654	573	48	283	4030451
19273	8625	581	48	283	4030461
19290	8593	587	48	281	4030471
19305	8557	591	48	281	4030481
19316	8518	607	48	281	4030491
19322	8475	615	50	281	4030501
19322	8430	632	50	281	4030511
19322	8388	633	50	280	4030521
19329	8351	637	50	280	4030531
19329	8315	643	50	280	4030541
19329	8284	652	51	280	4030551
19329	8253	656	51	280	4030561
19329	8222	658	51	280	4030571
19329	8190	670	51	280	4030581
19319	8159	673	51	280	4030591
19311	8132	681	52	280	4030601
19302	8105	692	52	280	4030611
19290	8077	697	52	280	4030621
19275	8049	703	52	280	4030631
19257	8021	709	52	280	4030641
19236	7993	715	52	280	4030651
19215	7973	717	52	280	4030661
19195	7956	720	52	280	4030671
19175	7945	720	52	280	4030681
19156	7935	722	52	280	4030691
19140	7935	720	51	281	4030701
19125	7928	696	51	281	4030711
19110	7928	641	51	283	4030721
19095	7928	518	51	283	4030731
19084	7928	68	51	283.5	4030751
35
19065	8872	182	47	283	4031133
19058	8872	413	47.5	283.5	4031173
19070	8872	522	48	284	4031183
19084	8878	557	48	284	4031193
19104	8878	575	48	284	4031203
19129	8878	596	48	284	4031213
19160	8878	614	48	284	4031223
19195	8878	629	48	283	4031233
19230	8870	638	48	283	4031243
19268	8870	636	48	281	4031253
19308	8861	637	48	281	4031263
19354	8861	639	49	280	4031273
19401	8848	647	48	280	4031283
19449	8838	650	48	279	4031293
19494	8824	649	48	278	4031303
19532	8809	649	48	278	4031313
19571	8792	652	48	277	4031323
19605	8773	654	48	276	4031333
19640	8756	656	48	276	4031343
19675	8735	656	47	274	4031353
19707	8714	658	47	273	4031363
19737	8694	664	47	273	4031373
19764	8670	671	47	272	4031383
19790	8644	675	47	272	4031393
19814	8615	675	47	272	4031403
19835	8585	678	47	272	4031413
19853	8554	682	47	272	4031423
19867	8523	682	46	272	4031433
19879	8494	688	46	272	4031443
19890	8466	692	46	272	4031453
19900	8442	694	46	272	4031463
19908	8423	696	46	272	4031473
19908	8407	696	46	272	4031483
19917	8398	697	46	272	4031503
19917	8391	430	46.4	272	4031553
43
19201	7879	22	50	275	4031927
19176	7879	60	50	275	4031937
19164	7879	133	50	275	4031947
19153	7887	224	50	275	4031957
19146	7887	297	50	276	4031977
19146	7894	369	50	277	4031997
19154	7894	436	50	277	4032007
19162	7903	471	50	277	4032017
19173	7903	508	50	277	4032027
19187	7903	529	50	277	4032037
19203	7910	544	50	277	4032047
19227	7910	546	50	277	4032057
19259	7922	555	50	277	4032067
19297	7935	565	50	277	4032077
19345	7952	569	50	276	4032087
19395	7972	575	50	276	4032097
19443	7993	587	50	275	4032107
19489	8013	590	50	275	4032117
19527	8031	598	50	275	4032127
19560	8046	602	50	275	4032137
19587	8059	608	50	274	4032147
19612	8070	614	50	274	4032157
19635	8082	618	50	272	4032167
19660	8094	624	50	272	4032177
19684	8107	621	50	272	4032187
19711	8121	625	50	272	4032197
19741	8137	627	50	272	4032207
19771	8154	622	51	272	4032217
19802	8172	625	51	272	4032227
19830	8190	626	51	272	4032237
19855	8208	622	51	272	4032247
19877	8227	625	51	272	4032257
19894	8244	627	51	272	4032267
19907	8262	629	51	272	4032277
19918	8278	629	51	272	4032287
19925	8296	628	51	272	4032297
19935	8314	627	51	272	4032307
19944	8331	628	51	272	4032317
19953	8349	628	51	272	4032327
19964	8365	625	51	272	4032337
19972	8378	618	51	272	4032347
19972	8388	568	51	272	4032357
19980	8396	165	50.3333	272	4032387
36
19997	8389	89	50	272	4032753
19997	8398	192	50	272	4032763
19997	8404	260	50	272	4032773
19989	8412	331	50	272	4032783
19989	8420	409	50	272	4032793
19978	8428	472	49	272	4032803
19968	8435	515	49	272	4032813
19955	8435	539	49	272	4032823
19939	8442	567	49	272	4032833
19925	8442	592	49	272	4032843
19913	8442	597	49	272	4032853
19905	8432	604	48	272	4032863
19905	8423	611	48	272	4032873
19894	8411	610	48	272	4032883
19894	8394	617	48	272	4032893
19886	8371	628	48	272	4032903
19886	8348	636	49	272	4032913
19886	8325	637	49	273	4032923
19898	8306	646	49	273	4032933
19911	8292	650	49	275	4032943
19932	8283	654	50	275	4032953
19958	8283	653	50	275	4032963
19988	8283	654	50	275	4032973
20019	8301	657	51	275	4032983
20044	8320	658	51	275	4032993
20063	8340	661	51	275	4033003
20074	8364	664	51	275	4033013
20081	8389	680	51	275	4033023
20081	8414	684	51	275	4033033
20081	8438	683	51	275	4033043
20064	8458	681	51	274	4033053
20046	8472	675	50	274	4033063
20027	8480	653	50	272	4033073
20007	8480	630	50	272	4033083
19988	8472	529	49	272	4033093
19971	8456	100	49	272	4033113
25
20072	8348	127	54	267	4036809
20066	8348	260	54	267	4036829
20056	8348	432	54	269	4036849
20045	8355	635	54	270	4036919
20052	8355	705	54	270	4036929
20068	8355	710	54	270	4036939
20098	8355	724	54	270	4036949
20147	8355	732	54	269	4036959
20216	8355	739	54	269	4036969
20306	8355	747	54	267	4036979
20415	8364	753	53	267	4036989
20550	8364	753	53	266	4036999
20699	8377	754	53	266	4037009
20860	8383	752	53	265	4037019
21025	8383	755	53	265	4037029
21180	8383	758	53	263	4037039
21329	8383	758	52	262	4037049
21466	8383	759	52	261	4037059
21595	8383	761	52	260	4037069
21715	8383	757	51	259	4037079
21820	8383	746	51	259	4037089
21907	8395	712	51	257	4037099
21972	8403	683	51	256	4037109
22014	8403	571	51	256	4037119
22035	8411	139	50.5	255	4037139
61
20792	8373	18	54	275	4038347
20792	8364	97	54	275	4038357
20784	8357	210	54	275	4038377
20777	8357	557	54.9091	276.636	4038487
20777	8365	709	55	279	4038497
20777	8378	737	55	277	4038507
20777	8396	740	55	277	4038517
20777	8419	753	55	276	4038527
20777	8450	761	55	276	4038537
20777	8490	759	54	275	4038547
20777	8538	770	54	275	4038557
20767	8595	770	54	275	4038567
20767	8653	773	53	275	4038577
20760	8710	775	53	275	4038587
20760	8761	783	53	275	4038597
20751	8804	783	52	275	4038607
20751	8843	787	52	275	4038617
20744	8878	787	52	275	4038627
20744	8910	795	51	275	4038637
20744	8940	796	51	275	4038647
20734	8968	796	51	274	4038657
20734	8992	796	51	274	4038667
20734	9012	798	51	272	4038677
20734	9026	800	50	272	4038687
20734	9033	801	50	272	4038697
20728	9033	803	50	272	4038707
20728	9041	817	50	272	4038767
20728	9047	847	50	272	4038797
20728	9055	860	50	272	4038817
20728	9065	863	50	272	4038837
20728	9073	866	50	272	4038857
20728	9080	867	50	272	4038877
20728	9090	871	50	272	4038887
20728	9099	870	50	272	4038897
20734	9111	869	50	272	4038907
20734	9128	869	50	272	4038917
20741	9146	871	50	272	4038927
20741	9166	869	50	272	4038937
20741	9187	870	50	272	4038947
20741	9208	869	50	272	4038957
20748	9230	870	50	272	4038967
20748	9253	868	51	272	4038977
20748	9274	869	51	272	4038987
20748	9297	867	51	272	4038997
20748	9318	869	51	272	4039007
20748	9336	870	51	272	4039017
20748	9350	869	50	272	4039027
20748	9358	867	48.8125	272	4039187
20761	9358	870	47	272	4039197
20781	9358	870	47	272	4039207
20811	9358	868	47	272	4039217
20852	9358	866	47	272	4039227
20899	9358	865	47	271	4039237
20955	9358	858	47	271	4039247
21014	9366	852	47	270	4039257
21075	9366	844	47	270	4039267
21128	9366	821	47	270	4039277
21167	9373	773	47	270	4039287
21193	9373	681	47	269	4039297
21204	9373	506	47	269	4039307
21204	9362	26	47	268	4039327
36
20040	10674	44	45	271	4040083
20033	10674	149	45	272	4040103
20033	10680	257	45	272	4040113
20026	10680	351	45	272	4040223
20019	10680	372	45	272	4040233
20010	10680	365	44	272	4040243
20000	10680	375	44	272	4040253
19989	10680	375	44	272	4040263
19978	10680	390	44	272	4040273
19969	10680	406	44	272	4040283
19963	10680	441	44	272	4040303
19954	10680	499	44	272	4040353
19967	10680	522	44	272	4040363
19980	10680	538	44	272	4040373
19997	10680	546	44	272	4040383
20025	10680	561	44	272	4040393
20057	10680	573	44	272	4040403
20101	10680	579	44	272	4040413
20154	10680	587	44	271	4040423
20215	10680	597	44	271	4040433
20282	10687	599	44	270	4040443
20352	10687	601	44	270	4040453
20423	10687	603	44	269	4040463
20493	10687	605	44	269	4040473
20562	10687	604	44	268	4040483
20625	10679	603	44	268	4040493
20681	10679	602	44	267	4040503
20730	10679	603	44	267	4040513
20767	10672	601	44	266	4040523
20797	10672	601	44	266	4040533
20821	10664	601	44	265	4040543
20842	10664	600	44	265	4040553
20861	10655	589	44	264	4040563
20876	10655	555	44	264	4040573
20887	10647	404	44	264	4040583
20887	10640	20	44	264	4040603
73
20882	10642	115	58	311	4041599
20874	10642	193	58	311	4041609
20874	10648	205	58	311	4041629
20867	10648	251	58	311	4041659
20867	10658	427	58	311	4041689
20867	10665	520	58	311	4041729
20867	10655	527	58	311	4041739
20867	10646	529	58	311	4041749
20867	10633	530	58	311	4041759
20867	10617	541	58	311	4041769
20867	10598	548	58	311	4041779
20859	10577	550	58	311	4041789
20859	10555	550	58	311	4041799
20859	10531	552	58	311	4041809
20850	10505	555	58	311	4041819
20850	10478	560	58	311	4041829
20850	10448	566	58	311	4041839
20850	10415	574	58	311	4041849
20850	10378	595	59	312	4041859
20843	10339	597	59	312	4041869
20843	10301	607	59	312	4041879
20843	10262	613	59	312	4041889
20835	10228	617	60	314	4041899
20835	10198	625	60	314	4041909
20835	10169	623	60	314	4041919
20835	10145	626	60	315	4041929
20835	10124	629	60	315	4041939
20835	10107	630	60	315	4041949
20835	10090	640	60	315	4041959
20835	10073	642	61	316	4041969
20835	10057	645	61	316	4041979
20835	10041	645	61	316	4041989
20835	10026	646	61	316	4041999
20835	10012	646	61	318	4042009
20835	9999	648	61	318	4042019
20835	9984	651	61	318	4042029
20835	9969	651	61	318	4042039
20835	9951	652	61	318	4042049
20835	9934	653	61	318	4042059
20835	9920	655	61	318	4042069
20835	9907	656	61	318	4042079
20835	9898	658	61	318	4042089
20835	9889	660	61	318	4042099
20835	9880	662	61	318	4042109
20835	9870	663	62	320	4042119
20829	9858	665	62	320	4042129
20829	9842	667	62	320	4042139
20829	9826	667	62	320	4042149
20829	9810	668	62	320	4042159
20829	9794	670	62	320	4042169
20829	9782	670	62	320	4042179
20829	9771	672	62	320	4042189
20829	9761	675	62	320	4042199
20820	9750	679	62	320	4042209
20820	9740	679	62	320	4042219
20820	9730	680	62	320	4042229
20812	9720	681	62	320	4042239
20812	9711	681	62	320	4042249
20812	9702	682	62	320	4042259
20804	9692	681	62	320	4042269
20804	9683	681	62	320	4042279
20804	9673	681	62	320	4042289
20795	9667	682	62	320	4042309
20795	9656	689	62	320	4042319
20795	9647	693	62	320	4042329
20795	9638	693	62	320	4042339
20795	9629	693	61	321	4042349
20795	9623	696	61	321.5	4042369
20795	9615	704	61	322	4042389
20795	9603	709	61	322	4042399
20795	9596	710	61	322	4042409
20795	9588	709	61	322	4042429
20795	9580	573	61.2	323.4	4042529
30
20767	9546	58	50	268	4043527
20759	9538	314	50	269.714	4043597
20769	9538	473	50	269	4043607
20775	9538	515	50	269	4043617
20784	9538	536	49	268	4043627
20797	9538	567	49	268	4043637
20816	9531	588	49	268	4043647
20836	9531	602	49	268	4043657
20859	9531	629	49	268	4043667
20881	9531	634	49	268	4043677
20903	9531	649	49	268	4043687
20922	9531	655	49	268	4043697
20940	9538	676	49	268	4043707
20956	9538	677	49	268	4043717
20973	9544	682	48	268	4043727
20991	9544	684	48	268	4043737
21010	9544	686	48	268	4043747
21030	9553	693	48	268	4043757
21045	9553	698	48	268	4043767
21060	9553	703	48	268	4043777
21071	9553	705	48	268	4043787
21079	9553	712	48	268	4043797
21088	9553	713	48	268	4043807
21094	9553	714	48	268	4043817
21101	9553	713	47.5	268	4043837
21108	9553	709	47	268	4043857
21119	9546	706	47	267	4043867
21126	9546	693	47	267	4043877
21133	9546	589	47	266	4043897
21139	9538	79	48	266	4043917
43
21135	9647	62	49	272	4045819
21127	9655	186	49	272	4045839
21120	9655	411	49	272	4045909
21131	9655	533	49	272	4045919
21138	9645	550	49	272	4045929
21147	9645	573	48	272	4045939
21159	9634	580	48	272	4045949
21172	9626	587	48	272	4045959
21187	9616	589	48	272	4045969
21203	9605	599	48	272	4045979
21218	9594	612	48	271	4045989
21232	9581	623	48	271	4045999
21245	9566	628	48	270	4046009
21256	9552	627	48	270	4046019
21265	9538	629	48	270	4046029
21272	9522	629	48	270	4046039
21279	9507	637	48	270	4046049
21279	9488	644	48	270	4046059
21287	9469	644	48	270	4046069
21287	9450	653	48	270	4046079
21287	9433	653	48	270	4046089
21287	9414	666	48	270	4046099
21287	9394	665	49	270	4046109
21287	9374	667	49	270	4046119
21287	9353	678	49	270	4046129
21287	9332	679	49	270	4046139
21287	9314	679	50	270	4046149
21280	9297	684	50	270	4046159
21280	9283	683	50	270	4046169
21269	9270	684	51	270	4046179
21269	9258	689	51	270	4046189
21256	9246	692	51	270	4046199
21250	9236	696	52	270	4046209
21240	9223	702	52	270	4046219
21231	9212	712	52	270	4046229
21220	9202	720	53	270	4046239
21209	9193	722	53	270	4046249
21199	9186	725	53	270	4046259
21188	9186	725	53	270	4046269
21177	9176	725	53	270	4046279
21166	9176	726	53	270	4046289
21156	9168	699	53	270	4046319
21150	9168	322	53	270	4046349
34
21190	9688	55	48	271	4046651
21177	9688	329	47.625	270	4046731
21188	9688	537	47	270	4046741
21195	9680	570	47	270	4046751
21204	9680	591	47	270	4046761
21216	9680	606	47	270	4046771
21231	9672	619	47	270	4046781
21249	9672	628	47	270	4046791
21268	9665	636	47	270	4046801
21289	9665	641	47	270	4046811
21311	9658	650	47	270	4046821
21333	9658	653	47	270	4046831
21357	9646	653	47	270	4046841
21379	9638	658	47	269	4046851
21399	9628	658	47	269	4046861
21418	9619	663	47	268	4046871
21435	9609	666	47	268	4046881
21450	9600	665	47	268	4046891
21466	9590	667	47	268	4046901
21483	9580	672	47	268	4046911
21498	9569	674	47	268	4046921
21513	9558	679	47	268	4046931
21530	9545	687	47	268	4046941
21544	9535	687	47	268	4046951
21561	9522	690	47	268	4046961
21576	9510	690	47	268	4046971
21589	9501	695	47	268	4046981
21600	9492	697	47	268	4046991
21609	9483	700	47	268	4047001
21609	9477	697	47	268	4047011
21619	9477	701	47	268	4047021
21619	9466	701	47	268	4047041
21626	9466	700	47	268	4047051
21626	9460	444	47	268	4047091
36
21223	9159	49	52	270	4047447
21212	9159	218	52	270	4047507
21219	9165	412	52	270	4047527
21230	9165	476	52	270	4047537
21240	9165	507	52	270	4047547
21254	9165	533	52	269	4047557
21271	9165	560	52	269	4047567
21293	9172	573	52	267	4047577
21315	9179	585	52	267	4047587
21338	9188	598	52	267	4047597
21360	9197	621	52	267	4047607
21380	9206	624	52	267	4047617
21399	9215	629	52	267	4047627
21414	9223	633	52	267	4047637
21431	9233	638	52	267	4047647
21448	9244	645	53	267	4047657
21465	9256	647	53	267	4047667
21486	9268	649	53	267	4047677
21504	9282	651	53	267	4047687
21522	9294	659	53	267	4047697
21537	9306	659	53	267	4047707
21550	9318	664	53	267	4047717
21562	9330	678	52	267	4047727
21572	9342	682	52	267	4047737
21585	9357	686	52	267	4047747
21597	9370	687	52	267	4047757
21609	9385	686	52	267	4047767
21621	9398	686	52	267	4047777
21631	9407	688	51	268	4047787
21638	9415	690	51	268	4047807
21645	9425	690	50	268	4047817
21645	9433	688	50	268	4047827
21645	9441	683	49	268	4047837
21653	9449	672	49	268	4047847
21653	9457	579	48.5	268	4047867
21653	9464	6	48	268	4047887
24
21681	9465	31	52	260	4052762
21681	9473	143	52	260	4052782
21681	9480	237	52	260	4052802
21675	9487	341	52	260	4052832
21675	9493	498	51.5	260	4052892
21684	9487	579	51	260	4052902
21696	9487	602	51	260	4052912
21715	9487	613	51	260	4052922
21743	9487	626	51	260	4052932
21780	9487	634	51	260	4052942
21829	9487	641	51	260	4052952
21884	9487	643	51	260	4052962
21944	9487	647	51	260	4052972
22006	9479	649	51	260	4052982
22069	9479	652	51	260	4052992
22131	9473	652	50	259	4053002
22194	9473	656	50	259	4053012
22254	9473	655	49	258	4053022
22308	9473	663	49	257	4053032
22359	9473	660	49	257	4053042
22400	9483	654	49	256	4053052
22434	9483	643	49	256	4053062
22457	9494	581	49	256	4053072
22471	9494	254	49	254.333	4053102
19
22475	9589	217	51	255	4053288
22483	9603	279	50	255	4053308
22472	9614	391	50	254	4053318
22463	9614	453	50	254	4053328
22454	9622	485	50	253	4053338
22447	9622	531	50	253	4053368
22447	9607	569	50	253	4053378
22447	9593	613	50	253	4053388
22447	9575	613	50	253	4053398
22447	9552	641	50	253	4053408
22447	9523	650	50	253	4053418
22447	9491	658	50	253	4053428
22447	9453	663	50	253	4053438
22447	9418	665	50	253	4053448
22447	9384	668	50	253	4053458
22447	9358	665	50	253	4053468
22447	9338	662	50	253	4053478
22447	9326	587	50	253	4053508
22447	9344	138	50.5	252.5	4053528
34
22482	9613	32	51	252	4053608
22482	9622	356	51	252	4053618
22470	9628	395	51	252	4053628
22461	9628	494	51	252	4053638
22461	9635	578	50	253	4053648
22455	9635	619	50	252	4053668
22465	9635	639	49	251	4053678
22477	9625	652	48	251	4053688
22498	9615	659	48	251	4053698
22527	9604	658	48	251	4053708
22560	9590	663	48	251	4053718
22599	9576	666	48	251	4053728
22642	9562	661	48	251	4053738
22685	9547	665	48	251	4053748
22725	9533	667	48	251	4053758
22759	9522	669	48	251	4053768
22785	9510	668	48	251	4053778
22804	9501	668	48	251	4053788
22818	9494	667	48	251	4053798
22827	9487	665	48	251	4053818
22827	9477	659	48	251	4053828
22827	9470	657	48	251	4053838
22827	9462	665	48	251	4053848
22804	9447	666	48	251	4053858
22776	9429	666	48	251	4053868
22740	9408	667	48	251	4053878
22696	9388	668	48	251	4053888
22650	9370	668	48	251	4053898
22605	9353	668	49	251	4053908
22566	9338	668	49	251	4053918
22532	9326	664	49	251	4053928
22513	9318	649	49	251	4053938
22501	9318	577	49.5	250.5	4053958
22510	9318	202	50	250	4053978
29
22845	9532	193	49	249	4054132
22845	9551	246	49	249	4054142
22845	9560	345	49	251	4054152
22845	9568	419	49	251	4054162
22837	9575	476	49	251	4054182
22827	9575	522	49	251	4054202
22819	9575	547	49	251	4054212
22819	9564	564	49	251	4054222
22813	9551	574	48	251	4054232
22813	9535	591	48	251	4054242
22813	9516	593	48	251	4054252
22813	9496	597	48	251	4054262
22813	9477	598	48	251	4054272
22827	9460	598	48	251	4054282
22841	9446	603	48	251	4054292
22859	9435	603	48	251	4054302
22878	9435	599	48	251	4054312
22899	9435	602	48	251	4054322
22917	9442	594	48	251	4054332
22931	9456	597	48	251	4054342
22939	9475	601	48	251	4054352
22939	9494	598	48	251	4054362
22939	9513	600	48	251	4054372
22932	9531	596	48	251	4054382
22921	9546	587	48	251	4054392
22909	9557	560	48	251	4054402
22895	9557	518	48	251	4054412
22879	9557	454	48	251	4054422
22862	9557	137	48	251	4054442
97
22015	8413	6	51	268	4057124
22007	8406	50	51	268	4057134
21999	8406	104	51	268	4057154
21992	8406	187	51	268	4057174
21992	8413	413	51	268	4057274
22008	8413	564	51	268	4057284
22020	8413	576	51	268	4057294
22036	8413	585	51	268	4057304
22058	8413	602	51	268	4057314
22080	8413	607	51	268	4057324
22110	8413	613	50	268	4057334
22141	8413	616	50	268	4057344
22173	8413	615	50	266	4057354
22207	8413	618	50	266	4057364
22240	8413	620	50	265	4057374
22268	8413	620	50	265	4057384
22297	8413	621	50	265	4057394
22324	8413	621	50	264	4057404
22351	8413	624	50	264	4057414
22376	8420	625	50	263	4057424
22395	8420	625	50	263	4057434
22412	8420	625	49	263	4057444
22425	8430	624	49	262	4057454
22437	8430	625	49	262	4057464
22446	8442	625	49	261	4057474
22454	8448	626	49	261	4057484
22460	8456	626	49	261	4057494
22468	8464	627	49	261	4057504
22475	8474	632	49	261	4057514
22482	8488	637	49	261	4057524
22490	8503	638	49	261	4057534
22500	8523	642	49	261	4057544
22511	8547	640	48	261	4057554
22519	8574	642	48	261	4057564
22527	8604	639	48	261	4057574
22527	8637	643	48	261	4057584
22536	8671	644	48	261	4057594
22536	8708	644	48	261	4057604
22548	8745	642	48	261	4057614
22557	8784	644	48	261	4057624
22564	8818	649	48	261	4057634
22572	8853	649	48	261	4057644
22572	8884	659	48	261	4057654
22578	8914	663	48	261	4057664
22578	8944	663	48	261	4057674
22578	8973	667	49	261	4057684
22578	9001	672	49	261	4057694
22578	9028	672	49	261	4057704
22585	9049	677	49	261	4057714
22585	9070	679	49	261	4057724
22585	9085	692	49	261	4057734
22585	9096	697	49	261	4057744
22585	9106	697	50	260	4057754
22585	9113	697	50	260	4057774
22585	9122	700	50	260	4057814
22585	9129	701	50	260	4057834
22585	9141	701	50	260	4057844
22595	9149	702	50	260	4057854
22595	9158	704	50	260	4057864
22605	9164	703	50	260	4057874
22605	9171	702	50	260	4057884
22614	9178	702	50	260	4057894
22614	9185	702	50	260	4057904
22621	9193	700	50	260	4057914
22621	9200	700	50	260	4057924
22628	9200	700	50	260	4057934
22628	9210	700	50	260	4057964
22628	9219	700	50	260	4057994
22635	9227	698	50	260	4058064
22645	9227	700	50	260	4058074
22654	9227	700	50	260	4058084
22670	9227	702	49	261	4058094
22692	9227	700	49	261	4058104
22715	9227	701	49	261	4058114
22740	9227	702	49	261	4058124
22765	9218	702	49	261	4058134
22790	9218	701	49	261	4058144
22814	9209	700	50	260	4058154
22837	9209	702	50	260	4058164
22861	9209	701	50	260	4058174
22885	9209	702	50	260	4058184
22911	9209	701	50	260	4058194
22936	9209	702	50	260	4058204
22963	9209	701	50	260	4058214
22988	9209	700	50	260	4058224
23012	9209	700	50	260	4058234
23034	9209	697	50	260	4058244
23055	9209	698	50	260	4058254
23070	9209	697	50	259	4058264
23087	9209	698	50	259	4058274
23103	9201	697	49	258	4058283
23121	9201	689	49	258	4058293
23143	9201	687	49	257	4058303
23164	9193	658	49	257	4058313
23186	9193	576	49	256	4058323
23206	9193	419	49	255	4058333
23224	9201	33	49	254	4058353
19
22937	9504	43	46	264	4058788
22937	9512	122	46	264	4058808
22931	9520	231	45	264	4058828
22931	9526	321	45	264	4058848
22924	9526	373	45	264	4058858
22924	9533	447	44.75	264	4058898
22937	9533	515	44	264	4058908
22950	9533	534	44	264	4058918
22971	9533	550	44	264	4058928
22998	9533	552	44	264	4058938
23031	9533	553	44	264	4058948
23069	9533	555	44	263	4058958
23111	9524	557	44	263	4058968
23155	9524	557	44	262	4058978
23199	9524	558	44	262	4058988
23242	9515	551	45	261	4058998
23280	9515	539	45	261	4059008
23309	9515	516	45	260	4059018
23329	9508	179	44.5	259.5	4059038
14
23196	9157	16	51	260	4060704
23187	9164	41	51	260	4060714
23178	9175	154	51	260	4060734
23178	9183	273	51	260	4060754
23172	9183	349	51	260	4060764
23172	9191	495	50.8889	259.889	4060854
23178	9191	558	50	259	4060864
23192	9191	560	50	258	4060874
23210	9191	561	50	258	4060884
23234	9191	563	50	258	4060894
23259	9191	557	50	258	4060904
23283	9191	532	50	258	4060914
23306	9191	445	50	258	4060924
23325	9199	141	49	258	4060944
52
23346	9620	44	46	266	4062748
23339	9620	86	46	266	4062758
23339	9629	194	46	266	4062778
23330	9637	391	46.6667	264.222	4062868
23330	9626	490	46	264	4062878
23330	9616	509	46	264	4062888
23330	9603	519	46	264	4062898
23330	9589	525	46	264	4062908
23330	9574	527	46	264	4062918
23330	9559	529	46	264	4062928
23330	9543	537	46	264	4062938
23330	9527	556	46	264	4062948
23330	9512	553	46	264	4062958
23330	9499	553	46	264	4062968
23330	9486	552	46	264	4062978
23330	9473	561	46	264	4062988
23330	9459	557	46	264	4062998
23330	9444	558	46	264	4063008
23330	9431	566	46	264	4063018
23330	9417	567	46	264	4063028
23330	9403	583	47	264	4063038
23330	9386	593	47	264	4063048
23324	9367	602	47	264	4063058
23324	9348	604	48	263	4063068
23324	9329	608	48	263	4063078
23324	9313	610	48	263	4063088
23317	9299	612	49	263	4063098
23317	9286	619	49	263	4063108
23317	9275	623	49	263	4063118
23317	9263	625	50	263	4063128
23317	9252	627	50	263	4063138
23317	9238	633	50	263	4063148
23310	9224	643	50	263	4063158
23310	9211	646	51	263	4063168
23310	9197	649	51	263	4063178
23310	9186	648	51	263	4063188
23310	9176	650	51	263	4063198
23310	9164	651	51	263	4063208
23310	9154	654	52	262	4063218
23310	9143	654	52	262	4063228
23310	9132	657	52	262	4063238
23310	9121	657	52	262	4063248
23310	9112	657	51	263	4063258
23310	9100	660	51	263	4063268
23310	9088	660	51	263	4063278
23310	9076	660	51	263	4063288
23317	9065	660	51	263	4063298
23317	9056	661	51	263	4063308
23317	9047	665	51	263	4063318
23317	9040	663	51	263	4063338
23317	9031	601	51	263	4063368
23317	9043	147	51	263	4063388
83
23326	9653	251	45	262.167	4063798
23336	9653	398	45	262	4063808
23345	9653	430	45	262	4063818
23356	9653	443	45	262	4063828
23368	9653	458	45	262	4063838
23381	9653	477	44	262	4063848
23394	9653	488	44	262	4063858
23408	9653	506	44	262	4063868
23424	9653	515	44	262	4063878
23444	9653	517	44	262	4063888
23466	9653	520	44	262	4063898
23492	9653	526	44	262	4063908
23515	9653	530	44	262	4063918
23535	9645	533	44	262	4063928
23550	9645	537	44	262	4063938
23564	9638	541	44	262	4063948
23578	9638	548	44	262	4063958
23593	9628	546	44	262	4063968
23608	9628	546	44	262	4063978
23623	9615	548	44	262	4063988
23639	9608	549	44	262	4063998
23655	9599	553	44	262	4064008
23669	9590	565	44	262	4064018
23684	9580	566	44	262	4064028
23698	9568	568	44	262	4064038
23713	9558	567	44	262	4064048
23728	9547	567	44	262	4064058
23741	9537	568	44	262	4064068
23751	9524	574	44	262	4064078
23760	9509	577	44	262	4064088
23768	9495	577	44	262	4064098
23775	9481	577	44	262	4064108
23781	9466	583	44	262	4064118
23788	9451	593	44	262	4064128
23788	9436	596	44	262	4064138
23799	9418	602	44	262	4064148
23799	9401	603	44	262	4064158
23808	9384	605	45	262	4064168
23808	9367	604	45	262	4064178
23808	9350	611	45	262	4064188
23816	9333	626	46	262	4064198
23816	9316	630	46	262	4064208
23816	9301	632	46	262	4064218
23816	9286	634	47	261	4064228
23807	9276	636	47	261	4064238
23807	9266	638	47	261	4064248
23807	9256	641	48	261	4064258
23801	9256	641	48	261	4064268
23801	9242	644	48	261	4064278
23794	9236	646	49	261	4064288
23794	9227	654	49	261	4064298
23783	9217	671	49	261	4064308
23775	9206	673	50	260	4064318
23767	9195	674	50	260	4064328
23758	9186	678	50	260	4064338
23746	9176	686	50	260	4064348
23732	9164	688	50	260	4064358
23715	9151	690	50	260	4064368
23696	9137	698	50	260	4064378
23676	9124	701	50	260	4064388
23657	9111	703	50	260	4064398
23639	9099	705	50	260	4064408
23622	9088	708	50	260	4064418
23604	9078	709	50	260	4064428
23591	9072	711	50	260	4064438
23579	9065	714	50	260	4064448
23566	9058	716	50	260	4064458
23553	9058	721	50	260	4064468
23536	9047	723	50	260	4064478
23515	9041	727	50	260	4064488
23490	9041	725	50	260	4064498
23463	9029	726	50	260	4064508
23436	9029	726	50	260	4064518
23412	9021	729	50	260	4064528
23390	9021	729	50	260	4064538
23370	9021	732	49	261	4064548
23353	9021	733	49	261	4064558
23340	9021	733	49	261	4064568
23331	9021	726	49	261	4064578
23331	9030	704	49	261	4064588
23325	9030	625	49	261	4064598
23325	9042	481	50	260	4064608
23332	9049	43	50	260	4064628
40
23891	9414	19	47	261	4065028
23891	9421	51	47	261	4065038
23897	9421	174	46.1667	261.833	4065098
23897	9428	340	46	262	4065118
23887	9428	385	46	262	4065138
23878	9428	415	46	262	4065148
23871	9428	444	46	262	4065158
23865	9428	462	46	262	4065168
23856	9428	496	46	262	4065178
23848	9417	546	45	262	4065188
23838	9409	572	45	262	4065198
23827	9398	594	46	262	4065208
23817	9387	598	46	262	4065218
23809	9373	604	46	262	4065228
23809	9361	605	46	262	4065238
23809	9350	605	47	261	4065248
23809	9336	621	47	261	4065258
23809	9323	624	47	261	4065268
23809	9311	625	48	261	4065278
23809	9299	623	48	261	4065288
23819	9291	628	48	261	4065298
23827	9283	629	49	261	4065308
23840	9283	632	49	261	4065318
23856	9275	634	49	261	4065328
23876	9275	636	50	260	4065338
23895	9275	636	50	260	4065348
23912	9283	632	50	260	4065358
23930	9292	632	50	260	4065368
23945	9304	629	50	260	4065378
23958	9321	630	50	260	4065388
23969	9340	629	50	260	4065398
23975	9362	630	50	260	4065408
23975	9387	633	50	260	4065418
23975	9409	646	50	260	4065428
23968	9432	644	49	261	4065438
23955	9449	638	49	261	4065448
23940	9464	625	49	261	4065458
23921	9473	585	48	260	4065468
23899	9473	450	48	260	4065478
23880	9473	39	46.5	259	4065498
18
23979	9366	95	48	259	4066110
23979	9373	328	48	259	4066160
23987	9373	507	48	259	4066170
23996	9373	549	48	259	4066180
24009	9373	580	48	259	4066190
24033	9373	612	48	259	4066200
24071	9373	630	48	259	4066210
24125	9373	652	47	259	4066220
24194	9373	658	47	258	4066230
24271	9373	665	47	258	4066240
24360	9381	669	47	257	4066250
24454	9381	672	47	257	4066260
24547	9381	673	47	256	4066270
24636	9381	675	47	256	4066280
24708	9373	673	47	255	4066290
24759	9373	665	47	255	4066300
24790	9364	615	47	255	4066310
24802	9364	170	47	252.667	4066340
23
25024	9555	64	47	274	4067520
25024	9570	380	47.5	275	4067540
25024	9592	493	48	276	4067550
25024	9598	565	48.6667	276.333	4067580
25036	9598	614	49	275	4067590
25049	9585	634	49	275	4067600
25065	9566	649	49	275	4067610
25081	9538	657	49	275	4067620
25096	9500	666	49	275	4067630
25110	9457	672	49	275	4067640
25125	9410	680	49	273	4067650
25140	9367	690	49	273	4067660
25155	9336	697	49	272	4067670
25166	9318	739	50	272	4067680
25178	9318	771	50	272	4067690
25191	9333	786	50	271	4067700
25208	9366	784	50	271	4067710
25229	9413	783	50	270	4067720
25250	9468	775	49	270	4067730
25271	9523	752	49	270	4067740
25287	9569	727	49	270	4067750
25300	9604	672	49	270	4067760
25306	9623	246	49	270	4067790
24
25147	9242	8	52	271	4068064
25147	9253	67	52	270	4068074
25147	9264	175	52.5	270	4068094
25147	9271	293	53	270	4068144
25147	9278	485	53	270	4068164
25147	9285	578	53	270	4068184
25154	9298	618	53	270	4068194
25154	9307	665	53	270	4068204
25154	9316	679	53	270	4068214
25154	9325	688	53	270	4068224
25160	9333	735	53	270	4068244
25160	9343	768	52.75	270	4068284
25160	9324	768	52	270	4068294
25160	9300	769	52	270	4068304
25169	9266	769	52	270	4068314
25169	9224	770	52	270	4068324
25169	9174	771	52	270	4068334
25162	9121	771	52	270	4068344
25155	9073	772	52	270	4068354
25147	9029	771	52	270	4068364
25147	8998	765	52	270	4068374
25138	8978	755	52	270	4068384
25138	8969	617	52	270	4068404
25138	8983	16	52	270	4068424
