48
23
3712	9552	211	53	304	3765010
3723	9574	276	53	304	3765020
3723	9587	324	54	304	3765030
3723	9598	415	55	303	3765040
3723	9614	461	55	301	3765060
3723	9621	477	55	300.5	3765080
3723	9614	494	54	299	3765090
3716	9604	519	55	297	3765100
3716	9584	549	55	297	3765110
3700	9557	569	55	297	3765120
3687	9520	597	55	297	3765130
3668	9474	606	55	297	3765140
3645	9418	626	55	297	3765150
3616	9356	646	55	297	3765160
3584	9290	652	55	297	3765170
3549	9224	652	56	298	3765180
3516	9167	654	55	300	3765190
3490	9119	651	55	300	3765200
3473	9087	647	55	301	3765210
3473	9067	632	56	302	3765220
3473	9058	586	55.5	303	3765240
3483	9058	473	55	304	3765250
3496	9079	102	56	306	3765270
28
3713	9598	202	55	303	3765418
3713	9625	249	55	303	3765428
3713	9635	328	54	300	3765438
3703	9644	420	54	300	3765448
3703	9651	473	54	300	3765458
3696	9651	506	54	300	3765468
3696	9658	533	54.3333	298.333	3765498
3705	9651	560	55	297	3765508
3711	9639	607	55	297	3765518
3720	9622	615	55	297	3765528
3729	9598	633	55	297	3765538
3740	9567	654	54	297	3765548
3753	9527	663	54	297	3765558
3767	9479	677	55	297	3765568
3781	9424	681	55	297	3765578
3794	9367	690	55	297	3765588
3805	9309	696	55	297	3765598
3814	9253	702	55	297	3765608
3823	9202	705	56	298	3765618
3830	9157	706	56	298	3765628
3830	9120	708	56	298	3765638
3842	9092	709	56	298	3765648
3842	9072	710	56	298	3765658
3842	9058	708	56	298	3765668
3849	9051	677	56	301.333	3765698
3837	9051	545	56	302	3765708
3826	9051	335	56	302	3765718
3813	9061	0	56	302	3765738
11
3674	9227	325	56	302	3765814
3638	9246	398	56	302	3765824
3620	9246	455	56	302	3765834
3604	9246	560	56	302	3765844
3595	9246	615	56	302	3765874
3613	9246	636	56	302	3765884
3642	9246	643	56	302	3765894
3683	9253	641	56	302	3765904
3735	9261	634	55	301	3765914
3789	9270	594	55	301	3765924
3835	9278	222	55	301	3765944
20
3551	7604	151	57	318	3767042
3551	7619	351	56.5	317	3767082
3544	7619	477	57	315	3767092
3544	7605	510	57	315	3767102
3544	7589	542	57	314	3767112
3544	7566	567	57	314	3767122
3538	7536	585	57	314	3767132
3538	7498	591	57	314	3767142
3538	7453	596	57	314	3767152
3538	7406	608	57	314	3767162
3531	7359	618	57	314	3767172
3531	7313	626	57	315	3767182
3531	7271	630	57	316	3767192
3531	7233	633	57	318	3767202
3523	7200	634	57	318	3767212
3523	7179	633	57	318	3767222
3523	7166	616	57	319	3767242
3514	7166	541	57	319	3767252
3514	7177	453	57	319	3767262
3506	7193	139	57.5	319.5	3767282
58
3513	7431	73	56	320	3767382
3513	7448	199	56	320	3767392
3506	7458	247	57	319	3767402
3506	7470	335	57	319	3767412
3506	7483	362	57	318	3767422
3506	7492	388	57	318	3767432
3506	7499	453	57	318	3767452
3506	7508	552	57	318	3767472
3506	7516	615	56	316	3767482
3514	7524	636	56	316	3767492
3524	7534	642	56	316	3767502
3535	7549	644	56	316	3767512
3549	7566	656	56	316	3767522
3564	7584	656	56	316	3767532
3580	7600	658	57	315	3767542
3598	7613	658	57	315	3767552
3615	7624	657	57	314	3767562
3631	7633	651	57	314	3767572
3645	7633	647	57	314	3767582
3657	7633	649	57	314	3767592
3667	7625	647	57	314	3767602
3677	7612	650	57	314	3767612
3688	7593	656	57	312	3767622
3695	7571	655	57	312	3767632
3695	7543	657	57	312	3767642
3695	7508	659	57	312	3767652
3695	7469	659	57	312	3767662
3680	7430	659	57	312	3767672
3666	7395	658	57	312	3767682
3652	7368	662	57	314	3767692
3640	7352	665	57	314	3767702
3630	7345	668	57	314	3767712
3621	7345	672	57	314	3767722
3615	7345	680	57	314	3767742
3608	7345	690	58	315	3767752
3608	7352	692	57.5	315.5	3767772
3616	7363	693	57	316	3767782
3627	7370	691	57	318	3767792
3642	7378	691	57	318	3767802
3660	7378	690	57	318	3767812
3679	7378	690	57	318	3767822
3698	7378	691	57	318	3767832
3716	7365	691	57	318	3767842
3731	7348	693	57	318	3767852
3744	7328	690	57	318	3767862
3752	7304	694	57	318	3767872
3752	7280	696	57	318	3767882
3752	7258	711	57	318	3767892
3752	7237	725	57	319	3767902
3736	7220	741	57	319	3767912
3719	7208	748	57	319	3767922
3697	7198	765	57	319	3767932
3670	7198	768	57	319	3767942
3642	7198	771	57	319	3767952
3615	7198	773	57	319	3767962
3592	7198	764	57	319	3767972
3570	7198	704	57	319	3767982
3549	7198	276	57.5	319.5	3768002
35
3546	5987	84	55	314	3768810
3560	5978	165	55	314	3768820
3568	5969	254	55	314	3768830
3574	5962	311	55	314	3768840
3574	5954	380	55	314	3768850
3582	5954	563	55	314	3768890
3582	5966	668	55	314	3768900
3582	5975	682	55	314	3768910
3582	5983	699	55	314	3768920
3571	5992	709	55	314	3768930
3564	6000	710	55	314	3768940
3553	6000	714	55	314	3768950
3538	6010	716	55	314	3768960
3520	6010	716	55	314	3768970
3498	5999	715	55	315	3768980
3475	5982	717	55	315	3768990
3450	5953	717	55	315	3769000
3422	5916	720	55	315	3769010
3396	5871	722	55	315	3769020
3371	5823	728	55	315	3769030
3349	5773	729	55	316	3769040
3334	5726	733	55	316	3769050
3328	5687	733	54	317	3769060
3334	5653	739	54	317	3769070
3352	5622	740	54	317	3769080
3378	5594	741	54	317	3769090
3413	5566	745	54	317	3769100
3450	5542	742	54	317	3769110
3490	5522	746	54	317	3769120
3526	5505	745	54	317	3769130
3558	5493	742	54	317	3769140
3584	5485	733	54	317	3769150
3601	5478	696	54	317	3769160
3613	5478	568	54	317	3769170
3621	5469	112	54	317	3769190
23
4042	9281	52	54	259	3775955
4020	9287	140	55	258	3775965
4010	9287	217	55	258	3775975
4003	9287	268	55	258	3775985
3996	9287	355	55	258	3776005
3989	9287	448	55	258	3776035
4003	9287	494	55	258	3776045
4024	9279	506	55	258	3776055
4062	9272	523	55	258	3776065
4113	9272	545	55	258	3776075
4182	9261	568	55	258	3776085
4262	9261	585	55	258	3776095
4358	9252	606	55	258	3776105
4470	9252	618	55	258	3776115
4595	9252	634	55	258	3776125
4730	9252	646	55	257	3776135
4868	9252	652	55	257	3776145
5000	9252	659	54	256	3776155
5122	9252	651	54	254	3776165
5228	9252	647	54	254	3776175
5311	9252	606	54	253	3776185
5369	9252	521	54	253	3776195
5404	9239	138	54	252	3776215
19
3953	7330	160	54	265	3776915
3945	7330	261	54	265	3776935
3955	7330	375	54	265	3776945
3976	7330	439	54	265	3776955
4017	7338	493	54	265	3776965
4080	7338	572	55	264	3776975
4171	7338	615	55	264	3776985
4285	7349	641	55	264	3776995
4421	7357	673	55	264	3777005
4568	7363	686	55	263	3777015
4721	7371	693	55	263	3777025
4881	7378	696	55	261	3777035
5038	7378	697	55	260	3777045
5189	7384	695	55	260	3777055
5328	7384	694	54	259	3777065
5445	7377	680	54	259	3777075
5535	7366	637	54	257	3777085
5595	7353	488	54	256	3777095
5627	7337	46	53.5	254	3777115
20
3848	5683	127	52	265	3777707
3820	5698	163	52	265	3777717
3810	5698	207	52	265	3777727
3810	5705	326	52	265	3777747
3822	5705	401	52	265	3777757
3850	5705	447	52	265	3777767
3899	5705	480	52	265	3777777
3971	5705	527	52	265	3777787
4067	5705	564	52	265	3777797
4184	5698	588	52	265	3777807
4320	5698	608	52	265	3777817
4471	5698	625	52	265	3777827
4633	5698	644	52	265	3777837
4805	5698	651	52	264	3777847
4978	5698	658	52	264	3777857
5136	5698	663	52	262	3777867
5275	5698	644	52	261	3777877
5383	5698	622	52	261	3777887
5456	5698	555	52	260	3777897
5498	5698	169	51	259	3777917
3
5409	7474	33	62	338	3783197
5415	7468	35	62	338	3783237
5425	7468	0	62	338	3783257
121
5409	7474	14	62	338	3783495
5437	7462	41	62	338	3783505
5437	7468	70	62	338	3783535
5437	7475	119	62	338	3783555
5437	7482	168	62	338	3783565
5430	7482	237	62	338	3783645
5430	7474	235	62	338	3783775
5430	7483	278	62	338	3783815
5430	7489	305	62	338	3783845
5430	7499	310	62	338	3783855
5430	7507	314	62	338	3783865
5430	7515	316	62	338	3783875
5430	7524	319	62	338	3783885
5430	7531	321	62	338	3783895
5430	7543	324	62	338	3783905
5430	7555	326	62	338	3783915
5430	7570	331	62	338	3783925
5430	7588	333	62	338	3783935
5430	7606	341	62	338	3783945
5430	7625	347	62	338	3783955
5430	7646	357	62	338	3783965
5430	7667	359	62	338	3783975
5424	7690	363	62	338	3783985
5424	7714	361	62	338	3783995
5424	7741	363	62	338	3784005
5424	7770	365	62	338	3784015
5424	7801	366	62	338	3784025
5424	7833	366	62	338	3784035
5424	7863	366	62	338	3784045
5424	7890	365	62	338	3784055
5424	7917	359	62	338	3784065
5424	7943	353	62	338	3784075
5424	7969	358	62	336	3784085
5417	7995	350	62	336	3784095
5417	8022	356	62	336	3784105
5417	8047	355	62	336	3784115
5417	8072	355	62	336	3784125
5417	8097	356	62	336	3784135
5417	8121	358	62	336	3784145
5417	8143	359	62	336	3784155
5417	8165	359	62	336	3784165
5417	8185	357	62	336	3784175
5417	8205	356	62	335	3784185
5417	8227	355	62	335	3784195
5417	8249	358	62	335	3784205
5417	8274	357	62	335	3784215
5417	8297	364	62	335	3784225
5411	8321	364	61	333	3784235
5411	8344	364	61	333	3784245
5411	8368	363	61	333	3784255
5411	8392	363	61	333	3784265
5411	8417	362	61	333	3784275
5402	8443	363	61	331	3784285
5402	8466	366	61	331	3784295
5393	8488	367	61	331	3784305
5393	8506	375	61	331	3784315
5385	8525	376	61	331	3784325
5385	8544	375	60	330	3784335
5385	8564	374	60	330	3784345
5379	8587	373	60	330	3784355
5379	8608	371	60	330	3784365
5379	8629	372	60	330	3784375
5371	8648	376	60	330	3784385
5371	8665	376	60	328	3784395
5371	8681	374	60	328	3784405
5371	8697	377	60	328	3784415
5365	8712	376	60	328	3784425
5365	8728	376	60	328	3784435
5365	8747	380	60	328	3784445
5365	8767	380	60	328	3784455
5365	8787	381	60	328	3784465
5365	8806	373	60	328	3784475
5365	8827	374	60	328	3784485
5365	8848	373	60	328	3784495
5365	8872	375	60	328	3784505
5365	8896	373	60	328	3784515
5365	8920	376	60	328	3784525
5365	8942	377	60	326	3784535
5358	8964	382	60	326	3784545
5358	8983	383	60	326	3784555
5358	9002	382	60	326	3784565
5358	9021	376	60	326	3784575
5358	9040	376	60	326	3784585
5358	9058	376	60	326	3784595
5358	9076	384	60	326	3784605
5358	9090	391	60	326	3784615
5352	9103	393	59	325	3784625
5352	9112	397	59	325	3784635
5352	9121	397	59	325	3784645
5343	9130	397	59	325	3784655
5343	9139	397	59	325	3784665
5343	9148	397	59	325	3784675
5343	9157	397	59	325	3784685
5343	9167	398	59	325	3784695
5343	9177	404	59	323	3784705
5343	9187	407	59	323	3784715
5343	9196	410	59	323	3784725
5343	9205	417	59	323	3784735
5343	9211	425	59	323	3784845
5354	9211	437	58	322	3784855
5354	9205	439	58	322	3784865
5366	9205	440	58	322	3784875
5372	9205	446	58	322	3784885
5380	9205	446	58	322	3784895
5390	9205	447	58	322	3784905
5401	9205	448	58	322	3784915
5415	9205	453	58	322	3784925
5430	9205	456	58	322	3784935
5446	9205	458	58	322	3784945
5466	9205	460	58	322	3784955
5486	9213	460	58	322	3784965
5504	9213	460	58	322	3784975
5521	9226	462	58	322	3784985
5536	9233	464	58	322	3784995
5549	9233	462	59	321	3785005
5561	9243	465	59	321	3785015
5570	9243	465	60	319	3785025
5580	9252	446	60	319	3785035
5590	9252	392	60	319	3785045
5597	9259	276	60	319	3785055
5604	9259	0	60	319	3785075
16
5360	9294	96	57	319	3785411
5352	9287	201	58	320	3785431
5345	9287	316	58	320	3785461
5345	9298	396	58	320	3785471
5355	9304	436	58	320	3785481
5361	9304	460	58	320	3785491
5371	9312	480	58	320	3785501
5385	9312	490	58	320	3785511
5404	9312	504	58	320	3785521
5430	9312	506	58	320	3785531
5461	9312	506	58	320	3785541
5496	9312	504	58	320	3785551
5532	9312	489	58	320	3785561
5565	9312	462	58	320	3785571
5594	9312	418	57	319	3785581
5617	9312	143	58	318	3785601
21
5624	9497	78	57	312	3785915
5616	9497	203	56	311	3785935
5610	9497	330	56	311	3785955
5603	9485	393	56	311	3785965
5603	9471	433	56	311	3785975
5603	9452	476	56	311	3785985
5603	9426	507	56	311	3785995
5603	9394	536	56	311	3786005
5603	9357	566	56	311	3786015
5603	9318	579	57	312	3786025
5610	9278	596	57	312	3786035
5610	9238	615	57	312	3786045
5610	9197	633	57	314	3786055
5617	9159	643	57	314	3786065
5617	9123	645	57	314	3786075
5617	9093	646	58	315	3786085
5617	9069	646	58	315	3786095
5617	9050	647	58	315	3786105
5617	9038	644	58	316	3786115
5617	9031	589	58.5	317	3786135
5617	9040	170	59	318	3786155
41
5589	9471	152	57	312	3786451
5580	9471	234	57	312	3786461
5574	9471	297	56.5	311.5	3786481
5574	9478	352	56	311	3786511
5582	9478	421	56	311	3786521
5591	9484	442	56	311	3786531
5599	9484	446	55	310	3786541
5611	9484	450	55	310	3786551
5626	9484	453	55	310	3786561
5643	9484	457	56	309	3786571
5661	9478	464	56	309	3786581
5680	9470	478	56	307	3786591
5699	9459	497	56	307	3786601
5717	9446	505	56	307	3786611
5736	9431	507	56	307	3786621
5755	9414	518	56	307	3786631
5773	9394	540	56	307	3786641
5789	9372	557	57	308	3786651
5805	9345	575	57	308	3786661
5822	9316	597	57	308	3786671
5837	9286	608	56	310	3786681
5850	9257	616	57	311	3786691
5862	9229	629	57	312	3786701
5869	9203	643	57	312	3786711
5869	9178	646	57	312	3786721
5869	9157	654	57	312	3786731
5869	9133	674	57	314	3786741
5857	9116	687	57	314	3786751
5845	9100	694	57	314	3786761
5828	9084	699	57	314	3786771
5809	9072	708	57	314	3786781
5788	9055	718	58	315	3786791
5766	9038	732	58	315	3786801
5745	9021	737	58	315	3786811
5724	9004	742	58	315	3786821
5703	8987	742	58	315	3786831
5685	8973	743	57	314	3786841
5670	8964	741	58	315	3786851
5660	8964	718	58	315	3786861
5654	8964	596	58	315	3786881
5654	8982	133	58	315	3786901
18
5901	9226	48	57	312	3787453
5901	9233	195	57	312	3787463
5901	9239	324	57	313	3787483
5894	9248	524	57.5714	312.571	3787553
5894	9254	645	58	311	3787563
5906	9254	655	58	311	3787573
5921	9261	660	58	311	3787583
5944	9261	666	58	311	3787593
5978	9268	666	58	311	3787603
6018	9268	667	58	310	3787613
6060	9268	665	58	310	3787623
6104	9268	666	58	310	3787633
6141	9274	665	58	310	3787643
6174	9274	665	58	310	3787653
6203	9283	657	58	310	3787663
6225	9283	627	58	310	3787673
6244	9296	565	58	310	3787683
6257	9296	122	58	310	3787703
2
5491	5766	1	55	325	3790527
5499	5773	4	55	325	3790557
35
5491	5766	2	55	325	3790775
5520	5796	58	55	325	3790795
5520	5803	282	55	325	3790835
5512	5803	458	55	325	3790865
5512	5809	632	54.7143	324.714	3791005
5523	5809	690	54	324	3791015
5533	5809	693	54	324	3791025
5545	5809	693	54	324	3791035
5562	5809	692	54	324	3791045
5580	5809	694	54	324	3791055
5600	5809	693	54	324	3791065
5622	5809	696	54	322	3791075
5645	5809	696	54	322	3791085
5670	5809	696	54	322	3791095
5697	5809	697	54	322	3791105
5726	5809	700	54	322	3791115
5758	5803	702	54	322	3791125
5791	5803	703	54	322	3791135
5843	5803	704	54	322	3791145
5886	5803	707	54	322	3791155
5931	5812	708	54	322	3791165
5978	5822	708	54	322	3791175
6011	5833	707	54	322	3791185
6055	5842	708	53	321	3791195
6095	5850	708	53	321	3791205
6135	5850	708	53	321	3791215
6172	5862	707	53	321	3791225
6207	5862	707	53	321	3791235
6239	5862	705	53	321	3791245
6270	5862	695	53	321	3791255
6299	5862	682	53	321	3791265
6327	5862	638	53	321	3791275
6352	5862	575	53	321	3791285
6374	5855	421	53	321	3791295
6390	5855	0	53.5	320.5	3791315
182
5883	5820	72	55	326	3791687
5883	5813	116	55	326	3791697
5883	5803	185	55	326	3791717
5883	5796	232	55	326	3791737
5883	5786	298	55	326	3791767
5890	5786	364	55	326	3791777
5890	5793	427	55	326	3791787
5890	5808	440	55	326	3791797
5890	5831	464	55	326	3791807
5890	5860	471	55	325	3791817
5890	5893	472	55	325	3791827
5890	5928	479	55	325	3791837
5896	5964	490	55	325	3791847
5896	6003	498	55	325	3791857
5896	6047	507	55	325	3791867
5905	6093	515	55	325	3791877
5905	6145	544	55	325	3791887
5905	6197	544	55	325	3791897
5914	6253	574	55	325	3791907
5914	6307	588	56	324	3791917
5914	6362	596	56	324	3791927
5922	6415	613	56	323	3791937
5922	6465	614	56	323	3791947
5922	6515	614	56	321	3791957
5922	6561	614	56	321	3791967
5922	6606	616	56	321	3791977
5922	6650	614	55	320	3791987
5922	6694	616	55	320	3791997
5922	6738	620	55	320	3792007
5913	6781	618	55	319	3792017
5913	6812	616	55	319	3792027
5904	6853	625	55	319	3792037
5904	6893	621	54	317	3792047
5904	6932	621	54	317	3792057
5896	6984	615	54	317	3792067
5896	7024	615	54	316	3792077
5896	7064	618	54	316	3792087
5889	7105	614	54	316	3792097
5889	7142	618	54	316	3792107
5889	7178	623	54	316	3792117
5889	7213	628	54	316	3792127
5881	7247	629	53	315	3792137
5881	7282	627	53	315	3792147
5881	7319	630	53	315	3792157
5881	7360	636	54	314	3792167
5881	7402	638	54	314	3792177
5881	7448	646	54	313	3792187
5881	7494	667	54	313	3792197
5881	7538	680	54	313	3792207
5871	7581	687	54	313	3792217
5871	7620	695	54	313	3792227
5861	7656	702	54	311	3792237
5861	7690	703	54	311	3792247
5854	7722	708	54	311	3792257
5854	7751	708	54	311	3792267
5854	7778	709	53	310	3792277
5854	7801	715	53	310	3792287
5854	7823	715	53	310	3792297
5854	7845	715	53	310	3792307
5854	7868	714	53	310	3792317
5854	7896	715	53	310	3792327
5854	7929	715	52	309	3792337
5854	7963	724	52	309	3792347
5854	7996	732	52	309	3792357
5854	8028	734	53	308	3792367
5854	8056	733	53	308	3792377
5854	8084	731	53	307	3792387
5854	8112	730	53	307	3792397
5854	8139	730	53	307	3792407
5854	8166	728	53	307	3792417
5854	8193	728	53	307	3792427
5854	8220	727	53	307	3792437
5854	8248	730	53	307	3792447
5854	8274	734	53	307	3792457
5848	8296	739	53	307	3792467
5848	8317	738	54	308	3792477
5848	8338	739	54	308	3792487
5848	8360	738	54	308	3792497
5848	8384	738	54	308	3792507
5848	8410	738	53	307	3792517
5848	8434	735	53	307	3792527
5855	8458	738	53	307	3792537
5855	8481	736	53	307	3792547
5865	8505	738	53	307	3792557
5865	8527	739	53	307	3792567
5865	8548	739	53	307	3792577
5872	8570	738	53	307	3792587
5872	8590	738	53	305	3792597
5872	8608	739	53	305	3792607
5872	8626	738	53	305	3792617
5879	8639	740	53	305	3792627
5879	8651	742	53	305	3792637
5879	8661	741	53	305	3792647
5879	8672	740	52	304	3792657
5879	8685	742	52	304	3792667
5879	8699	742	52	304	3792677
5879	8715	741	52	304	3792687
5879	8729	742	52	304	3792697
5879	8743	742	52	304	3792707
5879	8757	743	52	304	3792717
5879	8768	743	52	304	3792727
5879	8777	743	52	304	3792737
5879	8786	743	52	304	3792747
5879	8794	742	52	304	3792757
5879	8803	740	52	304	3792767
5879	8815	740	52	304	3792777
5886	8826	740	52	304	3792787
5886	8838	741	52	304	3792797
5886	8846	740	52	304	3792807
5886	8854	740	52	304	3792817
5886	8861	738	52	304	3792827
5894	8869	739	52	304	3792837
5894	8878	738	52	304	3792847
5894	8897	732	52	304	3792857
5894	8917	731	52	304	3792867
5894	8934	732	52	304	3792877
5894	8953	735	52	304	3792887
5894	8961	738	52	304	3792897
5894	8968	739	52	304	3792907
5900	8977	738	52	304	3792917
5900	8985	738	52	304	3792927
5900	8994	738	52	304	3792937
5907	9001	740	52	304	3792957
5907	9009	747	52	304	3792977
5907	9017	748	52	303.5	3792997
5907	9029	747	52	303	3793007
5907	9038	746	53	302	3793017
5907	9045	747	52	301	3793027
5907	9053	753	52	301	3793047
5907	9064	757	52	301	3793057
5907	9072	757	52	301	3793067
5913	9081	757	52	301	3793077
5913	9091	757	52	301	3793087
5913	9103	757	52	301	3793097
5913	9114	758	52	301	3793107
5913	9124	758	52	301	3793117
5913	9134	758	52	301	3793127
5920	9142	758	52	301	3793147
5920	9152	756	52	301	3793167
5927	9164	759	52	301	3793177
5927	9172	758	52	301	3793187
5927	9178	758	52	301	3793207
5927	9189	759	52	301	3793227
5927	9195	758	52	301	3793237
5934	9195	754	52	301	3793317
5940	9195	750	52	301	3793337
5949	9195	745	52	301	3793357
5960	9195	746	51	300	3793367
5969	9195	746	51	300	3793377
5980	9195	747	51	300	3793387
5992	9195	745	51	300	3793397
6002	9195	745	51	300	3793407
6012	9195	745	51	300	3793417
6020	9195	746	51	300	3793427
6029	9195	746	51	300	3793437
6041	9195	747	51	300	3793447
6055	9195	745	51	300	3793457
6071	9195	746	51	300	3793467
6087	9195	745	51	300	3793477
6099	9195	746	51	300	3793487
6110	9195	745	51	300	3793497
6120	9195	743	51	300	3793507
6126	9195	744	51	300	3793517
6134	9195	742	51	300	3793537
6145	9195	742	51	300	3793547
6153	9195	743	51	300	3793557
6162	9195	742	51	300	3793567
6172	9195	741	51	300	3793577
6182	9188	741	51	300	3793587
6193	9188	740	51	300	3793597
6203	9188	740	51	300	3793607
6211	9179	740	51	300	3793617
6218	9179	741	51	300	3793627
6225	9179	741	51	300	3793647
6238	9179	740	51	300	3793667
6249	9179	740	51	300	3793677
6255	9179	738	51	300	3793687
6262	9179	735	51	300	3793697
6262	9173	733	51	300	3793707
6274	9173	717	51	300	3793727
6285	9173	636	51	300	3793747
6294	9166	198	51	300	3793767
41
6184	9503	103	49	297	3794225
6184	9512	225	49	297	3794245
6184	9521	334	49	297	3794265
6184	9528	457	48.5	297	3794305
6194	9528	480	48	297	3794315
6201	9528	481	48	297	3794325
6210	9521	481	48	297	3794335
6222	9514	484	48	297	3794345
6236	9506	485	48	297	3794355
6251	9496	495	48	297	3794365
6268	9486	498	48	297	3794375
6285	9476	501	48	297	3794385
6301	9464	502	48	297	3794395
6319	9451	506	48	297	3794405
6336	9434	512	48	297	3794415
6353	9415	522	48	297	3794425
6368	9395	523	48	297	3794435
6381	9373	527	48	297	3794445
6392	9350	538	49	297	3794455
6403	9327	554	49	297	3794465
6413	9300	566	49	297	3794475
6421	9276	568	49	297	3794485
6430	9252	592	49	298	3794495
6437	9228	595	49	298	3794505
6437	9206	606	49	298	3794515
6446	9183	611	49	298	3794525
6446	9159	621	50	299	3794535
6446	9132	628	50	299	3794545
6435	9104	630	50	299	3794555
6435	9076	649	50	299	3794565
6424	9047	656	51	300	3794575
6418	9023	657	51	300	3794585
6418	9001	659	51	300	3794595
6407	8983	661	51	300	3794605
6407	8974	663	51	300	3794615
6397	8967	661	51	300	3794635
6385	8956	659	51	300	3794645
6377	8956	645	51	300	3794655
6368	8946	602	51	300	3794665
6359	8946	506	51	300	3794675
6349	8937	99	51	300	3794695
50
6267	9567	16	48	297	3795147
6251	9567	69	48	297	3795157
6242	9567	139	48	297	3795167
6235	9567	197	48	297	3795177
6235	9573	268	48	297	3795187
6225	9573	341	47.5	296.5	3795207
6225	9581	409	47	296	3795237
6231	9581	443	47	296	3795247
6238	9581	472	47	296	3795257
6245	9581	480	47	296	3795267
6254	9581	495	47	296	3795277
6265	9574	498	47	296	3795287
6276	9574	509	47	296	3795297
6290	9574	515	47	296	3795307
6305	9568	519	47	296	3795317
6322	9568	525	47	296	3795327
6343	9568	544	47	296	3795337
6363	9559	548	47	296	3795347
6385	9559	553	47	296	3795357
6409	9549	557	46	295	3795367
6434	9549	564	47	296	3795377
6461	9537	567	47	296	3795387
6487	9529	568	47	296	3795397
6514	9521	576	47	296	3795407
6540	9511	588	47	295	3795417
6565	9502	594	47	295	3795427
6589	9493	610	48	293	3795437
6613	9485	615	48	293	3795447
6631	9477	614	48	293	3795457
6649	9469	618	48	292	3795467
6665	9461	615	48	292	3795477
6681	9451	615	48	291	3795487
6696	9440	612	48	291	3795497
6712	9426	611	48	291	3795507
6728	9410	612	48	291	3795517
6744	9392	614	49	292	3795527
6759	9373	613	49	291	3795537
6773	9356	613	49	291	3795547
6787	9338	616	49	289	3795557
6801	9321	615	49	289	3795567
6814	9306	613	50	291	3795577
6827	9288	619	50	291	3795587
6840	9271	620	50	293	3795597
6853	9254	643	50	293	3795607
6864	9238	643	51	293	3795617
6874	9224	643	51	293	3795627
6884	9213	644	51	293	3795637
6884	9207	642	51	293	3795647
6892	9207	633	51	293	3795657
6892	9199	353	51	294	3795707
46
6345	8921	77	51	297	3796091
6360	8921	209	51	297	3796121
6368	8909	362	51	297	3796141
6379	8909	416	51	297	3796151
6389	8909	437	51	297	3796161
6403	8909	461	51	297	3796171
6418	8909	484	51	297	3796181
6435	8909	490	51	297	3796191
6456	8918	506	51	297	3796201
6476	8918	514	51	297	3796211
6497	8927	521	51	297	3796221
6518	8927	525	51	297	3796231
6537	8937	530	51	297	3796241
6557	8937	537	51	297	3796251
6577	8949	543	51	295	3796261
6599	8957	546	51	295	3796271
6620	8966	549	51	293	3796281
6640	8974	548	51	293	3796291
6663	8983	552	51	293	3796301
6683	8990	557	51	293	3796311
6701	8998	561	51	292	3796321
6718	9005	566	51	292	3796331
6728	9005	567	51	291	3796341
6741	9018	569	51	291	3796351
6754	9026	573	51	291	3796361
6767	9035	573	51	291	3796371
6780	9043	573	51	291	3796381
6794	9051	572	52	292	3796391
6806	9058	570	52	292	3796401
6818	9065	573	52	292	3796411
6830	9073	572	52	292	3796421
6840	9083	571	52	292	3796431
6851	9094	570	52	292	3796441
6859	9104	570	52	292	3796451
6868	9115	572	52	292	3796461
6876	9126	573	52	292	3796471
6884	9134	572	52	292	3796481
6890	9143	573	52	292	3796491
6897	9150	573	52	292	3796501
6897	9157	572	52	292	3796511
6906	9164	572	52	293	3796521
6906	9172	573	52	293	3796531
6906	9179	568	51	294	3796541
6913	9187	544	51	294	3796561
6913	9196	403	51	294	3796581
6913	9206	13	51	294	3796601
27
6941	9208	9	51	294	3797411
6930	9201	51	51	294	3797421
6923	9201	128	51	294	3797441
6914	9193	365	51	294	3797571
6920	9193	481	51	294	3797581
6930	9193	496	51	294	3797591
6945	9193	512	51	294	3797601
6966	9203	530	51	294	3797611
6991	9203	539	51	294	3797621
7020	9214	550	51	294	3797631
7052	9222	557	51	294	3797641
7086	9230	565	51	294	3797651
7121	9238	572	51	294	3797661
7155	9245	576	51	294	3797671
7185	9245	576	51	294	3797681
7215	9253	581	51	294	3797691
7240	9253	581	51	294	3797701
7264	9253	587	51	293	3797711
7289	9253	590	51	293	3797721
7313	9253	591	51	293	3797731
7338	9253	593	51	293	3797741
7360	9253	593	51	293	3797751
7380	9253	597	51	293	3797761
7401	9253	597	51	293	3797771
7418	9253	591	51	293	3797781
7434	9253	572	51	293	3797791
7444	9253	260	51	293	3797821
149
6942	9204	27	52	295	3809544
6942	9211	95	52	295	3809574
6948	9211	184	52	295	3809604
6955	9211	312	52	295	3809634
6961	9211	429	52	295	3809664
6968	9211	523	52	295	3809734
6968	9218	568	52	295	3809754
6968	9224	572	52	295	3809764
6975	9224	575	52	295	3809774
6975	9232	579	52	295	3809794
6975	9238	585	52	295	3809814
6966	9238	587	52	295	3809834
6957	9238	589	52	295	3809844
6950	9238	590	52	295	3809864
6940	9238	591	52	295	3809874
6940	9229	592	52	295	3809884
6930	9229	594	52	295	3809894
6921	9219	596	52	295	3809904
6913	9208	598	52	295	3809914
6903	9196	600	52	295	3809924
6896	9184	599	52	295	3809934
6896	9173	600	52	295	3809944
6889	9163	598	52	295	3809954
6889	9155	599	52	295	3809964
6889	9145	601	52	295	3809974
6889	9134	610	52	295	3809984
6900	9124	607	52	295	3809994
6906	9116	611	52	295	3810004
6915	9108	613	52	295	3810014
6929	9108	617	52	295	3810024
6945	9099	621	52	295	3810034
6963	9099	625	52	295	3810044
6984	9099	631	52	295	3810054
7004	9099	632	53	296	3810064
7022	9106	643	53	296	3810074
7040	9115	643	53	296	3810084
7055	9126	640	53	296	3810094
7070	9140	638	53	296	3810104
7082	9156	639	53	296	3810114
7092	9175	641	53	296	3810124
7092	9192	638	52	295	3810134
7092	9206	640	52	295	3810144
7092	9219	636	52	295	3810154
7092	9228	636	52	295	3810164
7078	9237	640	52	295	3810174
7065	9237	642	52	295	3810184
7051	9247	638	52	295	3810194
7037	9247	637	52	295	3810204
7021	9247	638	52	295	3810214
7006	9253	639	52	295	3810224
6992	9253	641	52	295	3810234
6977	9253	642	52	295	3810244
6963	9253	643	52	295	3810254
6947	9245	643	52	295	3810264
6933	9238	642	52	295	3810274
6921	9229	643	52	295	3810284
6909	9218	643	52	295	3810294
6900	9205	643	53	296	3810304
6894	9192	642	53	296	3810314
6894	9177	641	53	296	3810324
6894	9164	639	53	296	3810334
6894	9152	640	53	296	3810344
6894	9140	641	53	296	3810354
6894	9130	640	53	296	3810364
6900	9119	637	53	296	3810374
6900	9110	638	53	296	3810384
6914	9103	637	53	296	3810394
6923	9103	639	53	296	3810404
6936	9094	640	53	296	3810414
6950	9094	644	53	296	3810424
6965	9094	643	53	296	3810434
6981	9094	645	53	296	3810444
6998	9103	649	53	296	3810454
7014	9103	645	53	296	3810464
7028	9114	644	53	296	3810474
7038	9120	644	53	296	3810484
7049	9128	645	53	296	3810494
7056	9139	643	53	296	3810504
7064	9150	643	53	296	3810514
7064	9162	645	53	296	3810524
7070	9173	642	52	295	3810534
7070	9183	642	52	295	3810544
7070	9193	640	52	295	3810553
7070	9205	639	52	295	3810563
7070	9216	638	52	295	3810573
7070	9227	636	52	295	3810583
7061	9237	636	52	295	3810593
7052	9245	637	52	295	3810603
7041	9245	636	52	295	3810613
7030	9253	636	52	295	3810623
7017	9253	632	52	295	3810633
7005	9253	628	52	295	3810643
6993	9253	627	52	295	3810653
6980	9253	626	52	295	3810663
6967	9241	625	52	295	3810673
6953	9235	624	52	295	3810683
6940	9226	625	52	295	3810693
6928	9217	622	52	295	3810703
6916	9206	624	52	295	3810713
6908	9193	622	52	295	3810723
6908	9180	624	52	295	3810733
6900	9169	622	52	295	3810743
6900	9159	621	52	295	3810753
6900	9150	620	52	295	3810763
6910	9142	618	52	295	3810773
6910	9134	613	52	295	3810783
6922	9125	611	52	295	3810793
6930	9117	606	52	295	3810803
6940	9109	601	52	295	3810813
6952	9103	596	52	295	3810823
6966	9103	590	52	295	3810833
6982	9103	587	52	295	3810843
6999	9103	580	52	295	3810853
7016	9103	578	52	295	3810863
7034	9112	579	52	295	3810873
7050	9112	578	52	295	3810883
7066	9119	579	52	295	3810893
7080	9119	580	52	295	3810903
7091	9129	579	52	295	3810913
7099	9135	580	52	295	3810923
7099	9143	576	52	295	3810933
7109	9152	577	52	295	3810943
7109	9163	574	52	295	3810953
7109	9175	573	52	295	3810963
7109	9187	569	52	295	3810973
7109	9199	568	52	295	3810983
7098	9211	567	52	295	3810993
7089	9224	565	52	295	3811003
7079	9236	566	52	295	3811013
7067	9246	565	52	295	3811023
7054	9253	566	52	295	3811033
7041	9253	566	52	295	3811043
7029	9253	564	52	295	3811053
7017	9253	564	52	295	3811063
7005	9253	558	52	295	3811073
6995	9253	558	52	295	3811083
6984	9247	558	52	295	3811093
6975	9238	558	52	295	3811103
6966	9229	558	52	295	3811113
6959	9219	558	52	295	3811123
6959	9208	558	52	295	3811133
6947	9196	558	52	295	3811143
6947	9184	557	52	295	3811153
6940	9171	555	52	295	3811163
6940	9159	553	52	295	3811173
6940	9149	548	52	295	3811183
6940	9141	539	52	295	3811193
6947	9133	460	52	295	3811213
6961	9123	61	52	295	3811233
159
4811	9288	14	57	318	3822004
4819	9295	42	57	318	3822014
4819	9303	73	57	318	3822034
4809	9312	163	57	318	3822104
4809	9304	294	57	318	3822124
4809	9294	315	57	318	3822144
4809	9283	347	57	318	3822154
4809	9274	355	57	318	3822164
4809	9262	367	57	318	3822174
4809	9248	373	57	318	3822184
4809	9230	377	57	318	3822194
4809	9209	392	57	318	3822204
4809	9191	407	57	318	3822214
4809	9172	415	57	318	3822224
4809	9152	424	57	318	3822234
4809	9133	443	57	318	3822244
4809	9109	454	57	318	3822254
4809	9081	461	57	318	3822264
4809	9050	472	57	318	3822274
4809	9017	478	57	318	3822284
4815	8984	480	57	318	3822294
4815	8949	486	57	318	3822304
4815	8913	494	57	318	3822314
4815	8877	495	57	318	3822324
4815	8841	496	57	318	3822334
4815	8808	497	57	318	3822344
4815	8776	500	57	318	3822354
4815	8747	505	57	318	3822364
4815	8719	501	57	318	3822374
4815	8691	504	57	318	3822384
4815	8662	502	57	318	3822394
4815	8631	504	57	318	3822404
4815	8598	504	57	318	3822414
4823	8564	505	56	319	3822424
4823	8531	506	56	319	3822434
4823	8496	506	56	321	3822444
4830	8461	510	56	321	3822454
4830	8425	510	56	321	3822464
4830	8388	513	56	321	3822474
4838	8353	515	56	321	3822484
4838	8316	519	56	321	3822494
4838	8282	522	56	323	3822504
4846	8250	531	56	323	3822514
4846	8218	536	56	323	3822524
4854	8186	539	56	323	3822534
4854	8154	540	57	324	3822544
4854	8118	542	57	324	3822554
4854	8083	545	57	324	3822564
4862	8050	548	57	326	3822574
4862	8015	548	57	326	3822584
4862	7980	549	57	326	3822594
4862	7946	549	57	326	3822604
4862	7909	550	58	327	3822614
4862	7871	556	58	327	3822624
4862	7831	560	58	327	3822634
4855	7790	568	58	327	3822644
4855	7753	576	58	327	3822654
4855	7723	594	58	327	3822664
4848	7695	598	58	327	3822674
4848	7677	599	58	327	3822684
4848	7661	601	58	327	3822694
4848	7647	604	58	327	3822704
4848	7633	605	58	327	3822714
4848	7613	607	58	327	3822724
4848	7591	612	58	327	3822734
4848	7566	618	58	327	3822744
4848	7541	620	58	327	3822754
4848	7518	627	58	327	3822764
4848	7492	634	58	327	3822774
4848	7465	640	58	327	3822784
4841	7436	643	58	329	3822794
4841	7404	643	58	329	3822804
4834	7376	645	58	329	3822814
4834	7345	644	58	329	3822824
4825	7315	646	58	329	3822834
4825	7286	649	58	330	3822844
4815	7258	648	58	330	3822854
4815	7232	650	58	330	3822864
4806	7208	649	58	330	3822874
4806	7183	652	58	330	3822884
4806	7159	654	59	332	3822894
4806	7134	657	59	332	3822904
4806	7111	656	59	332	3822914
4806	7094	657	59	332	3822924
4806	7076	657	59	333	3822934
4806	7058	659	59	333	3822944
4806	7033	660	59	333	3822954
4806	7000	661	58	334	3822964
4806	6967	665	58	334	3822974
4800	6933	667	58	337	3822984
4800	6902	671	58	337	3822994
4800	6873	672	58	337	3823004
4800	6848	673	58	337	3823014
4800	6822	672	58	337	3823024
4800	6797	671	58	337	3823034
4800	6774	672	58	337	3823044
4800	6751	675	58	337	3823054
4800	6730	675	58	337	3823064
4800	6709	675	58	337	3823074
4800	6690	673	58	338	3823084
4800	6670	672	58	338	3823094
4800	6651	673	58	338	3823104
4800	6629	673	58	338	3823114
4800	6608	673	58	338	3823124
4800	6587	673	58	338	3823134
4807	6565	673	58	338	3823144
4807	6542	675	58	338	3823154
4807	6515	673	58	338	3823164
4807	6487	673	58	338	3823174
4814	6459	674	58	338	3823184
4814	6437	674	58	338	3823194
4814	6422	673	58	340	3823204
4814	6414	673	58	340	3823224
4814	6406	675	58	340	3823234
4814	6397	672	58	340	3823244
4806	6385	672	58	340	3823254
4806	6370	674	58	340	3823264
4806	6352	672	59	341	3823274
4806	6334	672	59	341	3823284
4806	6316	675	59	341	3823294
4806	6302	677	59	341	3823304
4806	6293	677	59	342	3823324
4800	6293	677	59	343	3823354
4800	6283	677	59	343	3823364
4800	6276	677	59	343	3823374
4800	6264	680	59	343	3823384
4800	6251	680	59	345	3823394
4800	6235	680	59	345	3823404
4800	6220	681	59	345	3823414
4800	6207	681	59	345	3823424
4800	6194	682	59	345	3823434
4800	6183	683	59	345	3823444
4800	6173	681	59	345	3823454
4800	6164	680	59	345	3823464
4800	6158	680	59	346	3823484
4800	6148	681	59	346	3823494
4800	6142	681	59	346	3823504
4800	6135	684	59	346	3823514
4791	6124	683	59	346	3823524
4791	6115	683	59	346	3823534
4791	6106	683	59	346	3823554
4791	6098	683	59	347	3823594
4791	6091	683	59	348	3823614
4791	6084	683	59	348	3823624
4791	6077	686	59	348	3823634
4791	6070	687	59	348	3823644
4791	6062	687	59	348	3823654
4785	6062	688	59	348	3823664
4785	6055	689	59	348	3823734
4785	6048	695	59.2	348.4	3823834
4785	6042	710	60	350	3823884
4785	6035	735	60	350	3823934
4778	6035	779	60	350	3824044
4778	6028	787	60	350	3824144
4778	6018	787	60	350	3824164
4778	6010	788	59.6667	350	3824194
4778	6003	788	58.5	350	3824214
4771	6003	758	58	350	3824374
4778	6017	7	58	350	3824394
107
4727	5906	10	49	271	3825436
4727	5926	25	49	270	3825456
4734	5926	33	49	270	3825466
4734	5935	50	49	270	3825496
4734	5942	106	49	270	3825526
4734	5950	213	49	270	3825556
4726	5958	314	49	270	3825586
4726	5965	458	49	270	3825646
4733	5965	585	49	270	3825666
4746	5965	634	49	270	3825676
4755	5958	657	49	270	3825686
4765	5958	675	49	270	3825696
4779	5958	689	48	270	3825706
4794	5958	703	48	270	3825716
4813	5958	710	48	270	3825726
4838	5958	720	48	270	3825736
4865	5958	726	48	270	3825746
4894	5958	729	48	270	3825756
4927	5958	730	48	270	3825766
4960	5958	736	48	270	3825776
4993	5958	736	48	270	3825786
5026	5958	735	47	270	3825796
5058	5958	735	47	270	3825806
5087	5958	736	47	270	3825816
5115	5958	738	47	270	3825826
5143	5958	740	47	270	3825836
5169	5958	741	47	270	3825846
5191	5958	742	47	270	3825856
5217	5958	747	47	270	3825866
5239	5958	753	47	270	3825876
5261	5958	752	47	270	3825886
5281	5952	752	47	270	3825896
5296	5952	752	47	270	3825906
5309	5952	755	47	270	3825916
5320	5945	757	47	270	3825926
5333	5945	765	47	270	3825936
5350	5938	773	47	270	3825946
5366	5938	774	47	270	3825956
5380	5938	774	47	270	3825966
5395	5932	778	47	270	3825976
5408	5932	780	47	270	3825986
5423	5932	785	47	270	3825996
5440	5932	789	47	269	3826006
5459	5932	791	47	269	3826016
5479	5924	794	47	268	3826026
5500	5924	795	47	268	3826036
5522	5924	796	47	268	3826046
5543	5924	794	47	268	3826056
5564	5924	795	47	268	3826066
5585	5924	795	47	267	3826076
5608	5924	798	47	267	3826086
5626	5917	799	47	266	3826096
5643	5917	797	47	266	3826106
5658	5917	797	47	266	3826116
5674	5917	796	47	265	3826126
5692	5917	797	46	265	3826136
5711	5917	796	46	264	3826146
5729	5917	797	46	264	3826156
5746	5917	796	46	263	3826166
5762	5917	796	46	263	3826176
5777	5917	796	46	262	3826186
5793	5917	798	46	262	3826196
5807	5917	798	46	262	3826206
5822	5917	799	46	262	3826216
5841	5917	796	46	262	3826226
5859	5917	796	46	262	3826236
5876	5917	797	46	262	3826246
5895	5917	794	46	262	3826256
5910	5926	792	46	262	3826266
5929	5926	792	46	262	3826276
5948	5934	793	46	262	3826286
5967	5934	792	46	262	3826296
5984	5940	791	46	262	3826306
5998	5940	790	46	262	3826316
6012	5940	788	46	262	3826326
6026	5940	787	46	262	3826336
6041	5940	787	46	262	3826346
6056	5940	786	46	262	3826356
6069	5940	786	46	262	3826366
6083	5940	787	46	262	3826376
6096	5940	787	46	262	3826386
6110	5940	788	46	262	3826396
6124	5940	786	46	262	3826406
6136	5940	787	46	262	3826416
6150	5940	785	46	262	3826426
6162	5947	785	46	262	3826436
6176	5947	779	46	262	3826446
6190	5947	779	46	262	3826456
6202	5947	779	46	262	3826466
6214	5947	777	46	262	3826476
6225	5947	777	46	262	3826486
6235	5947	777	46	262	3826496
6245	5947	777	46	263	3826506
6255	5947	777	46	263	3826516
6265	5947	777	46	264	3826526
6275	5947	776	46	264	3826536
6284	5947	775	46	264	3826546
6293	5947	775	46	264	3826556
6303	5947	776	46	264	3826566
6315	5947	777	46	264	3826576
6328	5947	777	46	264	3826586
6342	5947	776	46	264	3826596
6353	5947	776	46	264	3826606
6362	5939	777	46	264	3826616
6369	5939	778	46	264	3826636
6376	5939	779	46	264	3826666
6383	5939	613	46.2857	264	3826736
21
6357	5880	3	50	263	3827224
6363	5880	39	50	263	3827244
6370	5880	65	50	263	3827254
6370	5888	74	50	263	3827274
6377	5888	75	50	263	3827284
6377	5895	78	50	263	3827294
6385	5895	109	50	263	3827304
6385	5905	194	50	263	3827334
6385	5911	268	50	263	3827354
6375	5911	302	50	263	3827374
6364	5911	345	50	263	3827394
6357	5911	443	50	263	3827434
6357	5918	561	50	263	3827474
6365	5918	594	50	263	3827484
6373	5918	598	50	263	3827494
6384	5918	596	50	263	3827504
6398	5918	594	50	263	3827514
6414	5918	575	50	263	3827524
6429	5918	539	50	263	3827534
6443	5918	444	50	263	3827544
6453	5910	141	50	262	3827564
47
6477	6021	16	50	260	3827908
6477	6036	69	50	260	3827918
6477	6043	156	50	260	3827928
6477	6051	261	50	260	3827938
6477	6058	328	50	260	3827948
6469	6058	392	50	260	3827958
6469	6065	468	50	260	3827978
6462	6065	554	50	260	3828008
6462	6054	592	50	260	3828018
6462	6047	620	50	260	3828028
6462	6041	629	50	260	3828038
6462	6034	644	50	260	3828058
6462	6023	672	50	260	3828068
6462	6015	690	50	260	3828078
6462	6005	703	50	260	3828088
6462	5990	709	50	260	3828098
6462	5976	716	50	260	3828108
6462	5957	735	50	260	3828118
6462	5939	746	50	260	3828128
6462	5923	747	50	260	3828138
6462	5906	761	50	260	3828148
6462	5890	765	50	260	3828158
6462	5875	775	50	260	3828168
6462	5859	778	50	262	3828178
6462	5844	779	50	262	3828188
6462	5830	786	50	263	3828198
6462	5816	788	50	263	3828208
6462	5804	788	50	263	3828218
6462	5795	787	50	263	3828228
6462	5785	787	50	263	3828238
6462	5775	787	50	263	3828248
6454	5764	790	50	263	3828258
6454	5752	789	50	263	3828268
6454	5738	793	50	263	3828278
6454	5724	799	50	263	3828288
6447	5710	799	50	263	3828298
6447	5697	800	50	263	3828308
6447	5684	800	50	263	3828318
6439	5671	801	50	263	3828328
6439	5657	804	50	263	3828338
6439	5642	803	50	263	3828348
6439	5627	803	50	263	3828358
6439	5616	802	50	263	3828368
6439	5609	803	50.75	263	3828408
6439	5603	761	51	263	3828488
6439	5609	495	51	263	3828498
6439	5627	42	51	263	3828518
61
6505	6082	74	50	260	3828780
6494	6082	117	50	260	3828790
6494	6075	202	50	260	3828800
6486	6075	348	50	259.5	3828840
6493	6075	444	49	258	3828860
6499	6075	483	49	258	3828880
6511	6075	496	49	258	3828890
6521	6075	504	49	258	3828900
6534	6075	521	49	258	3828910
6549	6075	538	49	258	3828920
6565	6069	555	49	258	3828930
6583	6069	556	49	258	3828940
6600	6062	563	49	257	3828950
6616	6062	568	49	257	3828960
6633	6055	582	49	256	3828970
6649	6048	592	49	256	3828980
6664	6040	605	49	256	3828990
6677	6029	612	49	256	3829000
6688	6018	617	49	256	3829010
6696	6006	636	49	255	3829020
6705	5993	649	49	255	3829030
6712	5980	652	49	253	3829040
6719	5967	655	49	253	3829050
6725	5953	658	49	253	3829060
6725	5941	667	49	253	3829070
6735	5926	681	49	253	3829080
6735	5910	688	49	253	3829090
6744	5895	690	49	253	3829100
6744	5880	689	49	253	3829110
6744	5864	709	49	253	3829120
6744	5847	716	49	253	3829130
6744	5829	726	49	253	3829140
6744	5813	728	49	253	3829150
6744	5800	734	49	253	3829160
6744	5789	742	48	254	3829170
6744	5780	748	48	254	3829180
6735	5770	761	48	254	3829190
6728	5758	771	48	254	3829200
6720	5747	772	48	254	3829210
6712	5737	772	48	254	3829220
6703	5728	775	48	254	3829230
6695	5720	776	48	254	3829240
6685	5710	779	48	254	3829250
6674	5699	783	48	254	3829260
6661	5688	779	48	254	3829270
6645	5675	780	48	255	3829280
6630	5665	779	48	255	3829290
6611	5655	781	49	256	3829300
6593	5648	784	49	256	3829310
6575	5641	784	49	256	3829320
6559	5635	786	49	256	3829330
6542	5635	785	49	256	3829340
6525	5625	785	49	256	3829350
6509	5625	786	49	256	3829360
6493	5625	784	49	256	3829370
6480	5619	784	49	256	3829380
6465	5619	766	49	256	3829390
6453	5619	754	49	257	3829400
6443	5628	729	49	257	3829410
6434	5628	651	49	258	3829430
6424	5628	212	49	258	3829450
41
6780	5879	87	50	255	3829832
6788	5889	271	50	255	3829852
6788	5897	460	50	255	3829922
6780	5897	574	50	255	3829942
6773	5897	606	50	255	3829952
6764	5889	620	50	255	3829962
6755	5878	630	50	255	3829972
6747	5867	641	50	255	3829982
6747	5855	673	49	256	3829992
6747	5844	682	49	256	3830002
6747	5833	697	49	256	3830012
6747	5819	708	49	256	3830022
6747	5810	706	49	256	3830032
6747	5803	708	49	255	3830042
6754	5796	710	49	255	3830052
6764	5796	715	49	255	3830062
6778	5788	732	49	255	3830072
6793	5788	738	49	256	3830082
6811	5788	743	49	256	3830092
6831	5781	747	49	256	3830102
6849	5781	750	49	256	3830112
6867	5788	750	49	256	3830122
6881	5788	753	49	256	3830132
6892	5797	754	49	256	3830142
6902	5804	757	49	256	3830152
6912	5814	757	48	256	3830162
6918	5823	763	48	256	3830172
6918	5833	772	49	256	3830182
6918	5841	769	49	256	3830192
6918	5848	769	49	256	3830202
6918	5856	765	49	256	3830212
6908	5863	756	49	256	3830222
6897	5872	757	49	256	3830232
6883	5880	754	49	256	3830242
6868	5888	738	49	256	3830252
6850	5896	731	49	256	3830262
6834	5905	726	49	256	3830272
6818	5913	718	49	256	3830282
6803	5921	718	49	256	3830292
6793	5927	716	49	256	3830312
6784	5927	405	49	256	3830352
16
6965	5846	48	50	255	3830942
6958	5846	219	50	255	3831032
6958	5852	486	50	255	3831222
6970	5852	579	50	255	3831232
6980	5852	591	50	255	3831242
6997	5852	599	49	256	3831252
7019	5852	608	49	256	3831262
7044	5852	606	49	256	3831272
7071	5852	614	49	256	3831282
7099	5852	613	49	256	3831292
7128	5846	614	49	256	3831302
7155	5846	615	49	256	3831312
7183	5846	615	49	256	3831322
7207	5846	613	49	256	3831332
7225	5846	612	49	256	3831342
7237	5846	374	49.2	255.8	3831392
18
7218	5910	3	57	324	3833812
7211	5903	166	57	324	3833882
7211	5910	362	57	324	3833892
7204	5910	407	57	324	3833902
7204	5922	502	57	324	3833942
7204	5928	561	56.75	324.25	3833982
7214	5928	577	56	325	3833992
7220	5928	588	55	326	3834002
7231	5928	598	55	326	3834012
7246	5928	597	55	326	3834022
7264	5921	598	55	326	3834032
7285	5921	599	56	325	3834042
7306	5921	602	56	325	3834052
7326	5921	595	57	324	3834062
7344	5921	581	57	324	3834072
7361	5928	542	56	323	3834082
7374	5928	443	56	323	3834092
7383	5936	94	56.5	323.5	3834112
64
7571	9216	35	54	322	3834897
7564	9216	61	54	322	3834927
7564	9227	76	54	322	3834937
7564	9237	105	54	322	3834947
7564	9246	232	55	321	3834957
7564	9254	361	55	320.5	3834977
7564	9262	437	55	320	3834987
7558	9262	478	55	320	3835016
7558	9253	516	55	320	3835026
7558	9247	533	55	320	3835036
7558	9238	556	55	320	3835046
7558	9221	581	55	320	3835056
7558	9197	595	55	320	3835066
7550	9167	602	55	320	3835076
7550	9132	614	55	320	3835086
7550	9087	627	55	320	3835096
7544	9048	629	55	320	3835106
7544	9008	636	55	320	3835116
7544	8967	636	55	320	3835126
7544	8930	644	55	320	3835136
7544	8880	653	55	320	3835146
7544	8831	663	55	320	3835156
7544	8782	668	55	320	3835166
7544	8733	673	55	320	3835176
7536	8688	675	55	320	3835186
7536	8647	671	55	320	3835196
7536	8604	672	55	320	3835206
7529	8562	672	55	321	3835216
7529	8520	679	55	321	3835226
7521	8475	678	54	322	3835236
7521	8429	682	54	322	3835246
7514	8380	683	54	322	3835256
7514	8332	682	54	324	3835266
7506	8288	683	54	324	3835276
7506	8248	686	54	324	3835286
7506	8216	686	54	324	3835296
7506	8184	688	55	325	3835306
7499	8152	696	55	325	3835316
7499	8117	704	55	325	3835326
7491	8076	702	55	326	3835336
7484	8031	705	55	326	3835346
7477	7986	704	55	326	3835356
7470	7947	703	56	328	3835366
7470	7915	705	56	328	3835376
7470	7889	705	56	328	3835386
7470	7871	704	56	329	3835396
7470	7854	704	56	329	3835406
7470	7839	705	56	329	3835416
7470	7824	705	56	329	3835426
7463	7809	705	56	329	3835436
7463	7796	704	56	329	3835446
7463	7785	703	56	329	3835456
7463	7778	713	56	329	3835516
7472	7778	720	56	329	3835526
7483	7778	716	56	329	3835536
7500	7778	714	56	329	3835546
7522	7778	714	56	329	3835556
7548	7778	714	56	329	3835566
7575	7778	710	56	329	3835576
7601	7778	696	56	329	3835586
7622	7778	687	56	329	3835596
7640	7778	637	56	329	3835606
7655	7767	561	56	328	3835616
7668	7758	132	56	329	3835636
119
7405	5947	25	57	341	3836313
7396	5938	66	57	341	3836333
7396	5930	118	57	341	3836363
7396	5923	350	57	341	3836453
7396	5933	490	57	341	3836463
7396	5941	507	57	341	3836473
7396	5954	520	57	341	3836483
7396	5972	540	57	341	3836493
7396	5996	542	57	341	3836503
7396	6019	560	57	341	3836513
7396	6044	567	57	341	3836523
7396	6068	567	57	341	3836533
7396	6091	574	57	341	3836543
7396	6114	589	57	341	3836553
7404	6140	590	57	341	3836563
7404	6169	593	57	341	3836573
7404	6199	599	57	341	3836583
7404	6232	606	57	341	3836593
7411	6264	606	56	340	3836603
7411	6294	623	56	340	3836613
7411	6324	630	56	340	3836623
7411	6356	643	56	340	3836633
7411	6385	658	56	340	3836643
7411	6412	658	56	338	3836653
7411	6440	663	56	338	3836662
7411	6465	663	56	338	3836672
7411	6494	663	56	338	3836682
7411	6525	663	56	337	3836692
7411	6554	669	56	337	3836702
7411	6583	675	56	337	3836712
7411	6611	673	55	335	3836722
7411	6634	686	55	335	3836732
7411	6658	688	55	335	3836742
7411	6679	696	55	334	3836752
7411	6697	700	55	334	3836762
7411	6717	709	55	334	3836772
7411	6736	713	55	333	3836782
7411	6757	716	55	333	3836792
7411	6780	717	55	333	3836802
7411	6803	717	55	333	3836812
7411	6823	718	54	331	3836822
7411	6843	720	55	330	3836832
7411	6863	726	55	330	3836842
7411	6882	733	56	329	3836852
7420	6902	735	56	329	3836862
7420	6922	744	56	329	3836872
7420	6943	746	56	329	3836882
7420	6965	747	56	329	3836892
7420	6986	750	56	329	3836902
7413	7006	762	56	329	3836912
7413	7021	779	56	329	3836922
7413	7033	787	56	329	3836932
7406	7049	790	56	329	3836942
7406	7064	807	56	329	3836952
7399	7080	817	56	329	3836962
7399	7100	824	56	328	3836972
7392	7112	831	56	328	3836982
7392	7124	832	56	328	3836992
7392	7138	831	56	328	3837002
7392	7148	831	56	328	3837012
7392	7166	830	56	328	3837022
7392	7187	831	56	328	3837032
7392	7211	836	56	328	3837042
7398	7237	835	56	328	3837052
7398	7259	843	56	328	3837062
7398	7277	843	56	328	3837072
7398	7292	843	55	326	3837082
7398	7305	842	55	326	3837092
7398	7320	837	55	326	3837102
7398	7338	837	55	326	3837112
7398	7357	835	55	326	3837122
7398	7379	836	55	326	3837132
7398	7402	833	55	326	3837142
7398	7424	835	55	325	3837152
7398	7449	833	55	325	3837162
7398	7474	834	55	325	3837172
7398	7498	833	55	325	3837182
7398	7518	834	54	324	3837192
7398	7538	834	54	324	3837202
7398	7554	831	54	324	3837212
7391	7568	831	54	322	3837222
7391	7583	832	54	322	3837232
7391	7597	830	54	322	3837242
7391	7610	827	54	322	3837252
7391	7620	828	54	322	3837262
7383	7630	829	53	321	3837272
7383	7636	829	53	321	3837292
7383	7643	825	53	320.273	3837402
7391	7643	823	53	320	3837412
7398	7643	820	53	320	3837422
7406	7643	820	53	320	3837432
7414	7643	818	53	320	3837442
7422	7643	817	53	320	3837452
7429	7643	817	53	320	3837462
7438	7643	818	53	320	3837472
7449	7643	819	53	320	3837482
7460	7643	817	53	320	3837492
7473	7643	821	53	320	3837502
7485	7643	821	53	320	3837512
7499	7643	820	52	319	3837522
7512	7643	821	53	317	3837532
7525	7643	820	53	317	3837542
7538	7643	821	54	316	3837552
7548	7643	821	54	316	3837562
7560	7643	821	54	316	3837572
7570	7643	823	54	316	3837582
7579	7643	822	53	315	3837592
7589	7643	823	53	315	3837602
7598	7643	823	53	315	3837612
7607	7643	822	53	315	3837622
7616	7643	822	53	315	3837642
7627	7643	823	53	315	3837662
7637	7649	823	53	315	3837682
7648	7649	820	53	315	3837702
7661	7649	818	53	315	3837712
7667	7649	818	53	315	3837722
7674	7649	799	53	315	3837742
7681	7649	635	53	315	3837772
7681	7642	87	53	315	3837792
40
7618	7865	73	54	316	3838109
7618	7883	159	54	316	3838119
7609	7890	305	54	316	3838139
7609	7900	458	54	316	3838209
7618	7892	517	54	316	3838229
7630	7886	521	54	316	3838239
7639	7886	533	54	316	3838249
7650	7873	534	54	316	3838259
7660	7864	566	54	316	3838269
7668	7856	567	53	315	3838279
7677	7847	568	53	315	3838289
7684	7836	586	53	315	3838299
7692	7827	585	53	315	3838309
7701	7814	589	53	315	3838319
7711	7799	602	53	315	3838329
7723	7783	605	53	315	3838339
7734	7765	620	53	315	3838349
7744	7744	634	53	315	3838359
7752	7726	646	53	315	3838369
7752	7708	657	53	315	3838379
7760	7688	661	53	315	3838389
7760	7669	667	53	315	3838399
7760	7648	669	53	315	3838409
7767	7626	673	53	315	3838419
7767	7604	674	53	315	3838429
7767	7583	680	53	315	3838439
7767	7562	688	52	314	3838449
7767	7542	695	52	314	3838459
7767	7522	715	52	314	3838469
7756	7504	725	52	314	3838479
7750	7483	729	52	314	3838489
7743	7463	728	53	315	3838499
7735	7440	732	53	315	3838509
7725	7418	733	53	315	3838519
7718	7399	733	53	315	3838529
7710	7382	734	53	315	3838539
7701	7370	736	54	316	3838549
7695	7362	736	54	316	3838569
7685	7362	633	54	317	3838609
7694	7379	111	54.5	318	3838629
56
7780	7903	75	53	315	3838993
7772	7903	164	53	315	3839013
7766	7903	213	53	315	3839023
7766	7913	237	53	315	3839043
7766	7921	345	53	315	3839083
7772	7921	443	53	315	3839103
7779	7921	490	53	315	3839113
7779	7914	512	53	315	3839123
7789	7914	517	53	315	3839133
7789	7903	525	53	315	3839143
7802	7897	545	53	315	3839153
7811	7889	548	53	315	3839163
7819	7881	556	53	315	3839173
7829	7872	556	53	315	3839183
7837	7862	574	53	315	3839193
7845	7852	579	53	315	3839203
7854	7840	598	53	315	3839213
7861	7828	605	53	315	3839223
7870	7814	612	53	315	3839233
7878	7801	615	53	315	3839243
7885	7788	624	53	315	3839253
7892	7772	630	53	315	3839263
7900	7756	633	53	315	3839273
7906	7738	643	53	315	3839283
7913	7721	648	53	315	3839293
7913	7705	649	53	315	3839303
7923	7687	659	53	315	3839313
7923	7671	666	53	315	3839323
7933	7656	671	53	315	3839333
7933	7640	674	53	315	3839343
7941	7625	675	53	315	3839353
7941	7607	693	53	315	3839363
7948	7587	700	53	315	3839373
7948	7567	707	53	315	3839383
7948	7546	709	53	315	3839393
7948	7528	713	53	315	3839403
7948	7509	718	53	315	3839413
7948	7487	731	53	315	3839423
7948	7468	736	53	315	3839433
7939	7452	736	53	315	3839443
7939	7439	738	53	315	3839453
7933	7425	743	53	315	3839463
7933	7408	743	53	315	3839473
7921	7386	746	53	315	3839483
7913	7363	747	54	316	3839493
7905	7342	747	54	316	3839503
7895	7325	746	54	316	3839513
7885	7308	747	54	316	3839523
7875	7292	748	54	317	3839533
7864	7278	748	54	317	3839543
7855	7267	747	54	317	3839553
7848	7267	746	55	319	3839563
7848	7259	732	55	319	3839573
7838	7259	642	55	319	3839593
7838	7278	437	55	320	3839603
7838	7301	9	55	320	3839623
58
7838	7897	35	54	316	3839865
7830	7905	86	54	316	3839885
7830	7915	94	54	316	3839895
7823	7921	96	53	315	3839905
7823	7928	97	53	315	3839915
7823	7935	105	53	315	3839925
7823	7944	182	53	315	3839935
7823	7951	254	53	315	3839945
7816	7951	317	53	315	3839955
7816	7959	459	53	315	3840035
7823	7959	554	53	315	3840045
7831	7952	569	53	315	3840055
7841	7952	576	53	315	3840065
7852	7952	579	53	315	3840075
7865	7952	579	53	315	3840085
7878	7952	581	53	315	3840095
7893	7952	580	53	315	3840105
7909	7952	579	53	315	3840115
7923	7944	580	53	315	3840125
7938	7944	581	53	315	3840135
7950	7944	582	52	314	3840145
7963	7944	582	52	314	3840155
7974	7935	581	52	314	3840165
7986	7935	589	52	314	3840175
7998	7925	582	52	314	3840185
8010	7918	589	52	314	3840195
8023	7908	604	52	314	3840205
8034	7900	604	52	314	3840215
8045	7891	603	52	314	3840225
8055	7883	604	52	314	3840235
8067	7875	630	52	314	3840245
8080	7868	636	52	314	3840255
8093	7858	643	52	314	3840265
8109	7847	643	52	314	3840275
8124	7836	646	52	314	3840285
8139	7825	645	52	314	3840295
8152	7813	652	52	314	3840305
8164	7802	652	52	314	3840315
8175	7793	651	52	314	3840325
8185	7783	658	52	314	3840335
8197	7774	664	52	314	3840345
8209	7764	667	52	314	3840355
8222	7754	666	52	314	3840365
8234	7745	668	52	314	3840375
8242	7738	667	52	314	3840385
8250	7731	674	52	314	3840395
8250	7723	678	52	314	3840405
8262	7713	678	52	314	3840415
8268	7704	683	52	314	3840425
8268	7693	687	52	314	3840435
8281	7680	704	52	314	3840445
8289	7664	710	52	314	3840455
8297	7650	709	52	314	3840465
8304	7638	708	52	314	3840475
8304	7631	709	52	314	3840485
8312	7631	710	52	314	3840495
8312	7622	647	53.6667	311.667	3840555
8305	7630	76	54	311	3840575
46
7823	7209	86	51	280	3842337
7815	7215	166	51	280	3842347
7815	7226	289	51	280	3842377
7815	7232	380	51	280	3842417
7822	7232	435	51	280	3842437
7835	7232	466	51	280	3842447
7845	7232	476	51	280	3842457
7860	7232	491	51	280	3842467
7875	7232	501	51	280	3842477
7890	7232	512	51	280	3842487
7908	7232	518	51	280	3842497
7926	7243	533	51	280	3842507
7943	7243	545	51	280	3842517
7960	7254	550	51	280	3842527
7975	7254	552	51	280	3842537
7989	7266	552	51	280	3842547
8004	7274	555	51	280	3842557
8018	7284	557	51	280	3842567
8032	7293	560	51	280	3842577
8045	7302	563	51	280	3842587
8057	7310	566	51	280	3842597
8070	7319	564	51	280	3842607
8084	7328	567	51	280	3842617
8096	7336	567	51	280	3842627
8108	7346	576	51	280	3842637
8117	7356	575	51	280	3842647
8127	7368	589	51	280	3842657
8136	7382	589	51	280	3842667
8146	7398	596	51	280	3842677
8159	7414	596	50	280	3842687
8171	7428	597	50	280	3842697
8184	7441	599	50	280	3842707
8195	7453	601	50	280	3842717
8205	7461	606	50	280	3842727
8211	7468	620	49.5	279.5	3842747
8219	7477	625	49	279	3842767
8225	7488	625	49	279	3842777
8225	7497	626	48	279	3842787
8235	7507	626	48	279	3842797
8243	7518	622	48	279	3842807
8251	7530	621	48	279	3842817
8260	7544	621	48	279	3842827
8267	7558	619	48	279	3842837
8267	7573	618	48	279	3842847
8276	7583	617	47	279	3842857
8276	7590	388	47.75	279	3842897
48
8289	7588	2	49	284	3845865
8281	7588	44	49	284	3845875
8274	7588	90	49	284	3845895
8265	7588	167	49	284	3845915
8257	7588	227	49	284	3845925
8257	7597	346	49	284	3845965
8257	7603	491	49	284	3845985
8250	7603	577	49	284	3846055
8257	7603	623	48	284	3846075
8264	7603	634	48	284	3846095
8276	7596	650	48	284	3846105
8284	7596	658	48	284	3846115
8297	7596	666	47	283	3846125
8313	7589	676	47	283	3846135
8330	7589	680	47	283	3846145
8351	7589	685	47	283	3846155
8373	7589	684	47	283	3846165
8397	7589	687	47	282	3846175
8422	7589	688	47	282	3846185
8448	7599	689	47	281	3846195
8474	7599	692	46	281	3846205
8498	7605	695	47	280	3846215
8521	7605	694	47	280	3846225
8542	7605	696	47	279	3846235
8562	7605	697	47	279	3846245
8580	7605	697	47	278	3846255
8597	7605	698	47	278	3846265
8615	7605	698	47	276	3846275
8634	7605	697	47	275	3846285
8656	7605	698	47	275	3846295
8682	7605	695	47	274	3846305
8707	7605	696	47	274	3846315
8734	7605	701	47	273	3846325
8761	7605	698	47	273	3846335
8787	7605	700	47	272	3846345
8813	7605	697	47	272	3846355
8840	7598	701	47	272	3846365
8866	7598	700	47	272	3846375
8893	7598	700	47	272	3846385
8920	7598	701	47	272	3846395
8946	7598	700	47	272	3846405
8973	7590	701	47	272	3846415
9000	7590	700	47	272	3846425
9028	7590	699	47	272	3846435
9052	7590	686	48	272	3846445
9072	7581	642	48	272	3846455
9087	7581	527	48	272	3846465
9095	7573	90	48	272	3846485
210
5626	7338	10	52	293	3848353
5620	7338	28	52	293	3848363
5613	7338	36	52	292	3848373
5613	7345	59	52.3333	292	3848403
5613	7351	171	53	292	3848443
5607	7351	255	53	292	3848453
5607	7358	310	53	292	3848533
5607	7349	395	52.5	292	3848553
5607	7339	424	52	292	3848563
5607	7332	428	52	292	3848573
5607	7322	434	52	292	3848583
5607	7310	444	52	292	3848593
5607	7298	454	52	292	3848603
5607	7286	468	52	292	3848613
5607	7273	477	52	292	3848623
5607	7260	489	53	292	3848633
5607	7247	493	53	292	3848643
5607	7235	496	53	292	3848653
5607	7225	504	53	292	3848663
5607	7215	504	53	292	3848673
5607	7207	505	53	292	3848683
5607	7198	506	53	292	3848693
5607	7187	513	53	292	3848703
5607	7174	519	53	292	3848713
5607	7160	521	53	292	3848723
5607	7145	529	53	292	3848733
5607	7130	533	53	292	3848743
5607	7117	532	53	292	3848753
5607	7105	534	53	292	3848763
5607	7094	537	53	292	3848773
5607	7083	545	53	292	3848783
5613	7070	544	53	292	3848793
5613	7056	545	53	292	3848803
5613	7042	549	53	292	3848813
5613	7028	562	53	292	3848823
5613	7015	566	53	292	3848833
5621	7003	566	53	292	3848843
5621	6990	566	53	292	3848853
5621	6980	571	53	292	3848863
5621	6970	566	53	292	3848873
5621	6959	569	53	292	3848883
5621	6950	569	53	292	3848893
5621	6943	569	52.3333	292	3848953
5621	6936	569	52	292	3848983
5628	6936	575	52	292	3849003
5640	6928	590	52	292	3849013
5651	6928	596	52	292	3849023
5662	6921	597	52	292	3849033
5675	6921	596	52	292	3849043
5687	6913	597	52	292	3849053
5699	6913	598	52	292	3849063
5712	6904	600	52	292	3849073
5730	6904	599	52	292	3849083
5745	6897	603	52	292	3849093
5762	6897	601	52	292	3849103
5780	6897	604	52	292	3849113
5793	6897	603	52	292	3849123
5808	6897	604	52	292	3849133
5823	6897	610	52	292	3849143
5837	6890	611	52	292	3849153
5853	6890	607	52	292	3849163
5871	6890	606	51	291	3849173
5889	6890	608	51	291	3849183
5909	6883	610	51	291	3849193
5928	6883	611	51	291	3849203
5949	6883	612	51	291	3849213
5971	6883	612	51	291	3849223
5992	6877	612	51	291	3849233
6013	6877	611	51	291	3849243
6034	6877	612	51	291	3849253
6053	6870	613	50	290	3849263
6073	6870	612	50	290	3849273
6092	6870	614	50	290	3849283
6111	6870	612	50	290	3849293
6129	6870	610	50	289	3849303
6146	6870	612	50	289	3849313
6162	6870	612	51	288	3849323
6177	6870	613	51	288	3849333
6194	6870	626	51	288	3849343
6214	6870	624	51	288	3849353
6240	6870	625	51	288	3849363
6270	6882	628	51	288	3849373
6306	6889	629	50	287	3849383
6344	6897	627	50	287	3849393
6380	6897	628	50	287	3849403
6415	6908	626	50	287	3849413
6447	6908	626	50	287	3849423
6476	6914	625	50	287	3849433
6501	6914	623	50	287	3849443
6524	6914	625	50	287	3849453
6543	6914	626	50	287	3849463
6563	6914	625	50	286	3849473
6582	6922	627	50	286	3849483
6601	6922	628	50	285	3849493
6622	6928	628	50	285	3849503
6645	6928	628	50	285	3849513
6668	6935	628	50	285	3849523
6692	6935	627	50	283	3849533
6716	6935	628	50	283	3849543
6741	6942	628	50	282	3849553
6767	6942	629	50	282	3849563
6792	6942	630	50	282	3849573
6819	6942	636	50	282	3849583
6844	6942	637	50	282	3849593
6872	6942	640	50	282	3849603
6901	6949	637	50	282	3849613
6928	6949	641	49	282	3849623
6956	6949	642	49	282	3849633
6983	6958	646	49	282	3849643
7012	6958	650	49	282	3849653
7043	6966	656	49	282	3849663
7072	6966	663	49	282	3849673
7098	6974	668	49	282	3849683
7121	6974	670	49	282	3849693
7140	6974	671	49	282	3849703
7160	6974	679	49	282	3849713
7179	6974	687	49	282	3849723
7197	6974	690	49	282	3849733
7214	6974	689	49	282	3849743
7229	6974	691	49	282	3849753
7245	6974	688	49	282	3849763
7261	6974	690	49	282	3849773
7282	6974	693	49	282	3849783
7306	6967	698	49	282	3849793
7332	6967	700	49	282	3849803
7357	6967	698	49	282	3849813
7383	6967	701	49	282	3849823
7410	6967	701	50	281	3849833
7440	6967	703	50	281	3849843
7469	6967	700	50	280	3849853
7498	6967	703	50	280	3849863
7521	6967	705	50	280	3849873
7542	6967	705	50	278	3849883
7560	6967	705	50	278	3849893
7576	6967	706	50	277	3849903
7595	6967	705	50	277	3849913
7616	6967	710	50	277	3849923
7636	6960	706	50	276	3849933
7658	6960	709	50	276	3849943
7679	6960	712	50	275	3849953
7700	6960	712	50	275	3849963
7721	6960	714	50	274	3849973
7739	6960	714	50	274	3849983
7756	6954	715	50	272	3849993
7774	6954	720	50	272	3850003
7793	6954	721	50	272	3850013
7813	6954	730	50	272	3850023
7831	6954	732	50	272	3850033
7848	6954	733	50	272	3850043
7860	6954	734	50	272	3850053
7871	6954	739	50	272	3850063
7882	6954	738	50	272	3850073
7897	6954	739	50	272	3850083
7919	6962	746	50	272	3850093
7943	6969	749	50	272	3850103
7970	6975	753	51	272	3850113
7994	6982	754	51	272	3850123
8012	6982	756	51	272	3850133
8031	6989	755	51	272	3850143
8048	6996	756	51	272	3850153
8070	7003	758	51	272	3850163
8094	7012	756	51	272	3850173
8115	7012	757	51	272	3850183
8135	7020	761	51	272	3850193
8153	7020	761	51	272	3850203
8170	7020	765	51	272	3850213
8190	7029	765	51	272	3850223
8209	7029	770	51	272	3850233
8228	7036	770	51	272	3850243
8249	7036	770	51	272	3850253
8276	7045	770	51	272	3850263
8310	7045	772	51	271	3850273
8350	7054	771	51	271	3850283
8391	7054	769	51	270	3850293
8427	7064	771	51	270	3850303
8458	7064	769	51	270	3850313
8486	7074	771	51	270	3850323
8509	7074	770	51	269	3850333
8533	7074	771	51	269	3850343
8550	7081	772	51	268	3850353
8565	7081	770	51	268	3850363
8582	7081	772	51	268	3850373
8597	7081	772	51	266	3850383
8617	7081	775	51	266	3850393
8639	7081	773	51	265	3850403
8666	7081	772	51	265	3850413
8695	7081	774	51	264	3850423
8724	7093	774	51	264	3850433
8752	7099	772	51	263	3850443
8776	7099	774	51	263	3850453
8798	7108	775	52	262	3850463
8820	7108	774	52	262	3850473
8837	7108	772	52	262	3850483
8852	7108	774	52	262	3850493
8870	7108	773	52	262	3850503
8889	7108	773	52	262	3850513
8910	7108	772	52	262	3850523
8933	7114	772	52	262	3850533
8955	7114	773	52	262	3850543
8977	7114	773	52	262	3850553
8997	7114	772	52	262	3850563
9015	7114	773	52	262	3850573
9029	7114	773	52	262	3850583
9040	7114	772	52	262	3850593
9049	7114	770	52	262	3850603
9060	7114	769	52	262	3850613
9074	7114	764	52	262	3850623
9089	7114	734	52	262	3850633
9105	7114	625	52	262	3850643
9116	7114	117	53	262	3850662
213
5923	7241	21	50	270	3855289
5913	7241	91	50	270	3855309
5906	7241	205	50	270	3855359
5913	7241	292	50	270	3855369
5913	7234	334	50	270	3855379
5924	7234	359	50	270	3855389
5931	7234	380	50	270	3855399
5942	7228	404	50	270	3855409
5957	7228	418	50	270	3855419
5977	7228	439	50	270	3855429
6000	7228	445	50	270	3855439
6025	7228	450	50	270	3855449
6049	7228	457	50	270	3855459
6075	7234	466	50	270	3855469
6098	7234	478	50	270	3855479
6119	7234	501	50	270	3855489
6140	7234	518	50	270	3855499
6162	7234	525	50	270	3855509
6187	7234	538	50	270	3855519
6216	7228	550	50	270	3855529
6247	7228	555	50	270	3855539
6278	7228	558	50	270	3855549
6309	7228	564	50	270	3855559
6338	7228	567	50	270	3855569
6365	7220	577	50	270	3855579
6390	7220	579	50	270	3855589
6415	7220	581	50	270	3855599
6439	7220	592	50	270	3855609
6465	7220	596	50	270	3855619
6491	7220	598	50	270	3855629
6517	7220	601	50	269	3855639
6544	7220	604	50	269	3855649
6571	7220	612	50	268	3855659
6598	7220	613	50	268	3855669
6622	7220	613	50	268	3855679
6643	7220	618	50	266	3855689
6661	7220	625	50	266	3855699
6677	7213	627	50	265	3855709
6693	7213	634	50	265	3855719
6712	7213	634	50	265	3855729
6735	7207	638	50	264	3855739
6761	7207	636	49	264	3855749
6788	7207	638	49	263	3855759
6819	7207	638	49	263	3855769
6850	7207	645	50	263	3855779
6882	7207	647	50	263	3855789
6915	7207	649	50	263	3855799
6945	7213	650	50	263	3855809
6975	7213	654	50	263	3855819
7005	7213	656	50	263	3855829
7032	7213	657	50	263	3855839
7056	7221	656	50	263	3855849
7077	7221	658	50	263	3855859
7093	7221	661	50	263	3855869
7109	7221	664	50	263	3855879
7125	7214	666	50	263	3855889
7140	7214	668	50	263	3855899
7158	7208	671	50	263	3855909
7181	7208	672	50	263	3855919
7206	7201	674	50	263	3855929
7232	7201	676	50	263	3855939
7258	7201	674	50	263	3855949
7284	7201	675	50	263	3855959
7313	7201	680	50	263	3855969
7342	7201	680	50	263	3855979
7372	7208	680	50	263	3855989
7397	7208	678	50	263	3855999
7417	7208	675	50	263	3856009
7430	7208	675	50	263	3856019
7438	7208	674	50	263	3856029
7445	7208	674	50	263	3856039
7456	7208	676	50	263	3856049
7470	7208	678	50	263	3856059
7487	7208	678	50	263	3856069
7504	7201	675	50	262	3856079
7520	7201	677	50	262	3856089
7537	7195	683	50	260	3856099
7552	7195	686	50	260	3856109
7565	7195	685	50	260	3856119
7576	7195	689	50	259	3856129
7586	7188	690	50	259	3856139
7596	7188	689	49	258	3856149
7608	7188	691	49	258	3856159
7620	7188	690	49	258	3856169
7631	7188	689	49	257	3856179
7640	7188	691	49	257	3856189
7647	7188	693	49	256	3856209
7659	7182	695	49	256	3856219
7667	7182	695	49	256	3856229
7677	7182	695	49	256	3856239
7689	7182	696	49	256	3856249
7699	7182	696	49	256	3856259
7710	7175	696	49	256	3856269
7718	7175	695	49	256	3856279
7725	7175	695	49	256	3856299
7732	7175	695	49	256	3856319
7732	7168	696	49	256	3856379
7739	7168	708	48.8378	256	3856749
7746	7168	713	48	256	3856769
7758	7161	714	48	256	3856779
7766	7161	714	48	256	3856789
7776	7161	715	48	256	3856799
7785	7161	714	48	256	3856809
7794	7161	715	48	256	3856819
7802	7154	716	48	256	3856829
7810	7154	714	48	256	3856839
7817	7154	717	48	256	3856849
7827	7154	717	48	256	3856859
7837	7154	716	48	256	3856869
7846	7154	715	48	256	3856879
7858	7154	716	48	256	3856889
7868	7154	716	48	256	3856899
7880	7154	716	48	256	3856909
7893	7147	717	48	256	3856919
7907	7147	717	48	257	3856929
7920	7147	717	48	257	3856939
7932	7147	717	48	259	3856949
7943	7147	716	48	259	3856959
7955	7139	717	48	259	3856969
7966	7139	716	48	259	3856979
7981	7139	718	48	259	3856989
7995	7139	715	48	259	3856999
8012	7139	717	48	259	3857009
8029	7139	720	48	259	3857019
8046	7133	720	48	259	3857029
8064	7133	718	48	259	3857039
8080	7133	715	48	259	3857049
8100	7133	717	48	259	3857059
8121	7133	718	48	259	3857069
8140	7133	720	48	259	3857079
8157	7133	717	48	259	3857089
8173	7133	716	48	259	3857099
8192	7133	717	48	259	3857109
8218	7141	714	48	259	3857119
8243	7141	716	48	259	3857129
8269	7153	712	48	259	3857139
8294	7153	714	49	258	3857149
8314	7161	712	49	258	3857159
8336	7161	714	49	257	3857169
8357	7169	711	49	257	3857179
8380	7169	711	49	256	3857189
8403	7180	712	49	256	3857199
8427	7180	712	49	256	3857209
8451	7190	709	49	256	3857219
8475	7190	710	49	256	3857229
8498	7202	709	49	255	3857239
8520	7210	710	49	255	3857249
8539	7216	711	49	253	3857259
8556	7225	709	49	253	3857269
8573	7225	711	49	252	3857279
8589	7236	709	49	252	3857289
8603	7243	710	49	251	3857299
8616	7243	710	49	251	3857309
8631	7252	710	49	249	3857319
8647	7252	710	49	249	3857329
8665	7259	709	49	248	3857339
8685	7259	709	49	248	3857349
8705	7266	710	49	248	3857359
8725	7266	710	49	248	3857369
8744	7273	709	49	248	3857379
8761	7273	709	49	248	3857389
8777	7280	707	49	248	3857399
8790	7280	705	49	248	3857409
8802	7280	704	49	248	3857419
8812	7287	705	49	248	3857429
8823	7287	705	49	248	3857439
8835	7287	708	48	249	3857449
8848	7287	708	48	249	3857459
8862	7287	704	48	249	3857469
8880	7287	705	48	249	3857479
8899	7295	705	48	249	3857489
8922	7295	705	49	248	3857499
8943	7295	704	49	248	3857509
8962	7295	703	49	248	3857519
8979	7303	703	49	248	3857529
8996	7303	705	49	248	3857539
9012	7303	704	49	248	3857549
9028	7303	704	49	248	3857559
9041	7303	704	49	248	3857569
9051	7303	705	49	248	3857579
9060	7303	704	49	248	3857589
9067	7303	704	49	248	3857599
9075	7303	703	49	248	3857609
9081	7303	706	49	248	3857629
9093	7303	706	49	248	3857639
9102	7303	705	49	248	3857649
9112	7303	701	49	248	3857659
9123	7303	701	49	249	3857669
9134	7303	701	49	249	3857679
9142	7303	702	49	251	3857689
9149	7303	703	49	251	3857699
9156	7303	701	49	251	3857709
9165	7303	700	49	251	3857719
9175	7303	700	49	251	3857729
9183	7303	701	49	251	3857739
9183	7309	701	49	251	3857749
9192	7309	705	49	251	3857819
9198	7309	714	49	251	3857839
9210	7309	717	49	251	3857849
9216	7309	714	49	251	3857859
9216	7316	714	49	251	3857889
9223	7316	714	49	251	3857939
9230	7316	711	49.25	251.25	3857979
9238	7316	713	50	252.5	3857999
9246	7316	712	50	253	3858009
9254	7316	714	50	253	3858019
9262	7316	715	50	253	3858029
9270	7316	715	50	253	3858049
9280	7308	716	50	253	3858079
9289	7308	714	50	253	3858109
9298	7308	699	50	253	3858139
9305	7308	583	50	253	3858149
9305	7302	98	50	252.5	3858169
67
9093	7738	60	52	314	3860095
9081	7747	158	52	314	3860115
9065	7756	240	52	314	3860135
9065	7767	325	52	314	3860155
9065	7773	488	52	314	3860215
9065	7767	556	52	313.5	3860235
9075	7758	565	52	313	3860255
9081	7746	568	52	313	3860265
9081	7738	572	52	313	3860275
9090	7727	585	52	313	3860285
9090	7716	588	52	313	3860295
9099	7705	588	52	313	3860305
9099	7693	590	52	313	3860315
9108	7681	602	52	313	3860325
9108	7665	608	52	313	3860335
9119	7647	622	52	314	3860345
9119	7624	627	52	314	3860355
9126	7600	633	52	314	3860365
9126	7575	642	52	314	3860375
9134	7549	648	52	314	3860385
9134	7525	652	52	314	3860395
9141	7501	659	52	314	3860405
9141	7479	665	52	314	3860415
9141	7457	670	53	315	3860425
9150	7432	678	53	315	3860435
9150	7408	675	53	315	3860445
9150	7382	693	53	315	3860455
9150	7359	695	53	315	3860465
9157	7339	698	54	316	3860475
9157	7318	700	54	316	3860485
9157	7298	702	54	316	3860495
9157	7277	705	54	316	3860505
9157	7257	705	54	316	3860515
9157	7238	708	54	317	3860525
9157	7222	710	54	317	3860535
9157	7204	712	54	317	3860545
9157	7186	716	54	317	3860555
9149	7168	717	54	317	3860565
9149	7149	716	54	317	3860575
9142	7131	717	54	319	3860585
9142	7112	720	54	319	3860595
9132	7093	722	53	321	3860605
9132	7075	726	53	321	3860615
9122	7057	728	53	321	3860625
9122	7041	728	53	321	3860635
9116	7029	728	53	321	3860645
9116	7018	728	53	321	3860655
9107	7004	728	53	321	3860665
9101	6990	731	53	321	3860675
9093	6975	731	53	321	3860685
9093	6961	732	53	321	3860695
9081	6950	734	53	321	3860705
9081	6939	736	53	321	3860715
9072	6929	736	53	321	3860725
9072	6921	738	53	321	3860735
9063	6921	739	53	321	3860745
9063	6912	741	53	321	3860755
9053	6912	740	53	321	3860765
9046	6900	740	53	321	3860775
9036	6894	743	53	321	3860785
9028	6886	747	53	321	3860795
9018	6886	749	53	321	3860805
9011	6878	753	53	321	3860825
9000	6878	745	53	321	3860835
9000	6869	729	54	322	3860845
8989	6869	698	54	322	3860855
8989	6863	272	54	322	3860895
64
9080	7777	49	53	315	3861317
9080	7783	176	53	315	3861337
9080	7792	350	53	315	3861357
9080	7798	489	53	315	3861387
9080	7805	590	52.875	314.875	3861467
9092	7798	640	52	314	3861477
9101	7798	649	52	314	3861487
9112	7798	653	52	314	3861497
9125	7798	666	52	314	3861507
9138	7787	672	52	314	3861517
9152	7780	679	52	314	3861527
9166	7771	683	52	314	3861537
9180	7763	684	52	314	3861547
9193	7755	686	52	314	3861557
9204	7755	693	52	314	3861567
9217	7746	698	52	314	3861577
9230	7746	704	52	314	3861587
9245	7738	708	52	314	3861597
9261	7738	718	52	314	3861607
9276	7726	724	52	314	3861617
9292	7720	728	52	314	3861627
9308	7712	742	52	314	3861637
9322	7704	753	52	314	3861647
9338	7695	760	52	314	3861657
9352	7686	760	52	314	3861667
9366	7677	762	52	314	3861677
9381	7668	761	52	314	3861687
9397	7660	765	52	311	3861697
9414	7651	766	52	311	3861707
9430	7644	766	53	310	3861717
9447	7636	765	53	310	3861727
9462	7629	775	53	310	3861737
9476	7619	780	53	310	3861747
9490	7610	781	53	310	3861757
9502	7601	779	53	310	3861767
9514	7591	780	53	310	3861777
9526	7583	786	53	309	3861787
9538	7573	789	53	309	3861797
9549	7562	788	54	308	3861807
9560	7551	788	54	308	3861817
9571	7540	788	54	308	3861827
9581	7531	787	54	308	3861837
9589	7522	791	54	308	3861847
9598	7509	793	54	308	3861857
9605	7497	794	54	308	3861867
9613	7484	794	54	308	3861877
9621	7472	798	54	308	3861887
9621	7462	795	54	308	3861897
9633	7454	794	54	308	3861907
9633	7444	797	54	308	3861917
9644	7435	796	54	308	3861927
9650	7423	797	54	308	3861937
9657	7411	796	55	309	3861947
9663	7398	800	55	309	3861957
9671	7385	799	55	309	3861967
9671	7375	799	55	309	3861977
9683	7365	800	55	309	3861987
9683	7359	799	55	309	3861997
9691	7359	799	55	310	3862007
9691	7350	800	55	310	3862017
9698	7350	802	55	310	3862027
9698	7342	802	55	310	3862037
9706	7342	801	55	310	3862047
9706	7332	477	56	311	3862107
82
9005	6827	42	52	304	3862697
8995	6827	70	51	303	3862717
8986	6827	131	51	303	3862727
8986	6834	165	51	303	3862737
8978	6834	212	51	303	3862757
8971	6840	332	51	303	3862797
8965	6840	487	51	303	3862827
8965	6847	562	51	303	3862847
8974	6847	591	51	303	3862867
8985	6854	604	51	303	3862877
8993	6854	614	51	303	3862887
9001	6854	625	51	303	3862897
9013	6862	636	51	303	3862907
9026	6862	637	51	303	3862917
9041	6868	646	51	303	3862927
9057	6868	660	51	303	3862937
9073	6868	666	51	303	3862947
9089	6868	677	51	303	3862957
9103	6875	684	51	303	3862967
9117	6875	689	51	303	3862977
9131	6875	701	51	303	3862987
9145	6875	709	50	302	3862997
9160	6882	716	50	302	3863007
9176	6882	718	50	302	3863017
9192	6882	718	50	302	3863027
9208	6882	718	50	302	3863037
9222	6890	720	50	302	3863047
9236	6890	724	50	302	3863057
9251	6890	731	50	302	3863067
9265	6890	731	50	302	3863077
9278	6898	734	50	302	3863087
9289	6898	735	50	302	3863097
9302	6904	743	50	302	3863107
9315	6904	744	51	301	3863117
9330	6915	746	51	301	3863127
9348	6923	749	51	300	3863137
9365	6931	755	51	300	3863147
9383	6939	758	51	300	3863157
9400	6945	762	51	300	3863167
9414	6945	766	51	300	3863177
9426	6958	770	51	300	3863187
9437	6964	776	51	300	3863197
9447	6972	779	51	299	3863207
9458	6980	785	51	299	3863217
9470	6990	788	52	297	3863227
9481	7003	793	52	297	3863237
9495	7014	792	52	297	3863247
9507	7028	795	52	297	3863257
9518	7039	796	52	297	3863267
9528	7048	797	52	296	3863277
9538	7056	800	52	296	3863287
9547	7063	799	52	295	3863297
9556	7070	801	52	295	3863307
9566	7080	798	52	295	3863317
9576	7091	805	52	295	3863327
9586	7102	805	52	295	3863337
9597	7114	807	52	295	3863347
9605	7123	808	52	295	3863357
9612	7129	810	52	295	3863377
9619	7137	811	52	295	3863397
9631	7150	816	53	296	3863407
9639	7158	817	53	296	3863417
9647	7167	818	53	296	3863427
9654	7173	817	53	296	3863437
9654	7180	817	53	296	3863447
9665	7186	821	53	296	3863457
9665	7195	816	53	296	3863467
9675	7203	815	53	296	3863477
9675	7211	817	53	296	3863487
9685	7211	820	53	296	3863497
9685	7220	822	53	296	3863517
9694	7228	823	53	296	3863527
9694	7235	824	53	296	3863537
9705	7243	822	53	296	3863547
9705	7249	822	53	296	3863557
9714	7249	821	53	296	3863567
9714	7259	822	53	296	3863587
9720	7259	823	53	296	3863597
9720	7268	824	53	296	3863627
9720	7274	827	53	296	3863637
9727	7274	764	52.5	295.5	3863697
9727	7265	102	52	295	3863717
17
9653	7325	8	52	295	3864013
9653	7333	109	53	296	3864033
9653	7341	339	53	296	3864093
9660	7341	479	53	296	3864123
9668	7341	519	53	296	3864153
9675	7334	551	53	296	3864183
9682	7324	575	53	296	3864203
9682	7315	575	53	296	3864213
9691	7315	576	53	296	3864223
9691	7307	581	53	296	3864233
9699	7307	591	53	296	3864243
9699	7298	596	53	296	3864253
9707	7298	599	53	296	3864263
9707	7290	598	53	296	3864283
9715	7290	597	53	296	3864293
9715	7281	603	53	296	3864313
9722	7273	365	52.2857	295.286	3864383
10
9689	7237	84	51	294	3864529
9689	7230	140	52	295	3864539
9689	7224	278	52	295	3864569
9697	7233	390	52	295	3864579
9697	7241	412	52	295	3864589
9709	7251	422	52	295	3864599
9717	7261	428	53	296	3864609
9717	7272	423	53	296	3864619
9725	7280	352	53	296	3864639
9725	7288	20	53	296	3864659
18
9724	7218	1	52	270	3865666
9714	7218	80	52	270	3865686
9705	7218	308	52	270	3865736
9705	7227	483	52	270	3865756
9719	7227	536	52	270	3865766
9735	7227	565	52	270	3865776
9763	7227	606	52	269	3865786
9803	7227	621	52	269	3865795
9857	7227	639	52	267	3865805
9925	7233	638	52	267	3865815
10002	7233	643	52	267	3865825
10086	7244	644	52	267	3865835
10175	7252	642	52	267	3865845
10260	7260	639	52	267	3865855
10333	7267	630	52	267	3865865
10384	7267	564	52	267	3865875
10411	7267	448	52	267	3865885
10419	7267	56	52	267	3865905
26
10480	7527	328	47	274	3866134
10469	7566	366	47	273	3866144
10469	7582	485	48	273	3866154
10458	7601	574	49	272	3866164
10458	7607	607	49.6667	270.333	3866194
10458	7592	636	51	269	3866204
10472	7576	640	51	269	3866214
10489	7553	642	51	268	3866224
10512	7524	652	51	268	3866234
10537	7494	657	51	268	3866244
10567	7461	657	52	266	3866254
10598	7432	664	52	266	3866264
10626	7408	670	52	265	3866274
10654	7393	687	52	265	3866284
10677	7386	725	52	265	3866294
10695	7386	736	52	265	3866304
10710	7404	770	52	265	3866314
10725	7432	778	52	265	3866324
10739	7470	788	52	265	3866334
10751	7518	791	52	265	3866343
10761	7569	785	52	265	3866353
10768	7614	787	52	265	3866363
10768	7649	784	52	265	3866373
10774	7672	742	52	265	3866383
10774	7680	600	52	265	3866403
10774	7663	106	52	265	3866423
21
10701	7372	126	53	265	3866690
10701	7379	181	54	265	3866700
10701	7391	270	54	265	3866710
10701	7398	355	54	265	3866730
10701	7408	418	54	265	3866740
10710	7408	550	54	265	3866810
10710	7394	639	54	265	3866820
10710	7381	653	54	265	3866830
10710	7362	688	54	265	3866840
10710	7335	698	54	265	3866850
10710	7304	711	54	265	3866860
10720	7268	742	54	265	3866870
10720	7229	748	54	265	3866880
10720	7190	766	54	265	3866890
10720	7152	769	53	265	3866900
10720	7120	772	53	265	3866910
10720	7092	775	53	265	3866920
10720	7069	778	53	265	3866930
10712	7052	778	53	265	3866940
10712	7041	768	53	265	3866950
10705	7041	427	53	265	3866980
