64
19
3750	17139	17	51	294	3624670
3775	17172	242	51	294	3624680
3775	17183	311	51.5	293.5	3624700
3775	17192	371	52	293	3624710
3768	17186	412	52	292	3624720
3768	17172	425	52	292	3624730
3757	17154	432	52	292	3624740
3750	17127	444	53	292	3624750
3742	17097	448	53	292	3624760
3733	17063	457	53	291	3624770
3719	17022	468	53	291	3624780
3703	16977	494	53	290	3624790
3683	16929	509	54	290	3624800
3663	16880	508	54	290	3624810
3645	16835	509	54	290	3624820
3630	16795	507	54	290	3624830
3618	16766	484	54	290	3624840
3618	16751	400	54	290	3624860
3626	16766	83	54	290	3624880
23
3801	17173	8	54	293	3624978
3819	17214	266	53	291	3624988
3819	17230	355	53	291	3624998
3825	17242	461	53	290	3625008
3825	17252	545	53	290	3625048
3833	17244	589	54	288	3625058
3833	17229	604	54	288	3625068
3845	17204	622	54	287	3625078
3853	17169	636	54	287	3625088
3853	17126	653	54	287	3625098
3865	17076	668	54	287	3625108
3865	17021	679	54	287	3625118
3874	16961	688	54	287	3625128
3874	16898	691	54	287	3625138
3882	16834	695	54	287	3625148
3882	16778	696	54	287	3625158
3893	16731	695	54	287	3625168
3900	16696	691	55	287	3625178
3900	16673	682	55	287	3625188
3906	16658	643	55	287	3625198
3906	16651	555	55	287	3625208
3900	16651	408	55	287	3625218
3888	16665	50	55	287	3625238
11
3765	16857	33	55	287	3625306
3725	16866	278	55	287	3625316
3706	16866	314	55	289	3625326
3693	16866	410	55	289	3625336
3685	16866	502	54	290	3625356
3699	16866	561	54	290	3625366
3722	16866	581	54	290	3625376
3757	16873	596	54	290	3625386
3798	16880	594	54	290	3625396
3842	16880	573	54	290	3625406
3880	16889	173	54	290	3625426
18
3681	13729	163	54	293	3626526
3681	13790	230	54	292	3626536
3681	13814	316	54	292	3626546
3681	13837	368	54	290	3626556
3681	13856	422	54	290	3626566
3681	13870	460	54	290	3626576
3681	13877	480	54	290	3626606
3681	13856	534	54	290	3626616
3690	13831	556	53	290	3626626
3690	13797	589	53	290	3626636
3690	13754	596	53	290	3626646
3690	13707	605	53	290	3626656
3678	13656	605	53	290	3626666
3671	13606	607	54	290	3626676
3671	13562	602	54	290	3626686
3662	13527	576	54	290	3626696
3662	13504	510	54	290	3626706
3662	13494	176	55	289	3626726
45
3655	13816	310	54	290	3626822
3646	13846	377	54	290	3626832
3646	13859	476	54	290	3626842
3639	13872	573	53	290	3626852
3639	13883	625	53	290	3626862
3639	13889	654	53	290	3626872
3649	13897	679	53	290	3626882
3665	13905	693	53	290	3626892
3691	13917	695	53	290	3626902
3727	13930	696	53	290	3626912
3765	13940	693	53	290	3626922
3803	13940	683	53	290	3626932
3836	13940	677	53	290	3626942
3865	13932	669	53	290	3626952
3879	13915	657	54	288	3626962
3879	13887	652	54	288	3626972
3879	13851	643	54	287	3626982
3852	13811	637	54	287	3626992
3826	13768	629	54	287	3627002
3796	13728	625	54	287	3627012
3766	13692	622	54	287	3627022
3738	13663	623	54	287	3627032
3714	13641	622	54	287	3627042
3698	13626	621	54	287	3627052
3689	13617	621	54	287	3627072
3696	13617	620	54	287	3627082
3716	13626	622	54	287	3627092
3745	13635	622	54	287	3627102
3780	13645	624	54	286	3627112
3820	13645	622	54	286	3627122
3859	13645	633	54	284	3627132
3896	13645	638	54	284	3627142
3926	13623	638	54	284	3627152
3947	13602	646	54	284	3627162
3957	13577	659	54	284	3627172
3957	13550	678	54	284	3627182
3946	13522	688	54	284	3627192
3930	13496	696	54	284	3627202
3905	13470	710	54	284	3627212
3871	13449	724	54	284	3627222
3829	13434	729	54	284	3627232
3780	13422	729	54	284	3627242
3728	13422	716	54	284	3627252
3680	13416	671	54	284	3627262
3642	13416	270	54	284	3627282
25
3703	11366	20	58	286	3628166
3714	11366	77	58	286	3628176
3722	11366	144	58	286	3628186
3730	11366	225	58	286	3628196
3736	11374	299	58	286	3628216
3736	11382	387	58	286	3628236
3736	11388	408	58	286	3628246
3721	11388	428	57	286	3628256
3707	11388	449	57	286	3628266
3689	11388	462	57	286	3628276
3662	11376	489	57	286	3628286
3630	11353	513	57	286	3628296
3588	11323	525	57	286	3628306
3545	11288	577	57	286	3628316
3505	11249	588	57	286	3628326
3474	11208	614	58	286	3628336
3457	11170	628	58	286	3628346
3457	11130	642	58	286	3628356
3470	11090	645	58	286	3628366
3502	11055	650	58	286	3628376
3551	11022	653	59	287	3628386
3612	10995	641	59	287	3628396
3682	10981	597	59	289	3628406
3752	10981	504	59	289	3628416
3812	10981	90	58.5	290.5	3628436
25
4260	17040	131	51	275	3631466
4220	17048	198	51	275	3631476
4198	17048	211	51	275	3631486
4173	17048	277	51	275	3631496
4149	17054	358	52	275	3631506
4131	17054	416	52	275	3631516
4120	17054	488	52	275	3631556
4140	17054	560	52	275	3631566
4173	17054	588	52	275	3631576
4220	17054	608	52	275	3631586
4284	17066	625	53	275	3631596
4365	17066	645	53	275	3631606
4460	17075	653	53	275	3631616
4568	17075	660	53	274	3631626
4692	17081	666	53	274	3631636
4825	17081	672	53	273	3631646
4966	17081	680	53	271	3631656
5115	17090	682	52	271	3631666
5261	17090	690	52	270	3631676
5401	17090	693	52	270	3631686
5526	17090	693	52	269	3631696
5633	17090	688	52	267	3631706
5717	17083	647	52	265	3631716
5774	17083	522	52	264	3631726
5805	17076	138	52	261.5	3631746
32
4498	17018	80	50	278	3632322
4498	17031	113	50	280	3632332
4498	17037	173	50	280	3632342
4498	17044	257	50	280	3632352
4498	17051	325	51	280	3632372
4498	17060	397	51	280	3632412
4498	17052	414	51	280	3632422
4491	17041	431	52	280	3632432
4491	17022	446	52	280	3632442
4481	16996	450	52	280	3632452
4474	16961	465	52	280	3632462
4466	16919	481	52	280	3632472
4455	16871	497	52	280	3632482
4446	16822	510	52	280	3632492
4437	16773	534	52	280	3632502
4437	16730	530	51	280	3632512
4428	16696	548	51	280	3632522
4428	16670	561	51	280	3632532
4428	16652	582	51	280	3632542
4428	16640	613	51	280	3632552
4442	16631	655	51	280	3632562
4456	16631	673	51	279	3632572
4479	16631	686	51	279	3632582
4512	16631	697	51	277	3632592
4553	16631	701	51	276	3632602
4599	16640	700	51	276	3632612
4641	16640	697	50	275	3632622
4678	16648	681	50	274	3632632
4707	16648	658	50	272	3632642
4730	16648	568	50	271	3632652
4745	16642	435	50	271	3632662
4755	16642	67	50	270	3632682
16
4769	16826	190	48	270	3632858
4769	16844	231	48	269	3632868
4769	16852	285	48	269	3632878
4769	16858	411	49	268	3632908
4769	16849	468	49	268	3632918
4769	16831	502	49	268	3632928
4769	16804	526	50	268	3632938
4769	16771	544	50	268	3632948
4769	16732	568	50	266	3632958
4769	16689	581	50	266	3632968
4769	16646	599	50	265	3632978
4760	16606	602	50	265	3632988
4760	16575	604	50	265	3632998
4760	16551	605	50	265	3633008
4760	16536	612	50	265	3633018
4760	16527	406	50	265	3633078
36
4793	16875	324	49	265	3633182
4773	16868	430	49	265	3633202
4764	16868	600	49	265	3633222
4771	16868	623	49	265	3633232
4781	16868	621	49	265	3633242
4798	16868	627	49	265	3633252
4821	16868	638	49	265	3633262
4850	16854	646	49	264	3633272
4884	16839	652	50	264	3633282
4921	16821	662	50	263	3633292
4963	16802	666	50	263	3633302
5004	16782	667	50	263	3633312
5045	16762	671	50	263	3633322
5083	16741	673	50	263	3633332
5115	16722	672	50	263	3633342
5144	16704	673	50	263	3633352
5168	16687	673	50	263	3633362
5187	16672	672	50	263	3633372
5200	16656	673	50	263	3633382
5210	16643	671	50	263	3633392
5210	16632	666	50	263	3633402
5210	16622	660	50	263	3633412
5210	16614	660	49	263	3633422
5210	16603	663	49	263	3633432
5192	16590	666	49	263	3633442
5173	16574	670	49	263	3633452
5145	16557	669	49	263	3633462
5109	16541	670	49	263	3633472
5068	16526	673	49	263	3633482
5020	16511	677	49	263	3633492
4975	16498	677	49	263	3633502
4934	16487	675	49	263	3633512
4904	16480	677	49	263	3633522
4887	16480	667	49	263	3633532
4879	16480	549	49	263	3633552
4887	16480	107	49	263	3633572
31
5319	16685	38	50	263	3633738
5326	16691	153	50	263	3633748
5326	16704	275	50	263	3633768
5319	16714	364	50	263	3633778
5312	16714	399	50	263	3633788
5302	16714	439	50	263	3633798
5291	16714	465	50	263	3633808
5277	16714	486	50	263	3633818
5264	16706	497	50	263	3633828
5250	16694	528	50	263	3633838
5240	16680	550	50	263	3633848
5234	16662	563	50	263	3633858
5234	16644	569	50	263	3633868
5234	16626	571	50	263	3633878
5242	16609	571	50	263	3633888
5256	16595	577	50	263	3633898
5275	16585	582	50	263	3633908
5297	16585	585	50	263	3633918
5323	16578	585	50	263	3633928
5348	16585	582	50	263	3633938
5369	16596	581	50	263	3633948
5384	16614	580	50	263	3633958
5390	16634	580	50	263	3633968
5390	16658	583	50	263	3633978
5380	16681	576	50	263	3633988
5364	16703	582	50	263	3633998
5344	16721	574	50	263	3634008
5323	16731	556	50	263	3634018
5304	16731	505	50	263	3634028
5288	16731	374	50	263	3634038
5277	16716	44	50	263	3634058
19
5418	16661	33	51	265	3634610
5407	16667	144	51	265	3634630
5398	16676	433	51	265	3634690
5398	16682	565	51	265	3634700
5408	16682	575	51	265	3634710
5422	16682	589	51	264	3634720
5445	16682	603	51	264	3634730
5476	16682	606	51	263	3634740
5518	16682	627	51	263	3634750
5568	16690	636	51	263	3634760
5625	16690	654	51	263	3634770
5687	16690	665	51	261	3634780
5749	16690	674	51	261	3634790
5808	16690	677	50	260	3634800
5863	16690	678	50	260	3634810
5907	16696	678	50	260	3634820
5941	16696	674	50	259	3634830
5966	16696	664	50	259	3634840
5978	16696	298	49.25	257.5	3634880
11
5798	17077	48	50	258	3635544
5790	17077	142	50.5	257.5	3635564
5782	17077	261	51	257	3635624
5794	17077	356	51	257	3635634
5808	17077	410	51	257	3635644
5829	17077	417	51	257	3635654
5855	17077	446	51	257	3635664
5885	17077	448	51	257	3635674
5920	17077	446	51	257	3635684
5953	17077	403	51	257	3635694
5982	17077	79	51	257	3635714
21
4226	13761	66	49	272	3638526
4205	13761	116	49	272	3638536
4195	13761	142	49	272	3638546
4188	13779	302	49	272	3638576
4188	13786	372	49	272	3638586
4208	13786	430	49	272	3638596
4234	13796	457	49	272	3638606
4272	13796	496	49	272	3638616
4322	13796	517	49	272	3638626
4390	13796	542	49	272	3638636
4473	13796	552	49	272	3638646
4575	13796	557	49	272	3638656
4691	13803	567	49	272	3638666
4815	13811	569	49	271	3638676
4948	13818	568	48	271	3638686
5075	13825	573	48	270	3638696
5190	13825	573	48	270	3638706
5284	13825	570	48	270	3638716
5358	13825	551	48	269	3638726
5415	13825	504	48	269	3638736
5458	13825	184	48.5	268	3638756
31
4530	13755	74	49	270	3639142
4530	13775	101	49	270	3639152
4530	13783	140	49	270	3639162
4516	13790	249	49	270	3639172
4510	13790	304	49	270	3639192
4500	13790	350	49	271	3639202
4500	13783	385	49	271	3639212
4500	13769	395	49	272	3639222
4500	13751	401	49	272	3639232
4500	13727	431	49	272	3639242
4493	13701	440	49	272	3639252
4493	13674	444	49	272	3639262
4493	13645	456	49	272	3639272
4482	13613	473	49	272	3639282
4475	13578	476	49	273	3639292
4469	13544	481	49	273	3639302
4469	13513	490	49	275	3639312
4469	13492	496	49	275	3639322
4469	13478	504	49	275	3639332
4485	13467	533	49	275	3639342
4501	13461	538	49	275	3639352
4521	13461	549	49	273	3639362
4547	13454	555	49	273	3639372
4576	13454	568	48	272	3639382
4608	13454	575	48	272	3639392
4642	13454	579	48	271	3639402
4674	13454	579	48	271	3639412
4704	13454	580	48	270	3639422
4728	13454	568	48	270	3639432
4746	13454	520	48	270	3639442
4756	13454	239	48	268.667	3639472
18
4781	13620	220	49	265	3639630
4770	13632	258	49	265	3639640
4770	13638	335	49	265	3639650
4763	13638	398	48.5	265.5	3639670
4763	13632	460	48	266	3639680
4763	13618	488	48	266	3639690
4763	13598	501	48	266	3639700
4763	13572	517	48	266	3639710
4763	13541	545	48	266	3639720
4763	13505	560	48	266	3639730
4763	13466	576	48	266	3639740
4763	13424	580	48	266	3639750
4754	13387	581	48	264	3639760
4754	13352	587	48	264	3639770
4754	13325	587	48	263	3639780
4754	13305	588	49	263	3639790
4754	13291	513	49	263	3639830
4754	13315	50	49	263	3639850
35
4770	13621	174	49	263	3639934
4770	13629	286	49	263	3639944
4758	13629	413	48.5	263	3639964
4750	13636	543	48	263	3639994
4762	13636	565	48	263	3640004
4779	13629	582	48	263	3640014
4803	13620	592	47	264	3640024
4835	13608	602	47	264	3640034
4871	13594	605	47	264	3640044
4910	13577	619	47	264	3640054
4950	13560	622	47	264	3640064
4990	13543	624	47	264	3640074
5029	13527	626	47	264	3640084
5063	13512	625	47	264	3640094
5090	13498	621	47	264	3640104
5109	13487	615	47	264	3640114
5120	13475	612	47	264	3640124
5120	13465	613	47	264	3640134
5120	13454	611	47	264	3640144
5120	13446	605	47	264	3640154
5120	13437	606	47	264	3640164
5110	13423	606	47	264	3640174
5093	13406	607	47	264	3640184
5070	13384	605	47	264	3640194
5040	13360	607	47	264	3640204
5005	13335	606	48	263	3640214
4969	13312	607	48	263	3640224
4934	13289	608	48	263	3640234
4902	13272	608	48	263	3640244
4875	13257	612	48	262	3640254
4851	13250	612	49	262	3640264
4832	13250	611	49	261	3640274
4819	13242	603	49	261	3640284
4810	13242	531	50	260	3640314
4824	13251	106	50	260	3640334
32
5190	13446	33	50	260	3640482
5190	13477	82	50	260	3640492
5190	13492	152	49	261	3640502
5190	13508	273	49	261	3640512
5183	13520	368	49	261	3640522
5175	13529	446	49	262	3640532
5166	13529	501	49	262	3640542
5156	13539	544	49	263	3640552
5146	13539	566	49	263	3640562
5138	13539	572	49	263	3640572
5131	13532	573	49	263	3640582
5131	13524	585	49	263	3640592
5123	13511	590	48	263	3640602
5123	13494	592	48	263	3640612
5123	13474	597	48	263	3640622
5123	13452	594	48	263	3640632
5138	13432	597	48	263	3640642
5153	13409	598	48	263	3640652
5172	13392	599	48	263	3640662
5193	13380	602	48	263	3640672
5214	13374	601	48	263	3640682
5231	13374	603	48	263	3640692
5245	13384	600	48	263	3640702
5256	13400	602	48	263	3640712
5263	13420	600	48	263	3640722
5263	13442	612	48	263	3640732
5263	13464	612	49	263	3640742
5247	13479	612	49	263	3640752
5230	13490	612	49	262	3640762
5209	13490	593	49	262	3640772
5190	13490	536	49	261	3640782
5174	13490	177	49	261	3640802
22
5335	13437	72	50	263	3641158
5324	13437	200	50	263	3641168
5316	13437	266	50	263	3641178
5309	13437	338	50	263	3641188
5302	13437	432	50	263	3641208
5293	13437	505	50	263	3641218
5293	13444	562	50	263	3641238
5286	13444	609	49	263	3641268
5295	13444	644	49	263	3641278
5313	13444	673	49	263	3641288
5343	13444	696	49	263	3641298
5390	13444	732	49	263	3641308
5451	13444	743	49	263	3641318
5521	13444	760	48	262	3641328
5599	13455	772	48	262	3641338
5678	13463	788	48	261	3641348
5750	13471	794	48	261	3641358
5811	13480	796	48	260	3641368
5852	13480	788	48	260	3641378
5875	13488	753	47	259	3641388
5883	13488	575	47	259	3641408
5872	13488	38	47	258.5	3641428
18
5455	13790	16	50	263	3641810
5448	13800	37	50	263	3641820
5442	13800	102	50	263	3641830
5435	13828	174	50	263	3641840
5429	13828	217	50	264	3641850
5429	13836	266	50	264	3641860
5421	13836	399	50	265	3641910
5429	13836	505	50	265	3641920
5435	13836	529	50	265	3641930
5447	13827	549	50	265	3641940
5466	13827	572	50	265	3641950
5494	13815	590	50	265	3641960
5530	13815	595	50	264	3641970
5572	13806	596	50	264	3641980
5619	13806	597	50	263	3641990
5668	13799	587	50	263	3642000
5712	13799	538	50	262	3642010
5748	13791	183	50	261	3642030
75
5728	13767	14	49	284	3652087
5721	13787	138	49	283.75	3652127
5715	13787	278	49	283	3652137
5715	13795	369	49	282	3652177
5715	13801	416	49	282	3652217
5725	13801	449	49	282	3652227
5737	13801	455	49	282	3652237
5754	13801	460	49	282	3652247
5776	13801	460	49	282	3652257
5804	13801	461	49	282	3652267
5835	13795	462	49	282	3652277
5867	13795	461	49	282	3652287
5901	13795	454	49	282	3652297
5934	13795	449	49	282	3652307
5965	13788	444	49	282	3652317
5992	13788	432	49	282	3652327
6016	13788	425	49	282	3652337
6036	13788	423	49	282	3652347
6053	13788	419	49	282	3652357
6065	13788	417	49	282	3652367
6075	13788	416	49	283	3652377
6075	13797	417	49	283	3652387
6083	13804	417	49	284	3652397
6083	13813	422	49	284	3652407
6083	13827	449	49	284	3652417
6083	13843	455	49	284	3652427
6083	13863	466	49	284	3652437
6083	13887	484	50	285	3652447
6075	13914	512	50	285	3652457
6075	13946	536	50	285	3652467
6067	13985	547	50	285	3652477
6060	14032	565	50	285	3652487
6053	14088	577	50	285	3652497
6053	14154	599	50	285	3652507
6045	14221	611	50	285	3652517
6045	14286	624	50	285	3652527
6045	14346	644	50	285	3652537
6045	14397	666	49	284	3652547
6045	14441	674	49	284	3652557
6045	14480	679	49	284	3652567
6045	14514	684	49	284	3652576
6039	14545	693	48	284	3652586
6039	14573	694	48	284	3652596
6039	14600	695	48	284	3652606
6039	14623	696	47	283	3652616
6030	14643	702	47	283	3652626
6030	14659	715	47	283	3652636
6022	14671	725	47	283	3652646
6022	14679	738	46	283	3652666
6022	14688	747	45.5	282.5	3652686
6022	14699	748	45	282	3652696
6015	14710	749	45	282	3652706
6015	14722	750	45	282	3652716
6015	14737	750	45	282	3652726
6015	14755	753	45	282	3652736
6015	14779	771	45	282	3652746
6015	14801	775	45	282	3652756
6015	14823	780	45	282	3652766
6015	14843	780	46	283	3652776
6015	14855	792	46	283	3652786
6005	14867	791	46	283	3652796
6005	14877	801	46	283	3652806
6005	14886	804	46	283	3652816
6005	14899	803	46	283	3652826
6005	14915	807	46	283	3652836
6005	14933	809	46	283	3652846
6012	14949	809	46	283	3652856
6012	14958	808	46	283	3652956
6022	14958	797	46	283	3652966
6044	14958	793	46	283	3652976
6080	14965	784	46	283	3652986
6133	14965	754	46	283	3652996
6194	14971	678	46	283	3653006
6253	14971	489	46	283	3653016
6301	14971	16	46	283	3653036
227
4237	11248	34	49	287	3654539
4224	11248	141	50	287	3654559
4214	11248	262	50	287	3654579
4214	11255	368	50.75	287.75	3654619
4221	11255	416	51	288	3654629
4230	11255	429	51	288	3654639
4243	11255	444	51	288	3654649
4260	11255	471	51	288	3654659
4278	11255	486	51	288	3654669
4300	11255	496	51	288	3654679
4321	11255	513	51	288	3654689
4345	11255	520	51	288	3654699
4370	11255	533	51	288	3654709
4398	11255	541	51	288	3654719
4431	11255	545	51	288	3654729
4468	11255	550	51	288	3654739
4504	11255	554	51	288	3654749
4543	11255	557	51	288	3654759
4581	11255	558	51	286	3654769
4620	11255	561	51	286	3654779
4659	11255	563	51	285	3654789
4697	11255	565	51	284	3654799
4733	11255	565	51	284	3654809
4768	11255	568	51	283	3654819
4802	11255	569	51	281	3654829
4836	11255	570	51	281	3654839
4872	11255	572	52	280	3654849
4911	11255	573	52	279	3654859
4949	11255	572	52	279	3654869
4985	11262	574	52	278	3654879
5022	11262	575	52	276	3654889
5056	11262	575	52	276	3654899
5089	11262	575	52	275	3654909
5122	11262	576	52	275	3654919
5152	11262	575	52	275	3654929
5181	11255	577	52	275	3654939
5208	11255	577	52	275	3654949
5236	11255	576	52	275	3654959
5265	11255	576	52	275	3654969
5293	11255	577	52	276	3654979
5323	11255	575	52	276	3654989
5352	11255	577	52	278	3654999
5381	11255	577	52	278	3655009
5410	11255	577	52	278	3655019
5439	11255	577	52	278	3655029
5470	11255	577	52	278	3655039
5502	11255	576	51	277	3655049
5534	11255	576	52	276	3655059
5565	11255	577	52	276	3655069
5598	11255	579	52	275	3655079
5633	11255	577	52	275	3655089
5669	11255	577	52	275	3655099
5704	11255	577	52	274	3655109
5738	11255	579	52	274	3655119
5772	11255	581	52	273	3655129
5808	11255	590	52	273	3655139
5847	11255	599	52	273	3655149
5888	11255	600	52	271	3655159
5927	11255	601	52	271	3655169
5966	11255	606	52	270	3655179
6003	11255	611	52	270	3655189
6040	11255	618	52	270	3655199
6079	11247	627	52	270	3655209
6119	11247	627	52	270	3655219
6164	11238	628	52	270	3655229
6210	11238	628	52	270	3655239
6256	11232	630	52	271	3655249
6305	11232	631	52	271	3655259
6348	11232	632	52	273	3655269
6390	11232	633	52	273	3655279
6428	11232	632	52	273	3655289
6458	11232	632	52	273	3655299
6483	11232	632	52	273	3655309
6502	11232	633	52	273	3655319
6516	11232	632	52	273	3655329
6526	11232	633	52	273	3655339
6533	11225	634	52	273	3655359
6541	11225	644	52	272.333	3655389
6549	11225	663	52	270.5	3655409
6549	11232	680	52	270	3655419
6555	11232	696	52	270	3655428
6555	11242	701	52	270	3655438
6555	11254	701	52	270	3655448
6555	11273	703	52	270	3655458
6555	11299	704	52	270	3655468
6555	11332	729	52	270	3655478
6555	11370	732	52	270	3655488
6540	11416	734	52	270	3655498
6525	11467	743	52	270	3655508
6510	11520	762	51	270	3655518
6491	11573	788	51	270	3655528
6476	11619	795	51	270	3655538
6464	11662	808	51	270	3655548
6452	11701	824	51	271	3655558
6444	11742	833	50	271	3655568
6437	11783	853	50	272	3655578
6437	11826	861	50	272	3655588
6430	11875	864	50	274	3655598
6430	11923	871	50	274	3655608
6430	11975	874	50	275	3655618
6430	12023	878	50	275	3655628
6430	12066	884	50	276	3655638
6430	12105	885	50	276	3655648
6430	12142	896	51	277	3655658
6430	12177	899	51	277	3655668
6430	12218	902	51	279	3655678
6430	12261	903	51	279	3655688
6430	12307	903	51	280	3655698
6430	12357	905	51	280	3655708
6430	12406	907	51	280	3655718
6430	12454	906	51	280	3655728
6430	12499	907	50	280	3655738
6430	12540	910	50	280	3655748
6430	12576	910	50	280	3655758
6430	12608	910	50	280	3655768
6430	12640	910	50	280	3655778
6420	12671	910	49	279	3655788
6420	12704	912	49	279	3655798
6420	12740	912	49	279	3655808
6420	12777	912	48	279	3655818
6420	12819	910	48	279	3655828
6420	12862	908	48	280	3655838
6420	12907	909	48	280	3655848
6420	12952	911	47	281	3655858
6420	12994	907	47	281	3655868
6420	13035	909	48	280	3655878
6429	13076	910	48	280	3655888
6429	13116	908	48	279	3655898
6440	13155	910	48	279	3655908
6450	13195	907	48	279	3655918
6457	13237	906	48	279	3655928
6467	13280	905	48	279	3655938
6477	13321	907	48	279	3655948
6477	13362	908	48	279	3655958
6487	13395	908	48	279	3655968
6487	13425	912	48	278	3655978
6494	13453	911	48	278	3655988
6494	13482	912	47	276	3655998
6505	13511	912	47	276	3656008
6505	13541	913	47	276	3656018
6513	13571	913	46	276	3656028
6513	13600	913	46	275	3656038
6522	13628	914	46	275	3656048
6522	13658	915	45	274	3656058
6522	13688	917	45	274	3656068
6522	13717	918	45	274	3656078
6522	13744	917	44	274	3656088
6508	13771	917	44	274	3656098
6508	13798	918	45	274	3656108
6499	13826	918	45	274	3656118
6499	13856	919	45	274	3656128
6499	13883	920	45	274	3656138
6493	13912	920	46	274	3656148
6493	13942	925	46	274	3656158
6493	13969	925	46	274	3656168
6493	13996	928	47	274	3656178
6493	14022	932	47	274	3656188
6483	14047	932	47	274	3656198
6483	14073	933	48	274	3656208
6477	14100	934	48	274	3656218
6477	14126	935	48	274	3656228
6477	14152	938	48	274	3656238
6483	14178	937	48	274	3656248
6483	14202	941	48	274	3656258
6494	14225	941	48	274	3656268
6494	14251	940	48	274	3656278
6501	14274	940	48	274	3656288
6501	14298	941	48	274	3656298
6508	14320	944	48	274	3656308
6508	14337	948	48	274	3656318
6508	14356	949	47	274	3656328
6508	14374	950	47	274	3656338
6508	14396	950	47	274	3656348
6508	14418	949	46	274	3656358
6508	14442	954	46	274	3656368
6499	14462	954	46	274	3656378
6499	14484	954	45	274	3656388
6499	14506	954	45	274	3656398
6499	14528	956	45	274	3656408
6490	14550	956	44	274	3656418
6490	14573	956	44	274	3656428
6480	14594	957	44	274	3656438
6480	14617	956	44	274	3656448
6480	14638	956	44	274	3656458
6480	14660	956	44	274	3656468
6480	14680	956	45	274	3656478
6480	14698	957	45	274	3656488
6480	14714	958	45	274	3656498
6480	14726	957	45	274	3656508
6480	14738	956	45	274	3656518
6480	14748	957	45	274	3656528
6480	14757	957	45	274	3656538
6480	14765	958	45	274	3656548
6487	14772	957	45	274	3656568
6487	14785	956	45	274	3656578
6487	14793	956	45	274	3656588
6495	14802	957	45	274	3656598
6495	14813	956	45	274	3656608
6495	14825	956	45	274	3656618
6501	14836	957	45	274	3656628
6501	14847	957	45	274	3656638
6501	14853	956	45	272.667	3656668
6501	14860	954	45	272	3656758
6501	14866	954	46	272	3656778
6501	14878	953	46	272	3656788
6501	14888	954	46	272	3656798
6501	14895	953	46	272	3656808
6501	14903	952	46	272	3656818
6501	14910	953	46	272	3656838
6501	14921	954	46	272	3656858
6501	14927	953	46	272	3656868
6501	14935	951	46	272	3656878
6508	14945	952	46	272	3656888
6508	14959	949	46	272	3656898
6508	14971	950	46	272	3656908
6508	14980	950	46	272	3656928
6508	14986	940	46	272	3657118
6516	14986	894	46	272	3657128
6525	14986	883	46	272	3657138
6541	14986	867	46	271	3657148
6567	14986	839	46	271	3657158
6597	14986	791	46	270	3657168
6628	14986	729	46	270	3657178
6657	14986	630	46	270	3657188
6686	14986	473	46	270	3657198
6717	14986	266	46	270	3657208
6750	14986	20	46	270	3657228
38
6332	14960	29	51	280	3658545
6324	14960	50	51	280	3658555
6316	14951	87	51	280	3658565
6310	14951	332	51	280	3658665
6310	14957	536	51	280	3658695
6317	14957	560	51	280	3658705
6325	14957	570	51	280	3658715
6334	14957	575	51	280	3658725
6344	14965	583	51	280	3658735
6356	14965	588	51	280	3658745
6368	14965	589	51	280	3658755
6383	14965	591	51	280	3658765
6398	14965	592	51	280	3658775
6414	14965	593	51	280	3658785
6431	14972	595	51	280	3658795
6447	14972	595	51	280	3658805
6463	14972	598	51	280	3658815
6479	14972	604	51	279	3658825
6495	14972	606	51	279	3658835
6511	14972	607	51	277	3658845
6528	14972	607	51	277	3658855
6544	14972	610	51	277	3658865
6560	14972	608	51	276	3658875
6576	14972	608	51	276	3658885
6594	14972	608	51	275	3658895
6611	14972	610	51	275	3658905
6627	14972	610	51	275	3658915
6644	14972	611	51	274	3658925
6660	14972	612	51	274	3658935
6676	14972	612	51	272	3658945
6690	14972	611	51	272	3658955
6703	14972	612	51	271	3658965
6714	14964	612	51	271	3658975
6725	14964	613	51	270	3658985
6736	14964	614	51	270	3658995
6745	14957	614	51	270	3659005
6753	14957	587	51	270	3659025
6763	14957	190	51	270	3659055
19
6704	14791	16	51	272	3659507
6690	14784	64	51	272	3659527
6681	14784	260	51	272	3659607
6681	14777	379	51	272	3659627
6692	14769	414	51	272	3659637
6704	14769	421	51	272	3659647
6718	14762	425	51	272	3659657
6733	14762	425	51	272	3659667
6748	14762	424	51	272	3659677
6760	14762	425	51	272	3659687
6767	14762	425	51	272	3659717
6767	14769	424	51	272	3659737
6756	14769	423	51	272	3659747
6746	14775	420	51	272	3659757
6733	14775	417	51	272	3659767
6717	14775	417	51	272	3659777
6701	14775	416	51	272	3659787
6687	14775	393	51	272	3659797
6676	14784	135	51	272	3659827
45
6788	15102	91	50	274	3660099
6781	15110	136	51	272	3660109
6773	15117	240	51	272	3660139
6773	15124	319	51.3333	272.333	3660169
6773	15117	381	52	273	3660179
6780	15110	431	52	273	3660189
6780	15101	448	52	273	3660199
6780	15090	469	52	273	3660209
6780	15079	471	52	273	3660219
6780	15068	472	52	273	3660229
6780	15055	485	52	273	3660239
6780	15040	498	52	273	3660249
6788	15025	500	52	273	3660259
6788	15010	520	52	273	3660269
6788	14994	526	52	273	3660279
6788	14980	536	52	273	3660289
6795	14964	548	52	273	3660299
6795	14947	563	52	273	3660309
6795	14930	572	52	273	3660319
6795	14911	582	52	273	3660329
6795	14892	590	52	273	3660339
6795	14875	592	52	273	3660349
6787	14857	595	52	273	3660359
6787	14838	602	52	273	3660369
6780	14820	606	52	273	3660379
6780	14802	608	52	273	3660389
6780	14787	611	52	273	3660399
6773	14774	614	51	272	3660409
6773	14763	616	51	272	3660419
6773	14754	616	51	272	3660429
6773	14743	616	51	272	3660439
6773	14733	620	51	272	3660449
6773	14722	623	51	272	3660459
6773	14710	623	51	272	3660469
6773	14697	622	51	272	3660479
6773	14686	626	51	272	3660489
6773	14675	629	51	272	3660499
6773	14664	629	51	272	3660509
6773	14653	629	51	272	3660519
6773	14642	629	51	272	3660529
6773	14632	636	51	272	3660539
6773	14622	638	51	272	3660549
6773	14612	637	51	272	3660559
6773	14605	632	50.5	272	3660579
6773	14598	364	50.4	272	3660629
69
6779	15106	10	51	272	3660883
6772	15106	246	51.875	270.25	3660963
6772	15100	439	52	270	3660983
6783	15100	468	52	270	3660993
6792	15100	486	52	270	3661003
6800	15100	504	52	270	3661013
6813	15100	515	52	270	3661023
6828	15100	518	52	270	3661033
6844	15100	522	52	270	3661043
6862	15092	531	52	270	3661053
6882	15092	541	52	270	3661063
6901	15085	544	52	270	3661073
6923	15085	546	52	270	3661083
6945	15072	545	52	270	3661093
6964	15066	548	52	270	3661103
6983	15057	548	52	270	3661113
6998	15048	548	52	270	3661123
7012	15039	550	52	270	3661133
7025	15028	553	52	270	3661143
7037	15019	553	52	270	3661153
7050	15009	552	51	270	3661163
7063	14997	552	51	270	3661173
7075	14986	552	51	270	3661183
7084	14977	554	51	270	3661193
7094	14966	556	51	270	3661203
7094	14955	555	51	270	3661213
7105	14945	557	51	270	3661223
7111	14934	555	51	270	3661233
7111	14922	557	51	270	3661243
7122	14909	563	51	270	3661253
7122	14896	565	51	270	3661263
7130	14882	567	51	270	3661273
7130	14866	573	50	270	3661283
7137	14851	574	50	270	3661293
7137	14834	582	50	270	3661303
7137	14817	582	50	270	3661313
7137	14802	587	50	270	3661323
7137	14785	591	50	270	3661333
7137	14772	589	50	270	3661343
7128	14762	591	50	270	3661353
7128	14753	593	50	270	3661363
7120	14743	596	50	270	3661373
7112	14731	599	50	270	3661383
7104	14720	600	50	270	3661393
7096	14712	601	50	270	3661403
7089	14704	601	50	270	3661413
7082	14704	604	49	270	3661423
7075	14692	606	49	270	3661433
7065	14684	615	49	270	3661443
7056	14676	618	49	270	3661453
7046	14669	617	49	270	3661463
7036	14663	618	49	270	3661473
7025	14656	621	49	270	3661483
7014	14656	621	49	270	3661493
7002	14646	621	49	270	3661503
6990	14646	622	49	270	3661513
6980	14637	625	49	270	3661523
6972	14637	628	49	270	3661533
6962	14637	632	50	270	3661543
6949	14631	637	50	270	3661553
6932	14631	642	50	270	3661563
6913	14631	645	50	270	3661573
6891	14631	646	50	270	3661583
6870	14622	649	50	270	3661593
6852	14622	649	50	270	3661603
6835	14622	649	50	270	3661613
6821	14614	646	50	270	3661623
6810	14614	630	50	270	3661633
6804	14614	325	50	270	3661673
41
7216	14881	31	50	270	3662133
7216	14888	114	50.3333	270	3662163
7216	14897	225	51	270	3662193
7210	14897	329	51	270	3662213
7200	14897	381	51	270	3662223
7194	14897	404	51	270	3662233
7187	14897	420	51	270	3662243
7181	14897	432	51	270	3662263
7169	14897	455	51	270	3662273
7162	14889	465	51	270	3662283
7155	14882	477	51	270	3662293
7147	14875	485	51	270	3662303
7147	14865	502	51	270	3662313
7137	14855	501	51	270	3662323
7137	14843	505	51	270	3662333
7137	14831	512	51	270	3662343
7137	14817	512	50	270	3662353
7137	14805	512	50	270	3662363
7137	14794	515	50	270	3662373
7145	14786	519	50	270	3662383
7156	14778	519	50	270	3662393
7171	14778	517	50	270	3662403
7189	14772	514	50	270	3662413
7207	14772	514	50	270	3662423
7223	14772	515	50	270	3662433
7238	14772	515	50	270	3662443
7250	14783	518	50	270	3662453
7261	14793	518	50	270	3662463
7272	14807	522	50	270	3662473
7279	14824	524	50	270	3662483
7286	14844	529	50	270	3662493
7286	14864	529	50	270	3662503
7286	14883	558	50	270	3662513
7286	14900	560	50	270	3662523
7274	14913	567	50	270	3662533
7261	14922	565	50	270	3662543
7245	14922	560	50	270	3662553
7228	14931	556	50	270	3662563
7207	14931	539	50	270	3662573
7187	14924	486	50	270	3662583
7172	14917	152	50	270	3662603
18
7287	14866	24	51	277	3664795
7287	14875	32	51	277	3664805
7297	14875	56	51	277	3664825
7304	14881	192	51	277	3664875
7295	14881	309	51	277	3664885
7295	14875	475	51	277	3664965
7307	14875	552	51	277	3664975
7317	14875	557	51	277	3664985
7332	14875	561	51	277	3664995
7351	14875	568	51	277	3665005
7378	14875	570	51	277	3665015
7410	14875	570	51	277	3665025
7444	14875	569	51	277	3665035
7479	14875	569	51	277	3665045
7508	14875	566	51	276	3665055
7532	14875	543	51	276	3665065
7551	14875	465	51	275	3665075
7564	14875	112	51	275	3665095
238
5985	16792	4	68	0	3666699
5975	16792	81	68	0	3666709
5965	16792	183	68	0	3666739
5958	16792	477	68	44.75	3666899
5966	16792	587	68	358	3666909
5972	16792	595	68	358	3666919
5982	16792	596	68	358	3666929
5996	16792	601	68	358	3666939
6015	16792	604	68	358	3666949
6037	16802	604	68	358	3666959
6063	16802	605	68	358	3666969
6092	16802	606	68	358	3666979
6122	16811	606	68	358	3666989
6151	16811	607	68	358	3666999
6181	16817	607	69	357	3667009
6210	16817	610	69	357	3667019
6240	16825	612	70	357	3667029
6271	16825	613	70	357	3667039
6301	16835	614	70	357	3667049
6331	16835	617	70	357	3667059
6360	16835	620	70	357	3667069
6389	16835	622	70	357	3667079
6417	16835	625	70	357	3667089
6443	16835	633	70	357	3667099
6470	16826	638	70	357	3667109
6497	16826	646	70	357	3667119
6523	16817	651	70	357	3667129
6548	16817	661	70	357	3667139
6572	16817	668	70	357	3667149
6596	16810	672	70	357	3667159
6618	16810	675	70	357	3667169
6642	16810	683	71	357	3667179
6665	16810	687	71	357	3667189
6689	16810	693	72	357	3667199
6713	16810	698	72	357	3667209
6736	16810	701	72	357	3667219
6760	16810	703	72	357	3667229
6780	16803	705	72	357	3667239
6795	16803	706	72	357	3667249
6812	16803	707	72	357	3667259
6827	16803	712	72	357	3667269
6844	16803	715	72	357	3667279
6863	16803	716	72	357	3667289
6879	16803	717	72	357	3667299
6894	16803	721	72	357	3667309
6909	16803	720	72	357	3667319
6925	16803	721	72	357	3667329
6943	16803	721	73	357	3667339
6963	16803	723	73	357	3667349
6985	16803	723	74	357	3667359
7005	16810	721	74	357	3667369
7027	16810	724	74	357	3667379
7047	16810	723	74	357	3667389
7064	16810	724	74	357	3667399
7080	16810	725	74	357	3667409
7094	16810	724	74	357	3667419
7110	16810	721	74	357	3667429
7125	16810	724	74	357	3667439
7140	16810	725	74	357	3667449
7155	16810	725	74	357	3667459
7168	16810	725	74	357	3667469
7179	16810	724	74	357	3667479
7190	16810	726	74	357	3667489
7202	16802	725	74	357	3667499
7217	16802	726	74	357	3667509
7234	16795	724	74	357	3667519
7253	16795	723	74	357	3667529
7273	16795	720	74	357	3667539
7291	16795	718	74	357	3667549
7309	16795	715	75	356	3667559
7323	16795	712	75	356	3667569
7335	16788	711	76	356	3667579
7346	16788	710	76	356	3667589
7354	16788	708	76	356	3667599
7363	16788	707	76	356	3667609
7369	16788	708	76	356	3667629
7376	16788	710	76	356	3667669
7376	16781	721	76	356	3667699
7376	16770	730	76	356	3667709
7376	16762	735	76	356	3667719
7376	16748	739	76	356	3667729
7369	16733	736	76	356	3667739
7369	16714	738	76	356	3667749
7369	16693	741	76	356	3667759
7360	16673	741	76	356	3667769
7360	16649	745	76	356	3667779
7351	16627	752	76	356	3667789
7351	16605	755	76	356	3667799
7345	16586	758	76	0	3667809
7345	16566	761	76	0	3667819
7345	16546	767	76	0	3667829
7345	16525	772	76	0	3667839
7345	16502	783	76	0	3667849
7345	16482	788	76	0	3667859
7345	16464	796	76	0	3667869
7345	16447	801	76	0	3667879
7345	16428	801	76	0	3667889
7345	16409	806	76	0	3667899
7345	16391	809	76	0	3667909
7345	16370	809	76	0	3667919
7345	16353	812	76	0	3667929
7345	16333	814	76	0	3667939
7345	16315	817	76	4	3667949
7345	16297	818	76	4	3667959
7345	16276	822	76	4	3667969
7345	16257	823	76	4	3667979
7345	16241	825	76	4	3667989
7345	16224	824	76	4	3667999
7345	16208	823	76	4	3668009
7345	16193	825	76	8	3668019
7345	16174	828	76	8	3668029
7345	16159	828	76	8	3668039
7345	16144	827	76	8	3668049
7345	16129	827	76	8	3668059
7338	16118	827	76	8	3668069
7338	16106	827	76	8	3668079
7338	16091	828	76	8	3668089
7338	16076	830	76	8	3668099
7338	16058	830	76	12	3668109
7338	16042	829	76	12	3668119
7332	16022	832	76	12	3668129
7332	16005	832	76	12	3668139
7332	15988	834	76	12	3668149
7332	15971	834	76	12	3668159
7332	15960	834	76	12	3668169
7325	15953	834	76	12	3668179
7325	15946	834	76	12	3668189
7325	15939	836	76	12	3668199
7325	15927	837	76	12	3668209
7325	15910	838	76	12	3668219
7325	15892	838	76	12	3668229
7325	15875	838	76	12	3668239
7325	15863	837	76	12	3668249
7325	15851	838	76	12	3668259
7325	15836	837	75	16	3668269
7317	15822	837	76	17	3668279
7317	15806	838	76	17	3668289
7317	15789	837	77	18	3668299
7310	15772	839	77	18	3668309
7310	15754	839	77	18	3668319
7310	15737	838	77	18	3668329
7310	15723	839	77	18	3668339
7310	15710	839	77	18	3668349
7310	15694	838	77	18	3668359
7304	15680	839	77	18	3668369
7304	15665	839	77	18	3668379
7304	15653	839	77	22	3668389
7304	15645	838	77	22	3668399
7297	15636	836	77	22	3668409
7297	15624	839	77	22	3668419
7297	15612	839	77	22	3668429
7297	15597	838	77	22	3668439
7297	15582	839	77	22	3668449
7297	15570	839	77	22	3668459
7297	15558	838	77	22	3668469
7297	15548	839	77	26	3668479
7297	15539	839	77	26	3668489
7297	15531	838	77	26	3668499
7297	15519	838	77	26	3668509
7297	15505	839	77	26	3668519
7297	15492	838	77	26	3668529
7297	15482	839	77	26	3668539
7297	15475	839	76	30	3668549
7297	15468	839	76	30	3668559
7297	15462	838	76	30	3668569
7297	15455	839	76	30	3668579
7297	15448	838	76	30	3668589
7297	15441	837	76	30	3668599
7297	15430	838	76	30	3668609
7297	15418	838	76	30	3668619
7297	15406	838	76	30	3668629
7297	15395	838	76	30	3668639
7297	15386	837	76	30	3668649
7297	15375	837	76	30	3668659
7297	15366	837	76	30	3668669
7297	15356	838	76	30	3668679
7297	15345	837	76	33	3668689
7297	15337	837	76	33	3668699
7297	15327	832	76	33	3668709
7297	15314	834	76	33	3668719
7297	15304	834	76	33	3668729
7297	15295	833	76	33	3668739
7297	15288	833	76	33	3668759
7297	15280	833	76	33	3668779
7297	15273	833	76	33	3668809
7297	15266	833	76	33	3668849
7297	15257	833	76	33	3668869
7297	15249	832	76	33	3668879
7297	15241	832	76	33	3668889
7297	15234	832	76	33	3668899
7297	15225	831	76	33	3668919
7297	15214	832	76	33	3668939
7297	15207	833	77	36	3668959
7297	15201	832	77	42	3668979
7297	15189	832	77	42	3668989
7290	15181	831	77	42	3669009
7290	15173	830	77	42	3669109
7299	15173	833	77	42	3669119
7306	15173	836	77	42	3669129
7317	15181	837	77	42	3669139
7329	15181	837	77	42	3669149
7342	15188	837	77	42	3669159
7353	15188	837	77	42	3669169
7363	15188	836	77	42	3669179
7371	15188	836	77	42	3669189
7379	15181	837	77	42	3669199
7386	15181	837	77	42	3669209
7394	15181	836	77	42	3669219
7402	15181	837	77	42	3669229
7410	15175	838	77	42	3669239
7419	15175	837	77	42	3669249
7427	15175	838	77	42	3669259
7437	15175	837	77	42	3669269
7446	15175	837	77	42	3669279
7455	15175	838	77	42	3669289
7464	15167	838	77	42	3669299
7474	15167	839	77	42	3669309
7482	15167	838	77	42	3669319
7489	15167	838	77	42	3669329
7489	15161	839	77	39	3669349
7497	15161	838	77	39	3669369
7503	15161	839	77	39	3669379
7510	15161	840	77	39	3669389
7518	15161	839	78	35	3669399
7526	15161	839	78	35	3669409
7534	15161	839	78	35	3669419
7542	15161	840	78	35	3669429
7549	15161	839	78	35	3669439
7559	15167	839	78	35	3669449
7567	15167	840	78	35	3669459
7575	15167	840	78	35	3669469
7583	15167	839	78	35	3669489
7594	15167	839	77.6667	36.3333	3669519
7603	15167	838	77	39.5	3669579
7609	15167	835	77	42	3669618
7617	15167	796	77	42	3669648
7617	15174	612	77	42	3669658
7617	15182	125	77	42	3669678
16
7556	14872	58	50	280	3671015
7541	14872	107	50	280	3671025
7534	14872	159	50	280	3671035
7528	14872	211	50	280	3671055
7518	14872	340	50	280	3671115
7518	14879	503	49.625	281	3671195
7530	14879	521	49	282	3671205
7542	14887	521	50	281	3671215
7557	14887	521	50	281	3671225
7575	14887	520	50	280	3671235
7591	14887	518	50	280	3671245
7606	14880	509	50	280	3671255
7620	14880	470	50	280	3671265
7628	14880	406	50	280	3671275
7628	14873	275	50	280	3671285
7636	14873	0	50	280	3671305
54
7612	15267	30	46	282	3671551
7586	15283	34	47	281	3671561
7574	15283	42	47	281	3671571
7562	15283	55	47	281	3671581
7554	15283	76	47	281	3671591
7547	15283	158	47.5	280.5	3671611
7540	15283	392	48	279.143	3671681
7546	15283	490	48	279	3671691
7553	15272	534	48	279	3671701
7560	15266	538	48	279	3671711
7571	15256	553	48	279	3671721
7581	15245	560	48	279	3671731
7594	15234	560	48	279	3671741
7608	15220	564	48	279	3671751
7624	15205	564	48	279	3671761
7642	15187	567	48	279	3671771
7660	15168	568	49	279	3671781
7677	15148	569	49	279	3671791
7692	15128	572	49	279	3671801
7705	15107	572	49	279	3671811
7714	15086	572	49	279	3671821
7721	15064	573	50	280	3671831
7721	15041	574	50	280	3671841
7730	15017	576	50	280	3671851
7730	14994	576	50	280	3671861
7738	14968	576	50	280	3671871
7738	14944	577	51	280	3671881
7744	14922	578	51	280	3671891
7744	14896	582	51	280	3671901
7744	14872	581	51	280	3671911
7744	14849	580	51	280	3671921
7744	14825	583	51	280	3671931
7744	14802	583	51	280	3671941
7738	14781	587	51	280	3671951
7738	14760	587	50	280	3671961
7729	14742	589	50	280	3671971
7729	14724	590	50	280	3671981
7715	14705	595	50	280	3671991
7706	14687	597	50	280	3672001
7695	14670	598	50	280	3672011
7685	14657	600	50	280	3672021
7678	14647	601	50	280	3672031
7670	14640	603	50	280	3672041
7662	14634	613	50	280	3672051
7650	14627	614	50	280	3672061
7635	14620	615	50	280	3672071
7618	14611	616	50	280	3672081
7598	14604	619	50	280	3672091
7578	14596	620	50	280	3672101
7560	14590	619	50	280	3672111
7542	14590	619	50	280	3672121
7530	14581	615	50	280	3672131
7522	14581	544	50	280	3672151
7515	14581	31	50	280	3672171
41
7590	15291	43	47	279	3672531
7583	15299	128	47	279	3672551
7572	15299	235	47	279	3672571
7563	15299	315	47	279	3672581
7563	15306	434	47.1667	279	3672641
7570	15306	534	48	279	3672651
7579	15306	556	48	278	3672661
7590	15306	566	48	278	3672671
7605	15306	586	47	276	3672681
7622	15306	598	47	276	3672691
7639	15306	608	47	276	3672701
7662	15306	615	47	276	3672711
7684	15306	620	47	276	3672721
7710	15297	623	47	276	3672731
7736	15297	626	47	276	3672741
7760	15283	625	47	276	3672751
7785	15275	626	47	276	3672761
7809	15265	628	47	276	3672771
7833	15252	627	47	276	3672781
7858	15237	628	47	276	3672791
7882	15220	628	47	276	3672801
7906	15201	629	47	276	3672811
7931	15183	632	47	276	3672821
7955	15165	638	48	277	3672831
7980	15148	639	48	277	3672841
8005	15134	640	48	277	3672851
8031	15118	643	48	277	3672861
8054	15103	644	49	277	3672871
8076	15088	647	49	277	3672881
8099	15073	655	49	277	3672891
8118	15057	662	49	277	3672901
8138	15042	660	49	277	3672911
8155	15027	664	50	277	3672921
8170	15012	665	50	277	3672931
8186	14995	667	50	277	3672941
8201	14978	670	50	277	3672951
8216	14960	670	50	277	3672961
8229	14945	671	50	277	3672971
8239	14933	671	50	277	3672981
8246	14924	669	50	277	3673001
8246	14917	356	49.2	277	3673051
44
7549	14544	64	48	278	3673483
7540	14544	100	48	278	3673493
7540	14554	247	48	277	3673523
7548	14562	334	48	277	3673533
7558	14562	376	48	277	3673543
7571	14562	423	48	277	3673553
7588	14562	460	48	277	3673563
7608	14562	485	48	277	3673573
7631	14562	515	48	277	3673583
7654	14570	533	48	276	3673593
7680	14570	546	47	275	3673603
7707	14570	560	47	274	3673613
7736	14570	577	47	274	3673623
7768	14570	591	47	274	3673633
7801	14577	604	47	274	3673643
7836	14577	614	47	274	3673653
7871	14589	619	47	274	3673663
7903	14596	657	47	274	3673673
7931	14606	665	47	274	3673683
7957	14617	667	47	274	3673693
7980	14628	673	47	274	3673703
8003	14640	675	47	274	3673713
8026	14653	681	47	274	3673723
8050	14667	683	47	274	3673733
8074	14682	686	47	274	3673743
8100	14697	686	47	274	3673753
8127	14715	686	47	274	3673763
8150	14732	684	47	274	3673773
8173	14749	683	47	274	3673783
8190	14762	687	47	274	3673793
8204	14773	686	47	274	3673803
8215	14783	683	47	274	3673813
8225	14791	686	47	274	3673823
8237	14800	686	47	274	3673833
8250	14809	688	47	274	3673843
8264	14817	687	47	274	3673853
8275	14826	688	47	274	3673863
8284	14833	690	47	274	3673873
8293	14843	689	47	274	3673883
8299	14851	692	47	274	3673893
8299	14861	690	47	274	3673903
8307	14870	681	47	274	3673913
8307	14877	621	47.5	274	3673933
8307	14888	164	48	274	3673953
19
8277	14884	33	49	277	3674663
8267	14884	116	49	277	3674683
8260	14892	379	49	277	3674753
8266	14899	551	49	277	3674763
8273	14899	569	49	276	3674773
8284	14899	607	49	276	3674783
8301	14899	627	49	275	3674793
8323	14899	629	49	275	3674803
8354	14899	632	49	275	3674813
8391	14899	634	48	274	3674823
8437	14899	643	48	273	3674833
8487	14892	645	48	273	3674843
8538	14892	644	48	272	3674853
8585	14886	647	48	271	3674863
8624	14886	649	48	271	3674873
8652	14886	647	48	270	3674883
8670	14886	644	48	270	3674893
8679	14886	631	48	269	3674903
8685	14886	326	47.3333	268	3674933
147
5951	13530	26	60.5	341	3682150
5951	13524	85	60	340	3682160
5944	13524	117	60	340	3682170
5944	13516	236	60	340	3682280
5938	13516	389	60.8	341.6	3682330
5938	13524	422	61	342	3682340
5938	13534	437	61	342	3682350
5938	13547	448	61	342	3682360
5938	13561	449	61	342	3682370
5945	13576	464	61	342	3682380
5945	13589	467	61	342	3682390
5945	13602	471	61	342	3682400
5945	13617	479	61	342	3682410
5945	13632	480	61	342	3682420
5945	13652	484	61	342	3682430
5945	13674	485	61	342	3682440
5945	13698	486	61	342	3682450
5939	13722	496	61	342	3682460
5939	13747	497	61	342	3682470
5939	13770	509	61	342	3682480
5929	13794	510	61	342	3682490
5929	13819	516	61	342	3682500
5929	13845	516	61	342	3682510
5921	13872	518	61	342	3682520
5921	13900	525	61	342	3682530
5914	13929	526	61	342	3682539
5914	13955	534	60	340	3682549
5904	13981	558	60	340	3682559
5904	14007	572	60	340	3682569
5896	14032	577	60	340	3682579
5896	14057	576	60	340	3682589
5896	14082	576	60	340	3682599
5896	14104	575	60	340	3682609
5890	14129	578	60	338	3682619
5890	14153	580	60	338	3682629
5890	14178	580	60	338	3682639
5890	14205	580	60	338	3682649
5890	14236	582	60	337	3682659
5890	14267	582	60	337	3682669
5890	14296	591	60	337	3682679
5890	14322	599	60	337	3682689
5882	14347	603	60	335	3682699
5882	14367	613	60	335	3682709
5882	14392	612	60	335	3682719
5882	14417	614	60	335	3682729
5882	14442	614	59	333	3682739
5882	14472	614	59	333	3682749
5882	14497	613	59	333	3682759
5882	14523	614	59	333	3682769
5882	14547	614	59	332	3682779
5882	14571	613	59	332	3682789
5882	14594	614	59	332	3682799
5882	14617	619	59	332	3682809
5882	14638	621	59	332	3682819
5882	14663	623	59	332	3682829
5882	14687	633	59	332	3682839
5873	14711	638	59	332	3682849
5873	14736	642	59	332	3682859
5873	14757	644	59	332	3682869
5873	14779	651	59	332	3682879
5873	14801	652	59	332	3682889
5873	14824	651	59	332	3682899
5873	14847	653	59	332	3682909
5873	14870	651	59	332	3682919
5873	14892	656	59	332	3682929
5880	14914	652	59	332	3682939
5880	14935	658	59	332	3682949
5880	14954	655	59	332	3682959
5880	14972	661	59	332	3682969
5880	14989	663	59	332	3682979
5873	15009	663	59	332	3682989
5873	15027	664	59	332	3682999
5873	15049	664	58	330	3683009
5873	15072	663	58	330	3683019
5873	15095	665	58	330	3683029
5866	15117	665	58	330	3683039
5866	15138	668	58	330	3683049
5866	15160	672	58	330	3683059
5866	15179	677	58	330	3683069
5866	15200	681	58	330	3683079
5866	15222	685	58	330	3683089
5866	15242	690	58	330	3683099
5859	15264	698	58	329	3683109
5859	15287	703	58	329	3683119
5852	15309	717	58	329	3683129
5852	15332	721	58	329	3683139
5852	15357	724	58	329	3683149
5846	15379	724	58	329	3683159
5846	15402	726	58	327	3683169
5846	15424	728	58	327	3683179
5846	15446	731	58	327	3683189
5852	15466	734	58	327	3683199
5852	15489	733	58	327	3683209
5852	15511	743	58	327	3683219
5852	15534	748	58	327	3683229
5852	15559	754	58	327	3683239
5846	15586	755	57	326	3683249
5846	15615	761	57	326	3683259
5846	15646	761	57	326	3683269
5846	15674	763	57	326	3683279
5846	15702	766	58	324	3683289
5846	15728	771	58	324	3683299
5846	15753	785	59	323	3683309
5838	15778	786	59	323	3683319
5838	15804	790	59	323	3683329
5827	15828	796	59	323	3683339
5820	15852	800	59	323	3683349
5813	15872	817	59	323	3683359
5813	15895	816	59	323	3683369
5804	15914	819	59	323	3683379
5804	15935	821	59	323	3683389
5804	15959	820	59	323	3683399
5804	15981	822	58	322	3683409
5804	15998	823	58	322	3683419
5804	16015	824	58	322	3683429
5804	16030	823	58	322	3683439
5804	16043	825	58	322	3683449
5804	16059	824	58	322	3683459
5804	16077	825	58	322	3683469
5804	16093	825	58	322	3683479
5804	16110	823	58	322	3683489
5804	16128	823	58	320	3683499
5796	16144	824	58	320	3683509
5796	16163	823	58	320	3683519
5796	16181	824	58	320	3683529
5790	16201	824	58	320	3683539
5790	16222	825	58	320	3683549
5790	16239	826	58	320	3683559
5790	16256	825	57	319	3683569
5782	16272	827	57	319	3683579
5782	16287	825	57	319	3683589
5782	16308	822	57	319	3683599
5782	16332	826	57	318	3683609
5782	16355	826	57	318	3683619
5775	16379	825	57	318	3683629
5775	16397	828	56	316	3683639
5775	16409	828	56	316	3683649
5769	16421	830	56	316	3683659
5769	16430	831	56	316	3683669
5769	16440	828	55	315	3683679
5769	16449	828	55	315	3683689
5769	16456	829	55	315	3683699
5775	16463	830	55	314.5	3683719
5775	16475	830	55	314	3683729
5783	16483	829	55	314	3683739
5783	16491	830	55	314	3683759
5783	16498	743	54.4	313.4	3683909
51
5818	16450	33	50	270	3684976
5806	16450	61	50	270	3684986
5797	16457	189	50	270	3685016
5797	16464	299	50	270	3685036
5790	16464	356	49.75	270	3685076
5780	16464	384	49	270	3685086
5780	16457	393	49	270	3685096
5774	16457	401	49	270	3685106
5774	16451	420	49	270	3685136
5786	16451	444	49	270	3685146
5798	16451	458	49	269	3685156
5818	16451	473	49	269	3685166
5844	16451	488	49	268	3685176
5878	16451	507	49	268	3685186
5918	16451	520	49	268	3685196
5967	16451	530	49	268	3685206
6021	16451	534	49	268	3685216
6079	16451	536	49	268	3685226
6139	16451	539	49	268	3685236
6197	16451	541	49	268	3685246
6256	16460	545	49	268	3685256
6315	16460	552	49	268	3685266
6376	16466	560	49	268	3685276
6438	16466	566	49	268	3685286
6499	16466	568	49	268	3685296
6562	16466	570	49	268	3685306
6625	16474	574	49	268	3685316
6689	16474	579	49	268	3685326
6758	16474	583	49	268	3685336
6832	16474	588	49	267	3685346
6911	16474	590	49	267	3685356
6995	16474	596	49	265	3685366
7079	16474	599	49	265	3685376
7162	16474	599	49	265	3685386
7243	16474	601	50	265	3685396
7320	16474	605	50	264	3685406
7395	16474	610	50	264	3685416
7468	16474	614	50	263	3685426
7532	16474	620	50	262	3685436
7596	16474	621	50	262	3685446
7656	16481	628	50	260	3685456
7715	16481	632	50	260	3685466
7772	16481	633	50	260	3685476
7827	16481	636	50	259	3685486
7882	16481	637	50	259	3685496
7940	16481	640	49	258	3685506
8001	16481	640	49	258	3685516
8063	16481	632	49	258	3685526
8118	16481	595	49	258	3685536
8160	16488	488	49	258	3685546
8186	16488	92	49	257	3685566
71
5886	17076	77	48	270	3686176
5869	17082	152	48	269	3686186
5860	17082	192	49	269	3686196
5852	17092	249	49	268	3686206
5845	17098	328	49	268	3686226
5837	17108	429	50	268	3686266
5849	17108	472	50	268	3686276
5862	17108	489	50	268	3686286
5883	17108	501	50	268	3686296
5912	17108	513	50	268	3686306
5948	17108	521	50	268	3686316
5990	17108	530	50	268	3686326
6038	17108	537	50	268	3686336
6088	17108	551	50	268	3686346
6139	17108	553	50	268	3686356
6190	17108	557	50	268	3686366
6239	17108	565	49	268	3686376
6289	17100	568	49	268	3686386
6341	17100	575	49	268	3686396
6394	17100	587	49	268	3686406
6452	17092	592	50	268	3686416
6509	17092	596	50	268	3686426
6564	17092	600	50	268	3686436
6618	17092	607	50	266	3686446
6671	17084	614	50	266	3686456
6722	17084	615	50	265	3686466
6776	17084	623	50	265	3686476
6829	17077	627	50	265	3686486
6884	17077	630	50	264	3686496
6940	17077	629	50	264	3686506
6994	17070	632	50	263	3686516
7047	17070	634	50	263	3686526
7096	17070	642	50	263	3686536
7144	17070	642	50	263	3686546
7189	17070	640	50	263	3686556
7231	17062	640	50	262	3686566
7273	17062	640	50	262	3686576
7310	17055	643	50	262	3686586
7350	17055	642	50	262	3686596
7392	17048	643	50	263	3686606
7436	17048	645	50	263	3686616
7482	17041	644	50	262	3686626
7527	17041	645	50	262	3686636
7570	17041	646	50	260	3686646
7611	17034	659	50	260	3686656
7650	17034	667	50	260	3686666
7690	17034	675	50	259	3686676
7726	17025	676	50	259	3686686
7763	17025	680	49	258	3686696
7802	17025	687	49	258	3686706
7843	17025	687	49	258	3686716
7888	17025	693	49	258	3686726
7934	17025	690	49	257	3686736
7976	17025	694	49	257	3686746
8016	17025	689	49	256	3686756
8054	17025	694	49	256	3686766
8087	17025	697	49	256	3686776
8118	17019	697	49	256	3686786
8145	17019	697	49	257	3686796
8166	17019	694	49	257	3686806
8183	17019	694	49	258	3686816
8196	17011	691	49	258	3686826
8207	17011	690	49	258	3686836
8220	17011	690	49	258	3686846
8239	17005	694	49	258	3686856
8265	17005	686	50	258	3686866
8294	17005	690	50	258	3686876
8325	16996	673	50	258	3686886
8355	16996	629	50	258	3686896
8377	16990	496	50	258	3686906
8392	16990	2	50	258	3686926
39
8221	16458	32	51	276	3687576
8221	16465	67	51	276	3687586
8221	16474	247	51	277	3687736
8221	16481	517	51	277	3687746
8215	16481	542	51	277	3687756
8215	16494	560	51	277	3687766
8215	16502	573	51	277	3687776
8215	16512	577	51	277	3687786
8215	16525	602	51	277	3687796
8215	16541	603	51	277	3687806
8215	16560	614	51	277	3687816
8221	16584	629	51	277	3687826
8221	16612	627	51	277	3687836
8221	16643	633	51	277	3687846
8228	16676	644	51	277	3687856
8228	16708	654	51	277	3687866
8228	16740	657	51	277	3687876
8228	16768	674	51	277	3687886
8228	16791	686	51	277	3687896
8235	16807	714	51	277	3687906
8235	16817	728	51	277	3687916
8235	16828	724	51	277	3687926
8235	16838	729	51	277	3687936
8227	16849	731	51	277	3687946
8227	16862	730	51	277	3687956
8227	16872	731	51	277	3687966
8227	16882	732	51	277	3687976
8227	16889	736	51	277	3687996
8227	16896	740	51	277	3688056
8236	16896	739	51	277	3688066
8248	16896	739	51	277	3688076
8264	16886	736	51	276	3688086
8285	16880	736	51	276	3688096
8313	16873	732	51	275	3688106
8348	16873	728	51	275	3688116
8387	16866	709	51	275	3688126
8426	16866	667	51	275	3688136
8456	16866	544	51	275	3688146
8473	16866	132	51	275	3688166
12
8349	16971	2	52	278	3688540
8340	16971	118	52	278	3688570
8340	16978	276	52	278	3688600
8340	16986	405	52	279.333	3688630
8347	16986	469	52	280	3688640
8355	16986	505	52	279	3688650
8367	16986	525	52	279	3688660
8384	16986	524	52	278	3688670
8405	16986	526	52	278	3688680
8429	16986	515	52	278	3688690
8451	16979	441	52	278	3688700
8470	16979	99	52	276	3688720
35
8481	17096	59	53	277	3690850
8481	17105	174	53	275	3690870
8481	17115	298	53	275	3690890
8481	17124	418	54	275	3690920
8481	17130	477	54	275	3690940
8488	17130	492	54	275	3690960
8488	17123	500	54	275	3690980
8488	17109	534	54	275	3690990
8488	17096	536	54	275	3691000
8480	17081	550	54	275	3691010
8480	17063	557	54	275	3691020
8474	17044	565	54	275	3691030
8474	17023	567	54	275	3691040
8474	17002	577	54	275	3691050
8474	16980	581	54	275	3691060
8467	16959	588	54	275	3691070
8467	16936	589	54	275	3691080
8460	16914	592	54	275	3691090
8460	16891	595	54	275	3691100
8460	16870	593	54	275	3691110
8460	16848	595	53	275	3691120
8460	16828	594	53	275	3691130
8460	16809	595	53	275	3691140
8460	16790	602	53	275	3691150
8460	16771	605	53	275	3691160
8460	16754	607	53	275	3691170
8460	16739	607	53	275	3691180
8460	16727	611	53	275	3691190
8460	16715	615	53	275	3691200
8454	16704	618	53	275	3691210
8454	16694	615	53	275	3691220
8454	16685	614	53	275	3691230
8446	16685	612	53	275	3691240
8446	16678	518	52	275	3691280
8446	16697	12	52	275	3691300
47
8497	17111	213	53	275	3691644
8490	17118	419	53.2	273.4	3691694
8498	17118	469	54	273	3691704
8505	17118	497	54	273	3691714
8518	17118	531	54	273	3691724
8534	17118	536	54	273	3691734
8552	17111	552	54	273	3691744
8573	17111	560	54	273	3691754
8595	17103	563	54	273	3691764
8616	17103	566	54	273	3691774
8637	17093	566	53	273	3691784
8656	17085	573	53	273	3691794
8675	17075	577	53	271	3691804
8694	17064	580	53	271	3691814
8715	17051	579	53	270	3691824
8733	17036	587	53	270	3691834
8752	17022	588	53	270	3691844
8767	17007	589	53	270	3691854
8778	16993	582	53	270	3691864
8787	16981	589	53	270	3691874
8793	16967	592	53	270	3691884
8793	16952	598	53	270	3691894
8803	16936	598	53	270	3691904
8803	16920	604	53	270	3691914
8803	16906	611	53	270	3691924
8803	16893	619	53	270	3691934
8803	16881	618	53	270	3691944
8803	16869	628	52	270	3691954
8793	16856	634	52	270	3691964
8785	16842	641	52	270	3691974
8772	16825	651	52	270	3691984
8753	16804	661	52	270	3691994
8733	16782	675	52	270	3692004
8712	16761	679	52	270	3692014
8691	16741	685	52	270	3692024
8675	16724	686	52	270	3692034
8658	16712	688	52	270	3692044
8644	16705	688	52	270	3692054
8624	16705	689	52	270	3692064
8598	16692	696	51	270	3692074
8568	16685	700	51	270	3692084
8532	16676	708	51	270	3692094
8493	16666	707	51	270	3692104
8457	16658	708	51	270	3692114
8424	16651	705	51	271	3692124
8399	16651	690	51	271	3692134
8384	16645	381	51	272.667	3692164
16
8817	16906	27	51	272	3695670
8817	16913	132	51	272	3695720
8817	16920	252	51	272	3695750
8810	16920	394	51	272	3695790
8810	16927	564	51	272	3695900
8821	16927	622	51	272	3695910
8838	16927	624	51	271	3695920
8867	16927	627	51	271	3695930
8909	16927	631	51	270	3695940
8957	16919	625	51	270	3695950
9003	16919	620	51	270	3695960
9045	16919	620	51	270	3695970
9079	16912	616	51	270	3695980
9103	16912	614	51	270	3695990
9120	16905	608	51	270	3696000
9130	16905	387	50.8571	270	3696070
10
6585	14892	75	67	12	3699072
6579	14892	52	67.375	13.875	3699152
6579	14885	65	67	15	3699212
6579	14892	34	67.25	15	3699252
6572	14892	37	68.75	15.75	3699292
6572	14885	30	69	16	3699312
6572	14878	56	69	16	3699362
6572	14871	77	69	19	3699382
6572	14864	55	69	19	3699402
6572	14856	0	69	19	3699422
5
6585	14892	2	69	19	3699452
6572	14847	36	69	19	3699462
6572	14839	71	69	19	3699492
6572	14831	107	69	17.4286	3699702
6572	14837	96	69	18.4545	3699812
244
6572	14832	1	69	19	3701008
6565	14832	89	69	19	3701108
6565	14825	257	69	19	3701138
6565	14818	332	69	19	3701238
6565	14826	357	69	19	3701258
6565	14834	364	69	19	3701278
6565	14846	367	69	19	3701288
6565	14853	364	69	19	3701308
6565	14862	357	69	21	3701328
6565	14868	359	69	21	3701338
6565	14875	362	69	21	3701348
6565	14883	365	69	21	3701358
6565	14892	370	69	21	3701368
6565	14902	373	69	21	3701378
6565	14911	374	69	21	3701388
6565	14920	375	69	21	3701398
6565	14926	379	69	21	3701408
6565	14933	381	69	21	3701428
6565	14943	383	69	21	3701448
6565	14954	385	69	19	3701468
6565	14968	388	69	19	3701478
6565	14975	406	69	19	3701498
6565	14986	433	69	19	3701518
6565	15001	439	69	19	3701528
6571	15012	437	69	19	3701538
6571	15024	441	69	19	3701548
6571	15033	445	69	19	3701558
6571	15042	448	69	19	3701568
6571	15049	449	69	19	3701578
6571	15057	449	69	19	3701588
6571	15065	449	69	19	3701598
6571	15075	449	69	19	3701608
6571	15086	449	69	19	3701618
6571	15097	452	69	19	3701628
6571	15110	456	69	19	3701638
6571	15122	458	69	16	3701648
6571	15135	465	68	15	3701658
6571	15148	469	68	15	3701668
6571	15158	479	67	15	3701678
6571	15168	479	67	15	3701688
6571	15178	479	67	15	3701698
6571	15190	480	67	15	3701708
6571	15205	481	67	15	3701718
6571	15220	481	67	15	3701728
6571	15235	481	67	15	3701738
6571	15250	484	67	15	3701748
6571	15262	490	67	15	3701758
6571	15273	493	67	15	3701768
6571	15285	494	67	15	3701778
6565	15296	496	67	15	3701788
6565	15307	496	67	15	3701798
6565	15319	496	67	15	3701808
6565	15330	498	67	15	3701818
6565	15342	500	67	15	3701828
6565	15352	501	68	15	3701838
6565	15362	505	68	15	3701848
6565	15374	508	68	15	3701858
6565	15384	519	68	15	3701868
6565	15396	521	68	15	3701878
6565	15408	525	68	15	3701888
6565	15419	527	68	15	3701898
6565	15433	529	69	16	3701908
6565	15446	529	69	14	3701918
6565	15457	532	69	14	3701928
6565	15469	532	69	14	3701938
6565	15480	533	69	14	3701948
6565	15492	534	69	14	3701958
6565	15506	533	69	14	3701968
6565	15520	533	69	14	3701978
6565	15535	533	69	14	3701988
6565	15550	537	70	11	3701998
6565	15564	544	70	11	3702008
6565	15577	544	70	11	3702018
6565	15588	545	70	11	3702028
6565	15600	546	70	11	3702038
6565	15615	545	70	11	3702048
6565	15628	545	70	11	3702058
6565	15644	545	70	11	3702068
6565	15662	545	70	8	3702078
6565	15678	549	70	8	3702088
6565	15698	548	70	8	3702098
6565	15717	551	70	8	3702108
6565	15733	561	69	8	3702118
6558	15750	560	69	8	3702128
6558	15764	564	68	7	3702138
6558	15777	565	68	7	3702148
6550	15792	566	68	5	3702158
6550	15805	565	68	5	3702168
6550	15819	566	68	5	3702178
6550	15835	568	68	5	3702188
6550	15850	569	68	5	3702198
6550	15867	568	68	5	3702208
6550	15884	570	68	5	3702218
6550	15902	570	68	5	3702228
6543	15920	569	68	5	3702238
6543	15936	570	68	5	3702248
6543	15951	571	68	2	3702258
6543	15966	567	68	2	3702268
6543	15980	561	68	2	3702278
6543	15995	553	68	2	3702288
6543	16010	552	68	2	3702298
6543	16025	552	68	2	3702308
6543	16039	553	68	2	3702318
6543	16054	557	68	2	3702328
6543	16070	557	68	2	3702338
6543	16087	562	68	2	3702348
6543	16104	564	68	2	3702358
6543	16121	563	68	2	3702368
6543	16138	565	68	0	3702378
6543	16157	568	68	0	3702388
6543	16175	570	68	0	3702398
6543	16194	575	68	0	3702408
6543	16213	578	68	0	3702418
6550	16233	581	68	0	3702428
6550	16252	588	68	2	3702438
6550	16268	589	68	2	3702448
6550	16284	593	68	2	3702458
6550	16301	596	68	2	3702468
6550	16318	599	68	2	3702478
6550	16336	603	68	2	3702488
6550	16354	603	68	2	3702498
6550	16370	613	68	2	3702508
6550	16384	617	68	2	3702518
6550	16399	620	68	2	3702528
6550	16412	625	68	2	3702538
6550	16425	633	68	2	3702548
6550	16438	637	68	2	3702558
6550	16451	640	68	2	3702568
6550	16466	640	68	2	3702578
6550	16483	642	68	2	3702588
6550	16501	644	68	0	3702598
6550	16520	647	68	0	3702608
6550	16537	649	68	0	3702618
6550	16554	649	68	0	3702628
6550	16570	653	68	0	3702638
6550	16586	656	68	0	3702648
6550	16606	655	68	0	3702658
6550	16625	658	68	0	3702668
6550	16646	660	68	0	3702678
6550	16665	659	68	0	3702688
6550	16681	659	68	0	3702698
6550	16695	657	68	0	3702708
6550	16707	657	68	0	3702718
6550	16719	657	68	0	3702728
6550	16735	656	68	0	3702738
6550	16751	655	68	0	3702748
6550	16769	659	68	0	3702758
6542	16789	670	68	0	3702768
6542	16806	680	68	0	3702778
6536	16823	693	68	0	3702788
6536	16838	715	68	358	3702798
6529	16852	709	68	358	3702808
6529	16866	715	68	358	3702818
6529	16880	716	68	358	3702828
6529	16893	717	68	358	3702838
6522	16904	721	68	358	3702848
6522	16916	725	68	358	3702858
6522	16928	731	68	358	3702868
6522	16944	729	68	358	3702878
6515	16961	734	68	358	3702888
6515	16980	733	68	358	3702898
6515	16999	735	68	358	3702908
6515	17018	740	68	358	3702918
6515	17036	738	68	358	3702928
6515	17052	738	68	358	3702938
6515	17068	736	68	358	3702948
6515	17082	733	68	358	3702958
6515	17096	733	68	358	3702968
6515	17110	731	68	358	3702978
6515	17123	742	68	358	3702988
6515	17141	739	67	358	3702998
6515	17160	746	67	358	3703008
6515	17178	750	66	358	3703018
6507	17197	754	66	356	3703028
6507	17210	761	66	356	3703038
6507	17226	762	66	358	3703048
6507	17241	761	66	358	3703058
6507	17256	765	66	358	3703068
6507	17272	770	66	358	3703078
6507	17284	772	66	358	3703088
6507	17296	778	66	358	3703098
6507	17309	781	66	358	3703108
6507	17321	785	66	358	3703118
6507	17335	785	66	358	3703128
6507	17351	786	66	358	3703138
6507	17368	791	66	358	3703148
6507	17386	795	66	358	3703158
6507	17403	797	66	358	3703168
6507	17415	799	66	358	3703178
6507	17426	800	66	356	3703188
6507	17437	800	66	356	3703198
6507	17445	800	66	356	3703208
6507	17453	802	66	356	3703218
6507	17461	801	66	356	3703228
6507	17470	803	66	356	3703238
6507	17477	809	66	356	3703248
6507	17485	816	66	356	3703258
6507	17493	817	66	356	3703268
6507	17503	817	66	356	3703278
6507	17516	816	66	356	3703288
6507	17527	818	66	356	3703298
6507	17538	817	66	356	3703308
6507	17550	817	66	356	3703318
6514	17561	818	66	356	3703328
6514	17573	818	66	356	3703338
6514	17583	818	66	356	3703348
6514	17592	822	66	356	3703358
6514	17604	823	66	356	3703368
6514	17615	827	66	356	3703378
6514	17628	829	66	356	3703388
6514	17643	831	66	356	3703398
6514	17657	833	66	356	3703408
6514	17671	837	66	356	3703418
6514	17682	837	66	356	3703428
6508	17693	836	66	356	3703438
6508	17700	839	66	356	3703448
6508	17707	838	66	356	3703468
6508	17717	838	66	356	3703488
6508	17727	839	66	356	3703498
6508	17735	837	66	356	3703508
6508	17742	838	66	356	3703518
6508	17751	839	66	356	3703528
6508	17760	840	66	356	3703538
6508	17769	839	66	353	3703548
6508	17778	839	66	353	3703558
6508	17786	847	66	353	3703568
6508	17794	850	66	356	3703578
6508	17801	848	66	356	3703588
6508	17810	850	66	356	3703598
6508	17818	851	66	356	3703608
6508	17828	851	66	356	3703618
6508	17835	851	66	356	3703628
6508	17842	850	66	356	3703648
6515	17851	851	66	356	3703668
6515	17862	853	66	356	3703678
6515	17870	853	66	356	3703688
6515	17877	853	66	356	3703698
6515	17885	854	66	356	3703708
6515	17891	857	66	356	3703728
6515	17901	856	66	354.5	3703748
6515	17911	859	66	353	3703768
6515	17919	864	66	353	3703888
6515	17925	851	66	353	3703998
6508	17911	105	66	353	3704018
91
6435	17895	30	49	280	3706078
6435	17907	121	49	282	3706098
6427	17907	194	49	282	3706108
6427	17897	237	49	282	3706118
6420	17897	286	49	282	3706138
6420	17891	393	49	282	3706208
6430	17891	435	49	282	3706218
6436	17891	441	49	282	3706228
6445	17891	456	49	282	3706238
6457	17891	468	49	282	3706248
6474	17891	486	49	282	3706258
6494	17891	497	49	280	3706268
6514	17891	504	49	280	3706278
6537	17891	515	49	279	3706288
6557	17891	522	49	278	3706298
6578	17891	527	49	278	3706308
6598	17891	526	49	277	3706318
6615	17891	529	49	277	3706328
6635	17891	527	49	276	3706338
6653	17891	526	49	276	3706348
6673	17883	529	49	275	3706358
6692	17883	529	49	273	3706368
6713	17883	528	48	273	3706378
6735	17875	531	48	272	3706388
6757	17875	531	48	272	3706398
6779	17875	534	48	271	3706408
6800	17866	532	48	271	3706418
6822	17866	537	48	270	3706428
6846	17866	536	48	270	3706438
6872	17857	539	48	270	3706448
6900	17857	542	48	270	3706458
6930	17848	543	48	270	3706468
6958	17848	544	48	270	3706478
6983	17839	544	48	270	3706488
7008	17839	550	47	270	3706498
7030	17831	549	47	270	3706508
7050	17831	548	47	270	3706518
7074	17824	548	47	270	3706528
7098	17824	549	47	270	3706538
7125	17824	550	47	270	3706548
7156	17816	549	47	271	3706558
7184	17816	549	47	271	3706568
7211	17808	548	47	272	3706578
7237	17808	547	47	272	3706588
7263	17800	546	47	272	3706598
7289	17800	549	47	272	3706608
7317	17793	549	47	272	3706618
7349	17793	551	47	272	3706628
7385	17793	548	47	272	3706638
7428	17793	549	47	272	3706648
7471	17793	554	47	272	3706658
7515	17793	551	47	271	3706668
7557	17786	554	47	271	3706678
7595	17786	556	47	270	3706688
7634	17786	556	47	270	3706698
7670	17786	558	47	270	3706708
7703	17786	557	47	270	3706718
7735	17780	556	47	269	3706728
7766	17780	557	47	269	3706738
7796	17780	558	47	268	3706748
7828	17780	561	47	268	3706758
7860	17780	560	47	268	3706768
7890	17780	560	47	268	3706778
7921	17773	557	47	267	3706788
7954	17773	560	47	267	3706798
7986	17773	561	47	266	3706808
8019	17766	563	47	266	3706818
8052	17766	563	47	267	3706828
8082	17766	560	47	267	3706838
8109	17758	560	47	268	3706848
8133	17758	561	47	268	3706858
8160	17758	563	47	268	3706868
8188	17758	564	47	268	3706878
8218	17751	564	47	268	3706888
8249	17751	563	47	268	3706898
8279	17744	563	47	268	3706908
8307	17744	564	47	268	3706918
8333	17738	564	47	268	3706928
8356	17738	562	47	268	3706938
8377	17738	562	47	268	3706948
8395	17738	561	47	268	3706958
8415	17738	557	48	268	3706968
8436	17738	555	48	268	3706978
8458	17731	551	48	267	3706988
8478	17731	542	48	267	3706998
8497	17731	538	48	266	3707008
8512	17731	528	48	266	3707018
8524	17722	506	48	264	3707028
8535	17722	471	48	264	3707038
8541	17711	403	48	263	3707048
8541	17705	115	48	263	3707068
81
8264	17061	37	52	323	3710294
8264	17054	86	52	323	3710324
8264	17046	130	52	323	3710344
8264	17038	239	52	323	3710404
8264	17045	326	52	323	3710424
8270	17054	336	52	323	3710434
8270	17062	340	52	323	3710444
8270	17071	339	52	323	3710454
8270	17084	340	52	323	3710464
8270	17101	347	52	323	3710474
8277	17120	348	52	323	3710484
8277	17141	350	52	323	3710494
8277	17162	350	52	323	3710504
8277	17185	352	52	323	3710514
8277	17207	353	52	323	3710524
8277	17229	352	52	322	3710534
8277	17249	352	52	322	3710544
8277	17268	357	52	322	3710554
8277	17286	358	52	322	3710564
8270	17305	357	52	322	3710574
8270	17323	358	51	321	3710584
8270	17341	359	51	321	3710594
8270	17359	362	51	321	3710604
8263	17373	362	51	321	3710614
8263	17386	364	51	320	3710624
8263	17397	365	51	320	3710634
8256	17410	365	51	320	3710644
8256	17421	366	51	320	3710654
8256	17435	366	51	320	3710664
8256	17441	367	51	320	3710674
8256	17455	382	51	320	3710684
8256	17469	384	51	320	3710694
8256	17482	390	51	320	3710704
8256	17501	393	50	318	3710714
8256	17512	401	50	318	3710724
8256	17519	417	50	318	3710734
8256	17526	425	50	318	3710744
8256	17533	425	50	318	3710754
8256	17543	425	50	318	3710764
8256	17553	429	50	318	3710774
8256	17564	432	50	318	3710784
8256	17574	433	50	318	3710794
8256	17582	433	50	318	3710804
8256	17590	443	50	318	3710814
8250	17590	457	50	318	3710824
8250	17600	463	50	318	3710844
8250	17606	470	50	318	3710874
8250	17615	484	50	318	3710954
8259	17615	489	50	317	3710964
8265	17615	490	50	317	3710974
8274	17615	492	50	317	3710984
8281	17615	495	50	317	3710994
8290	17621	502	50	317	3711004
8298	17621	502	50	317	3711014
8306	17621	512	50	317	3711024
8314	17621	510	50	317	3711034
8323	17621	514	50	317	3711044
8331	17621	514	50	317	3711054
8340	17628	518	50	317	3711064
8347	17628	518	50	317	3711074
8355	17628	519	50	317	3711094
8367	17628	519	50	317	3711114
8376	17628	526	50	317	3711134
8385	17628	526	50	316	3711164
8394	17628	528	50	314	3711184
8406	17635	529	50	314	3711194
8413	17635	528	50	314	3711204
8420	17635	528	50	314	3711224
8431	17635	528	50	314	3711234
8438	17635	529	50	314	3711254
8449	17635	529	50	314	3711264
8456	17635	531	50	314	3711284
8468	17635	527	51	313	3711294
8475	17635	528	51	313	3711304
8481	17635	527	51	312	3711324
8493	17635	527	51	312	3711334
8500	17635	526	51	312	3711354
8512	17635	527	51	312	3711364
8519	17635	524	51	312	3711384
8529	17635	486	51	312	3711404
8535	17635	120	51	312	3711434
34
8522	17891	8	50	313	3711685
8514	17898	66	50.5	313	3711705
8507	17898	234	51	312.125	3711785
8507	17891	352	51	312	3711795
8501	17891	371	52	313	3711805
8501	17880	379	52	313	3711815
8501	17871	390	52	313	3711825
8501	17861	392	52	313	3711835
8501	17852	392	52	313	3711845
8501	17841	396	52	313	3711855
8501	17827	417	52	313	3711865
8501	17812	431	52	313	3711875
8501	17794	439	52	313	3711885
8501	17775	448	52	313	3711895
8501	17757	455	52	313	3711905
8501	17739	456	52	313	3711914
8501	17721	471	52	313	3711924
8507	17702	497	52	313	3711934
8507	17684	502	52	313	3711944
8507	17666	513	52	313	3711954
8515	17650	519	52	313	3711964
8515	17636	528	52	313	3711974
8521	17623	533	52	313	3711984
8521	17612	533	52	313	3711994
8521	17601	539	52	313	3712004
8521	17591	540	52	313	3712014
8521	17584	542	52	313	3712034
8521	17575	550	52	313	3712054
8521	17561	568	52	313	3712064
8521	17552	574	52	313	3712074
8521	17541	576	52	313	3712084
8521	17530	578	52	313	3712094
8521	17522	541	52	313	3712134
8521	17537	129	52	313	3712154
60
8507	17884	76	51	312	3712397
8498	17877	125	51	312	3712407
8487	17877	194	51	312	3712427
8479	17871	331	51	312	3712497
8487	17871	451	51	312	3712517
8499	17871	453	51	312	3712527
8507	17871	459	51	312	3712537
8517	17871	457	51	312	3712547
8529	17871	461	51	312	3712557
8542	17871	464	51	312	3712567
8556	17871	471	51	312	3712577
8570	17871	476	51	312	3712587
8582	17864	481	51	312	3712597
8595	17864	485	51	312	3712607
8606	17864	486	51	312	3712617
8617	17855	488	51	312	3712627
8628	17855	489	51	312	3712637
8639	17846	489	51	312	3712647
8650	17846	493	51	312	3712657
8661	17832	494	51	312	3712667
8671	17824	492	51	312	3712677
8681	17816	493	51	310	3712687
8688	17809	493	51	310	3712697
8688	17802	497	51	310	3712706
8700	17796	498	51	310	3712716
8700	17786	505	51	310	3712726
8708	17777	510	51	310	3712736
8708	17768	515	51	310	3712746
8715	17757	518	51	310	3712756
8715	17747	518	51	310	3712766
8715	17736	524	51	310	3712776
8715	17723	529	51	310	3712786
8721	17711	533	51	310	3712796
8721	17699	537	51	310	3712806
8721	17687	549	51	310	3712816
8721	17676	554	51	310	3712826
8715	17662	569	51	310	3712836
8715	17645	572	51	310	3712846
8703	17629	578	51	310	3712856
8697	17614	588	51	310	3712866
8690	17599	594	51	310	3712876
8683	17586	612	51	310	3712886
8675	17573	614	51	310	3712896
8667	17561	624	51	310	3712906
8657	17548	630	51	310	3712916
8646	17536	652	51	310	3712926
8635	17525	665	51	310	3712936
8623	17516	682	51	310	3712946
8609	17507	687	51	310	3712956
8594	17500	689	51	310	3712966
8577	17500	703	51	310	3712976
8559	17488	709	51	310	3712986
8540	17488	712	51	310	3712996
8525	17482	717	51	310	3713006
8510	17482	716	51	310	3713016
8497	17482	704	51	310	3713026
8488	17482	690	51	310	3713036
8479	17482	638	51	310	3713046
8479	17488	495	51	310	3713056
8473	17495	78	51	310	3713076
44
8726	17689	107	51	310	3713539
8716	17689	211	51	310	3713549
8702	17689	283	51	310	3713569
8702	17696	339	51	310	3713599
8712	17696	382	51	310	3713619
8719	17696	410	51	310	3713639
8727	17696	424	51	310	3713649
8733	17696	447	51	310	3713659
8741	17696	457	51	310	3713669
8751	17696	469	51	310	3713679
8762	17689	477	51	310	3713689
8773	17689	496	51	310	3713699
8783	17689	514	51	310	3713709
8793	17689	522	51	310	3713719
8802	17689	527	51	310	3713729
8810	17682	526	51	310	3713739
8820	17682	529	51	310	3713749
8828	17682	534	51	310	3713759
8836	17682	536	51	310	3713769
8844	17682	536	51	310	3713779
8851	17682	534	51	310	3713789
8858	17682	534	51	310	3713799
8865	17682	536	51	310	3713809
8871	17682	538	51	310	3713819
8878	17682	538	51	310	3713829
8884	17682	538	51	310	3713839
8892	17676	541	51	310	3713849
8900	17676	538	51	310	3713859
8908	17676	538	51	310	3713869
8914	17676	540	51	310	3713879
8922	17676	540	50	309	3713889
8929	17676	541	50	309	3713899
8939	17676	542	50	309	3713909
8948	17676	541	50	309	3713919
8958	17676	542	50	309	3713929
8967	17676	538	50	309	3713939
8973	17676	539	50	309	3713949
8980	17676	541	50	309	3713969
8992	17676	541	50	309	3713989
9003	17676	540	50	309	3714009
9015	17676	537	50	309	3714018
9021	17676	531	50	309	3714028
9030	17667	490	50	309	3714038
9036	17660	169	51	310	3714058
127
6115	14981	29	50	355	3719103
6115	14973	214	50	355	3719253
6121	14980	343	50	355	3719263
6121	14990	374	50	355	3719273
6121	15004	382	50	355	3719283
6121	15022	385	50	355	3719293
6128	15040	405	50	355	3719303
6128	15057	417	50	355	3719313
6128	15076	428	50	355	3719323
6128	15098	440	50	355	3719333
6120	15117	457	50	355	3719343
6120	15140	461	50	355	3719353
6113	15162	477	50	355	3719363
6113	15181	493	50	355	3719373
6113	15206	504	50	355	3719383
6105	15232	512	50	354	3719393
6105	15259	514	50	354	3719403
6105	15291	516	50	353	3719413
6096	15321	523	50	353	3719423
6096	15351	531	50	353	3719433
6096	15381	534	50	352	3719443
6090	15413	539	50	352	3719453
6090	15442	548	50	352	3719463
6090	15474	550	50	350	3719473
6080	15504	553	50	350	3719483
6080	15536	556	50	350	3719493
6073	15569	557	50	349	3719503
6073	15600	558	50	349	3719513
6073	15631	560	50	349	3719523
6073	15658	561	50	349	3719533
6073	15685	563	50	349	3719543
6066	15709	565	50	349	3719553
6066	15736	566	50	349	3719563
6066	15764	568	50	349	3719573
6066	15794	574	50	349	3719583
6066	15826	575	50	349	3719593
6060	15859	577	50	349	3719603
6060	15893	576	50	349	3719613
6060	15928	578	50	349	3719623
6060	15965	576	50	349	3719633
6053	16000	581	50	349	3719643
6053	16032	581	50	349	3719653
6053	16061	583	50	349	3719663
6046	16088	588	50	349	3719673
6046	16115	591	50	349	3719683
6046	16147	592	50	349	3719693
6038	16182	594	50	349	3719703
6038	16220	597	49	348	3719713
6038	16260	601	49	348	3719723
6038	16297	603	49	347	3719733
6038	16333	611	49	347	3719743
6038	16366	613	49	346	3719753
6038	16400	615	49	346	3719763
6038	16430	618	49	346	3719773
6031	16461	623	49	345	3719783
6031	16496	625	49	345	3719793
6025	16529	623	49	345	3719803
6025	16568	625	49	343	3719813
6018	16605	625	49	343	3719823
6018	16641	624	49	343	3719833
6018	16674	627	49	343	3719843
6018	16707	626	49	343	3719853
6011	16741	627	49	343	3719863
6011	16775	629	49	343	3719873
6011	16810	628	49	343	3719883
6011	16842	628	49	343	3719893
6011	16875	627	49	343	3719903
6011	16907	628	49	343	3719913
6011	16939	630	49	343	3719923
6004	16971	630	49	343	3719933
6004	17000	630	49	343	3719943
6004	17027	630	49	343	3719953
6004	17056	634	49	343	3719963
6004	17085	636	49	343	3719973
6004	17118	630	49	343	3719983
6004	17153	630	49	343	3719993
6004	17186	632	49	342	3720003
6004	17218	632	49	342	3720013
6004	17246	632	48	341	3720023
6004	17271	634	48	341	3720033
6004	17293	632	48	341	3720043
6004	17319	634	48	340	3720053
6004	17347	636	48	340	3720063
6004	17377	638	48	339	3720073
5998	17406	641	48	339	3720083
5998	17435	639	48	339	3720093
5998	17463	641	48	338	3720103
5991	17490	641	48	338	3720113
5991	17520	642	48	338	3720123
5991	17547	649	48	337	3720133
5991	17572	647	48	337	3720143
5991	17598	649	48	337	3720153
5991	17625	643	48	337	3720163
5991	17656	645	48	337	3720173
5991	17690	647	48	337	3720183
5991	17720	645	48	337	3720193
5991	17749	650	48	337	3720203
5985	17771	650	48	337	3720213
5985	17794	650	48	337	3720223
5985	17816	649	48	337	3720233
5985	17838	650	48	337	3720243
5985	17865	653	48	337	3720253
5985	17890	656	48	337	3720263
5985	17921	653	48	337	3720273
5985	17960	658	48	337	3720283
5978	17994	663	48	337	3720293
5978	18026	674	48	336	3720303
5970	18050	689	48	336	3720313
5970	18066	697	49	335	3720323
5970	18085	702	49	335	3720333
5964	18102	703	49	335	3720343
5964	18119	703	49	334	3720353
5964	18136	705	49	334	3720363
5964	18148	704	49	334	3720373
5964	18160	706	49	333	3720383
5964	18170	708	49	333	3720393
5964	18179	712	48	331	3720403
5964	18192	714	48	331	3720413
5964	18205	715	48	330	3720423
5964	18219	715	48	330	3720433
5964	18232	722	48	329	3720443
5964	18241	724	48	329	3720453
5955	18248	724	47.5	328.5	3720473
5955	18255	716	47	328	3720493
5949	18255	648	47	327	3720512
5949	18247	565	47	327	3720522
5949	18229	149	47	327	3720542
128
5941	18187	36	48	281	3721785
5918	18187	55	48	281	3721795
5910	18187	86	48	281	3721805
5902	18187	190	48	281	3721825
5895	18187	339	48	281	3721865
5888	18187	489	48.5	279.667	3721925
5897	18193	525	48	279	3721935
5906	18193	529	48	279	3721945
5916	18193	537	48	279	3721955
5929	18203	539	48	279	3721965
5948	18203	538	47	279	3721975
5969	18203	541	47	279	3721985
5992	18209	541	46	278	3721995
6019	18209	549	46	278	3722005
6048	18209	554	46	278	3722015
6084	18209	566	46	278	3722025
6123	18218	574	46	278	3722035
6165	18218	576	46	278	3722045
6206	18218	577	46	278	3722055
6246	18218	576	46	278	3722065
6284	18218	579	46	278	3722075
6323	18218	581	46	278	3722085
6362	18210	583	46	278	3722095
6403	18210	587	46	278	3722105
6442	18200	591	46	278	3722115
6481	18200	591	46	278	3722125
6518	18192	595	46	278	3722135
6554	18192	597	46	277	3722145
6589	18192	596	46	277	3722155
6627	18192	599	46	276	3722165
6666	18192	601	46	276	3722175
6705	18186	602	47	276	3722185
6746	18186	605	47	275	3722195
6784	18186	606	47	275	3722205
6822	18186	608	47	274	3722215
6861	18179	611	47	274	3722225
6900	18179	613	47	274	3722235
6941	18179	613	47	273	3722245
6978	18173	615	47	273	3722255
7014	18173	616	47	272	3722265
7044	18165	615	47	272	3722275
7071	18165	618	47	272	3722285
7098	18159	615	48	272	3722295
7125	18159	626	48	272	3722305
7153	18152	629	48	272	3722315
7183	18152	630	48	272	3722325
7210	18152	634	48	272	3722335
7238	18152	632	48	272	3722345
7266	18152	634	48	272	3722355
7293	18152	634	48	273	3722365
7321	18152	636	48	273	3722375
7350	18159	638	48	274	3722385
7380	18159	639	48	274	3722395
7410	18159	643	48	274	3722405
7440	18159	645	49	275	3722415
7470	18159	646	49	275	3722425
7498	18159	645	49	275	3722435
7523	18159	645	49	273	3722445
7547	18159	642	49	273	3722455
7572	18159	650	49	272	3722465
7597	18159	650	49	272	3722475
7622	18159	651	49	272	3722485
7645	18159	652	49	272	3722495
7663	18159	649	49	271	3722505
7675	18151	650	49	271	3722515
7683	18151	649	49	270	3722525
7690	18151	646	49	270	3722545
7702	18151	649	49	270	3722555
7709	18145	650	49	270	3722565
7717	18145	651	49	269	3722575
7730	18138	653	49	269	3722585
7749	18138	655	49	268	3722595
7772	18131	656	49	268	3722605
7801	18131	656	49	268	3722615
7835	18131	659	49	268	3722625
7868	18123	660	49	268	3722635
7901	18123	658	50	268	3722645
7931	18123	657	50	269	3722655
7956	18123	659	50	269	3722665
7977	18116	658	50	270	3722675
7995	18116	661	50	270	3722685
8012	18116	660	50	270	3722695
8032	18108	660	50	270	3722705
8057	18108	659	51	270	3722715
8085	18101	659	51	270	3722725
8115	18101	658	51	270	3722735
8144	18094	659	51	270	3722745
8174	18094	663	51	270	3722755
8205	18094	665	51	270	3722765
8235	18086	664	52	270	3722775
8264	18086	664	52	270	3722785
8292	18086	670	52	270	3722795
8318	18078	666	52	270	3722805
8345	18078	672	52	270	3722815
8371	18078	672	52	270	3722825
8399	18078	675	52	270	3722835
8430	18078	676	52	269	3722845
8459	18078	677	52	269	3722855
8490	18078	677	52	267	3722865
8518	18078	677	52	267	3722875
8542	18078	679	52	267	3722885
8567	18071	682	52	266	3722895
8591	18071	686	52	266	3722905
8615	18071	687	52	265	3722915
8646	18063	683	52	265	3722925
8683	18063	687	52	265	3722935
8724	18056	690	52	264	3722945
8773	18056	692	52	264	3722955
8820	18045	694	52	262	3722965
8867	18045	696	52	262	3722975
8913	18036	695	52	262	3722985
8955	18036	695	53	262	3722995
8989	18036	696	53	262	3723005
9017	18028	701	53	262	3723015
9037	18028	699	53	262	3723025
9050	18028	699	53	262	3723035
9060	18028	699	53	262	3723045
9066	18028	700	53	263	3723055
9073	18028	698	53	263	3723065
9082	18028	698	53	265	3723075
9094	18022	697	53	265	3723085
9108	18022	697	53	265	3723095
9125	18022	698	53	265	3723105
9140	18022	695	53	265	3723115
9154	18022	695	53	265	3723125
9165	18022	664	53	265	3723145
9173	18022	569	53	265	3723155
9162	18015	117	53	265	3723175
71
9048	18191	220	51	300	3724451
9048	18199	367	51	300	3724491
9057	18199	425	51.5	300.5	3724511
9065	18199	464	52	301	3724521
9072	18199	478	52	301	3724531
9079	18189	517	52	301	3724541
9089	18182	520	52	301	3724551
9097	18175	525	52	301	3724561
9106	18164	537	52	301	3724571
9117	18153	542	52	301	3724581
9126	18138	551	52	301	3724591
9136	18121	555	52	301	3724601
9146	18101	565	52	301	3724611
9155	18082	574	52	301	3724621
9164	18057	588	53	302	3724631
9172	18036	594	53	302	3724641
9180	18013	602	53	302	3724651
9187	17991	606	53	302	3724661
9195	17970	614	53	303	3724671
9202	17945	620	53	303	3724681
9210	17919	626	53	303	3724691
9210	17890	631	53	303	3724701
9220	17859	632	54	304	3724711
9220	17830	634	54	304	3724721
9227	17797	638	54	304	3724731
9227	17762	643	54	304	3724741
9227	17726	648	54	304	3724751
9227	17685	656	54	304	3724761
9227	17650	658	54	304	3724771
9227	17617	657	54	304	3724781
9227	17589	660	54	304	3724791
9234	17561	663	54	304	3724801
9234	17536	664	54	304	3724811
9234	17510	672	54	304	3724821
9234	17480	675	54	304	3724831
9234	17448	680	54	304	3724841
9234	17412	686	54	304	3724851
9226	17375	697	54	304	3724861
9226	17340	699	54	304	3724871
9219	17309	705	54	304	3724881
9219	17279	708	54	304	3724891
9212	17254	710	54	304	3724901
9212	17229	715	54	304	3724911
9212	17204	717	54	304	3724921
9204	17182	720	55	305	3724931
9204	17157	726	55	305	3724941
9194	17132	731	55	305	3724951
9194	17109	738	55	305	3724961
9180	17085	739	56	306	3724971
9172	17063	752	56	306	3724981
9163	17040	756	56	306	3724991
9152	17016	758	56	307	3725001
9144	16994	761	56	307	3725011
9135	16972	772	56	307	3725021
9126	16954	778	56	307	3725031
9118	16940	787	57	308	3725041
9110	16923	795	57	308	3725051
9103	16911	797	57	308	3725061
9095	16898	800	57	308	3725071
9087	16884	801	57	308	3725081
9078	16871	802	57	308	3725091
9069	16858	806	57	308	3725101
9059	16845	807	57	308	3725111
9049	16832	810	57	308	3725121
9040	16820	808	57	308	3725131
9031	16811	810	58	310	3725141
9021	16802	809	58	310	3725151
9009	16792	804	58	310	3725161
8997	16782	788	58	310	3725171
8983	16773	720	58	310	3725181
8972	16773	245	58	310	3725211
61
9113	18212	25	53	302	3725661
9113	18221	293	53	302	3725731
9113	18227	510	53	302	3725761
9121	18227	530	53	302	3725771
9129	18227	530	53	302	3725781
9138	18227	536	53	302	3725791
9150	18227	548	53	302	3725801
9164	18217	555	53	302	3725811
9180	18208	567	53	302	3725821
9201	18200	581	53	302	3725831
9225	18191	588	53	302	3725841
9250	18184	595	53	302	3725851
9275	18176	596	53	302	3725861
9302	18167	601	53	302	3725871
9330	18158	611	53	301	3725881
9359	18146	614	53	301	3725891
9386	18132	621	53	299	3725901
9412	18116	641	53	299	3725911
9436	18100	643	53	299	3725921
9460	18086	653	53	299	3725931
9484	18074	668	54	300	3725941
9508	18065	672	54	299	3725951
9532	18055	672	54	299	3725961
9556	18042	673	55	297	3725971
9578	18026	676	55	297	3725981
9600	18011	676	56	298	3725991
9620	17996	678	56	298	3726001
9642	17980	682	56	298	3726011
9663	17967	683	56	298	3726021
9684	17951	691	56	298	3726031
9704	17934	695	56	297	3726041
9721	17918	697	56	297	3726051
9739	17900	704	56	296	3726061
9757	17882	709	56	296	3726071
9775	17864	709	56	296	3726081
9795	17847	711	56	296	3726091
9813	17831	715	56	296	3726101
9832	17814	716	56	296	3726111
9850	17797	727	56	296	3726121
9868	17778	733	56	296	3726131
9885	17759	734	56	296	3726141
9899	17741	735	56	296	3726151
9914	17722	736	56	296	3726161
9926	17702	742	55	295	3726171
9937	17682	743	55	295	3726181
9950	17663	750	55	295	3726191
9962	17645	749	55	295	3726201
9973	17628	751	55	295	3726211
9983	17611	756	55	295	3726221
9992	17594	761	55	295	3726231
10003	17577	766	55	295	3726241
10012	17558	768	55	295	3726251
10022	17537	771	55	295	3726261
10034	17516	772	55	295	3726271
10044	17494	776	55	295	3726281
10054	17474	779	55	295	3726291
10063	17459	779	55	295	3726301
10069	17446	781	55	295	3726311
10069	17436	780	55	295	3726321
10078	17436	781	55	295	3726331
10078	17427	415	55	295	3726381
69
8954	16686	35	51	277	3727113
8938	16673	87	51	277	3727133
8938	16687	220	51	277	3727163
8938	16694	324	51	277	3727173
8948	16694	359	51	277	3727183
8955	16701	399	51	277	3727193
8962	16701	423	51	277	3727203
8971	16701	456	51	277	3727213
8983	16709	477	51	277	3727223
8998	16709	496	51	277	3727233
9019	16716	519	51	277	3727243
9045	16716	527	51	277	3727253
9073	16728	532	51	277	3727263
9102	16736	538	51	277	3727273
9130	16744	545	51	277	3727283
9158	16752	554	51	277	3727293
9184	16761	558	51	277	3727303
9211	16767	564	51	277	3727313
9237	16776	568	51	277	3727323
9259	16783	574	51	277	3727333
9282	16791	587	51	277	3727343
9304	16799	594	51	277	3727353
9327	16808	607	51	277	3727363
9351	16817	612	51	277	3727373
9375	16827	613	51	277	3727383
9400	16838	614	52	278	3727393
9426	16848	619	52	276	3727403
9455	16860	621	52	276	3727413
9486	16873	626	52	275	3727423
9515	16886	628	52	275	3727433
9540	16899	630	52	275	3727443
9566	16912	641	52	274	3727453
9587	16922	643	52	274	3727463
9607	16931	645	52	273	3727473
9627	16940	646	52	273	3727483
9645	16949	649	52	271	3727493
9663	16960	650	52	271	3727503
9683	16971	649	52	270	3727513
9705	16983	650	52	270	3727523
9727	16994	649	52	270	3727533
9750	17006	649	53	270	3727543
9774	17019	649	53	270	3727553
9796	17030	650	53	270	3727563
9816	17041	656	53	270	3727573
9832	17051	657	53	270	3727583
9847	17062	660	53	270	3727593
9859	17071	665	53	270	3727603
9872	17081	667	53	270	3727613
9886	17095	667	53	270	3727623
9900	17107	668	53	270	3727633
9915	17121	670	53	270	3727643
9929	17135	675	53	270	3727653
9943	17151	673	53	270	3727663
9957	17169	681	53	270	3727673
9969	17185	703	53	270	3727683
9978	17201	704	53	270	3727693
9988	17217	703	53	270	3727703
9994	17232	707	53	270	3727713
10002	17248	707	52	270	3727723
10009	17263	707	52	270	3727733
10018	17278	709	52	270	3727743
10025	17292	711	52	270	3727753
10034	17308	712	52	270	3727763
10042	17322	716	51	270	3727773
10050	17336	720	51	270	3727783
10058	17349	718	51	270	3727793
10065	17358	715	51	270	3727803
10065	17365	638	50	270	3727823
10065	17373	168	50	270	3727843
26
8976	17674	69	48	274	3732133
8968	17667	117	48	274	3732143
8968	17685	248	48.3333	274.333	3732173
8968	17692	439	49	275	3732223
8975	17692	517	49	275	3732233
8984	17699	533	49	275	3732243
8992	17699	545	49	275	3732253
9003	17699	550	49	275	3732263
9016	17706	556	49	275	3732273
9032	17706	561	49	275	3732283
9050	17712	565	49	275	3732293
9068	17712	566	49	275	3732303
9084	17712	568	49	275	3732313
9097	17712	568	49	275	3732323
9108	17712	568	48	274	3732333
9118	17712	569	48	274	3732343
9128	17712	574	48	274	3732353
9138	17712	577	48	274	3732363
9148	17712	579	48	274	3732373
9157	17712	580	48	274	3732383
9165	17712	580	48	274	3732393
9172	17712	578	47.5	274	3732413
9184	17712	573	47	274	3732433
9194	17704	551	47	274	3732453
9202	17697	430	47	274	3732473
9202	17691	37	47	274	3732493
21
10062	17396	36	51	277	3734807
10052	17396	151	51	277	3734827
10044	17396	244	51	277	3734837
10037	17396	292	51	277	3734847
10037	17389	337	51	277	3734857
10027	17389	421	51	277	3734887
10020	17389	550	51	277	3734947
10028	17389	581	51	277	3734957
10035	17396	580	51	277	3734967
10048	17396	582	51	277	3734977
10065	17396	583	51	277	3734987
10089	17405	585	51	277	3734997
10121	17405	589	51	277	3735007
10158	17412	594	51	277	3735017
10203	17412	595	51	277	3735027
10250	17422	594	51	277	3735037
10296	17422	595	51	277	3735047
10335	17428	590	51	277	3735057
10364	17428	551	51	277	3735067
10382	17428	456	51	276	3735077
10392	17416	67	51	275.5	3735097
116
10429	17378	14	55	292	3736373
10417	17378	32	55	291	3736383
10410	17378	48	54	290	3736403
10404	17378	48	54	290	3736423
10404	17384	74	54	290	3736463
10404	17391	137	54	290	3736483
10396	17391	176	54	290	3736523
10396	17398	201	54	290	3736543
10396	17409	269	54	290	3736553
10403	17409	308	54	290	3736563
10403	17420	350	54	290	3736583
10403	17430	411	54	290	3736603
10396	17430	471	54	290	3736673
10390	17418	501	54	290	3736683
10390	17406	510	54	290	3736693
10390	17388	521	54	290	3736703
10381	17366	522	54	290	3736713
10381	17338	526	54	290	3736723
10375	17307	527	54	290	3736733
10375	17275	530	54	290	3736743
10367	17238	536	54	290	3736753
10360	17199	538	55	291	3736763
10360	17158	543	55	291	3736773
10351	17118	544	55	291	3736783
10351	17079	545	55	291	3736793
10351	17040	552	55	291	3736803
10358	17002	566	55	291	3736813
10358	16959	574	56	292	3736823
10358	16916	580	56	292	3736833
10358	16874	593	56	293	3736843
10344	16831	598	56	293	3736853
10332	16791	612	55	295	3736863
10322	16748	613	55	295	3736873
10311	16704	616	55	295	3736883
10311	16661	618	56	296	3736893
10305	16621	618	56	296	3736903
10305	16583	619	56	296	3736913
10305	16544	621	56	296	3736923
10305	16505	621	56	296	3736933
10298	16462	621	56	296	3736943
10298	16420	621	56	296	3736953
10290	16378	622	56	296	3736963
10290	16337	621	56	296	3736973
10290	16300	621	56	296	3736983
10290	16262	621	56	296	3736993
10290	16226	623	56	296	3737003
10298	16188	622	57	296	3737013
10298	16151	626	57	296	3737023
10298	16115	626	57	296	3737033
10298	16081	625	57	296	3737043
10298	16049	626	57	296	3737053
10290	16018	626	58	297	3737063
10290	15985	628	58	297	3737073
10279	15952	628	58	297	3737083
10279	15921	627	58	297	3737093
10271	15891	629	59	298	3737103
10264	15861	629	59	298	3737113
10264	15829	630	59	298	3737123
10257	15799	631	59	298	3737133
10257	15768	632	59	298	3737143
10257	15738	636	59	298	3737153
10250	15710	637	59	298	3737163
10250	15683	638	59	298	3737173
10250	15657	640	59	298	3737183
10250	15635	642	60	299	3737193
10250	15613	646	60	299	3737203
10250	15591	652	60	299	3737213
10250	15568	663	59	301	3737223
10242	15545	664	59	301	3737233
10242	15520	671	59	301	3737243
10242	15498	673	60	299	3737253
10233	15476	679	60	299	3737263
10233	15453	681	60	299	3737273
10227	15431	681	60	299	3737283
10227	15404	683	60	299	3737293
10218	15381	687	60	299	3737303
10218	15358	686	60	299	3737313
10211	15339	687	60	299	3737323
10211	15321	686	60	299	3737333
10211	15305	686	60	299	3737343
10211	15292	686	60	299	3737353
10211	15277	688	60	299	3737363
10211	15257	694	60	299	3737373
10211	15237	694	60	299	3737383
10211	15219	694	60	299	3737393
10203	15199	694	60	299	3737403
10203	15183	695	60	299	3737413
10203	15168	695	60	299	3737423
10197	15155	696	60	299	3737433
10197	15144	696	60	299	3737443
10197	15135	698	60	300	3737453
10197	15128	697	60	300	3737463
10197	15118	700	60	300	3737473
10197	15111	702	60	300	3737483
10197	15101	701	60	300	3737493
10190	15090	703	60	300	3737503
10190	15079	704	60	300	3737513
10190	15068	706	60	300	3737523
10184	15057	708	60	300	3737533
10184	15048	708	60	300	3737553
10177	15041	772	60	300.167	3737673
10185	15041	815	60	303	3737693
10196	15048	817	60	304	3737703
10206	15048	816	60	304	3737713
10218	15048	815	60	304	3737723
10232	15048	816	60	304	3737733
10256	15042	815	60	302	3737743
10283	15042	810	60	302	3737753
10319	15042	809	60	300	3737763
10356	15049	806	60	300	3737773
10387	15049	801	60	300	3737783
10410	15057	795	60	300	3737793
10424	15057	790	60	300	3737803
10430	15057	752	60	299.667	3737833
10430	15047	665	60	299	3737843
10430	15038	231	60	299	3737863
49
8701	14901	21	52	278	3738749
8702	14883	61	52	278	3738769
8692	14883	88	52	278	3738779
8692	14876	110	52	278	3738789
8683	14876	148	52	278	3738809
8675	14868	200	52	278	3738829
8667	14868	262	52	278	3738849
8660	14862	400	52	275.25	3738929
8667	14862	504	52	275	3738939
8677	14851	530	52	275	3738949
8690	14851	541	52	275	3738959
8709	14843	568	52	275	3738969
8734	14843	588	52	275	3738979
8764	14843	597	52	275	3738989
8805	14843	604	52	275	3738999
8855	14843	630	52	275	3739009
8912	14843	643	52	275	3739019
8977	14843	645	52	275	3739029
9045	14843	649	52	275	3739039
9115	14843	653	52	275	3739049
9184	14843	656	52	275	3739059
9253	14851	656	51	275	3739069
9321	14851	659	51	275	3739079
9387	14851	661	51	275	3739089
9448	14851	668	51	275	3739099
9506	14842	676	51	274	3739109
9560	14842	683	51	274	3739119
9615	14833	687	51	272	3739129
9674	14833	694	51	272	3739139
9737	14833	696	51	272	3739149
9806	14833	695	51	272	3739159
9876	14827	697	51	271	3739169
9946	14827	698	51	271	3739179
10013	14827	697	51	270	3739189
10074	14820	697	51	270	3739199
10131	14820	696	51	270	3739209
10184	14820	696	51	270	3739219
10232	14820	696	51	270	3739229
10273	14814	694	51	269	3739239
10305	14814	694	51	269	3739249
10329	14814	693	51	268	3739259
10343	14814	691	51	268	3739269
10351	14814	688	51	268	3739279
10358	14814	666	51	268	3739299
10375	14814	646	51	268	3739309
10388	14821	621	51	268	3739319
10402	14821	580	51	268	3739329
10415	14821	491	52	267	3739339
10415	14830	62	52	266.5	3739359
23
10424	15142	170	50	274	3740197
10409	15151	229	51	272	3740207
10402	15151	300	51	272	3740217
10402	15162	408	51.5	272.5	3740237
10402	15168	481	52.6667	271.667	3740267
10402	15159	515	53	270	3740277
10402	15147	545	53	270	3740287
10402	15130	560	53	270	3740297
10402	15108	574	54	270	3740307
10402	15081	600	54	270	3740317
10402	15049	615	54	270	3740327
10402	15014	630	54	270	3740337
10410	14975	643	54	270	3740347
10410	14932	650	54	270	3740357
10420	14889	653	54	270	3740367
10420	14846	667	54	270	3740377
10428	14805	670	54	270	3740387
10428	14771	670	53	270	3740397
10428	14742	670	53	270	3740407
10428	14725	670	53	270	3740417
10428	14714	639	53	270	3740457
10428	14728	464	53	270	3740467
10428	14749	111	53	270	3740487
38
10420	15181	35	51	270	3740685
10400	15181	160	51	270	3740695
10392	15189	235	52	270	3740705
10382	15189	334	52	270	3740715
10375	15189	433	52.5	270	3740735
10368	15189	501	53	270	3740755
10378	15189	538	53	270	3740765
10390	15189	567	53	269	3740775
10408	15181	587	53	269	3740785
10429	15181	605	53	267	3740795
10455	15171	618	53	267	3740805
10485	15162	629	53	267	3740815
10519	15153	640	53	267	3740825
10560	15141	649	53	267	3740835
10604	15125	667	53	266	3740845
10647	15107	665	53	266	3740855
10689	15084	671	53	265	3740865
10729	15057	666	53	265	3740875
10764	15025	670	53	265	3740885
10795	14989	668	53	265	3740895
10820	14951	668	53	265	3740905
10838	14911	672	53	265	3740915
10850	14872	670	53	265	3740925
10850	14832	677	53	265	3740935
10850	14794	675	53	263	3740945
10839	14761	687	53	263	3740955
10820	14731	697	52	262	3740965
10797	14707	703	52	262	3740975
10764	14687	710	52	262	3740985
10726	14670	718	52	262	3740995
10685	14659	718	52	262	3741005
10642	14652	723	52	262	3741015
10600	14652	724	52	262	3741025
10560	14652	716	52	262	3741035
10528	14652	707	52	262	3741045
10503	14663	678	52	262	3741055
10489	14663	582	52	262	3741065
10489	14674	147	51	263	3741085
21
10890	14862	10	52	267	3741506
10875	14862	75	52	267	3741526
10864	14862	186	52	267	3741545
10857	14869	455	52	267	3741625
10857	14876	774	52	265.643	3741905
10874	14883	843	52	265	3741915
10922	14890	854	52	265	3741925
11006	14901	857	52	265	3741935
11124	14913	857	52	265	3741945
11263	14922	861	52	265	3741955
11408	14922	867	52	265	3741965
11546	14931	867	52	264	3741975
11675	14931	867	52	264	3741985
11790	14924	866	52	262	3741995
11880	14924	861	52	262	3742005
11949	14910	862	52	262	3742015
11995	14904	860	52	261	3742025
12019	14904	859	52	261	3742035
12033	14897	858	52	260	3742055
12041	14897	813	51.25	258.75	3742095
12032	14897	264	51	257	3742115
28
12280	15067	107	50	290	3743382
12280	15091	200	51	291	3743392
12280	15102	237	51	291	3743402
12280	15114	348	51	291	3743412
12273	15125	420	51	291	3743422
12273	15133	485	51	291.5	3743442
12273	15142	529	51	293.333	3743472
12273	15134	549	51	294	3743482
12273	15126	579	51	294	3743492
12273	15113	588	51	294	3743502
12273	15094	591	51	294	3743512
12285	15069	598	51	294	3743522
12297	15037	612	51	294	3743532
12315	15001	622	51	294	3743542
12333	14963	636	51	294	3743552
12354	14927	650	52	293	3743562
12373	14898	680	52	293	3743572
12389	14878	722	52	292	3743582
12402	14868	778	52	292	3743592
12410	14868	813	52	292	3743602
12418	14880	813	52	290	3743612
12428	14908	821	52	290	3743622
12441	14946	811	52	288	3743632
12455	14992	808	52	288	3743642
12467	15035	786	52	287	3743652
12475	15071	744	52	287	3743662
12475	15099	675	52	286	3743672
12475	15116	204	52	286	3743702
20
12420	14880	113	52	284.667	3744038
12420	14889	277	52	283	3744058
12420	14895	381	52	283	3744078
12420	14902	531	52	283	3744138
12420	14895	594	52	283	3744148
12420	14886	598	52	283	3744158
12420	14872	614	52	283	3744168
12420	14847	643	52	283	3744178
12420	14808	653	52	283	3744188
12411	14760	668	52	283	3744198
12405	14704	680	52	283	3744208
12395	14646	689	52	283	3744218
12383	14590	693	52	283	3744228
12372	14539	693	52	283	3744238
12361	14496	695	51	283	3744248
12353	14463	696	51	284	3744258
12353	14442	699	51	284	3744268
12353	14430	701	51	285	3744308
12353	14444	575	51	285	3744318
12353	14457	90	51	285	3744338
