50
29
3120	10119	287	58	320	8597703
3107	10074	333	58	322	8597713
3098	10053	459	58	322	8597723
3084	10035	542	59	323	8597733
3071	10023	607	59	322	8597743
3060	10008	645	60	324	8597753
3054	9998	685	61	323	8597773
3054	9991	734	61	324	8597793
3062	10008	755	61	324	8597803
3081	10036	761	62	326	8597813
3107	10078	758	62	326	8597823
3138	10134	758	62	326	8597833
3168	10198	760	62	326	8597843
3194	10262	763	62	326	8597853
3213	10319	765	62	326	8597863
3227	10361	774	61	324	8597873
3236	10381	786	61	324	8597893
3236	10365	804	61	322	8597903
3242	10336	821	61	322	8597913
3242	10295	831	61	322	8597923
3242	10252	837	61	322	8597933
3249	10209	838	60	321	8597943
3255	10173	827	60	321	8597953
3264	10143	802	60	321	8597963
3272	10117	771	60	321	8597973
3279	10094	713	60	321	8597983
3279	10078	632	60	321	8597993
3285	10066	484	61	322	8598003
3285	10059	27	61	322	8598023
7
3166	10122	265	58	320	8598295
3155	10122	391	58	322	8598315
3148	10122	570	59	323	8598335
3141	10122	608	60.3333	324	8598365
3157	10122	565	61	324	8598375
3178	10129	433	61	324	8598385
3208	10138	0	61	324	8598405
76
3277	10135	86	61	322	8598655
3277	10127	320	60.4	324.4	8598705
3284	10127	502	60	328	8598725
3296	10127	558	60	328	8598735
3307	10127	573	60	328	8598745
3321	10127	602	60	328	8598755
3341	10127	621	60	328	8598765
3368	10127	629	61	327	8598775
3404	10134	640	61	327	8598785
3448	10134	646	62	326	8598795
3502	10134	656	62	326	8598805
3563	10134	666	62	326	8598815
3632	10134	682	62	326	8598825
3709	10142	688	62	326	8598835
3795	10142	703	62	326	8598845
3892	10155	713	62	326	8598855
4000	10164	726	62	326	8598865
4117	10173	733	62	326	8598875
4244	10183	739	62	326	8598885
4379	10195	742	62	326	8598895
4518	10208	753	62	326	8598905
4665	10220	756	61	324	8598915
4821	10236	759	61	324	8598925
4978	10252	760	61	324	8598935
5143	10267	762	61	324	8598945
5314	10285	762	62	323	8598955
5485	10303	767	62	323	8598965
5663	10323	765	63	321	8598975
5843	10344	766	63	321	8598985
6022	10363	768	63	321	8598995
6204	10378	763	63	321	8599005
6381	10393	769	63	321	8599015
6556	10408	769	63	321	8599025
6731	10424	768	62	320	8599035
6900	10438	766	62	320	8599045
7067	10454	766	62	320	8599055
7233	10468	769	62	320	8599065
7392	10483	769	62	320	8599075
7545	10497	769	62	320	8599085
7699	10511	772	61	318	8599095
7847	10522	770	61	318	8599105
7995	10532	771	61	319	8599115
8143	10543	770	61	319	8599125
8292	10549	771	60	319	8599135
8439	10558	775	60	319	8599145
8587	10568	778	60	319	8599155
8737	10577	777	60	319	8599165
8886	10588	778	60	319	8599175
9037	10600	780	60	319	8599185
9193	10611	785	60	318	8599195
9345	10621	795	60	318	8599205
9496	10633	806	61	316	8599215
9651	10643	809	61	316	8599225
9806	10655	812	61	316	8599235
9965	10670	815	61	316	8599245
10129	10685	815	61	316	8599255
10288	10698	822	61	316	8599265
10443	10711	830	62	315	8599275
10595	10720	831	62	315	8599285
10744	10729	835	62	313	8599295
10893	10736	841	62	313	8599305
11045	10742	846	62	313	8599315
11203	10742	850	62	313	8599325
11360	10752	852	62	313	8599335
11520	10759	853	62	313	8599345
11683	10759	854	63	312	8599355
11837	10769	857	63	312	8599365
11987	10769	858	63	310	8599375
12130	10769	855	63	310	8599385
12259	10769	855	63	310	8599395
12378	10769	858	63	310	8599405
12484	10779	858	63	310	8599415
12571	10779	858	63	310	8599425
12639	10786	844	63	310	8599435
12682	10786	825	63	310	8599445
12703	10794	424	63	310	8599475
12
3028	9439	62	58	329	8600183
3050	9447	324	58	329	8600193
3057	9447	443	58	329	8600223
3057	9428	573	58	329	8600233
3057	9400	589	58	329	8600243
3057	9364	597	58	329	8600253
3050	9322	602	59	327	8600263
3050	9280	598	59	329	8600273
3044	9244	580	60	328	8600283
3044	9211	531	60	328	8600293
3044	9188	403	60	328	8600303
3044	9174	79	60	328	8600323
36
3023	9376	476	59	329	8600419
3014	9387	489	58	330	8600429
3000	9387	575	58	330	8600439
2983	9397	672	58	330	8600449
2970	9403	704	58	329	8600469
2970	9413	710	58	329	8600479
2990	9421	711	58	327	8600489
3024	9434	715	58	327	8600499
3067	9449	711	58	326	8600509
3113	9464	708	58	326	8600519
3152	9473	704	59	325	8600529
3180	9473	701	59	325	8600539
3194	9473	711	59	325	8600549
3194	9453	715	59	325	8600559
3173	9428	728	59	325	8600569
3143	9395	740	59	325	8600579
3108	9359	746	59	325	8600589
3079	9331	745	60	326	8600599
3061	9312	747	60	326	8600609
3061	9300	742	60	326	8600619
3068	9291	736	60	326	8600629
3088	9283	734	60	326	8600639
3114	9274	732	60	328	8600649
3142	9266	732	60	328	8600659
3166	9256	732	60	328	8600669
3183	9247	735	60	330	8600679
3191	9235	748	60	330	8600689
3191	9220	763	60	330	8600699
3174	9202	779	61	331	8600709
3151	9183	803	61	331	8600719
3122	9164	814	61	331	8600729
3095	9150	818	61	331	8600739
3072	9141	812	61	331	8600749
3055	9141	775	61	331	8600759
3046	9141	625	61	331	8600779
3058	9149	97	61	333	8600799
99
3442	9397	457	60	328	8600947
3450	9387	504	60	328	8600957
3450	9376	604	60	328	8600967
3442	9376	732	60.2	326	8601017
3452	9376	754	62	326	8601027
3470	9376	765	62	326	8601037
3498	9376	774	62	326	8601047
3537	9385	783	61	324	8601057
3587	9385	790	61	324	8601067
3647	9395	795	61	324	8601077
3719	9403	797	61	324	8601087
3799	9411	801	61	324	8601097
3889	9418	804	61	324	8601107
3985	9418	807	61	324	8601117
4086	9432	808	61	324	8601127
4190	9439	809	61	324	8601137
4299	9448	815	61	324	8601147
4416	9462	817	62	323	8601157
4534	9472	821	62	323	8601167
4655	9483	823	63	321	8601177
4775	9493	825	63	321	8601187
4892	9501	825	62	320	8601197
5010	9508	827	62	320	8601207
5130	9508	825	62	320	8601217
5251	9518	824	62	320	8601227
5379	9518	822	62	320	8601237
5506	9528	824	62	320	8601247
5635	9528	825	62	320	8601257
5761	9536	822	63	318	8601267
5884	9536	824	63	318	8601277
6008	9543	824	63	317	8601287
6131	9543	825	63	317	8601297
6256	9553	825	63	317	8601307
6387	9563	826	63	317	8601317
6518	9577	829	63	317	8601327
6652	9592	828	63	317	8601337
6787	9609	829	63	315	8601347
6917	9627	829	63	315	8601357
7046	9640	828	62	317	8601367
7170	9655	828	62	317	8601377
7291	9669	828	61	318	8601387
7410	9681	828	61	318	8601397
7530	9696	831	61	318	8601407
7653	9715	833	61	318	8601417
7776	9732	834	61	318	8601427
7903	9753	836	61	318	8601437
8033	9776	839	61	318	8601447
8166	9797	842	61	318	8601457
8304	9823	840	61	318	8601467
8443	9851	845	61	318	8601477
8582	9878	849	61	318	8601487
8723	9905	853	61	318	8601497
8862	9931	857	61	318	8601507
9000	9954	858	61	318	8601517
9139	9975	857	61	318	8601527
9280	9996	861	61	318	8601537
9417	10014	866	62	317	8601547
9555	10030	869	62	317	8601557
9696	10044	870	63	315	8601567
9837	10056	871	63	315	8601577
9976	10067	877	63	315	8601587
10118	10077	878	63	315	8601597
10257	10088	881	63	315	8601607
10391	10097	889	63	315	8601617
10523	10107	894	63	313	8601627
10652	10117	901	63	313	8601637
10783	10128	905	64	312	8601647
10915	10142	911	64	312	8601657
11048	10156	913	64	312	8601667
11181	10169	915	64	312	8601677
11308	10181	921	64	312	8601687
11429	10190	928	64	312	8601697
11548	10200	933	64	312	8601707
11661	10212	935	64	312	8601717
11772	10221	936	65	310	8601727
11875	10229	943	65	310	8601737
11971	10237	951	65	308	8601747
12055	10237	957	65	308	8601757
12130	10237	964	65	308	8601767
12204	10244	963	64	307	8601777
12277	10244	970	64	307	8601787
12357	10252	977	64	307	8601797
12437	10252	979	64	307	8601807
12520	10260	981	64	307	8601817
12601	10260	981	65	305	8601827
12679	10269	982	65	305	8601837
12755	10276	981	65	303	8601847
12821	10276	982	65	303	8601857
12875	10289	981	65	303	8601867
12916	10296	980	65	303	8601877
12945	10296	978	65	303	8601887
12968	10304	971	65	303	8601897
12986	10304	956	65	303	8601907
13005	10304	945	65	303	8601917
13022	10311	928	65	303	8601927
13039	10311	894	65	303	8601937
13055	10311	850	65	303	8601947
13069	10303	756	65	303	8601957
13082	10303	252	65	302	8601977
21
3022	8567	269	61	336	8602671
3042	8580	337	61	336	8602681
3055	8594	470	62	335	8602691
3061	8616	581	62	335	8602701
3061	8641	650	62	335	8602711
3061	8663	707	62	335	8602721
3061	8682	743	62	335	8602731
3061	8692	750	62	335	8602741
3040	8692	750	62	335	8602751
3015	8667	753	62	335	8602761
2981	8636	758	62	335	8602771
2949	8598	760	62	335	8602781
2930	8560	762	62	335	8602791
2930	8524	763	62	335	8602801
2938	8496	768	62	335	8602811
2959	8473	762	62	335	8602821
2988	8456	754	62	335	8602831
3023	8448	740	62	335	8602841
3060	8448	691	62	335	8602851
3097	8448	605	62	335	8602861
3131	8457	195	61	336	8602881
122
3388	8617	482	63	333	8603139
3388	8608	514	63	333	8603149
3394	8599	693	63	333	8603179
3405	8599	788	63	333	8603189
3416	8599	813	63	333	8603199
3435	8592	837	63	333	8603209
3464	8592	850	63	333	8603219
3503	8592	866	63	333	8603229
3553	8592	881	63	333	8603239
3612	8592	890	63	331	8603249
3680	8601	898	63	331	8603259
3753	8611	902	64	330	8603269
3832	8621	907	64	330	8603279
3915	8631	907	65	328	8603289
3997	8638	912	65	328	8603299
4080	8638	915	65	328	8603309
4163	8648	918	65	328	8603319
4246	8654	920	64	326	8603329
4336	8664	921	64	326	8603339
4431	8673	922	64	326	8603349
4526	8680	927	65	325	8603359
4620	8680	930	65	325	8603369
4714	8687	929	66	324	8603379
4807	8687	929	66	324	8603389
4901	8687	928	66	324	8603399
4997	8695	931	66	324	8603409
5097	8695	930	66	324	8603419
5196	8695	932	66	324	8603429
5300	8705	929	66	324	8603439
5408	8705	927	66	324	8603449
5515	8716	932	66	324	8603459
5623	8716	931	66	324	8603469
5729	8724	933	66	322	8603479
5834	8724	933	66	322	8603489
5940	8731	934	67	320	8603499
6047	8739	933	67	320	8603509
6158	8747	933	67	320	8603519
6269	8756	932	67	320	8603529
6386	8766	931	67	320	8603539
6504	8777	935	66	322	8603549
6620	8788	935	66	322	8603559
6737	8802	935	66	324	8603569
6852	8817	936	66	324	8603579
6966	8832	933	66	324	8603589
7080	8847	936	66	324	8603599
7196	8860	934	66	324	8603609
7314	8877	938	66	324	8603619
7432	8889	939	66	324	8603629
7548	8904	940	66	324	8603639
7665	8919	942	66	324	8603649
7778	8932	943	66	324	8603659
7892	8944	943	66	324	8603669
8006	8955	947	66	324	8603679
8120	8966	947	66	324	8603689
8239	8978	947	66	324	8603699
8361	8990	949	66	324	8603709
8489	9005	954	66	324	8603719
8617	9018	956	66	324	8603729
8745	9029	958	66	324	8603739
8874	9042	959	66	324	8603749
9000	9054	960	66	324	8603759
9128	9064	961	66	326	8603769
9257	9074	962	66	326	8603779
9387	9085	964	67	324	8603789
9515	9094	968	67	324	8603799
9643	9106	967	68	322	8603809
9766	9119	971	68	322	8603819
9887	9131	975	68	322	8603829
10005	9140	978	68	322	8603839
10119	9148	979	68	322	8603849
10227	9148	981	68	322	8603859
10336	9163	989	68	322	8603869
10446	9174	988	68	322	8603879
10555	9186	998	68	322	8603889
10663	9201	997	68	322	8603899
10764	9215	998	68	322	8603909
10858	9231	1001	68	322	8603919
10943	9244	1003	68	322	8603929
11021	9258	1006	68	322	8603939
11099	9272	1010	68	321	8603949
11179	9285	1015	68	321	8603959
11267	9302	1020	69	319	8603969
11358	9315	1023	69	319	8603979
11452	9332	1023	69	319	8603989
11542	9348	1023	69	319	8603999
11627	9364	1023	69	317	8604009
11711	9379	1023	69	317	8604019
11789	9390	1023	69	317	8604029
11868	9400	1023	69	317	8604039
11948	9410	1023	69	317	8604049
12029	9420	1023	68	315	8604059
12111	9433	1023	68	315	8604069
12194	9448	1023	68	315	8604079
12271	9459	1023	69	313	8604089
12347	9472	1023	69	313	8604099
12419	9483	1023	68	309	8604109
12481	9492	1023	68	309	8604119
12537	9499	1023	68	309	8604129
12584	9499	1023	68	309	8604139
12624	9499	1023	68	308	8604149
12660	9507	1023	68	308	8604159
12693	9507	1023	68	308	8604169
12722	9516	1023	68	308	8604179
12747	9516	1023	68	308	8604189
12768	9523	1023	68	308	8604199
12786	9523	1023	68	308	8604209
12809	9523	1023	68	308	8604219
12828	9523	1023	68	308	8604229
12845	9529	1023	68	308	8604239
12863	9529	1023	68	308	8604249
12881	9529	1023	68	308	8604259
12905	9529	1023	68	308	8604269
12937	9529	1023	67	306	8604279
12971	9529	1023	67	306	8604289
13002	9529	1023	67	306	8604299
13030	9529	1023	67	306	8604309
13055	9529	1023	67	306	8604319
13077	9529	1023	67	304	8604329
13095	9529	1023	67	304	8604339
13108	9529	1023	68	302	8604349
13116	9529	948	68	302	8604449
13109	9529	113	68	302	8604469
89
3957	10143	10	55	325	8607659
3957	10150	168	55	325	8607779
3964	10150	357	55	325	8607809
3964	10140	385	55	325	8607819
3971	10140	407	55	326	8607829
3971	10126	431	55	326	8607839
3971	10114	456	55	326	8607849
3971	10101	473	55	326	8607859
3971	10088	480	55	326	8607869
3971	10077	498	55	326	8607879
3971	10065	515	55	326	8607889
3971	10054	519	55	326	8607899
3964	10042	538	55	326	8607909
3964	10027	557	55	326	8607919
3964	10012	578	55	326	8607929
3964	9997	577	55	326	8607939
3964	9981	595	55	326	8607949
3972	9961	606	55	326	8607959
3972	9940	614	56	328	8607969
3972	9913	625	56	327	8607979
3972	9883	628	56	327	8607989
3972	9856	641	57	326	8607999
3972	9832	645	57	326	8608009
3972	9808	653	57	326	8608019
3972	9784	663	57	326	8608029
3972	9759	671	57	326	8608039
3972	9731	673	58	327	8608049
3972	9706	673	58	327	8608059
3972	9687	678	58	327	8608069
3972	9666	679	58	327	8608079
3972	9644	682	58	327	8608089
3972	9621	687	58	327	8608099
3964	9595	686	58	327	8608109
3964	9572	689	58	327	8608119
3964	9551	689	58	327	8608129
3964	9530	690	58	327	8608139
3964	9511	692	58	327	8608149
3964	9489	694	58	329	8608159
3964	9467	698	58	329	8608169
3958	9447	697	58	329	8608179
3958	9427	701	58	329	8608189
3958	9413	701	58	329	8608199
3958	9401	701	58	329	8608209
3958	9389	703	58	329	8608219
3958	9377	703	58	329	8608229
3958	9369	704	58	330	8608239
3958	9362	703	58	330	8608259
3958	9356	710	58.2273	334.114	8608699
3958	9349	725	58	335	8608709
3958	9340	733	58	335	8608719
3958	9321	739	58	335	8608729
3958	9297	740	58	335	8608739
3958	9271	742	58	335	8608749
3958	9246	747	58	335	8608759
3958	9222	748	58	335	8608769
3958	9192	748	58	337	8608779
3958	9153	752	58	337	8608789
3950	9111	753	58	337	8608799
3950	9059	756	58	337	8608809
3950	9001	759	59	337	8608819
3950	8943	763	59	337	8608829
3950	8878	766	60	337	8608839
3950	8819	767	60	338	8608849
3950	8769	770	60	338	8608859
3950	8715	775	60	340	8608869
3960	8671	776	60	340	8608879
3960	8628	779	60	340	8608889
3960	8581	778	61	342	8608899
3960	8544	779	61	342	8608909
3960	8497	779	61	343	8608919
3960	8458	779	61	343	8608929
3967	8429	779	62	343	8608939
3967	8394	783	62	345	8608949
3967	8365	786	63	344	8608959
3975	8340	785	63	344	8608969
3975	8315	786	63	344	8608979
3975	8295	785	63	344	8608989
3975	8277	785	63	344	8608999
3975	8258	787	63	344	8609009
3975	8234	787	62	346	8609019
3968	8219	787	61.5	346.5	8609039
3968	8210	789	61	347	8609089
3968	8197	792	61	347	8609109
3968	8188	804	61.4615	347.923	8609239
3968	8194	876	61	347	8609469
3968	8188	916	61	345.552	8609759
3961	8188	917	61.2609	343.63	8610219
3961	8181	909	61.793	342.627	8613648
3961	8171	2	62.5	342.5	8613668
50
3828	8145	81	60	337	8615331
3814	8138	115	60	337	8615341
3808	8138	238	60	337.5	8615361
3797	8138	416	60	338	8615391
3797	8131	570	60	338	8615431
3807	8131	657	60	338	8615441
3818	8131	684	60	338	8615451
3835	8131	695	60	338	8615461
3855	8131	703	60	338	8615471
3880	8131	712	60	338	8615481
3907	8141	720	60	338	8615491
3931	8147	722	60	338	8615501
3955	8147	724	60	338	8615511
3976	8155	724	60	338	8615521
3993	8155	726	60	338	8615531
4007	8155	729	60	338	8615541
4019	8155	728	60	338	8615551
4026	8155	731	60	338	8615571
4033	8155	731	60	338	8615651
4033	8146	734	60	338	8615671
4033	8134	739	60	338	8615681
4026	8125	742	60	338	8615691
4026	8114	746	60	338	8615701
4016	8102	749	60	338	8615711
4008	8086	753	60	340	8615721
3997	8066	760	60	340	8615731
3987	8041	765	60	340	8615741
3976	8014	770	60	340	8615751
3968	7986	775	60	340	8615761
3968	7961	784	60	340	8615771
3959	7937	787	60	340	8615781
3959	7921	788	61	342	8615791
3959	7912	790	61	342	8615801
3959	7905	792	61	342.5	8615881
3959	7913	792	61	343	8615891
3952	7913	788	61	343	8615901
3945	7927	786	61	343	8615911
3936	7938	785	61	343	8615921
3924	7951	784	61	343	8615931
3910	7968	784	61	343	8615941
3893	7984	783	61	343	8615951
3874	8001	784	61	343	8615961
3852	8020	784	61	343	8615971
3828	8036	783	61	343	8615981
3803	8051	779	61	343	8615991
3780	8065	779	61	343	8616001
3764	8074	780	61	342	8616011
3751	8082	680	61	342	8616041
3758	8082	390	61	342	8616051
3775	8082	4	60.5	341	8616071
29
3934	7838	27	63	342	8616364
3942	7838	152	63	342	8616374
3942	7847	211	63	342	8616384
3948	7856	315	63	342	8616394
3948	7864	418	63	342	8616404
3948	7872	559	63.5	341.5	8616444
3939	7872	641	65	340	8616454
3931	7856	668	65	340	8616464
3931	7840	684	65	342	8616474
3924	7823	696	65	342	8616484
3924	7809	710	65	342	8616494
3936	7797	715	65	342	8616504
3949	7788	725	65	342	8616514
3968	7788	727	65	342	8616523
3989	7788	732	65	342	8616533
4012	7788	732	65	342	8616543
4035	7800	731	65	342	8616553
4053	7812	732	65	342	8616563
4067	7823	728	65	342	8616573
4077	7837	730	65	342	8616583
4077	7849	732	65	342	8616593
4077	7864	731	65	342	8616603
4077	7880	732	65	342	8616613
4059	7894	729	65	340	8616623
4040	7907	721	65	340	8616633
4016	7915	688	64	341	8616643
3987	7915	679	64	341	8616653
3960	7915	557	63	342	8616663
3937	7906	78	63	342	8616683
77
4726	9483	6	55	325	8618864
4726	9490	41	55	325	8618884
4726	9497	75	55	325	8618904
4726	9506	102	55	325	8618914
4733	9506	125	55	325	8618924
4733	9513	158	55	325	8618944
4740	9513	348	55	325	8619084
4740	9500	480	55	325	8619094
4740	9485	490	55	325	8619104
4740	9466	502	55	325	8619114
4740	9446	510	55	325	8619124
4740	9424	526	55	325	8619134
4740	9403	542	55	325	8619144
4740	9381	546	55	325	8619154
4740	9358	548	55	326	8619164
4747	9336	560	55	326	8619174
4747	9313	565	55	326	8619184
4747	9287	573	56	328	8619194
4757	9260	579	56	328	8619204
4757	9230	596	56	328	8619214
4764	9200	604	56	329	8619224
4764	9171	613	56	329	8619234
4770	9139	622	56	331	8619244
4770	9109	626	56	331	8619254
4770	9077	632	57	332	8619264
4777	9044	637	57	332	8619274
4777	9013	642	57	334	8619284
4777	8980	646	57	334	8619294
4785	8948	651	58	335	8619304
4785	8917	655	58	335	8619314
4785	8883	659	58	337	8619324
4785	8849	665	58	337	8619334
4791	8816	671	58	337	8619344
4791	8777	677	58	338	8619354
4791	8743	678	58	338	8619364
4791	8712	681	58	338	8619374
4791	8683	683	57	339	8619384
4791	8656	688	57	339	8619394
4791	8632	693	56	340	8619404
4791	8605	695	57	341	8619414
4800	8577	698	57	341	8619424
4800	8549	701	57	341	8619433
4800	8522	703	57	341	8619443
4800	8495	709	57	341	8619453
4800	8468	709	57	341	8619463
4806	8442	711	57	341	8619473
4806	8413	712	57	341	8619483
4806	8390	712	57	341	8619493
4806	8366	715	57	343	8619503
4806	8342	716	57	343	8619513
4806	8321	721	57	343	8619523
4806	8296	724	57	343	8619533
4806	8272	729	57	344	8619543
4806	8252	728	57	344	8619553
4814	8232	732	57	344	8619563
4814	8213	732	57	344	8619573
4814	8192	734	57	346	8619583
4814	8170	736	57	346	8619593
4814	8150	736	57	346	8619603
4814	8130	737	57	347	8619613
4814	8113	738	57	347	8619623
4814	8098	740	57	347	8619633
4814	8086	738	58	349	8619643
4814	8079	739	58	348	8619653
4814	8072	739	59	348.667	8619683
4814	8060	739	60	350	8619693
4814	8053	739	60	350	8619703
4814	8045	741	60	350	8619713
4820	8034	740	60	350	8619723
4820	8025	739	60	350	8619733
4820	8017	739	60	350	8619743
4820	8009	740	60	350	8619763
4820	7998	740	60	350	8619783
4820	7991	721	60	350	8619873
4827	7991	562	60	350	8619883
4827	8010	441	60	350	8619893
4827	8038	79	60	350	8619913
60
5013	8647	9	58	340	8620184
5013	8656	40	58	340	8620194
5013	8665	99	58	340	8620214
5013	8673	163	58	340	8620234
5013	8683	207	58	338	8620244
5007	8683	228	58	338	8620254
5007	8694	254	58	338	8620274
5007	8705	294	58	338	8620284
4999	8705	322	58	338	8620294
4999	8713	361	58	338	8620314
4990	8713	425	58	338	8620344
4982	8713	472	58	338	8620364
4982	8704	501	58	338	8620374
4982	8697	522	58	338	8620384
4982	8682	543	58	338	8620394
4982	8664	564	58	338	8620404
4982	8644	587	58	340	8620414
4982	8622	603	58	340	8620424
4982	8600	612	58	340	8620434
4989	8578	634	58	340	8620444
4989	8549	656	58	340	8620454
4989	8524	665	58	340	8620464
4989	8500	673	58	340	8620474
4989	8473	685	58	340	8620484
4995	8452	692	58	340	8620494
4995	8425	702	58	340	8620504
4995	8397	708	58	340	8620514
4995	8371	712	59	341	8620524
4995	8343	716	59	341	8620534
4995	8316	729	59	341	8620544
4995	8292	731	59	341	8620554
4995	8266	734	59	343	8620564
4995	8242	736	59	343	8620574
4995	8222	738	59	343	8620584
4995	8203	741	59	343	8620594
4995	8184	743	59	345	8620604
4995	8164	746	59	345	8620614
4995	8147	747	59	345	8620624
4995	8128	752	59	346	8620634
4995	8113	750	59	346	8620644
4995	8101	753	59	346	8620654
4995	8090	753	59	346	8620664
4995	8081	755	59	348	8620674
4995	8069	755	59	348	8620684
4995	8060	755	59	348	8620694
4995	8051	755	59	348	8620704
4995	8042	755	59	348	8620714
4995	8035	756	59	348	8620724
4995	8027	755	60	350	8620744
4995	8015	755	60	350	8620754
4995	8007	756	60	350	8620764
4995	7997	756	60	350	8620774
4995	7985	757	60	350	8620784
4995	7974	756	60	350	8620794
4995	7963	757	60	350	8620804
4995	7952	756	60	350	8620814
4995	7942	757	60	350	8620824
4995	7933	746	60	350.5	8620844
4995	7925	669	60	351	8620864
5002	7925	247	60	351	8620894
24
4808	7940	174	58	350	8621156
4787	7929	182	58	350	8621166
4774	7922	266	58	350	8621176
4763	7915	339	58	350	8621186
4754	7915	393	58	350	8621196
4754	7905	447	59	350	8621206
4747	7905	565	59.75	350	8621246
4756	7905	698	60	350	8621266
4772	7905	752	60	350	8621276
4786	7905	772	60	350	8621286
4806	7915	800	60	350	8621296
4830	7923	810	60	350	8621306
4860	7935	818	60	350	8621316
4892	7945	823	60	350	8621326
4925	7952	825	60	350	8621336
4955	7952	843	60	350	8621346
4982	7962	845	60	350	8621356
5005	7962	848	60	350	8621366
5024	7968	850	60	350	8621376
5038	7968	852	60	350	8621386
5047	7968	852	60	350	8621406
5055	7968	771	60	350	8621486
5044	7968	397	60	350	8621496
5033	7968	16	60	350	8621516
68
4799	7921	150	59	350	8621772
4789	7921	216	59.5	350	8621792
4780	7928	313	60	350	8621812
4780	7939	376	60	350	8621832
4780	7948	452	60	350	8621852
4773	7948	535	60	350	8621892
4766	7948	581	60	350	8621902
4766	7940	590	60	350	8621912
4766	7931	599	60	350	8621922
4766	7918	622	60	350	8621932
4766	7903	628	60	350	8621942
4758	7886	646	60	351	8621952
4758	7870	665	60	351	8621962
4758	7854	685	60	351	8621972
4758	7839	694	60	351	8621982
4751	7823	701	60	351	8621992
4751	7812	704	60	351	8622002
4751	7799	724	60	351	8622012
4751	7787	727	60	351	8622022
4751	7775	736	60	351	8622032
4759	7764	739	60	351	8622042
4759	7753	746	60	351	8622052
4770	7743	749	60	351	8622062
4778	7734	767	60	351	8622072
4788	7726	771	60	351	8622082
4799	7726	773	60	351	8622092
4811	7718	775	60	351	8622102
4823	7718	780	60	351	8622112
4835	7718	779	60	351	8622122
4847	7711	780	60	351	8622132
4860	7711	781	60	351	8622142
4871	7711	787	60	351	8622152
4885	7711	791	60	351	8622162
4902	7720	792	60	351	8622172
4922	7727	799	60	351	8622182
4943	7736	799	60	351	8622192
4961	7743	801	60	351	8622202
4978	7752	803	60	351	8622212
4991	7760	803	60	353	8622222
5002	7768	803	60	353	8622232
5011	7775	803	60	353	8622242
5018	7775	806	60	353	8622252
5018	7784	808	60	353	8622262
5028	7784	810	60	353	8622272
5028	7795	810	60	353	8622282
5039	7795	813	60	353	8622292
5039	7807	814	60	353	8622302
5048	7814	814	60	353	8622312
5048	7823	814	60	353	8622322
5058	7834	813	60	353	8622332
5058	7843	814	61	353	8622342
5067	7852	813	61	353	8622352
5067	7860	813	62	353	8622362
5067	7869	814	62	353	8622372
5067	7879	814	62	353	8622382
5067	7888	814	62	353	8622392
5067	7896	815	62	353	8622402
5067	7903	815	62	353	8622412
5067	7909	815	62	353	8622422
5067	7917	815	62	353	8622432
5067	7926	816	62	353	8622442
5067	7934	815	62	351	8622452
5073	7941	816	62	351	8622462
5073	7948	813	62	351	8622482
5066	7960	814	62	351	8622502
5059	7969	806	60.4	351	8622552
5053	7969	701	60	351	8622572
5046	7969	218	60	350	8622602
5
4823	8015	128	60	350	8623058
4823	8005	227	60	350	8623078
4823	7993	234	60	350	8623088
4831	7983	218	60	350	8623098
4831	7974	30	60	350	8623118
28
4297	7136	221	60	338	8625072
4290	7136	355	60	338	8625082
4290	7142	431	60	338	8625102
4283	7135	501	60	338	8625112
4283	7127	548	60	340	8625122
4283	7119	574	60	341	8625132
4283	7107	604	60	341	8625142
4290	7096	629	59	341	8625152
4298	7087	646	60	341	8625162
4307	7076	664	60	341	8625172
4320	7066	683	60	340	8625182
4335	7059	688	60	340	8625192
4350	7049	703	61	342	8625202
4368	7043	717	61	342	8625212
4386	7043	722	61	342	8625222
4405	7033	724	61	342	8625232
4426	7033	732	61	342	8625242
4450	7033	733	61	342	8625252
4475	7050	735	61	342	8625262
4501	7066	737	61	342	8625272
4526	7085	739	62	341	8625282
4545	7107	738	62	341	8625292
4560	7127	738	63	340	8625302
4571	7144	738	63	340	8625312
4571	7161	727	63	340	8625322
4578	7170	700	63	340	8625332
4578	7178	601	63	340	8625352
4567	7188	143	63.5	339.5	8625372
80
4263	7079	57	59	341	8626034
4256	7079	203	60	340.4	8626084
4256	7086	334	60	340	8626124
4256	7093	397	60	340	8626154
4249	7093	446	60.25	340.5	8626194
4249	7084	498	61	342	8626204
4249	7076	526	61	342	8626214
4249	7065	542	61	342	8626224
4249	7054	566	61	342	8626234
4249	7040	580	61	342	8626244
4249	7025	601	61	342	8626254
4249	7010	612	61	342	8626264
4249	6994	629	61	342	8626274
4249	6980	646	61	342	8626284
4249	6968	654	61	342	8626294
4249	6957	659	61	342	8626304
4249	6946	674	61	342	8626314
4249	6934	688	61	343	8626324
4257	6922	698	61	343	8626334
4257	6908	704	61	343	8626344
4264	6893	704	61	343	8626354
4264	6883	709	61	343	8626364
4273	6872	714	61	343	8626374
4279	6862	721	61	343	8626384
4287	6851	726	61	343	8626394
4295	6841	726	61	345	8626404
4304	6832	733	61	345	8626414
4313	6823	738	61	345	8626424
4323	6817	743	62	345	8626434
4333	6817	743	62	345	8626444
4342	6807	743	63	344	8626454
4351	6807	745	63	344	8626464
4359	6798	747	63	344	8626474
4365	6798	748	63	344	8626484
4372	6798	750	63	344	8626494
4379	6789	750	63	344	8626504
4385	6789	753	63	344	8626514
4393	6789	755	63	344	8626524
4399	6789	756	63	344	8626534
4409	6782	756	63	344	8626544
4418	6782	758	63	344	8626554
4428	6782	762	63	344	8626564
4440	6782	762	63	344	8626574
4453	6795	761	63	344	8626584
4466	6804	761	63	344	8626594
4480	6814	762	64	343	8626604
4494	6825	762	64	343	8626614
4505	6836	762	65	342	8626624
4516	6846	763	65	342	8626634
4527	6857	764	65	342	8626644
4536	6867	763	65	342	8626654
4545	6876	764	65	342	8626664
4553	6886	764	65	342	8626674
4560	6897	762	65	342	8626684
4566	6908	762	65	342	8626694
4566	6919	763	65	342	8626704
4575	6930	763	65	342	8626714
4575	6942	763	66	342	8626724
4582	6953	763	66	342	8626734
4582	6964	762	67	341	8626744
4582	6975	761	67	341	8626754
4590	6985	762	67	341	8626764
4590	6995	762	67	341	8626774
4590	7003	761	67	339	8626784
4590	7013	761	67	339	8626794
4590	7024	762	67	339	8626804
4590	7033	761	67	339	8626814
4590	7043	761	67	339	8626824
4590	7050	762	67	339	8626834
4590	7057	762	67	339	8626844
4590	7063	758	67	339	8626854
4590	7071	759	67	339	8626864
4581	7078	759	67	339	8626874
4581	7086	758	66	336	8626884
4572	7093	759	66	336	8626904
4563	7105	758	66	336	8626924
4563	7119	755	66	336	8626934
4563	7125	742	66	336	8626944
4563	7132	601	66	336	8626974
4556	7139	0	65.5	336.5	8626994
67
4941	7631	100	63	333	8627424
4941	7638	152	63	333	8627434
4934	7638	278	63	333	8627454
4934	7645	496	63	333	8627534
4934	7633	597	63	331	8627544
4942	7620	607	63	331	8627554
4942	7603	619	63	331	8627564
4950	7585	626	63	331	8627574
4950	7568	629	63	331	8627584
4959	7553	632	63	333	8627594
4959	7538	637	63	333	8627604
4959	7524	638	63	333	8627614
4968	7512	638	63	333	8627624
4968	7501	640	63	333	8627634
4968	7494	639	63	333	8627654
4968	7485	639	63	333	8627694
4962	7479	641	63	333	8627704
4955	7479	641	63	333	8627714
4949	7479	641	63	333	8627724
4940	7472	640	63	333	8627734
4930	7472	641	63	333	8627744
4919	7472	642	63	333	8627754
4905	7462	643	63	333	8627764
4890	7462	640	63	333	8627774
4873	7452	645	63	333	8627784
4853	7452	643	63	333	8627794
4832	7439	645	63	333	8627804
4811	7433	645	63	333	8627814
4789	7433	647	63	333	8627824
4766	7420	653	63	333	8627834
4742	7420	653	63	333	8627844
4720	7408	657	63	333	8627854
4695	7408	658	63	333	8627864
4673	7401	661	63	333	8627874
4650	7401	660	63	333	8627884
4628	7393	665	63	333	8627894
4609	7393	665	63	333	8627904
4591	7385	665	63	333	8627914
4575	7385	667	63	333	8627924
4563	7378	671	63	333	8627934
4552	7378	675	63	333	8627944
4544	7378	678	63	333	8627964
4534	7378	682	63	333	8628004
4528	7378	683	63	332	8628024
4520	7378	684	61.6667	332.333	8628054
4513	7370	688	61	333	8628074
4513	7363	687	62	335	8628084
4504	7353	688	62	335	8628094
4504	7340	690	62	335	8628104
4495	7323	694	62	335	8628114
4495	7304	695	62	335	8628124
4486	7287	698	62	335	8628134
4486	7269	702	62	335	8628144
4486	7253	703	62	335	8628154
4486	7235	713	62	335	8628164
4486	7219	720	62	336	8628174
4486	7202	722	62	336	8628184
4486	7182	733	62	336	8628194
4486	7168	733	62	336	8628204
4486	7155	736	62	336	8628214
4486	7143	738	62	338	8628224
4486	7136	739	62	338	8628234
4486	7126	741	62	338	8628244
4494	7116	743	62	338	8628254
4494	7108	744	63	340	8628264
4494	7101	739	63	340	8628294
4494	7094	418	63.6667	339	8628354
76
4018	7735	18	59	333	8628912
4024	7735	67	59	333	8628922
4024	7741	112	59	333	8628932
4024	7749	366	59	333	8629052
4018	7749	524	59	333	8629082
4018	7739	549	59	333	8629092
4018	7728	561	59	333	8629102
4018	7712	572	59	333	8629112
4018	7693	589	59	333	8629122
4024	7669	602	59	333	8629132
4024	7642	611	59	333	8629142
4031	7612	621	59	333	8629152
4031	7580	626	59	333	8629162
4031	7548	629	60	335	8629172
4038	7518	641	60	335	8629182
4038	7492	642	60	335	8629192
4038	7468	645	60	335	8629202
4047	7441	650	60	335	8629212
4047	7417	651	60	335	8629222
4053	7394	652	60	335	8629232
4053	7374	653	60	335	8629242
4053	7360	653	60	335	8629252
4061	7349	653	60	337	8629262
4061	7342	651	60	337	8629282
4067	7335	652	60	337	8629312
4079	7335	653	60	337	8629322
4086	7335	657	60	337	8629332
4095	7335	656	60	337	8629342
4109	7343	659	60	337	8629352
4125	7343	663	60	337	8629362
4142	7343	667	59	337	8629372
4163	7343	671	59	337	8629382
4184	7343	672	58	338	8629392
4204	7343	672	58	338	8629402
4226	7349	670	58	338	8629412
4245	7349	672	58	338	8629422
4262	7349	673	58	338	8629432
4278	7360	674	58	338	8629442
4292	7360	673	58	338	8629452
4306	7371	672	58	338	8629462
4321	7378	674	58	338	8629472
4335	7385	672	58	338	8629482
4347	7385	671	58	338	8629492
4357	7393	668	58	337	8629502
4365	7393	668	58.5	336.5	8629522
4375	7393	670	59	336	8629532
4375	7400	671	60	335	8629572
4375	7393	673	60	335	8629592
4367	7383	674	60	335	8629602
4367	7375	678	60	335	8629612
4360	7368	681	60	335	8629622
4360	7358	683	60	335	8629632
4360	7348	685	60	335	8629642
4353	7336	688	60	335	8629652
4353	7324	689	60	335	8629662
4353	7312	696	60	335	8629672
4353	7298	706	60	335	8629682
4353	7282	717	60	337	8629692
4353	7265	720	60	337	8629702
4353	7250	721	60	337	8629712
4353	7234	725	60	337	8629722
4353	7219	732	60	337	8629732
4353	7203	734	60	338	8629742
4353	7188	741	60	338	8629752
4353	7172	747	60	338	8629762
4353	7156	754	60	338	8629772
4353	7141	756	60	338	8629782
4353	7128	758	60	340	8629792
4361	7117	762	60	340	8629802
4361	7106	764	60	340	8629812
4361	7093	764	60	340	8629822
4361	7078	764	60	340	8629832
4361	7064	768	61	342	8629842
4361	7055	766	61	342	8629852
4361	7048	758	61	342	8629862
4353	7048	443	61	342	8629912
8
4901	7675	10	61	333	8631104
4901	7681	86	61	333	8631134
4907	7691	177	61	333	8631154
4915	7701	245	61	333	8631174
4923	7710	292	61	333	8631194
4930	7710	314	61	333	8631224
4938	7695	281	61	333	8631234
4938	7681	67	61	333	8631254
94
5923	10365	33	54	317	8639772
5923	10372	65	54	317	8639782
5916	10372	177	54	316.333	8639842
5910	10372	306	53.1429	315.143	8639912
5910	10378	362	52.5349	314.535	8640342
5910	10369	384	53	315	8640352
5910	10357	395	53	315	8640362
5910	10338	414	54	316	8640372
5910	10315	423	54	316	8640382
5910	10291	431	54	316	8640392
5910	10269	437	54	317	8640402
5910	10243	461	54	317	8640412
5910	10214	465	54	317	8640422
5910	10181	471	55	319	8640432
5910	10145	483	55	319	8640442
5910	10112	489	55	319	8640452
5910	10082	505	55	320	8640462
5910	10052	519	55	320	8640472
5910	10025	526	56	321	8640482
5910	9997	554	56	321	8640492
5910	9962	563	56	323	8640502
5910	9930	570	56	323	8640512
5910	9893	580	56	323	8640522
5910	9856	581	56	323	8640532
5910	9822	586	57	324	8640542
5910	9786	594	57	324	8640552
5910	9751	596	57	324	8640562
5910	9716	602	57	324	8640572
5910	9682	606	57	324	8640582
5910	9647	610	57	324	8640592
5910	9613	628	57	324	8640602
5910	9578	634	57	326	8640612
5903	9541	640	57	326	8640622
5903	9505	645	57	326	8640632
5903	9465	649	57	326	8640642
5903	9427	653	57	326	8640652
5903	9383	659	57	326	8640662
5903	9343	663	58	327	8640672
5903	9304	663	58	327	8640682
5895	9264	665	58	327	8640692
5895	9231	668	58	329	8640702
5895	9195	672	58	329	8640712
5895	9158	678	58	329	8640722
5895	9124	677	58	330	8640732
5895	9091	677	58	330	8640742
5889	9051	684	59	332	8640752
5889	9013	686	59	332	8640762
5889	8974	687	59	333	8640772
5889	8928	688	59	333	8640782
5889	8882	691	60	335	8640792
5896	8836	697	60	335	8640802
5896	8790	700	60	337	8640812
5904	8749	702	60	337	8640822
5904	8712	703	60	338	8640832
5904	8671	710	60	338	8640842
5904	8632	711	60	338	8640852
5904	8593	709	60	340	8640862
5904	8549	714	60	340	8640872
5904	8514	716	60	340	8640882
5904	8474	720	60	340	8640892
5904	8435	725	60	340	8640902
5904	8409	726	60	340	8640912
5904	8374	727	61	342	8640922
5904	8344	730	61	342	8640932
5904	8320	731	61	342	8640942
5904	8291	731	61	342	8640952
5904	8267	732	61	343	8640962
5904	8247	734	61	343	8640972
5904	8221	734	61	343	8640982
5904	8192	739	61	343	8640992
5897	8168	741	61	345	8641002
5897	8143	746	61	345	8641012
5897	8119	749	61	345	8641022
5897	8099	749	61	345	8641032
5897	8081	750	61	347	8641042
5897	8059	751	61	347	8641052
5897	8034	752	61	347	8641062
5897	8008	753	61	347	8641072
5897	7982	754	62	349	8641082
5897	7963	754	62	349	8641092
5897	7944	755	62	349	8641102
5897	7925	755	62	349	8641112
5897	7907	755	62	351	8641122
5897	7889	754	62	351	8641132
5897	7875	755	62	351	8641142
5897	7855	757	62	351	8641152
5897	7829	756	62	353	8641162
5897	7810	756	62	353	8641172
5897	7793	757	62	353	8641182
5897	7784	756	62	353	8641202
5897	7772	755	62	353	8641222
5897	7762	702	62	353	8641262
5897	7770	515	62	353	8641272
5897	7786	133	62	353	8641292
142
6137	9523	1	55	326	8642272
6137	9532	28	55	326	8642282
6131	9532	58	55	326	8642292
6131	9539	101	55	326	8642312
6131	9546	164	55	325	8642342
6131	9553	308	55	325	8642402
6131	9543	428	55	325	8642412
6131	9534	453	55	325	8642422
6131	9521	485	55	325	8642432
6131	9506	515	55	325	8642442
6131	9488	549	56	324	8642452
6139	9469	557	56	324	8642462
6139	9448	576	56	323	8642472
6150	9426	583	56	323	8642482
6150	9405	595	56	323	8642492
6157	9379	614	56	323	8642502
6157	9347	619	57	324	8642512
6157	9316	628	57	324	8642522
6157	9280	642	57	324	8642532
6157	9243	648	57	326	8642542
6157	9208	663	57	326	8642552
6157	9170	666	58	327	8642562
6157	9134	676	58	327	8642572
6165	9101	680	58	327	8642582
6165	9067	686	58	329	8642592
6165	9031	696	58	329	8642602
6165	8997	697	58	330	8642612
6165	8958	701	58	330	8642622
6165	8919	705	59	332	8642632
6165	8880	708	59	332	8642642
6165	8844	712	59	333	8642652
6165	8809	713	59	333	8642662
6165	8773	714	60	335	8642672
6165	8738	718	60	335	8642682
6165	8706	722	60	335	8642692
6156	8669	725	60	335	8642702
6156	8636	726	60	337	8642712
6156	8610	727	60	337	8642722
6146	8577	729	60	337	8642732
6146	8552	731	60	337	8642742
6146	8526	734	60	337	8642752
6146	8491	737	60	338	8642762
6146	8463	737	60	338	8642772
6146	8430	738	60	338	8642782
6146	8398	741	60	338	8642792
6146	8368	743	60	338	8642802
6146	8338	746	60	340	8642812
6146	8310	746	60	340	8642822
6146	8286	748	60	340	8642832
6146	8264	748	60	340	8642842
6146	8243	750	60	340	8642852
6146	8222	749	61	342	8642862
6146	8202	751	61	342	8642872
6146	8179	752	61	342	8642882
6146	8164	751	61	342	8642892
6146	8150	753	61	342	8642902
6139	8135	753	61	343	8642912
6139	8118	756	61	343	8642922
6139	8099	757	61	343	8642932
6139	8083	759	61	343	8642942
6139	8071	758	61	343	8642952
6139	8063	758	61	345	8642962
6139	8049	764	61	345	8642972
6139	8031	762	61	345	8642982
6139	8015	762	61	345	8642992
6139	7998	763	61	345	8643002
6139	7989	763	61	347	8643012
6139	7981	763	61	347	8643022
6139	7970	764	61	347	8643032
6139	7962	764	61	347	8643042
6139	7951	765	61	347	8643052
6139	7942	764	61	347	8643062
6139	7933	764	61	347	8643072
6139	7925	764	61	347	8643082
6139	7916	765	62	349	8643092
6139	7905	765	62	349	8643102
6139	7894	765	62	349	8643112
6139	7882	764	62	349	8643122
6146	7874	765	62	349	8643132
6146	7864	765	62	349	8643142
6146	7856	765	62	349	8643152
6146	7846	763	62	349	8643162
6146	7839	761	62	351	8643172
6152	7832	756	63	350	8643182
6152	7826	652	63.9091	350	8643292
6144	7826	529	64	350	8643322
6136	7826	581	64	350	8643392
6129	7832	625	64	350	8643442
6121	7832	633	64	350	8643462
6121	7839	638	64	350	8643472
6115	7839	651	64	350	8643522
6107	7839	663	64	350	8643542
6107	7831	664	64	350	8643552
6100	7831	672	64	350	8643582
6100	7825	674	64	350	8643602
6093	7825	676	64	350	8643612
6093	7817	678	64	350	8643622
6093	7810	680	63	350	8643632
6087	7800	684	63	350	8643642
6087	7791	684	62	351	8643652
6080	7783	689	62	352	8643672
6080	7772	692	62	353	8643692
6080	7761	695	62	353	8643702
6088	7761	695	62	353	8643712
6088	7754	700	62	353	8643722
6094	7754	702	62	353	8643732
6101	7754	711	62	353	8643742
6109	7747	715	62	353	8643752
6118	7747	714	62	353	8643762
6126	7747	718	63	352	8643772
6134	7747	720	63	352	8643782
6142	7747	720	64	352	8643792
6150	7747	726	64	352	8643802
6158	7747	723	64	350	8643812
6166	7753	724	64	350	8643822
6174	7753	727	64	350	8643832
6181	7753	728	64	350	8643842
6188	7753	727	64	350	8643852
6195	7753	726	64	350	8643862
6195	7760	724	64	350	8643872
6204	7760	725	64	350	8643892
6212	7767	721	64	351	8643912
6219	7775	719	64	352	8643932
6219	7782	721	64	352	8643952
6219	7793	721	64	352	8643962
6219	7799	721	64	352	8643972
6219	7806	721	64	352	8643992
6219	7816	721	64	352	8644002
6219	7823	723	64	352	8644012
6210	7829	724	64	352	8644032
6202	7838	723	64	352	8644052
6195	7838	720	64	352	8644062
6195	7845	720	64	352	8644072
6184	7845	721	64	352	8644092
6178	7845	720	64	352	8644112
6168	7845	718	64	350	8644122
6162	7845	724	64	350	8644142
6150	7845	702	64	350	8644162
6137	7838	672	64	350	8644172
6129	7838	611	64	350	8644182
6120	7827	517	64	350	8644192
6114	7820	116	64	350	8644212
39
5865	7717	112	62	353	8644604
5857	7717	119	62	353	8644614
5845	7717	150	62	353	8644624
5838	7717	228	62	353	8644644
5829	7717	315	62	353	8644664
5821	7717	401	62	352	8644684
5815	7710	493	62	351	8644714
5815	7703	574	63.5	350	8644754
5823	7703	634	64	350	8644774
5838	7703	668	64	350	8644784
5850	7703	676	64	350	8644794
5864	7703	710	64	350	8644804
5882	7703	717	64	350	8644814
5905	7711	721	64	350	8644824
5929	7711	729	64	350	8644834
5954	7718	743	64	350	8644844
5977	7718	750	64	350	8644854
5997	7726	752	64	350	8644864
6015	7726	759	64	350	8644874
6032	7737	769	64	350	8644884
6047	7737	773	64	350	8644894
6061	7743	776	64	350	8644904
6075	7743	779	64	350	8644914
6090	7751	787	64	350	8644924
6105	7751	791	64	350	8644934
6120	7751	793	64	350	8644944
6137	7751	792	64	350	8644954
6154	7751	794	64	350	8644964
6170	7758	794	64	350	8644974
6183	7758	795	64	350	8644984
6195	7758	793	64	350	8644994
6205	7758	794	64	350	8645004
6211	7758	794	64	350	8645064
6218	7758	793	64	350	8645114
6225	7758	762	64	350	8645194
6233	7758	721	64	350	8645214
6243	7758	717	64	350	8645224
6251	7758	702	64	350	8645244
6261	7758	342	64	350	8645294
71
5800	7649	30	62	351	8645734
5800	7658	49	62	351	8645754
5800	7664	124	62	351	8645794
5800	7672	370	62	350.6	8645894
5793	7672	605	62.5	348.5	8645914
5793	7664	656	63	348	8645934
5793	7655	684	63	348	8645944
5793	7645	698	63	348	8645954
5793	7632	717	63	348	8645964
5793	7617	728	63	348	8645974
5793	7599	731	64	350	8645984
5803	7584	743	64	350	8645994
5803	7572	749	64	350	8646004
5813	7559	758	64	350	8646014
5820	7549	761	64	350	8646024
5820	7540	763	64	350	8646034
5832	7529	763	64	350	8646044
5838	7522	767	64	350	8646054
5845	7514	770	64	350	8646064
5853	7514	771	64	350	8646074
5862	7502	771	64	350	8646084
5871	7502	772	64	350	8646094
5880	7493	772	64	350	8646104
5890	7493	770	64	350	8646114
5900	7486	772	64	350	8646124
5911	7486	775	64	350	8646134
5924	7486	775	64	350	8646144
5937	7486	775	64	350	8646154
5950	7486	776	64	350	8646164
5964	7486	777	64	350	8646174
5978	7486	778	64	350	8646184
5993	7486	784	64	350	8646194
6007	7493	783	64	350	8646204
6021	7493	784	64	350	8646214
6036	7493	783	64	350	8646224
6049	7501	785	64	350	8646234
6062	7501	784	64	350	8646244
6075	7508	786	64	350	8646254
6088	7508	787	64	352	8646264
6101	7514	787	64	352	8646274
6113	7514	786	64	352	8646284
6124	7521	787	64	352	8646294
6134	7521	787	64	352	8646304
6143	7521	786	64	352	8646314
6152	7530	787	64	352	8646324
6161	7530	789	64	352	8646334
6170	7541	789	64	352	8646344
6180	7541	788	64	352	8646354
6189	7551	787	64	352	8646364
6199	7558	789	64	352	8646374
6209	7565	792	64	352	8646384
6217	7572	788	64	352	8646394
6225	7579	789	64	352	8646404
6232	7587	792	64	352	8646414
6240	7595	790	64	352	8646424
6247	7603	793	64	352	8646434
6254	7611	792	64	352	8646454
6263	7623	793	64.5	350.5	8646474
6270	7631	798	65.5	349	8646494
6270	7639	801	66	349	8646504
6277	7639	801	66	349	8646514
6277	7652	801	66	349	8646524
6277	7661	802	66	349	8646534
6277	7668	803	66	349	8646554
6277	7676	805	66	349	8646584
6277	7682	805	66	349	8646604
6277	7690	804	66	349	8646624
6277	7701	803	66	349	8646644
6277	7712	803	66	349	8646664
6277	7722	786	66	349	8646724
6277	7728	362	66	349	8646764
81
7036	10481	30	51	316	8650635
7030	10481	93	51	316	8650655
7030	10473	129	51	316	8650665
7022	10467	161	51	316	8650675
7022	10457	182	51	316	8650685
7022	10448	203	51	316	8650695
7022	10437	239	51	316	8650705
7022	10424	255	51	316	8650715
7022	10414	267	51	316	8650725
7022	10403	306	51	316	8650735
7022	10389	325	51	316	8650745
7022	10374	336	51	316	8650755
7029	10357	362	52	317	8650765
7029	10336	380	52	317	8650775
7029	10313	409	52	317	8650785
7029	10287	429	52	317	8650795
7029	10256	465	52	319	8650805
7036	10219	483	52	319	8650815
7036	10177	495	52	319	8650825
7043	10129	510	53	320	8650835
7043	10079	526	53	320	8650845
7043	10027	537	53	320	8650855
7052	9973	545	53	320	8650865
7052	9920	553	53	321	8650875
7052	9865	569	53	321	8650885
7061	9808	580	53	321	8650895
7061	9752	597	54	322	8650905
7061	9695	604	54	322	8650915
7061	9638	607	54	322	8650925
7061	9583	611	54	324	8650935
7068	9528	615	54	324	8650945
7068	9473	620	54	324	8650955
7068	9417	621	55	325	8650965
7078	9360	628	55	325	8650975
7078	9305	634	55	325	8650985
7084	9250	632	55	326	8650995
7084	9198	634	55	326	8651005
7084	9150	640	56	328	8651015
7084	9101	642	56	328	8651025
7084	9054	644	56	329	8651035
7092	9006	644	56	329	8651045
7092	8954	651	56	331	8651055
7092	8908	652	57	332	8651065
7092	8857	656	57	332	8651075
7092	8805	658	57	334	8651085
7092	8756	660	57	334	8651095
7092	8704	665	58	335	8651105
7092	8654	666	58	335	8651115
7092	8602	671	58	337	8651125
7092	8553	672	58	337	8651135
7092	8504	673	58	338	8651145
7092	8458	680	58	338	8651155
7092	8418	683	58	338	8651165
7092	8378	688	58	340	8651175
7092	8336	693	58	340	8651185
7092	8297	700	58	340	8651195
7092	8261	703	58	340	8651205
7092	8224	716	59	341	8651215
7092	8192	725	59	341	8651225
7084	8163	730	59	341	8651235
7084	8132	733	59	343	8651245
7084	8104	737	59	343	8651255
7084	8074	740	59	343	8651265
7078	8044	749	59	345	8651275
7078	8017	750	59	345	8651285
7078	7992	754	59	346	8651295
7078	7968	755	59	346	8651305
7078	7948	756	59	346	8651315
7078	7928	757	59	348	8651325
7078	7909	760	59	348	8651335
7078	7891	764	59	348	8651344
7078	7871	766	59	348	8651354
7078	7851	770	60	350	8651364
7078	7828	771	60	350	8651374
7078	7806	776	60	350	8651384
7078	7786	776	60	350	8651394
7078	7767	776	60	350	8651404
7078	7751	776	60	350	8651414
7078	7739	771	60	351	8651424
7078	7733	679	60	351	8651454
7078	7741	203	60	351	8651474
49
7275	8848	51	60	335	8652053
7268	8854	71	60	335	8652063
7261	8854	118	60	335	8652073
7261	8861	226	60	335	8652103
7255	8861	374	60	335	8652143
7255	8852	464	60	335	8652153
7255	8843	489	60	335	8652163
7255	8828	514	60	335	8652173
7255	8807	534	60	335	8652183
7255	8785	568	60	335	8652193
7255	8756	583	60	335	8652203
7255	8723	602	60	335	8652213
7255	8687	620	60	335	8652223
7255	8648	638	60	335	8652233
7255	8610	649	60	335	8652243
7255	8576	659	60	335	8652253
7255	8542	668	60	335	8652263
7255	8510	686	60	337	8652273
7255	8477	693	60	337	8652283
7255	8445	697	60	337	8652293
7255	8413	704	60	337	8652303
7255	8383	712	60	337	8652313
7261	8349	721	60	337	8652323
7261	8317	724	60	338	8652333
7261	8288	728	60	338	8652343
7261	8249	734	60	338	8652353
7261	8218	735	60	338	8652363
7261	8182	738	60	340	8652373
7261	8145	741	60	340	8652383
7261	8115	742	60	340	8652393
7261	8083	743	61	342	8652403
7261	8052	745	61	342	8652413
7261	8023	747	61	343	8652423
7261	7993	749	61	343	8652433
7261	7964	749	61	343	8652443
7261	7940	750	61	345	8652453
7261	7915	749	61	345	8652463
7261	7891	755	61	345	8652473
7261	7871	756	61	347	8652483
7261	7849	757	61	347	8652493
7261	7828	757	61	347	8652503
7261	7813	757	62	349	8652513
7261	7795	759	62	349	8652523
7261	7780	760	62	349	8652533
7261	7769	761	62	349	8652543
7261	7759	761	62	349	8652553
7261	7751	761	62	349	8652563
7261	7743	763	62	349	8652573
7261	7737	582	62	350.75	8652653
23
7059	7689	27	58	338	8654741
7059	7681	49	58	340	8654751
7039	7681	76	58	340	8654761
7039	7675	116	58	340	8654771
7028	7675	147	58	340	8654781
7028	7667	179	58	340	8654791
7018	7667	234	58	340	8654811
7018	7660	285	58	340	8654821
7010	7660	439	58	339	8654881
7010	7652	582	58	338	8654911
7021	7646	643	58	338	8654921
7040	7646	651	58	340	8654931
7065	7646	667	58	340	8654941
7099	7646	683	58	340	8654951
7135	7646	689	58	340	8654961
7172	7646	689	58	340	8654971
7211	7646	694	58	340	8654981
7245	7646	693	58	340	8654991
7273	7653	694	59	339	8655001
7295	7653	693	59	339	8655011
7311	7653	691	60	338	8655021
7319	7653	570	60	338	8655061
7309	7653	0	60	338	8655081
51
7015	7650	49	58	340	8655655
7007	7659	137	58	340	8655675
7007	7666	257	58	340	8655705
7007	7673	390	58	340	8655735
7001	7673	463	58	340	8655755
7001	7659	489	58	340	8655765
6993	7647	515	58	340	8655775
6993	7632	529	58	340	8655785
6993	7614	545	58	340	8655795
6993	7595	572	58	340	8655805
6993	7577	582	58	340	8655815
6993	7556	599	58	340	8655825
6993	7536	607	58	340	8655835
6993	7516	625	58	340	8655845
7003	7496	633	58	340	8655855
7003	7479	641	58	340	8655865
7017	7462	650	58	340	8655875
7026	7448	656	58	340	8655885
7037	7435	666	59	341	8655895
7051	7423	669	59	341	8655905
7066	7412	682	59	341	8655915
7085	7403	689	59	341	8655925
7105	7395	697	59	341	8655935
7127	7395	700	59	341	8655945
7150	7395	702	59	341	8655955
7173	7395	709	59	341	8655965
7195	7395	711	59	341	8655975
7215	7407	715	60	341	8655985
7237	7407	717	60	341	8655995
7258	7419	718	60	340	8656005
7276	7427	716	60	340	8656015
7291	7438	715	60	340	8656025
7306	7450	716	60	340	8656035
7319	7462	718	60	340	8656045
7331	7474	720	60	340	8656055
7341	7486	718	60	340	8656065
7348	7496	718	60	340	8656075
7348	7508	717	60	340	8656085
7356	7521	720	60	340	8656095
7356	7536	718	60	340	8656105
7364	7554	718	60	340	8656115
7364	7572	718	60	340	8656125
7370	7587	718	60	340	8656135
7370	7600	721	60	340	8656145
7370	7612	722	60	340	8656155
7370	7621	721	60	340	8656165
7370	7630	720	60	340	8656175
7370	7637	721	60	340	8656185
7370	7645	721	60	340	8656205
7370	7654	709	60	340	8656225
7370	7661	376	60	338.667	8656255
39
6078	7449	18	56	340	8658123
6072	7449	71	56	338	8658133
6072	7455	116	56	338	8658153
6072	7463	168	56	338	8658173
6072	7473	249	56	338	8658193
6072	7480	356	56	338	8658223
6072	7467	428	56	338	8658233
6072	7455	442	56	338	8658243
6072	7438	481	56	338	8658253
6079	7416	501	56	338	8658263
6079	7393	514	56	338	8658273
6088	7367	528	56	338	8658283
6088	7343	533	56	338	8658293
6097	7316	545	56	338	8658303
6097	7289	560	56	338	8658313
6104	7261	569	56	338	8658323
6104	7234	576	56	338	8658333
6104	7205	587	56	340	8658343
6111	7181	591	56	340	8658353
6111	7159	592	56	340	8658363
6111	7140	595	57	341	8658373
6111	7130	594	57	341	8658383
6120	7118	596	57	341	8658393
6120	7108	599	57	341	8658403
6132	7101	597	57	343	8658413
6140	7093	601	57	343	8658423
6151	7093	603	57	343	8658433
6169	7093	614	57	343	8658443
6193	7093	615	57	343	8658453
6223	7093	618	58	342	8658463
6256	7093	625	58	342	8658473
6294	7104	620	59	341	8658483
6335	7104	620	59	343	8658493
6376	7114	620	59	343	8658503
6417	7114	620	59	343	8658513
6452	7121	612	59	343	8658523
6481	7121	572	59	343	8658533
6500	7121	473	59	343	8658543
6512	7121	96	59	343	8658563
39
6528	7094	54	59	333	8672143
6528	7101	300	59.8	334.6	8672243
6535	7101	484	60	335	8672293
6542	7094	537	60	335	8672353
6549	7094	553	60	335	8672383
6556	7094	563	60	335	8672403
6568	7094	566	60	335	8672413
6575	7094	568	60	335	8672423
6584	7088	569	59	333	8672433
6592	7088	570	59	333	8672443
6600	7088	573	59	333	8672453
6609	7088	575	59	333	8672463
6618	7088	576	59	333	8672473
6625	7088	578	59	333	8672493
6634	7088	580	60.1429	331.857	8672563
6641	7081	601	61	331	8672693
6641	7073	662	61	331	8672703
6641	7064	672	61	333	8672713
6641	7052	680	61	333	8672723
6641	7033	686	61	333	8672733
6641	7009	697	61	333	8672743
6641	6980	701	61	333	8672753
6641	6948	713	61	333	8672763
6648	6914	721	61	333	8672773
6648	6881	726	61	333	8672783
6648	6846	727	62	335	8672793
6648	6810	729	62	335	8672803
6648	6777	728	62	335	8672813
6648	6746	731	62	335	8672823
6655	6716	731	62	335	8672833
6655	6688	733	62	336	8672843
6655	6665	732	62	336	8672853
6661	6647	732	62	336	8672863
6661	6634	727	62	336	8672873
6661	6628	724	62	336	8672883
6669	6628	694	62	336	8672913
6678	6628	594	62	338	8672923
6678	6646	414	62	338	8672933
6692	6670	10	62	338	8672953
35
6621	6653	69	58	327	8682734
6613	6653	108	58	327	8682744
6603	6653	213	58	327	8682764
6593	6653	335	58	327	8682784
6593	6661	405	58	327	8682794
6585	6661	559	58	327	8682884
6585	6655	660	58	327	8682894
6594	6655	664	58	327	8682904
6594	6647	676	58	327	8682914
6603	6647	682	58	327	8682924
6610	6638	697	58	327	8682934
6618	6629	718	58	327	8682944
6630	6620	724	58	327	8682954
6642	6608	737	58	327	8682964
6657	6597	743	58	327	8682974
6673	6584	758	58	327	8682984
6690	6573	760	58	327	8682994
6706	6564	772	58	327	8683004
6722	6554	780	58	327	8683014
6735	6548	789	58	327	8683024
6748	6540	794	58	327	8683034
6760	6534	796	58	327	8683044
6771	6534	798	58	327	8683054
6783	6525	804	59	327	8683064
6799	6525	806	59	327	8683074
6818	6525	806	60	326	8683084
6839	6534	803	60	326	8683094
6857	6541	808	60	326	8683104
6875	6551	807	60	326	8683114
6892	6562	805	60	326	8683124
6907	6573	803	60	326	8683134
6919	6582	801	60	326	8683144
6927	6589	786	60	326	8683164
6927	6597	648	60	326	8683204
6927	6605	104	60	326	8683224
18
6894	6559	239	60	328	8684028
6901	6559	467	60	328	8684048
6910	6570	512	60	328	8684058
6916	6577	533	60	328	8684068
6924	6585	549	60	328	8684078
6931	6593	571	60	328	8684098
6941	6602	604	60	328	8684128
6947	6609	625	60	328	8684148
6947	6615	640	60	328	8684158
6956	6615	644	60	328	8684168
6956	6622	655	60	326	8684178
6965	6622	659	60	326	8684188
6965	6633	660	60	326	8684198
6976	6641	663	60	326	8684208
6983	6649	665	60	326	8684218
6983	6658	665	60	326	8684228
6993	6666	665	60	326	8684248
6993	6675	514	60	326	8684338
68
6570	6584	11	58	330	8684850
6562	6584	29	58	330	8684860
6562	6592	69	58	330	8684870
6555	6592	100	58	330	8684880
6555	6599	147	58	330	8684900
6555	6610	216	58	329.5	8684920
6549	6610	274	58	329	8684930
6549	6616	362	58	329	8684980
6542	6616	459	58	329	8685010
6542	6610	509	58	329	8685030
6542	6601	528	58	329	8685040
6542	6595	542	58	329	8685050
6542	6583	563	58	329	8685060
6542	6570	588	58	329	8685070
6542	6556	596	58	329	8685080
6542	6542	604	58	329	8685090
6542	6528	613	58	329	8685100
6542	6516	620	58	329	8685110
6542	6505	632	58	329	8685120
6542	6492	638	58	329	8685130
6542	6478	644	58	329	8685140
6542	6465	651	58	329	8685150
6549	6452	650	58	329	8685160
6549	6442	650	58	329	8685170
6556	6432	660	58	330	8685180
6556	6420	663	58	330	8685190
6569	6409	666	58	330	8685200
6576	6396	667	58	330	8685210
6584	6384	677	58	330	8685220
6592	6372	679	58	330	8685230
6601	6362	682	58	330	8685240
6611	6353	683	58	330	8685250
6622	6345	686	59	332	8685260
6634	6338	690	59	332	8685270
6649	6331	690	59	332	8685280
6664	6331	694	59	332	8685290
6683	6322	698	60	331	8685300
6703	6322	701	60	331	8685310
6725	6322	709	60	330	8685320
6750	6322	715	60	330	8685330
6773	6322	716	60	330	8685340
6797	6328	727	60	330	8685350
6820	6337	725	60	330	8685360
6841	6345	728	60	330	8685370
6862	6357	731	60	330	8685380
6881	6369	732	60	330	8685390
6898	6380	734	60	330	8685400
6912	6391	735	60	330	8685410
6922	6401	742	60	330	8685420
6930	6410	742	60	330	8685430
6938	6422	748	60	330	8685440
6945	6434	745	60	330	8685450
6953	6448	748	60	330	8685460
6961	6463	750	60	330	8685470
6969	6478	749	60	330	8685480
6975	6492	754	60	330	8685490
6982	6508	753	60	330	8685500
6989	6521	752	60	328	8685510
6989	6533	754	60	328	8685520
6997	6547	753	60	328	8685530
6997	6561	753	60	328	8685540
6997	6578	752	60	328	8685550
7005	6594	754	60	328	8685560
7005	6606	754	60	328	8685570
7005	6614	754	60	328	8685580
7005	6621	752	60	328	8685600
7005	6628	703	60	326.667	8685630
7005	6637	229	60	326	8685650
62
7202	7328	44	58	320	8686080
7202	7334	83	58	320	8686090
7196	7334	115	58	320	8686100
7196	7342	143	58	320	8686110
7189	7342	194	58	320	8686120
7189	7349	246	58	320	8686130
7180	7349	307	58	320	8686150
7170	7349	384	58	320	8686170
7161	7339	453	58	320	8686180
7161	7326	495	58	320	8686190
7150	7306	527	58	320	8686200
7150	7284	558	58	322	8686210
7150	7260	579	58	322	8686220
7150	7238	587	58	322	8686230
7150	7216	591	58	322	8686240
7150	7197	607	58	322	8686250
7150	7179	608	58	322	8686260
7157	7165	610	58	322	8686270
7157	7152	611	58	322	8686280
7157	7144	614	58	322	8686290
7157	7138	615	58	322	8686330
7151	7131	615	58	322	8686340
7142	7131	616	59	323	8686350
7128	7131	615	59	323	8686360
7111	7131	615	59	323	8686370
7093	7122	611	59	323	8686380
7070	7122	612	59	323	8686390
7045	7110	612	59	323	8686400
7018	7104	613	59	323	8686410
6990	7096	612	59	323	8686420
6966	7090	618	59	323	8686430
6945	7082	615	59	323	8686440
6925	7075	616	59	323	8686450
6907	7067	615	59	323	8686460
6892	7059	616	59	323	8686470
6881	7051	618	59	323	8686480
6874	7045	616	59	323	8686490
6874	7038	616	59	323	8686500
6874	7032	616	59	323	8686510
6868	7032	618	59	323	8686520
6868	7019	619	59	323	8686530
6868	7011	621	59	323	8686540
6868	6999	628	58	326	8686550
6868	6983	629	58	326	8686560
6868	6964	638	58	327	8686570
6874	6942	644	58	327	8686580
6874	6918	657	58	327	8686590
6882	6893	666	58	327	8686600
6882	6870	674	58	327	8686610
6891	6846	680	58	327	8686620
6891	6825	690	58	327	8686630
6899	6801	703	58	327	8686640
6899	6774	714	58	327	8686650
6899	6748	720	58	327	8686660
6899	6719	727	58	329	8686670
6905	6694	732	58	329	8686680
6905	6672	734	58	329	8686690
6905	6651	735	58	329	8686700
6905	6635	735	58	329	8686710
6905	6621	735	58	329	8686720
6898	6611	734	58	329	8686730
6898	6602	415	58	329	8686790
53
6769	6283	13	59	333	8687338
6769	6293	121	59	333	8687378
6762	6300	331	59	333	8687418
6762	6291	441	59	333	8687428
6762	6282	481	59	333	8687438
6762	6267	500	59	333	8687448
6762	6246	522	59	333	8687458
6762	6223	531	59	333	8687468
6762	6201	539	60	332	8687478
6762	6179	550	60	332	8687488
6762	6160	560	61	331	8687498
6762	6140	569	61	331	8687508
6762	6123	575	61	333	8687518
6768	6111	576	61	333	8687528
6768	6103	579	61	333	8687558
6775	6103	587	61	333	8687568
6781	6103	597	61	333	8687578
6793	6103	607	61	333	8687588
6810	6111	613	61	333	8687598
6834	6122	625	61	333	8687608
6861	6134	634	61	333	8687618
6890	6147	642	61	333	8687628
6921	6158	648	61	333	8687638
6955	6169	654	61	333	8687648
6992	6178	665	61	333	8687658
7033	6188	670	61	333	8687668
7075	6195	674	61	333	8687678
7117	6195	679	61	333	8687688
7159	6207	681	61	333	8687698
7196	6207	682	61	333	8687708
7230	6207	681	61	333	8687718
7260	6215	684	61	333	8687728
7284	6215	684	61	333	8687738
7304	6222	683	61	333	8687748
7316	6222	683	61	333	8687758
7322	6222	682	61	333	8687808
7322	6228	674	62.7143	330.429	8687878
7316	6228	669	63	331	8687988
7316	6222	668	63	331	8687998
7316	6213	675	63	331	8688008
7316	6197	682	63	331	8688018
7316	6173	692	63	331	8688028
7325	6139	707	63	331	8688038
7325	6100	715	63	331	8688048
7325	6058	718	63	331	8688058
7325	6014	728	63	333	8688068
7325	5975	731	63	333	8688078
7325	5939	735	63	333	8688088
7325	5910	734	63	333	8688098
7325	5890	731	64	334	8688108
7325	5875	705	64	334	8688118
7325	5867	652	64	334	8688128
7334	5867	283	64	335.333	8688158
48
7789	10434	18	52	319	8689650
7778	10434	96	52	319	8689710
7785	10434	174	52.4	315.8	8689760
7785	10440	200	53	315	8689830
7785	10448	222	53	315	8689860
7785	10456	229	53	315	8689890
7785	10463	243	53	315	8689950
7785	10469	269	53	315	8689990
7785	10478	281	53	315	8690010
7785	10484	288	53	315	8690020
7793	10484	293	52	314	8690040
7793	10495	308	52	314	8690060
7793	10501	333	52	314	8690100
7793	10491	352	52	314	8690110
7793	10479	374	52	314	8690120
7793	10462	383	52	314	8690130
7793	10440	399	52	314	8690140
7793	10416	412	52	314	8690150
7793	10390	425	52	314	8690160
7801	10360	441	53	315	8690170
7801	10329	458	53	315	8690180
7801	10295	478	53	315	8690190
7801	10260	486	54	316	8690200
7801	10227	501	54	316	8690210
7801	10189	513	54	316	8690220
7801	10153	527	54	317	8690230
7801	10116	529	54	317	8690240
7801	10078	540	54	317	8690250
7808	10031	550	55	319	8690260
7808	9990	560	55	319	8690270
7808	9947	575	55	319	8690280
7808	9906	574	55	320	8690290
7808	9876	589	55	320	8690300
7808	9841	588	55	320	8690310
7808	9809	596	56	321	8690320
7808	9779	597	56	321	8690330
7808	9756	602	56	321	8690340
7808	9734	605	56	321	8690350
7808	9718	607	56	321	8690360
7808	9704	610	56	321	8690370
7808	9694	611	56	323	8690380
7808	9687	611	56	323	8690400
7808	9678	615	56	323	8690420
7808	9672	630	56	323	8690560
7808	9680	627	56	323	8690580
7808	9688	603	56	323	8690590
7815	9688	545	56	323	8690600
7815	9702	192	56	323	8690620
72
7762	10384	40	52	314	8693658
7753	10384	112	52	314	8693678
7740	10384	218	52	314	8693688
7732	10391	290	52	314	8693698
7725	10391	345	52	314	8693708
7715	10400	394	52	314	8693718
7708	10400	436	52	314	8693728
7699	10407	470	52	314	8693778
7715	10414	468	52	314	8693788
7733	10414	472	52	314	8693798
7755	10421	469	52	314	8693808
7781	10421	466	53	313	8693818
7805	10428	468	53	313	8693828
7828	10428	466	54	311	8693838
7844	10428	462	54	311	8693848
7855	10428	469	54	311	8693868
7855	10416	477	54	311	8693878
7855	10406	471	54	311	8693888
7840	10390	477	54	311	8693898
7818	10365	479	54	313	8693908
7791	10337	471	54	313	8693918
7761	10308	473	54	314	8693928
7733	10280	477	54	314	8693938
7711	10258	479	53	315	8693948
7696	10241	468	53	315	8693958
7696	10229	454	54	316	8693968
7696	10222	438	54	316	8693988
7718	10215	416	54	316	8693998
7740	10215	411	54	316	8694008
7768	10215	403	54	317	8694018
7798	10222	399	54	317	8694028
7827	10222	399	54	317	8694038
7851	10222	397	54	317	8694048
7870	10222	398	54	317	8694058
7878	10214	405	54	317	8694068
7878	10201	410	54	317	8694078
7863	10182	412	54	317	8694088
7841	10153	422	54	317	8694098
7813	10123	430	54	317	8694108
7784	10095	431	54	317	8694118
7758	10071	432	55	319	8694128
7741	10056	428	55	319	8694138
7734	10042	416	55	319	8694148
7734	10030	406	55	319	8694158
7745	10022	390	55	319	8694168
7762	10022	381	55	319	8694178
7785	10013	374	55	319	8694188
7810	10013	372	55	319	8694198
7833	10013	372	55	319	8694208
7854	10003	373	55	319	8694218
7869	10003	374	55	319	8694228
7875	9989	377	55	319	8694238
7875	9975	384	55	319	8694248
7858	9957	395	55	319	8694258
7834	9932	435	55	319	8694268
7806	9906	441	55	320	8694278
7780	9882	456	55	320	8694288
7759	9861	460	55	320	8694298
7746	9848	456	55	320	8694308
7746	9838	444	55	320	8694328
7766	9838	440	55	320	8694338
7789	9838	433	55	320	8694348
7815	9846	434	55	320	8694358
7842	9846	433	55	320	8694368
7863	9853	433	55	320	8694378
7877	9853	432	55	320	8694388
7884	9846	443	55	320	8694398
7884	9838	444	55	320	8694408
7863	9824	448	55	320	8694418
7840	9810	455	55	320	8694428
7815	9793	449	55	320	8694438
7793	9777	191	55	320	8694458
135
8047	9748	24	56	321	8695194
8039	9748	52	56	321	8695204
8039	9758	104	55.3333	320.333	8695234
8031	9758	151	55	320	8695244
8031	9764	181	56	321	8695264
8025	9764	209	56	321	8695294
8025	9771	227	56	321	8695324
8025	9778	303	56	321	8695424
8025	9784	423	56	321	8695484
8025	9776	506	56	321	8695494
8025	9769	534	56	321	8695504
8025	9757	561	56	321	8695514
8032	9741	569	56	321	8695524
8032	9720	589	56	321	8695534
8032	9700	599	56	321	8695544
8039	9679	615	56	321	8695554
8039	9658	622	56	321	8695564
8039	9636	630	56	321	8695574
8039	9613	636	56	321	8695584
8039	9593	638	56	321	8695594
8039	9571	642	56	321	8695604
8045	9550	649	56	321	8695614
8045	9531	652	56	321	8695624
8045	9511	658	56	321	8695634
8045	9491	661	56	321	8695644
8045	9468	665	56	321	8695654
8045	9441	670	56	321	8695664
8045	9414	671	56	321	8695674
8045	9387	673	56	323	8695684
8045	9360	675	56	323	8695694
8045	9333	679	56	323	8695704
8045	9306	680	57	324	8695714
8045	9282	681	57	324	8695724
8045	9256	681	57	324	8695734
8045	9237	681	57	326	8695744
8045	9215	684	57	326	8695754
8045	9190	682	57	326	8695764
8039	9164	686	58	327	8695774
8039	9139	686	58	327	8695784
8039	9113	688	58	329	8695794
8039	9088	688	58	329	8695804
8039	9065	694	58	329	8695814
8039	9038	696	58	330	8695824
8039	9010	697	58	330	8695834
8039	8982	698	58	330	8695844
8039	8952	703	59	332	8695854
8039	8923	705	59	332	8695864
8039	8896	703	59	332	8695874
8039	8864	703	59	332	8695884
8039	8834	708	59	332	8695894
8039	8804	707	59	333	8695904
8039	8772	712	59	333	8695914
8039	8742	711	59	333	8695924
8039	8711	712	59	333	8695934
8039	8679	715	59	333	8695944
8039	8650	714	59	333	8695954
8039	8618	716	59	333	8695964
8031	8585	714	60	335	8695974
8031	8552	715	60	335	8695984
8031	8514	712	60	334	8695994
8031	8473	711	60	334	8696004
8024	8431	712	61	333	8696014
8024	8386	711	61	333	8696024
8013	8341	712	61	333	8696034
8013	8298	715	61	333	8696044
8001	8254	715	62	335	8696054
7995	8213	715	62	335	8696064
7995	8170	716	62	335	8696074
7986	8128	717	62	335	8696084
7986	8083	718	62	336	8696094
7986	8038	720	62	336	8696104
7977	7994	721	62	336	8696114
7977	7948	724	62	336	8696124
7965	7901	725	62	338	8696134
7965	7852	729	62	338	8696144
7953	7804	729	62	338	8696154
7947	7757	733	62	338	8696164
7947	7710	741	63	340	8696174
7935	7666	743	63	340	8696184
7935	7623	746	63	340	8696194
7923	7580	748	63	340	8696204
7917	7540	748	63	340	8696214
7910	7496	753	63	340	8696224
7910	7452	754	63	342	8696234
7899	7410	757	63	342	8696244
7899	7366	756	63	342	8696254
7890	7323	762	63	342	8696264
7890	7283	765	63	342	8696274
7878	7241	768	63	342	8696284
7872	7199	769	63	344	8696294
7862	7163	771	63	344	8696304
7853	7124	772	63	344	8696314
7844	7090	775	63	344	8696324
7835	7058	777	63	346	8696334
7835	7027	778	63	346	8696344
7824	6996	779	63	346	8696354
7824	6968	780	63	346	8696364
7814	6936	780	63	348	8696374
7814	6902	780	63	348	8696384
7801	6870	779	63	348	8696394
7795	6837	779	63	348	8696404
7787	6804	778	64	350	8696414
7779	6768	783	64	350	8696424
7770	6733	785	64	350	8696434
7760	6699	786	64	350	8696444
7751	6667	785	64	350	8696454
7742	6635	786	64	350	8696464
7734	6604	785	64	350	8696474
7726	6571	786	64	350	8696484
7719	6535	787	64	350	8696494
7711	6497	781	64	350	8696504
7705	6452	775	64	352	8696514
7698	6406	772	64	352	8696524
7692	6358	773	64	352	8696534
7684	6313	775	64	354	8696544
7676	6271	775	64	354	8696554
7668	6233	779	64	354	8696564
7668	6195	778	64	356	8696574
7656	6162	778	64	356	8696584
7650	6132	779	64	356	8696594
7650	6107	778	64	356	8696604
7640	6088	777	64	358	8696614
7640	6072	776	64	358	8696624
7640	6054	776	64	358	8696634
7640	6032	775	64	358	8696644
7634	6010	775	64	358	8696654
7634	5986	775	64	0	8696664
7634	5959	772	64	0	8696674
7625	5936	771	64	0	8696684
7625	5914	769	64	0	8696694
7625	5893	764	64	0	8696704
7619	5881	755	64	0	8696714
7619	5870	744	64	0	8696724
7619	5861	725	64	0	8696734
7619	5854	344	64	0.8	8696784
46
7252	5872	30	63	333	8698358
7245	5884	66	63	333	8698378
7245	5894	133	63	333	8698388
7238	5894	166	63	333	8698398
7238	5902	239	63	333	8698428
7238	5909	372	62.75	334	8698468
7238	5916	526	61	333	8698508
7238	5909	613	61	333	8698518
7246	5909	638	62	332	8698528
7253	5897	671	62	332	8698538
7260	5891	683	63	331	8698548
7269	5883	697	63	331	8698558
7280	5876	718	63	331	8698568
7292	5868	729	63	331	8698578
7307	5861	736	63	331	8698588
7325	5852	738	63	331	8698598
7341	5845	742	63	331	8698608
7361	5838	758	63	331	8698618
7380	5838	762	63	331	8698628
7401	5829	765	63	331	8698638
7424	5829	768	63	331	8698648
7444	5822	785	63	331	8698658
7466	5822	790	63	331	8698668
7487	5822	792	63	331	8698678
7509	5815	795	63	333	8698688
7529	5815	796	63	333	8698698
7548	5815	804	63	333	8698708
7570	5815	807	63	333	8698718
7590	5815	807	63	333	8698728
7614	5821	810	63	333	8698738
7635	5828	808	63	333	8698748
7653	5837	807	63	333	8698758
7670	5847	809	63	333	8698768
7683	5856	808	63	333	8698778
7694	5867	808	63	333	8698788
7702	5878	807	63	333	8698798
7710	5892	808	63	333	8698808
7719	5908	806	63	333	8698818
7726	5923	803	63	333	8698828
7734	5938	806	63	333	8698838
7741	5952	801	63	333	8698848
7741	5964	802	63	333	8698858
7752	5975	799	63	333	8698868
7752	5985	795	63	333	8698878
7752	5994	790	63	331	8698888
7758	6000	552	63	331	8698948
90
7203	5914	25	61	333	8699438
7203	5921	51	61	333	8699448
7203	5931	92	61	333	8699468
7197	5931	205	61	333	8699518
7190	5931	413	61	333	8699578
7190	5924	567	61	333	8699608
7190	5918	628	61	333	8699638
7190	5908	658	61	333	8699648
7190	5900	674	61	333	8699658
7190	5891	677	61	333	8699668
7190	5879	688	61	333	8699678
7190	5863	695	61	333	8699688
7190	5848	703	61	333	8699698
7190	5829	709	61	333	8699708
7190	5809	715	61	333	8699718
7190	5793	717	61	333	8699728
7199	5779	721	61	333	8699738
7199	5762	727	61	333	8699748
7199	5746	732	61	333	8699758
7199	5728	732	62	335	8699768
7206	5710	732	62	335	8699778
7206	5694	736	62	335	8699788
7215	5678	736	62	335	8699798
7215	5662	735	62	335	8699808
7225	5643	738	62	335	8699818
7225	5628	739	62	335	8699828
7234	5613	739	63	334	8699838
7234	5598	738	63	334	8699848
7245	5587	741	63	333	8699858
7245	5573	738	63	333	8699868
7258	5561	738	63	333	8699878
7265	5549	735	63	333	8699888
7272	5539	736	63	333	8699898
7280	5530	738	63	333	8699908
7290	5521	740	63	333	8699918
7302	5513	740	63	333	8699928
7315	5505	741	63	333	8699938
7329	5505	742	64	334	8699948
7344	5497	742	64	334	8699958
7361	5497	741	64	334	8699968
7379	5497	742	64	334	8699978
7396	5497	742	64	334	8699988
7412	5497	746	64	334	8699998
7429	5497	745	64	334	8700008
7444	5497	746	64	334	8700018
7460	5497	747	64	334	8700028
7474	5497	748	64	334	8700038
7488	5504	748	64	334	8700048
7500	5504	750	64	334	8700058
7512	5504	751	64	334	8700068
7524	5512	749	64	334	8700078
7536	5512	749	64	334	8700088
7546	5522	750	64	334	8700098
7557	5522	750	64	334	8700108
7565	5532	750	64	334	8700118
7574	5532	753	64	334	8700128
7583	5542	753	64	334	8700138
7592	5550	752	64	334	8700148
7602	5558	751	64	334	8700158
7609	5567	753	64	334	8700168
7617	5575	752	64	334	8700178
7623	5583	753	64	334	8700188
7630	5593	752	63	333	8700198
7636	5603	753	63	333	8700208
7636	5611	753	63	333	8700218
7648	5619	752	63	333	8700238
7656	5632	755	63	333	8700248
7656	5641	752	63	333	8700258
7667	5653	754	63	333	8700268
7667	5668	755	63	333	8700278
7680	5682	755	63	333	8700288
7680	5696	755	63	333	8700298
7689	5713	753	63	333	8700308
7689	5730	754	63	333	8700318
7696	5746	753	63	333	8700328
7696	5761	753	63	333	8700338
7704	5772	754	63	333	8700348
7704	5783	754	63	333	8700358
7704	5796	754	63	331	8700368
7714	5810	753	63	331	8700378
7714	5827	754	63	331	8700388
7725	5842	753	63	331	8700398
7725	5857	753	63	331	8700408
7733	5872	753	63	331	8700418
7733	5888	751	63	331	8700428
7733	5902	747	63	331	8700438
7740	5918	739	63	331	8700448
7740	5931	728	63	331	8700458
7740	5944	697	63	331	8700468
7740	5954	343	63	331	8700498
22
7414	5403	75	59	332	8700926
7421	5403	81	59	332	8700936
7421	5410	176	60.3333	331.667	8700966
7421	5420	281	61	331	8700986
7421	5428	348	61	331	8700996
7427	5428	383	62	330	8701006
7427	5437	425	62.5	329.5	8701026
7427	5444	472	63	331	8701046
7427	5452	539	63	331	8701096
7427	5428	611	63	333	8701106
7427	5391	650	63	333	8701116
7434	5334	693	63	333	8701126
7434	5258	712	64	331	8701136
7445	5179	742	65	333	8701146
7453	5101	756	65	332	8701156
7460	5029	769	65	332	8701166
7468	4965	769	66	334	8701176
7468	4907	766	66	334	8701186
7477	4860	748	66	336	8701196
7477	4825	705	66	336	8701206
7477	4800	633	67	339	8701216
7477	4789	177	67	339.667	8701246
21
7384	4644	466	66.5	353	8701540
7384	4632	570	68	353	8701550
7384	4621	650	69	350	8701560
7384	4606	681	69	350	8701570
7384	4587	697	70	349	8701580
7394	4563	717	70	349	8701590
7406	4536	732	70	349	8701600
7421	4508	738	70	349	8701610
7438	4485	747	70	349	8701620
7457	4468	754	70	349	8701630
7481	4460	766	70	349	8701640
7505	4460	768	70	349	8701650
7530	4475	776	70	352	8701660
7555	4496	775	70	352	8701670
7574	4523	775	70	352	8701680
7589	4551	768	70	352	8701690
7598	4578	747	70	352	8701700
7598	4599	716	70	352	8701710
7598	4613	650	70	352	8701720
7598	4621	496	70	352	8701730
7590	4621	149	69	352	8701750
10
7463	4396	359	66	351	8702018
7473	4405	424	66	351	8702028
7480	4405	538	67	351	8702038
7480	4393	641	67	351	8702048
7480	4377	677	68	353	8702058
7491	4354	703	68	353	8702068
7491	4329	708	68	353	8702078
7500	4303	687	68	353	8702088
7507	4280	606	68	353	8702098
7507	4262	114	68	355	8702118
194
4416	6764	117	56	329	8706914
4416	6754	612	54.871	330.129	8708154
4416	6733	680	56	329	8708164
4425	6713	678	56	329	8708174
4434	6682	684	56	329	8708184
4444	6638	687	56	329	8708194
4455	6589	688	56	329	8708204
4469	6526	689	56	329	8708214
4484	6459	690	56	329	8708224
4502	6393	689	56	331	8708234
4522	6329	688	56	331	8708244
4542	6273	694	56	331	8708254
4560	6218	694	57	332	8708264
4576	6162	696	57	332	8708274
4592	6103	695	57	332	8708284
4608	6042	696	58	333	8708294
4623	5982	698	58	333	8708304
4638	5922	701	59	332	8708314
4653	5868	701	59	333	8708324
4668	5817	700	59	333	8708334
4681	5770	699	60	335	8708344
4695	5730	699	60	335	8708354
4704	5691	701	60	335	8708364
4713	5658	699	60	337	8708374
4720	5624	700	60	337	8708384
4720	5592	700	60	337	8708394
4728	5562	700	60	337	8708404
4728	5532	701	60	338	8708414
4728	5504	703	60	338	8708424
4728	5478	703	60	338	8708434
4728	5454	702	60	338	8708444
4728	5436	702	60	338	8708454
4735	5425	699	60	338	8708494
4742	5425	702	60	339	8708514
4754	5425	708	60	340	8708524
4765	5425	710	60	340	8708534
4782	5425	714	60	340	8708544
4803	5425	715	60	340	8708554
4829	5425	715	60	340	8708564
4857	5425	717	60	340	8708574
4886	5425	720	60	340	8708584
4917	5425	725	60	340	8708594
4948	5425	722	60	340	8708604
4977	5425	722	60	338	8708614
5005	5425	724	60	338	8708624
5031	5425	730	60	338	8708634
5057	5418	735	60	338	8708644
5084	5418	742	60	338	8708654
5111	5418	746	60	338	8708664
5137	5411	745	60	338	8708674
5162	5411	748	60	338	8708684
5186	5411	753	60	340	8708694
5209	5411	762	60	340	8708704
5233	5404	763	60	340	8708714
5255	5404	763	61	339	8708724
5278	5398	768	61	339	8708734
5299	5398	768	62	338	8708744
5321	5389	772	62	338	8708754
5345	5389	776	62	338	8708764
5373	5381	774	62	338	8708774
5402	5381	777	62	338	8708784
5432	5373	780	62	338	8708794
5464	5373	785	62	338	8708804
5494	5373	791	62	338	8708814
5526	5373	791	62	338	8708824
5558	5373	793	62	338	8708834
5586	5366	796	62	338	8708844
5615	5366	797	62	338	8708854
5640	5359	800	62	338	8708864
5665	5359	799	62	338	8708874
5688	5351	804	62	338	8708884
5710	5351	805	62	338	8708894
5732	5344	808	62	338	8708904
5755	5344	809	62	338	8708914
5776	5344	808	62	338	8708924
5795	5344	811	62	338	8708934
5815	5337	814	62	338	8708944
5835	5337	815	61	339	8708954
5858	5337	816	61	339	8708964
5882	5337	817	60	340	8708974
5906	5337	817	60	340	8708984
5926	5337	816	60	340	8708994
5946	5337	817	61	339	8709004
5967	5337	817	61	339	8709014
5988	5337	816	62	338	8709024
6011	5344	817	62	338	8709034
6032	5344	817	62	338	8709044
6051	5344	821	62	338	8709054
6069	5344	817	62	338	8709064
6086	5344	818	62	338	8709074
6104	5344	818	62	338	8709084
6120	5344	818	62	338	8709094
6135	5344	818	62	338	8709104
6148	5344	818	62	338	8709114
6161	5344	817	62	338	8709124
6172	5344	817	62	338	8709134
6182	5344	821	62	338	8709144
6194	5338	821	62	338	8709154
6206	5338	823	62	338	8709164
6221	5338	823	62	338	8709174
6238	5331	821	62	338	8709184
6255	5331	822	62	338	8709194
6271	5331	821	62	338	8709204
6288	5324	823	62	338	8709214
6303	5324	822	62	338	8709224
6320	5324	823	62	338	8709234
6336	5324	823	62	338	8709244
6352	5318	821	62	338	8709254
6368	5318	822	62	338	8709264
6384	5318	822	62	338	8709274
6399	5310	823	62	338	8709284
6415	5310	823	62	338	8709294
6432	5304	822	63	340	8709304
6449	5304	823	63	340	8709314
6464	5304	822	63	340	8709324
6479	5304	823	63	340	8709334
6492	5304	821	63	340	8709344
6505	5304	822	63	340	8709354
6518	5304	823	63	340	8709364
6532	5295	822	63	340	8709374
6546	5295	821	63	340	8709384
6560	5289	824	63	340	8709394
6578	5289	822	63	340	8709404
6599	5289	822	63	340	8709414
6622	5289	825	63	340	8709424
6647	5289	825	63	340	8709434
6674	5289	823	63	340	8709444
6699	5282	822	62	341	8709454
6725	5282	824	62	341	8709464
6752	5282	824	61	342	8709474
6780	5282	825	61	342	8709484
6810	5282	823	61	342	8709494
6839	5282	823	61	342	8709504
6865	5282	823	61	342	8709514
6888	5282	822	61	342	8709524
6908	5282	823	61	342	8709534
6923	5282	822	61	342	8709544
6935	5282	823	61	342	8709554
6945	5282	823	61	342	8709564
6953	5282	822	61.5	341.5	8709584
6962	5282	823	62.5	340.5	8709604
6970	5282	823	63	340	8709614
6970	5289	823	63	340	8709624
6979	5289	824	63	340	8709644
6987	5289	823	63	340	8709664
6999	5289	823	63	340	8709674
7007	5289	824	63	340	8709684
7018	5289	824	63	340	8709694
7028	5289	824	63	340	8709704
7038	5289	825	63	340	8709714
7049	5289	824	63	340	8709724
7058	5289	823	63	340	8709734
7066	5289	823	63	340	8709754
7078	5289	824	63	340	8709764
7085	5289	823	63	340	8709774
7095	5289	825	63	340	8709784
7107	5289	823	63	340	8709794
7116	5289	823	63	340	8709804
7124	5289	822	63	340	8709814
7130	5289	821	63	340	8709824
7137	5289	822	62.5	339	8709844
7146	5289	820	62	338	8709874
7154	5289	815	62	338	8709924
7160	5289	812	62	338	8709944
7173	5289	812	62	338	8709954
7184	5289	810	62	338	8709964
7196	5281	809	62	338	8709974
7208	5281	804	62	338	8709984
7220	5275	803	62	338	8709994
7230	5275	803	62	338	8710004
7238	5275	801	62	338	8710014
7238	5267	802	62	338	8710024
7245	5267	801	62	338	8710084
7245	5261	810	62.25	338.5	8710124
7245	5249	815	63	340	8710134
7245	5240	818	63	340	8710144
7245	5229	821	63	340	8710154
7245	5215	822	63	340	8710164
7245	5199	823	63	340	8710174
7245	5179	829	63	340	8710184
7245	5159	839	63	340	8710194
7245	5131	852	63	342	8710204
7255	5108	857	63	342	8710214
7261	5084	859	63	342	8710224
7268	5055	859	63	342	8710234
7276	5037	860	63	342	8710244
7284	5015	864	63	344	8710254
7290	4996	864	63	344	8710264
7290	4983	865	63	344	8710274
7300	4970	865	63	344	8710284
7300	4960	865	63	344	8710294
7300	4953	852	63	346	8710324
7300	4947	711	63	346	8710354
7300	4958	95	63	346	8710374
63
7218	4896	32	62	338	8711547
7212	4896	159	62	338	8711557
7204	4896	317	62	338	8711577
7196	4896	619	62	338	8711637
7204	4896	807	62	338	8711657
7215	4896	851	62	338	8711667
7225	4896	874	62	338	8711677
7235	4896	891	62	338	8711687
7247	4896	906	62	338	8711697
7262	4896	924	62	338	8711707
7280	4896	933	62	338	8711717
7302	4896	938	62	338	8711727
7324	4896	941	62	336	8711737
7348	4896	944	62	336	8711747
7369	4905	949	62	336	8711757
7390	4905	959	62	336	8711767
7410	4912	963	62	336	8711777
7433	4912	975	62	336	8711787
7454	4912	975	62	336	8711797
7470	4919	976	62	336	8711807
7483	4919	977	62	336	8711817
7493	4919	980	62	336	8711827
7506	4919	979	62	336	8711837
7519	4919	981	62	336	8711847
7532	4927	981	62	336	8711857
7542	4927	981	62	336	8711867
7548	4927	981	62	336	8711887
7555	4927	984	62	336	8711897
7555	4934	984	62	336	8711917
7562	4934	984	62	336	8711937
7570	4934	982	62	336	8711957
7577	4934	982	62	336	8711987
7577	4942	982	62	336	8711997
7584	4942	979	62	336	8712107
7576	4942	976	62	336	8712117
7568	4934	971	62	336	8712127
7555	4934	971	62	336	8712136
7539	4926	971	62	336	8712146
7521	4926	970	62	336	8712156
7503	4918	969	62	336	8712166
7486	4918	969	62	336	8712176
7471	4918	969	62	336	8712186
7455	4918	967	62	336	8712196
7438	4918	969	62	336	8712206
7423	4918	966	62	336	8712216
7404	4910	966	62	336	8712226
7386	4910	968	62	336	8712236
7370	4910	967	62	336	8712246
7355	4910	969	62	336	8712256
7342	4910	969	62	336	8712266
7329	4901	968	62	336	8712276
7315	4901	969	62	336	8712286
7301	4901	966	62	336	8712296
7285	4894	964	62	336	8712306
7270	4894	966	62	336	8712316
7260	4894	966	62	336	8712326
7250	4894	964	62	336	8712336
7242	4894	963	62	336	8712346
7233	4894	963	62	336	8712356
7224	4894	958	62	336	8712366
7215	4894	952	62	336	8712376
7215	4888	940	62	336	8712386
7205	4888	596	62	336	8712466
72
7222	4861	85	62	338	8712739
7212	4861	110	62	338	8712749
7204	4861	149	62	338	8712759
7204	4869	213	62	338	8712769
7204	4875	246	62	338	8712779
7204	4882	274	62	338	8712799
7204	4892	338	62	338	8712819
7204	4900	592	62	338	8712919
7204	4893	752	62	337	8712939
7204	4883	783	62	336	8712959
7204	4873	807	62	336	8712969
7204	4861	824	62	336	8712979
7204	4850	836	61	337	8712989
7204	4836	845	61	337	8712999
7204	4822	862	61	339	8713009
7204	4806	871	62	338	8713019
7204	4786	877	62	338	8713029
7211	4768	882	62	338	8713039
7211	4748	893	62	338	8713049
7211	4733	897	62	338	8713059
7220	4722	901	62	338	8713069
7220	4709	908	62	338	8713079
7232	4700	911	62	338	8713089
7239	4692	911	62	338	8713099
7246	4684	915	62	338	8713109
7257	4677	919	62	338	8713119
7268	4677	921	62	338	8713129
7280	4665	925	62	338	8713139
7295	4659	928	62	338	8713149
7311	4659	931	62	338	8713159
7329	4659	938	62	338	8713169
7349	4652	941	62	338	8713179
7369	4652	942	62	338	8713189
7390	4652	947	62	338	8713199
7410	4652	950	62	338	8713209
7432	4664	952	62	338	8713219
7453	4672	958	62	338	8713229
7473	4679	958	62	338	8713239
7490	4687	964	62	338	8713249
7505	4694	966	62	338	8713259
7518	4701	967	62	338	8713269
7528	4701	968	62	338	8713279
7537	4713	970	62	338	8713289
7545	4713	971	62	338	8713299
7552	4725	971	62	338	8713309
7563	4734	969	62	338	8713319
7574	4744	968	62	338	8713329
7584	4754	972	62	338	8713339
7593	4763	970	62	338	8713349
7602	4773	973	62	338	8713359
7611	4785	973	62	338	8713369
7620	4798	973	62	338	8713379
7620	4810	974	62	338	8713389
7631	4820	975	62	338	8713399
7631	4829	974	62	338	8713409
7638	4840	973	62	338	8713419
7638	4852	972	62	338	8713429
7646	4864	972	62	338	8713439
7646	4879	974	62	338	8713449
7646	4890	975	62	338	8713459
7646	4900	976	62	336	8713469
7646	4912	977	62	336	8713479
7652	4919	977	62	336	8713489
7652	4927	977	62	336	8713509
7652	4935	973	62	336	8713528
7652	4947	967	62	336	8713548
7652	4958	951	62	336	8713558
7644	4958	928	62	336	8713568
7644	4964	887	62	336	8713578
7637	4964	807	62	336	8713598
7629	4964	584	62	336	8713618
7621	4964	54	62	336	8713638
146
7418	4628	49	61	342	8714235
7411	4628	150	61	342	8714275
7404	4628	308	61.25	341.75	8714315
7396	4628	476	62.75	340.25	8714355
7390	4634	587	63	340	8714375
7390	4644	657	62	338	8714395
7390	4650	757	62.4	337.6	8714445
7390	4642	810	64	336	8714455
7390	4634	818	64	336	8714465
7390	4619	832	64	336	8714475
7390	4601	838	64	336	8714485
7390	4581	838	64	336	8714495
7390	4560	840	64	336	8714505
7390	4547	841	64	336	8714515
7390	4537	840	64	336	8714525
7390	4528	839	64	336	8714535
7390	4521	834	64	336	8714555
7390	4511	817	63.5	339.5	8714595
7390	4523	806	63	340	8714605
7390	4537	806	63	340	8714615
7390	4552	803	63	340	8714625
7390	4572	801	63	340	8714635
7390	4589	801	63	340	8714645
7390	4603	801	63	340	8714655
7390	4616	802	63	340	8714665
7390	4625	803	63	340	8714685
7390	4634	812	62.4	338.2	8714735
7383	4622	832	63	337	8714745
7383	4609	839	64	338	8714755
7383	4589	845	64	338	8714765
7383	4566	850	64	338	8714775
7383	4544	851	64	338	8714785
7383	4525	851	64	338	8714795
7383	4510	851	64	338	8714805
7377	4499	850	64	338	8714815
7377	4491	838	64	338	8714865
7377	4502	822	64	338	8714875
7377	4517	822	64	338	8714885
7383	4537	817	64	338	8714895
7383	4559	813	64	339	8714905
7383	4582	812	64	339	8714915
7383	4604	813	63	340	8714925
7383	4620	815	63	340	8714935
7383	4632	828	63	340	8714975
7383	4617	855	63	340	8714985
7383	4600	867	63	340	8714995
7383	4574	869	63	340	8715005
7383	4546	876	63	340	8715015
7383	4519	875	63	340	8715025
7376	4496	876	63	340	8715035
7376	4483	873	63	340	8715045
7376	4473	857	63	340	8715095
7376	4480	837	63	340	8715105
7376	4491	831	63	340	8715115
7376	4509	830	63	340	8715125
7383	4532	821	64	339	8715135
7383	4559	815	64	339	8715145
7383	4586	815	64	338	8715155
7383	4607	814	64	338	8715165
7383	4622	817	64	338	8715175
7383	4630	830	64	338	8715205
7383	4610	854	64	338	8715215
7383	4589	860	64	338	8715225
7383	4561	865	64	338	8715235
7383	4532	868	64	338	8715245
7383	4507	868	64	338	8715255
7376	4489	867	64	338	8715265
7376	4478	854	63.8333	338.667	8715324
7376	4494	839	63	340	8715334
7376	4514	841	63	340	8715344
7382	4539	832	63	340	8715354
7382	4568	833	63	340	8715364
7382	4597	833	63	340	8715374
7382	4618	835	64	339	8715384
7382	4635	840	64	339	8715394
7382	4645	852	64	338	8715414
7382	4635	875	64	338	8715424
7382	4616	894	64	338	8715434
7382	4588	900	64	338	8715444
7382	4558	909	64	338	8715454
7382	4525	912	64	338	8715464
7382	4500	913	64	338	8715474
7375	4485	913	64	338	8715484
7375	4475	895	64	338	8715544
7375	4487	867	64	339	8715554
7375	4503	861	64	339	8715564
7381	4525	858	63	340	8715574
7381	4550	847	63	340	8715584
7381	4579	847	63	340	8715594
7381	4604	847	63	340	8715604
7388	4620	849	63	340	8715614
7388	4631	858	63.5	339.5	8715634
7388	4622	873	64	339	8715644
7388	4605	890	64	338	8715654
7388	4580	895	64	338	8715664
7380	4548	904	64	338	8715674
7380	4515	907	64	338	8715684
7380	4492	906	64	338	8715694
7380	4477	905	64	338	8715704
7380	4470	894	64	338	8715764
7380	4478	869	64	338	8715774
7380	4491	865	64	338	8715784
7380	4510	865	64	338	8715794
7380	4532	862	64	339	8715804
7380	4559	858	64	339	8715814
7380	4578	859	64	339	8715824
7380	4590	861	64	339	8715834
7380	4597	872	64	338	8715854
7380	4584	885	64	338	8715864
7380	4561	892	64	338	8715874
7380	4529	904	64	338	8715884
7380	4499	906	64	338	8715894
7370	4469	908	64	338	8715904
7370	4440	911	64	338	8715914
7361	4427	910	65	340	8715924
7361	4413	895	65	340.667	8715984
7361	4423	872	65	342	8715994
7361	4439	868	64	343	8716004
7369	4459	866	64	343	8716014
7369	4484	865	63	344	8716024
7378	4513	865	63	344	8716034
7378	4529	865	63	344	8716044
7378	4542	867	63	344	8716054
7378	4548	874	63	344	8716074
7378	4536	888	63	344	8716084
7378	4520	895	63	344	8716094
7378	4501	901	63	342	8716104
7371	4478	903	63	342	8716114
7371	4450	905	63	342	8716124
7362	4432	903	63	342	8716134
7362	4418	903	64	341	8716144
7362	4410	895	64.8	341	8716194
7362	4417	875	65	342	8716214
7362	4435	868	65	342	8716224
7362	4453	869	65	342	8716234
7368	4477	864	65	342	8716244
7368	4500	864	65	342	8716254
7368	4514	865	65	342	8716264
7375	4523	873	65	342	8716284
7375	4506	885	65	342	8716294
7375	4486	887	65	342	8716304
7365	4462	886	65	342	8716314
7365	4438	887	65	342	8716324
7359	4423	878	65	342	8716334
7359	4413	698	64.6	342.4	8716384
7370	4413	58	63	344	8716404
81
7488	4534	30	61	345	8716647
7488	4526	56	61	343	8716657
7482	4526	61	61	343	8716667
7482	4518	63	62	342.75	8716707
7482	4512	66	63	342	8716717
7475	4512	132	63	342	8716747
7468	4512	273	63	342	8716767
7459	4512	392	63	340	8716787
7448	4512	526	63	340	8716807
7438	4512	625	63	340	8716827
7427	4512	706	63	340	8716847
7418	4512	777	63	340	8716877
7418	4502	807	63	340	8716887
7418	4495	816	63	340	8716897
7428	4485	822	63	340	8716907
7439	4471	825	63	340	8716917
7451	4456	827	63	340	8716927
7464	4441	827	63	340	8716937
7474	4427	828	63	340	8716947
7482	4417	825	63	340	8716957
7482	4407	821	63	340	8716967
7482	4400	815	63	340	8716977
7488	4400	808	63	340	8716987
7488	4392	791	63	340	8717017
7481	4400	777	63	340	8717027
7481	4410	772	63	340	8717037
7468	4428	767	63	340	8717047
7457	4447	765	63	340	8717057
7446	4468	766	63	340	8717067
7434	4487	770	63	340	8717077
7425	4499	775	63	340	8717087
7425	4509	780	63	340	8717097
7416	4509	784	63	340	8717107
7416	4516	792	63	340	8717137
7416	4510	806	63	340	8717147
7416	4502	810	63	340	8717157
7426	4490	814	63	340	8717167
7435	4473	814	63	340	8717177
7445	4459	815	63	340	8717187
7455	4441	817	63	340	8717197
7466	4428	815	63	340	8717207
7472	4419	811	63	340	8717217
7472	4410	804	63	340	8717227
7481	4410	790	63	340	8717267
7472	4425	767	63	340	8717277
7464	4440	765	63	340	8717287
7453	4459	764	63	340	8717297
7442	4480	766	63	340	8717307
7434	4497	767	63	340	8717317
7434	4512	771	63	340	8717327
7426	4523	775	63	340	8717337
7426	4529	789	63	340	8717377
7434	4514	800	63	340	8717387
7434	4499	808	63	340	8717397
7450	4481	809	63	340	8717407
7460	4462	811	63	340	8717417
7470	4444	808	63	340	8717427
7478	4428	808	63	340	8717437
7478	4417	808	63	340	8717447
7485	4409	806	63	340	8717467
7485	4402	798	63	340	8717537
7485	4410	796	63	340	8717557
7495	4424	801	63	340	8717567
7503	4436	802	63	340	8717577
7515	4450	803	63	340	8717587
7530	4467	806	63	340	8717597
7546	4485	807	63	340	8717607
7560	4504	808	63	340	8717617
7575	4526	807	63	340	8717627
7585	4543	806	63	340	8717637
7593	4558	808	63	340	8717647
7600	4569	807	63	340	8717657
7600	4575	809	63	340	8717667
7608	4575	809	63	340	8717677
7608	4584	803	63	340	8717747
7602	4574	766	63	340	8717757
7602	4567	716	63	340	8717767
7589	4559	652	63	340	8717777
7581	4548	555	63	340	8717787
7574	4535	364	63	340	8717797
7564	4519	63	64	339	8717817
16
7479	4375	157	63	340	8717915
7479	4365	250	63	340	8717925
7471	4365	397	63	342	8717955
7471	4372	505	63	342	8717965
7471	4379	576	62	343	8717985
7471	4389	720	61	343	8718055
7481	4375	815	62	345	8718065
7481	4353	838	62	345	8718075
7494	4327	848	63	344	8718085
7500	4300	850	63	344	8718095
7500	4272	853	63	344	8718105
7507	4252	854	63	346	8718115
7507	4233	851	63	346	8718125
7507	4214	847	63	346	8718135
7507	4202	823	63	346	8718145
7507	4193	342	63	348	8718185
