68
16
22650	19858	506	51	293	9100107
22621	19841	591	51	293	9100117
22613	19854	627	51	294	9100127
22605	19863	725	51	294	9100137
22618	19883	794	51	294	9100147
22650	19883	838	52	295	9100157
22699	19883	873	52	295	9100167
22770	19883	889	53	296	9100177
22863	19883	898	53	294	9100187
22973	19883	898	54	295	9100197
23092	19889	892	55	294	9100207
23209	19889	870	55	295	9100217
23311	19889	816	55	295	9100227
23397	19898	717	56	296	9100237
23460	19898	523	56	296	9100247
23501	19898	20	56	296	9100267
12
22942	19719	589	54	297	9100383
22837	19656	643	54	297	9100393
22804	19640	710	54	297	9100403
22786	19640	807	54.6667	297	9100433
22822	19640	887	55	297	9100443
22878	19640	894	55	297	9100453
22963	19646	897	56	298	9100463
23063	19646	887	56	297	9100473
23165	19646	862	56	297	9100483
23253	19646	807	57	296	9100493
23327	19646	690	57	296	9100503
23390	19646	203	58	295	9100523
20
23327	20096	425	50	290	9100811
23282	20107	522	50	290	9100821
23260	20107	612	51	290	9100831
23246	20114	682	51.5	289.5	9100851
23258	20086	793	52	289	9100861
23295	20049	827	53	290	9100871
23355	19988	862	53	290	9100881
23435	19920	874	55	289	9100891
23521	19848	884	55	290	9100901
23595	19772	890	56	288	9100911
23647	19706	890	57	289	9100921
23670	19642	895	57	289	9100931
23670	19584	897	57	289	9100941
23638	19536	899	57	289	9100951
23592	19496	897	58	290	9100961
23539	19465	880	58	290	9100971
23491	19445	844	58	290	9100981
23457	19435	783	58	290	9100991
23440	19435	637	58	290	9101001
23440	19443	130	59	291	9101021
20
23687	20062	455	53	286	9101527
23655	20079	480	54	287	9101537
23640	20085	588	54	287	9101547
23628	20085	670	54	287	9101567
23644	20071	755	55	287	9101577
23684	20038	783	55	287	9101587
23747	19985	803	55	287	9101597
23830	19925	821	56	288	9101607
23917	19856	832	56	288	9101617
23992	19783	834	57	289	9101627
24045	19715	839	57	289	9101637
24070	19645	843	57	289	9101647
24070	19583	855	57	289	9101657
24045	19532	856	58	290	9101667
24002	19494	855	58	290	9101677
23952	19467	847	58	290	9101687
23905	19452	827	58	290	9101697
23874	19445	771	58	290	9101707
23859	19445	644	58	290	9101717
23859	19454	222	59	291	9101737
28
23894	19994	259	52	292	9101911
23802	20005	592	52	292	9101921
23768	20005	641	52	292	9101931
23752	20015	688	52	290	9101941
23759	20024	736	52	290	9101951
23803	20024	779	53	290	9101961
23877	20024	801	53	290	9101971
23978	20018	810	54	288	9101981
24097	19994	813	55	289	9101991
24224	19959	819	55	287	9102001
24342	19912	824	56	287	9102011
24445	19859	830	56	287	9102021
24522	19801	830	56	285	9102031
24573	19744	833	57	286	9102041
24601	19690	844	57	286	9102051
24601	19640	862	58	286	9102061
24583	19597	877	58	286	9102071
24535	19559	894	58	286	9102081
24464	19528	897	59	287	9102091
24375	19507	897	59	287	9102101
24279	19492	899	59	287	9102111
24182	19483	905	59	287	9102121
24092	19483	905	59	287	9102131
24019	19483	893	59	287	9102141
23970	19483	861	59	287	9102151
23945	19483	787	60	288	9102161
23945	19496	663	60	288	9102171
23982	19508	186	60	288	9102191
13
24726	19673	497	57	286	9102575
24684	19690	616	57	286	9102585
24666	19702	742	57	286	9102595
24654	19717	837	57	286	9102605
24654	19731	897	57	286	9102615
24671	19743	938	57	286	9102625
24717	19751	947	58	286	9102635
24795	19751	950	58	286	9102645
24906	19751	946	58	286	9102655
25035	19751	932	58	285	9102665
25173	19742	884	58	285	9102675
25306	19742	773	58	283	9102685
25425	19734	236	58	283	9102705
17
22098	18238	172	52	296	9103679
22083	18251	186	53	296	9103689
22077	18265	252	53	296	9103699
22077	18275	335	53	294	9103709
22070	18287	407	53	294	9103719
22070	18298	498	54	293	9103729
22070	18307	613	54.5	293.5	9103749
22070	18314	740	55	291.5	9103789
22080	18314	806	55	291	9103799
22108	18314	828	54	290	9103809
22156	18314	837	54	290	9103819
22238	18314	839	54	290	9103829
22344	18324	838	54	290	9103839
22463	18324	800	55	289	9103849
22584	18331	742	55	289	9103859
22687	18331	621	55	287	9103869
22766	18331	187	55	288	9103889
13
22302	18206	543	55	291	9103995
22232	18158	570	55	291	9104005
22212	18146	647	55	291	9104015
22202	18146	741	56	292	9104035
22228	18156	785	56	292	9104045
22268	18169	799	56	292	9104055
22335	18187	799	56	292	9104065
22425	18203	800	56	292	9104075
22531	18216	786	56	292	9104085
22639	18223	741	56	292	9104095
22736	18223	657	56	292	9104105
22817	18223	529	56	290	9104115
22879	18223	105	56.5	289.5	9104135
21
22798	18547	388	54	284	9104351
22750	18574	517	54	284	9104361
22725	18574	630	54	284	9104371
22707	18585	695	54	284	9104391
22721	18564	774	54	284	9104401
22756	18529	807	54	284	9104411
22817	18478	830	54	284	9104421
22899	18414	843	54	284	9104431
22983	18341	853	54	284	9104441
23056	18266	864	55	285	9104451
23108	18191	882	55	285	9104461
23130	18121	894	55	285	9104471
23130	18062	903	56	285	9104481
23108	18012	906	56	285	9104491
23066	17969	907	56	285	9104501
23014	17936	897	57	286	9104511
22962	17908	868	57	286	9104521
22921	17888	816	58	286	9104531
22899	17877	721	58	286	9104541
22892	17877	621	58	286	9104551
22905	17877	203	59	287	9104571
21
23360	18468	157	55	285	9104767
23320	18487	448	55	285	9104777
23292	18499	538	55	285	9104787
23268	18522	671	55	283	9104797
23253	18534	734	55	282.5	9104817
23268	18534	786	55	282	9104827
23305	18512	810	55	282	9104837
23363	18479	825	55	282	9104847
23437	18433	832	56	280	9104857
23509	18376	844	56	280	9104867
23566	18313	859	56	279	9104877
23597	18250	870	56	279	9104887
23597	18189	877	57	279	9104897
23578	18132	884	57	279	9104907
23535	18085	890	57	279	9104917
23483	18047	887	58	280	9104927
23430	18020	881	58	280	9104937
23383	18000	852	58	280	9104947
23351	17988	806	59	280	9104957
23332	17981	664	59	280	9104977
23332	17994	70	59.5	281	9104997
26
23523	18524	543	56	282	9105155
23455	18536	573	55	282	9105165
23423	18543	643	55	282	9105175
23401	18551	709	55	282	9105185
23395	18559	754	55	282	9105195
23410	18559	788	55	282	9105205
23454	18543	813	54	281	9105215
23531	18521	817	54	281	9105225
23640	18487	825	55	280	9105235
23764	18443	825	55	280	9105245
23880	18389	829	56	279	9105255
23973	18329	829	56	279	9105265
24034	18265	835	56	279	9105275
24065	18202	844	56	279	9105285
24065	18146	861	57	279	9105295
24042	18100	874	57	279	9105305
23989	18064	888	57	279	9105315
23916	18040	889	58	280	9105325
23825	18024	892	58	280	9105335
23730	18016	891	58	280	9105345
23638	18016	883	59	280	9105355
23561	18016	847	59	280	9105365
23507	18016	800	59	280	9105375
23477	18016	670	59	280	9105385
23469	18024	485	60	280	9105395
23484	18032	18	59	282	9105415
21
24162	18282	383	56	285	9105631
24170	18282	573	56	284	9105651
24163	18289	708	56	282	9105661
24136	18282	791	56	282	9105671
24100	18265	843	56	282	9105681
24066	18239	868	56	282	9105691
24044	18206	880	56	282	9105701
24044	18168	899	56	282	9105711
24076	18133	904	56	282	9105721
24126	18101	906	57	281	9105731
24190	18081	906	58	281	9105741
24259	18081	907	58	280	9105751
24316	18081	909	58	280	9105761
24361	18095	912	58	280	9105771
24389	18117	910	58	280	9105781
24396	18144	898	59	280	9105791
24386	18175	878	59	280	9105801
24360	18203	835	59	280	9105811
24322	18227	768	59	280	9105821
24285	18244	552	59	280	9105831
24254	18251	1	59	280	9105851
112
24211	18176	77	45	281	9106335
24180	18176	131	47	281	9106355
24198	18176	236	51	283	9106365
24221	18185	318	52	283	9106375
24244	18193	366	53	284	9106385
24267	18204	415	54	284	9106395
24285	18212	444	55	285	9106405
24300	18221	495	56	285	9106415
24310	18228	572	57.5	286	9106435
24317	18235	664	58	286	9106465
24317	18243	696	58	286	9106475
24305	18251	721	58	286	9106485
24295	18257	735	58	286	9106495
24277	18264	732	58	286	9106505
24254	18264	737	58	286	9106515
24225	18264	742	58	286	9106525
24194	18264	746	58	286	9106535
24165	18245	747	58	286	9106545
24145	18228	748	58	286	9106555
24134	18208	742	58	286	9106565
24134	18188	741	58	286	9106575
24143	18169	733	58	286	9106585
24165	18152	728	58	286	9106595
24197	18141	720	58	286	9106605
24238	18141	717	59	287	9106615
24278	18149	715	59	287	9106625
24315	18171	716	59	287	9106635
24341	18199	714	59	287	9106645
24360	18233	715	59	287	9106655
24375	18269	715	59	287	9106665
24375	18300	720	59	287	9106675
24375	18323	724	59	287	9106685
24357	18332	724	59	287	9106695
24321	18319	728	59	287	9106705
24273	18289	735	58	286	9106715
24216	18244	746	59	287	9106725
24165	18191	747	59	287	9106735
24127	18141	749	59	287	9106745
24106	18097	746	59	287	9106755
24106	18064	742	59	287	9106765
24106	18041	741	59	287	9106775
24116	18027	743	59	287	9106785
24131	18027	746	59	287	9106795
24147	18027	739	60	288	9106805
24166	18052	739	60	288	9106815
24188	18084	738	60	288	9106825
24210	18123	731	60	288	9106835
24234	18172	711	60	288	9106845
24254	18221	711	60	288	9106855
24269	18263	718	60	288	9106865
24269	18291	724	60	288	9106875
24269	18303	731	60	288	9106885
24237	18291	738	60	288	9106895
24196	18264	758	60	288	9106905
24153	18227	766	60	288	9106915
24112	18182	769	60	288	9106925
24085	18142	768	60	288	9106935
24070	18109	770	60	288	9106945
24070	18086	765	60	288	9106955
24070	18073	768	60	288	9106965
24078	18073	769	60	288	9106975
24101	18073	767	60	288	9106985
24127	18089	765	60	288	9106995
24158	18116	763	60	288	9107005
24187	18154	754	60	288	9107015
24213	18204	739	60	288	9107025
24238	18256	741	60	288	9107035
24255	18301	743	60	288	9107045
24264	18330	742	60	288	9107055
24264	18338	748	60	288	9107065
24251	18323	754	60	288	9107075
24231	18290	758	60	288	9107085
24211	18243	765	60	288	9107095
24195	18189	769	59	287	9107105
24195	18137	766	59	287	9107115
24195	18093	759	59	287	9107125
24219	18059	755	59	287	9107135
24248	18040	750	59	287	9107145
24283	18030	749	59	287	9107155
24322	18030	749	60	288	9107165
24361	18048	748	60	288	9107175
24396	18071	748	60	288	9107185
24426	18105	745	60	288	9107195
24447	18143	750	60	288	9107205
24458	18179	748	60	288	9107215
24458	18207	752	60	288	9107225
24438	18219	758	60	288	9107235
24405	18219	763	60	288	9107245
24362	18193	775	60	288	9107255
24321	18164	774	60	288	9107265
24289	18131	779	60	288	9107275
24271	18099	772	60	288	9107285
24271	18073	774	60	288	9107295
24271	18053	766	60	288	9107305
24281	18041	765	60	288	9107315
24297	18041	767	60	288	9107325
24318	18041	766	60	288	9107335
24343	18051	765	60	288	9107345
24367	18071	764	60	288	9107355
24390	18101	764	60	288	9107365
24406	18137	763	61	288	9107375
24419	18176	762	61	288	9107385
24425	18211	763	61	288	9107395
24425	18234	767	61	288	9107405
24409	18245	766	61	288	9107415
24382	18238	765	61	288	9107425
24351	18220	765	61	288	9107435
24317	18189	754	60	288	9107445
24290	18151	724	60	288	9107455
24275	18112	646	60	288	9107465
24265	18073	515	60	288	9107475
24265	18041	128	60	288	9107495
66
24102	18170	324	58	288	9107635
23830	18206	380	58	286	9107645
23663	18228	399	58	286	9107655
23490	18248	537	57	286	9107665
23323	18266	613	57	286	9107675
23173	18275	681	57	286	9107685
23068	18275	681	57	286	9107695
23013	18275	677	58	285.5	9107715
23073	18275	690	58	285	9107725
23163	18275	690	58	283	9107735
23285	18286	695	58	283	9107745
23428	18299	704	58	283	9107755
23583	18321	717	58	283	9107765
23733	18348	721	58	282	9107775
23859	18371	728	58	282	9107785
23940	18407	757	59	280	9107795
23970	18444	761	59	280	9107805
23944	18479	766	59	280	9107815
23865	18515	770	59	280	9107825
23733	18530	783	59	278	9107835
23554	18530	804	59	278	9107845
23335	18503	843	59	277	9107855
23096	18460	881	59	277	9107865
22862	18405	902	59	277	9107875
22665	18343	906	59	277	9107885
22527	18283	899	59	277	9107895
22455	18228	893	59	277	9107905
22443	18178	895	59	277	9107915
22481	18135	898	60	277	9107925
22560	18106	900	60	277	9107935
22679	18087	894	60	277	9107945
22835	18087	889	61	277	9107955
23013	18100	880	61	277	9107965
23195	18126	877	61	277	9107975
23365	18168	867	61	277	9107985
23502	18222	860	61	277	9107995
23593	18282	859	61	277	9108005
23630	18346	850	61	275	9108015
23604	18403	844	61	275	9108025
23517	18448	830	61	274	9108035
23371	18476	833	61	274	9108045
23170	18483	843	61	274	9108055
22922	18467	866	61	274	9108065
22650	18431	895	61	274	9108075
22383	18378	907	61	274	9108085
22170	18311	904	61	274	9108095
22040	18240	895	61	274	9108105
22000	18165	898	60	273	9108115
22046	18099	897	60	273	9108125
22159	18050	906	60	275	9108135
22333	18024	902	61	275	9108145
22557	18024	899	61	277	9108155
22816	18024	895	61	277	9108165
23092	18056	889	61	277	9108175
23363	18100	882	62	277	9108185
23610	18159	880	62	277	9108195
23814	18225	882	62	277	9108205
23965	18286	883	62	277	9108215
24050	18327	884	62	277	9108225
24080	18356	880	62	277	9108235
24048	18371	867	62	277	9108245
23962	18377	855	62	277	9108255
23830	18377	832	62	277	9108265
23665	18369	787	62	277	9108275
23503	18353	610	62	277	9108285
23365	18325	67	61	277	9108305
20
22117	17076	123	57	296	9113024
22110	17076	181	58	297	9113034
22103	17076	301	58	297	9113044
22095	17076	399	58	297	9113054
22088	17076	483	58	297	9113064
22088	17083	543	58	297	9113074
22080	17083	675	59	296	9113124
22095	17083	776	60	295	9113134
22120	17083	800	60	295	9113144
22168	17083	817	60	295	9113154
22243	17092	824	60	295	9113164
22336	17102	829	60	295	9113174
22444	17113	828	60	293	9113184
22548	17125	825	60	293	9113194
22639	17135	818	60	292	9113204
22710	17135	797	60	292	9113214
22757	17135	758	60	292	9113224
22783	17135	701	60	292	9113234
22789	17128	614	60	292	9113244
22789	17116	194	60	292	9113264
15
22328	16982	690	55	291	9113408
22250	16931	698	55	291	9113418
22215	16921	769	56	292	9113428
22190	16921	817	56	292	9113438
22181	16921	843	56	292	9113448
22193	16921	871	57	293	9113458
22228	16921	883	57	293	9113468
22290	16928	884	57	293	9113478
22379	16928	885	58	292	9113488
22483	16938	878	58	292	9113498
22588	16938	858	59	291	9113508
22681	16946	821	59	291	9113518
22755	16946	755	60	292	9113528
22812	16946	603	60	292	9113538
22852	16946	87	60	290	9113558
25
22720	17284	210	59	287	9113924
22677	17291	297	60	288	9113934
22654	17291	432	60	288	9113944
22633	17304	587	60	288	9113954
22615	17304	697	60	288	9113964
22601	17312	754	59	287	9113974
22593	17312	797	59	287	9113994
22593	17303	834	59	287	9114004
22620	17279	859	59	287	9114014
22660	17243	876	59	287	9114024
22719	17189	882	59	287	9114034
22793	17126	892	59	285	9114044
22865	17064	896	59	285	9114054
22923	17003	898	59	284	9114064
22962	16951	904	60	284	9114074
22979	16907	911	60	284	9114084
22979	16868	916	60	284	9114094
22963	16835	918	61	285	9114104
22932	16805	917	61	285	9114114
22893	16779	918	61	285	9114124
22852	16761	901	62	285	9114134
22814	16748	878	62	285	9114144
22789	16740	831	62	285	9114154
22776	16740	648	62.5	285.5	9114174
22793	16754	20	63	288	9114194
27
23135	17297	59	60	288	9115164
23127	17297	268	60	288	9115184
23116	17306	420	59	287	9115194
23116	17315	522	59	287	9115204
23105	17323	608	59	287	9115214
23105	17330	670	59	287	9115224
23099	17330	702	59	287	9115234
23099	17337	727	59	285	9115244
23107	17337	764	59	285	9115254
23130	17326	789	60	284	9115264
23175	17306	800	60	284	9115274
23243	17270	806	60	284	9115284
23330	17216	811	60	284	9115294
23428	17153	815	60	284	9115304
23522	17084	821	60	282	9115314
23601	17018	822	60	282	9115324
23659	16961	825	62	281	9115334
23693	16912	830	62	281	9115344
23704	16872	836	62	281	9115354
23694	16841	836	62	281	9115364
23660	16815	836	63	282	9115374
23607	16796	830	63	282	9115384
23544	16781	817	63	282	9115394
23486	16774	786	63	282	9115404
23444	16774	708	63	282	9115414
23423	16774	492	63	282	9115424
23423	16792	0	63	282	9115444
41
23292	17301	75	61	288	9115920
23285	17301	135	61	288	9115930
23274	17301	214	60	288	9115940
23274	17309	304	60	288	9115950
23265	17309	375	60	288	9115960
23265	17318	447	60	288	9115970
23255	17318	555	60	288	9116000
23255	17324	660	60	287	9116020
23276	17324	706	60	286	9116030
23298	17332	722	60	284	9116040
23329	17332	757	60	284	9116050
23370	17332	769	60	284	9116060
23419	17332	777	60	284	9116070
23478	17332	787	60	284	9116080
23546	17319	794	60	284	9116090
23616	17305	801	61	285	9116100
23685	17285	805	61	285	9116110
23754	17263	806	61	283	9116120
23823	17238	810	61	283	9116130
23897	17210	811	62	281	9116140
23976	17181	813	62	281	9116150
24053	17151	817	62	281	9116160
24122	17123	820	62	281	9116170
24176	17099	823	62	281	9116180
24213	17080	820	62	279	9116190
24232	17062	825	62	279	9116200
24232	17044	829	63	278	9116210
24232	17022	831	63	278	9116220
24199	16996	841	63	278	9116230
24159	16967	846	63	278	9116240
24100	16935	844	63	278	9116250
24030	16905	850	63	278	9116260
23957	16877	853	64	278	9116270
23884	16850	855	64	278	9116280
23820	16826	857	64	278	9116290
23763	16806	854	64	280	9116300
23713	16791	846	64	280	9116310
23671	16781	832	63	282	9116320
23639	16781	790	63	282	9116330
23617	16774	709	63	282	9116340
23609	16774	237	63	282	9116370
17
24295	16989	192	60	284	9116800
24271	16989	265	60	284	9116810
24261	16995	375	60	284	9116820
24249	17006	440	60	284	9116830
24238	17006	626	61	285	9116840
24228	17016	687	61	285	9116850
24221	17016	803	61	284.5	9116890
24250	17016	895	62	284	9116900
24307	17016	908	63	282	9116910
24404	17016	914	63	282	9116920
24532	17016	918	63	282	9116930
24678	17016	915	63	282	9116940
24824	17016	902	63	282	9116950
24950	17023	876	63	280	9116960
25053	17023	817	63	280	9116970
25125	17023	684	63	278	9116980
25163	17023	147	63	278	9117000
14
22067	15834	362	58	301	9117604
22046	15825	456	58	301	9117614
22036	15825	598	58	301	9117634
22036	15837	714	58	300	9117644
22059	15837	763	58	300	9117654
22097	15837	795	59	298	9117664
22152	15846	810	60	299	9117674
22226	15846	823	60	299	9117684
22305	15856	822	60	298	9117694
22386	15856	813	60	298	9117704
22463	15863	785	60	296	9117714
22521	15863	714	60	296	9117724
22568	15863	558	60	296	9117734
22599	15863	71	61	294	9117754
11
22311	15781	618	60	295	9117844
22215	15716	664	60	295	9117854
22183	15696	695	60	295	9117864
22164	15687	778	60	295	9117884
22175	15687	831	60	296	9117894
22209	15687	845	60	296	9117904
22260	15687	844	60	296	9117914
22331	15697	820	60	296	9117924
22409	15706	776	60	296	9117934
22485	15718	688	61	297	9117944
22553	15732	256	62	295	9117964
29
22568	16029	174	58	290	9118952
22550	16017	229	58	290	9118962
22538	16017	318	58	290	9118972
22527	16017	407	58	290	9118982
22515	16030	478	59	291	9118992
22507	16030	555	59	291	9119002
22500	16037	632	59	291	9119022
22493	16037	692	59	291	9119042
22493	16044	808	60.3	289	9119242
22500	16044	860	61	288	9119252
22506	16044	862	61	288	9119262
22524	16035	867	61	288	9119272
22556	16019	868	61	288	9119282
22602	15993	870	61	288	9119292
22657	15957	870	61	288	9119302
22714	15912	873	61	288	9119312
22766	15864	874	61	288	9119322
22806	15815	876	61	288	9119332
22829	15766	877	62	289	9119342
22829	15718	881	62	289	9119352
22816	15673	883	62	289	9119362
22783	15633	884	62	289	9119372
22739	15597	884	62	289	9119382
22689	15568	875	63	290	9119392
22646	15548	869	63	290	9119402
22616	15534	839	63	290	9119412
22599	15527	756	63	290	9119432
22606	15527	560	63	290	9119442
22629	15551	38	64	291	9119462
23
23034	16032	501	56	292	9119668
22941	16048	537	56	292	9119678
22902	16059	597	57	293	9119688
22875	16068	663	57	291	9119698
22866	16075	701	57	291	9119708
22875	16075	740	57	289	9119718
22901	16059	754	58	290	9119728
22951	16033	770	59	289	9119738
23022	15995	783	59	289	9119748
23103	15943	794	60	288	9119758
23184	15884	813	60	288	9119768
23250	15822	825	60	286	9119778
23290	15762	830	61	287	9119788
23310	15709	841	61	285	9119798
23310	15659	856	62	284	9119808
23291	15618	857	62	284	9119818
23253	15582	857	63	282	9119828
23200	15552	853	63	282	9119838
23142	15529	841	63	282	9119848
23086	15512	814	63	282	9119858
23044	15501	759	63	282	9119868
23020	15494	646	63	282	9119878
23011	15494	198	63	282	9119898
26
23123	16026	621	57	289	9120076
23045	16026	638	57	289	9120086
23016	16026	697	57	289	9120096
23000	16038	744	57	289	9120106
23000	16046	777	57	289	9120116
23033	16046	803	58	288	9120126
23085	16046	815	59	289	9120136
23169	16038	821	59	287	9120146
23278	16022	818	59	287	9120156
23402	16001	817	60	286	9120166
23524	15970	821	60	286	9120176
23631	15931	822	60	284	9120186
23714	15887	822	61	285	9120196
23768	15837	827	61	283	9120206
23794	15786	836	62	284	9120216
23794	15734	844	63	282	9120226
23764	15685	847	63	282	9120236
23707	15639	859	63	282	9120246
23624	15597	862	63	282	9120256
23522	15563	865	63	282	9120266
23416	15536	862	63	282	9120276
23316	15514	855	63	282	9120286
23235	15499	838	63	282	9120296
23178	15492	793	63	282	9120306
23144	15492	701	64	283	9120316
23133	15502	227	64	283	9120336
15
23917	15758	514	62	281	9120532
23870	15751	621	62	281	9120542
23844	15744	747	62	281	9120552
23823	15744	837	62	281	9120562
23810	15744	892	62	281	9120572
23810	15752	928	63	282	9120582
23827	15752	965	63	282	9120592
23865	15752	986	63	282	9120602
23938	15752	986	63	282	9120612
24034	15752	980	63	282	9120622
24148	15752	959	63	282	9120632
24266	15752	919	63	282	9120642
24375	15744	845	63	282	9120652
24473	15744	683	63	282	9120662
24556	15735	20	63	282	9120682
15
21783	14560	521	62	295	9121196
21760	14560	561	62	294	9121206
21745	14560	681	62	294	9121216
21730	14560	752	62	294	9121226
21730	14573	807	62	294	9121236
21744	14573	836	62	294	9121246
21775	14561	862	62	294	9121256
21825	14554	870	62	294	9121266
21902	14554	873	62	294	9121276
21997	14554	865	62	294	9121286
22095	14554	852	62	294	9121296
22184	14562	822	62	294	9121306
22251	14562	754	62	294	9121316
22296	14570	591	62	294	9121326
22319	14570	91	62	294	9121346
12
21884	14470	662	62	294	9121424
21790	14403	668	63	295	9121434
21766	14385	747	63	295	9121444
21757	14385	805	63	295	9121454
21769	14379	847	63	295	9121464
21805	14379	864	63	295	9121474
21864	14379	870	63	295	9121484
21945	14388	866	63	295	9121494
22035	14395	850	63	295	9121504
22120	14401	810	63	295	9121514
22191	14401	726	63	295	9121524
22243	14401	264	63	295	9121544
21
22244	14842	225	60	292	9122188
22227	14842	365	60	292	9122198
22214	14842	472	60	292	9122208
22200	14856	606	60	292	9122218
22189	14856	723	60	291.333	9122248
22202	14834	806	60	290	9122258
22228	14804	826	61	288	9122268
22268	14758	844	62	289	9122278
22316	14698	855	62	289	9122288
22364	14632	862	62	289	9122298
22405	14562	868	62	289	9122308
22432	14492	875	62	289	9122318
22444	14428	876	63	288	9122328
22444	14371	883	63	288	9122338
22419	14318	881	63	286	9122348
22385	14273	881	64	287	9122358
22342	14236	875	64	287	9122368
22300	14209	867	64	287	9122378
22268	14196	838	65	288	9122388
22249	14196	733	65	289	9122408
22257	14215	231	65.5	291.5	9122428
20
22650	14776	542	61	285	9122704
22600	14765	548	61	287	9122714
22590	14765	628	61	287.5	9122734
22630	14774	696	61	287	9122744
22693	14765	718	61	287	9122754
22778	14745	740	62	285	9122764
22878	14713	762	62	285	9122774
22980	14668	776	62	285	9122784
23067	14616	799	62	285	9122794
23128	14563	816	62	285	9122804
23160	14514	832	63	286	9122814
23160	14467	841	63	286	9122824
23144	14426	846	63	286	9122834
23107	14388	846	63	286	9122844
23055	14354	840	63	286	9122854
23004	14331	817	64	287	9122864
22957	14313	788	64	287	9122874
22920	14302	732	64	287	9122884
22898	14302	558	64	287	9122894
22885	14302	30	64	287	9122914
31
22799	14804	308	60	289	9123140
22786	14779	403	60	290	9123150
22786	14772	462	61	288	9123160
22778	14772	589	61	287	9123170
22778	14789	665	62	285	9123180
22790	14789	724	62	285	9123190
22814	14800	748	62	285	9123200
22853	14810	784	62	285	9123210
22913	14821	810	63	286	9123220
22992	14831	833	63	286	9123230
23087	14837	847	63	286	9123240
23196	14837	855	63	286	9123250
23308	14837	860	63	284	9123260
23419	14826	861	63	284	9123270
23520	14805	862	63	282	9123280
23605	14777	861	63	282	9123290
23669	14742	862	63	282	9123300
23709	14703	865	63	282	9123310
23727	14666	869	63	282	9123320
23720	14624	874	63	282	9123330
23689	14585	877	64	280	9123340
23634	14546	888	64	280	9123350
23555	14507	892	64	278	9123360
23464	14475	895	65	279	9123370
23369	14449	895	65	279	9123380
23276	14429	890	65	281	9123390
23192	14421	877	65	281	9123400
23116	14421	832	64	283	9123410
23055	14428	785	64	283	9123420
23011	14443	650	64	283	9123430
22989	14461	157	65	283	9123450
16
23691	14558	115	63	284	9123716
23671	14544	653	63	286	9123726
23662	14544	722	63	286	9123736
23655	14557	834	63	286	9123746
23649	14565	910	63	286	9123756
23649	14578	965	63	286	9123766
23667	14578	1009	63	286	9123776
23700	14578	1023	63	286	9123786
23766	14586	1023	63	286	9123796
23871	14586	1023	63	286	9123806
24001	14586	1023	64	287	9123816
24145	14586	1002	64	287	9123826
24279	14586	955	64	285	9123836
24392	14586	890	64	285	9123846
24479	14586	768	64	283	9123856
24535	14578	238	64	283	9123876
15
21815	13379	491	63	304	9124448
21765	13350	523	63	304	9124458
21727	13350	592	63	304	9124468
21692	13343	682	63	304	9124478
21673	13343	743	63	304	9124508
21703	13343	802	63	304	9124518
21749	13332	817	63	304	9124528
21816	13326	822	63	302	9124538
21901	13326	821	63	302	9124548
21993	13317	807	64	300	9124558
22077	13317	784	64	300	9124568
22147	13317	742	64	300	9124578
22199	13308	667	64	300	9124588
22230	13308	519	64	300	9124598
22244	13308	104	64	300	9124618
12
21945	13245	537	65	302	9124688
21861	13192	626	65	302	9124698
21831	13175	703	65	302	9124708
21811	13167	792	65	302	9124718
21802	13167	851	65	302.5	9124738
21823	13167	878	65	303	9124748
21856	13160	882	65	303	9124758
21915	13160	870	65	303	9124768
21990	13160	843	66	304	9124778
22071	13160	787	66	304	9124788
22143	13160	702	66	304	9124798
22200	13171	242	66	304	9124818
23
22100	13580	268	61	306	9125052
22045	13569	485	61	303	9125062
22017	13562	561	61	303	9125072
21998	13562	655	61	302	9125082
21988	13562	707	61	302	9125092
21995	13562	751	61	302	9125102
22026	13554	780	62	300	9125112
22079	13538	803	62	300	9125122
22155	13514	820	62	298	9125132
22245	13479	829	63	296	9125142
22330	13433	837	63	296	9125152
22397	13377	844	63	295	9125162
22440	13313	852	64	296	9125172
22455	13247	877	64	296	9125182
22442	13182	893	64	296	9125192
22405	13123	895	65	295	9125202
22347	13073	893	65	295	9125212
22282	13030	887	65	293	9125222
22216	12999	874	66	294	9125232
22165	12975	862	66	294	9125242
22133	12961	813	67	297	9125252
22118	12961	672	66.5	298	9125272
22139	12961	9	67	300	9125292
22
22536	13565	284	64	296	9125696
22508	13573	494	64	296	9125706
22494	13584	565	64	296	9125716
22484	13592	677	63	295	9125726
22484	13606	732	63	295	9125736
22498	13606	772	63	295	9125746
22534	13592	799	63	293	9125756
22595	13570	818	63	293	9125766
22675	13535	831	64	291	9125776
22756	13487	845	64	291	9125786
22827	13430	858	64	291	9125796
22875	13362	873	64	292	9125806
22897	13291	883	64	292	9125816
22897	13224	895	64	292	9125826
22878	13162	903	65	293	9125836
22845	13110	897	65	293	9125846
22802	13070	891	65	293	9125856
22756	13039	877	66	294	9125866
22715	13017	840	66	294	9125876
22683	13005	790	66	294	9125886
22663	13005	646	67	295	9125896
22654	13005	137	67	295	9125916
30
22670	13528	446	65	293	9126144
22645	13528	527	65	293	9126154
22636	13528	576	64	294	9126164
22630	13546	696	64	294	9126174
22630	13563	750	64	296	9126184
22646	13578	780	64	296	9126194
22669	13590	809	64	296	9126204
22706	13599	823	64	294	9126214
22757	13599	843	64	294	9126224
22824	13599	851	64	292	9126234
22903	13579	859	64	292	9126244
22989	13553	861	64	292	9126254
23081	13520	865	64	291	9126264
23173	13480	864	64	291	9126274
23255	13436	865	64	289	9126284
23325	13390	862	64	289	9126294
23374	13342	861	64	287	9126304
23402	13293	865	64	287	9126314
23410	13249	869	65	288	9126324
23389	13209	874	65	288	9126334
23342	13169	876	65	288	9126344
23269	13137	880	65	288	9126354
23174	13105	887	66	288	9126364
23067	13077	896	66	288	9126374
22962	13054	903	66	288	9126384
22865	13036	892	67	289	9126394
22786	13024	889	67	289	9126404
22734	13024	838	67	289	9126414
22704	13024	653	67	292	9126434
22723	13039	17	67	295	9126454
10
23433	13268	659	59	291	9126652
23418	13258	729	59	291	9126662
23418	13251	880	60.3333	291.667	9126692
23445	13257	959	61	291	9126702
23491	13257	964	63	290	9126712
23565	13257	961	63	290	9126722
23663	13269	942	64	291	9126732
23780	13276	897	64	291	9126742
23909	13287	818	64	292	9126752
24037	13296	303	64.5	292.5	9126772
11
21465	11985	644	63	307	9127224
21447	11978	660	64	305	9127234
21433	11971	777	64	305	9127254
21442	11982	834	64	305	9127264
21471	11982	858	64	307	9127274
21522	11982	862	64	307	9127284
21594	11991	856	64	307	9127294
21679	11991	832	65	305	9127304
21760	12001	786	65	305	9127314
21825	12001	675	65	303	9127324
21866	12001	208	65.5	303.5	9127344
10
21615	11906	643	66	304	9127424
21553	11854	678	66	304	9127434
21536	11839	767	66	304	9127444
21526	11832	833	66	304	9127464
21550	11832	868	66	304	9127474
21589	11832	869	66	304	9127484
21648	11838	853	66	304	9127494
21720	11846	805	66	304	9127504
21796	11856	674	67	306	9127514
21869	11865	118	67	306	9127534
19
21761	12216	460	63	293	9127880
21708	12208	506	63	293	9127890
21695	12200	575	63.5	295.5	9127910
21713	12189	677	64	296	9127920
21753	12173	717	65	297	9127930
21808	12149	756	65	297	9127940
21870	12116	801	65	297	9127950
21935	12072	825	65	298	9127960
21989	12020	846	65	298	9127970
22025	11963	860	65	298	9127980
22039	11905	876	66	299	9127990
22031	11847	880	66	299	9128000
21998	11793	884	67	300	9128010
21952	11747	882	67	300	9128020
21901	11708	881	68	302	9128030
21856	11679	860	68	302	9128040
21829	11662	808	68	302	9128050
21819	11654	735	68	302	9128060
21830	11661	263	68.5	302.5	9128080
20
22320	12191	449	60	300	9128308
22264	12191	614	60	300	9128318
22250	12191	670	62	300	9128338
22266	12191	769	62	298	9128348
22303	12184	803	63	299	9128358
22357	12165	827	63	299	9128368
22425	12133	846	64	299	9128378
22500	12091	867	64	299	9128388
22568	12040	880	65	298	9128398
22620	11985	897	65	298	9128408
22648	11929	912	66	299	9128418
22648	11872	924	67	297	9128428
22632	11819	931	68	298	9128438
22592	11771	932	68	296	9128448
22537	11728	921	69	297	9128458
22481	11697	911	69	297	9128468
22432	11675	867	69	297	9128478
22400	11663	803	69	297	9128488
22387	11663	650	69	297	9128498
22387	11674	70	69	297	9128518
27
22370	12247	627	60	295	9128724
22308	12237	688	60	296	9128734
22286	12229	720	60	296	9128744
22273	12229	814	60.5	296.5	9128764
22301	12229	868	61	297	9128774
22353	12229	882	62	298	9128784
22438	12237	888	63	296	9128794
22554	12237	887	63	297	9128804
22689	12227	888	65	297	9128814
22830	12209	890	65	297	9128824
22961	12180	892	66	296	9128834
23069	12140	895	66	296	9128844
23149	12092	896	67	295	9128854
23200	12042	897	67	295	9128864
23220	11989	898	68	296	9128874
23220	11936	899	68	296	9128884
23181	11885	905	68	296	9128894
23121	11838	907	68	296	9128904
23037	11797	914	68	296	9128914
22935	11765	934	68	296	9128924
22828	11740	937	68	296	9128934
22723	11722	942	69	297	9128944
22635	11712	931	69	297	9128954
22566	11712	916	69	297	9128964
22525	11712	862	69	297	9128974
22513	11712	765	69	297	9128984
22531	11729	231	69	297	9129004
11
23287	11991	796	62	303	9129208
23239	11984	810	63	301	9129218
23220	11984	871	63	301	9129228
23212	11984	927	63	299	9129238
23220	11995	949	64	300	9129248
23259	11995	962	64	300	9129258
23327	12004	948	64	299	9129268
23427	12011	912	65	300	9129278
23550	12019	857	65	298	9129288
23672	12027	718	65	298	9129298
23782	12033	25	66.5	298	9129318
11
21029	10672	605	58	319	9129756
20996	10629	720	59	318	9129766
20985	10618	762	60	315.5	9129786
20985	10629	850	62	315	9129796
21009	10629	874	62	313	9129806
21058	10641	882	63	312	9129816
21126	10650	882	63	312	9129826
21221	10663	866	63	310	9129836
21319	10675	827	64	309	9129846
21415	10683	736	64	307	9129856
21496	10683	259	65.5	304.5	9129876
8
21212	10514	673	66	304	9129964
21078	10451	700	66	304	9129974
21033	10432	746	66	304	9129984
21009	10424	773	67	306	9130004
21033	10431	766	67	306	9130014
21084	10442	712	67	306	9130024
21155	10458	544	67	306	9130034
21240	10476	71	67	306	9130054
24
21335	10941	466	64	300	9130440
21315	10960	492	64	300	9130450
21307	10969	637	64	300	9130460
21299	10976	725	64	299	9130470
21299	10985	773	64	299	9130480
21308	10985	825	65	297	9130490
21332	10966	871	65	297	9130500
21375	10940	903	65	297	9130510
21439	10902	927	65	298	9130520
21516	10851	948	65	298	9130530
21592	10792	960	66	296	9130540
21660	10729	969	66	296	9130550
21708	10664	977	66	294	9130560
21734	10599	985	67	295	9130570
21734	10536	988	67	295	9130580
21725	10476	988	67	295	9130590
21694	10419	987	68	296	9130600
21651	10368	976	68	296	9130610
21600	10324	956	68	296	9130620
21550	10288	919	69	297	9130630
21509	10267	871	69	297	9130640
21480	10255	786	69	297	9130650
21467	10255	603	68	299	9130660
21467	10268	48	69	302	9130680
21
21912	10902	498	65	293	9131024
21893	10902	536	65	293	9131034
21893	10914	592	65	293	9131044
21902	10914	669	65	293	9131054
21927	10926	720	65	293	9131064
21975	10918	750	65	293	9131074
22036	10899	772	66	294	9131084
22106	10865	787	66	294	9131094
22174	10817	803	66	294	9131104
22230	10760	821	66	294	9131114
22267	10697	844	67	295	9131124
22280	10633	866	67	295	9131134
22274	10573	882	67	295	9131144
22248	10514	888	67	295	9131154
22209	10462	889	68	296	9131164
22160	10415	883	68	296	9131174
22109	10376	870	68	296	9131184
22065	10347	832	68	296	9131194
22036	10328	743	69	297	9131204
22026	10328	537	69	297	9131214
22035	10328	0	68.5	298	9131234
28
22005	10860	38	63	307	9131472
21963	10868	548	64	305	9131482
21951	10875	624	64	305	9131502
21951	10891	728	64	304	9131512
21983	10900	776	64	304	9131522
22035	10907	789	65	302	9131532
22109	10914	801	65	302	9131542
22200	10914	807	66	301	9131552
22298	10901	808	66	301	9131562
22391	10874	818	66	299	9131572
22471	10832	829	67	297	9131582
22538	10779	837	67	295	9131592
22590	10720	845	67	295	9131602
22626	10658	854	68	296	9131612
22647	10597	859	68	296	9131622
22647	10537	867	68	296	9131632
22635	10479	875	68	296	9131642
22602	10424	885	68	296	9131652
22551	10377	884	69	297	9131662
22484	10333	887	69	297	9131672
22408	10304	884	69	297	9131682
22329	10285	883	69	297	9131692
22256	10274	869	70	298	9131702
22192	10274	844	70	298	9131712
22139	10282	810	70	298	9131722
22099	10296	646	70	298	9131732
22075	10318	527	70	298	9131742
22075	10346	9	69	301	9131762
10
22698	10618	25	67	304	9131936
22716	10618	779	68	302	9131946
22725	10610	794	68	302	9131956
22741	10610	867	68	302	9131966
22768	10618	898	67	300	9131976
22817	10624	903	67	300	9131986
22898	10633	891	67	300	9131996
23000	10633	858	68	298	9132006
23122	10643	743	68	298	9132016
23252	10643	215	68	296	9132036
12
20852	9140	697	63	304	9132492
20852	9133	703	63	302	9132502
20859	9133	763	64	304	9132512
20859	9140	813	65	302	9132522
20870	9140	836	66	301	9132532
20900	9140	851	66	299	9132542
20945	9148	851	66	299	9132552
21008	9148	844	67	300	9132562
21085	9157	813	67	300	9132572
21163	9163	746	68	302	9132582
21232	9163	576	68	302	9132592
21285	9170	41	68.5	302.5	9132612
9
21061	9034	661	67	306	9132700
20981	8976	660	67	306	9132710
20962	8961	743	68	308	9132730
20972	8961	788	68	308	9132740
21010	8961	788	68	308	9132750
21068	8970	771	68	308	9132760
21139	8983	721	68	308	9132770
21215	8998	583	68	308	9132780
21284	9010	80	68	308	9132800
22
21129	9329	541	60	304	9133036
21087	9314	589	60	304	9133046
21073	9314	627	60	305	9133056
21064	9308	747	61.5	303.5	9133076
21074	9298	831	62	303	9133086
21096	9283	848	63	302	9133096
21135	9260	867	64	304	9133106
21193	9230	887	65	302	9133116
21264	9195	896	65	303	9133126
21345	9156	904	67	302	9133136
21418	9114	910	67	302	9133146
21480	9070	914	68	302	9133156
21526	9026	919	68	299	9133166
21549	8983	921	70	298	9133176
21555	8938	927	70	298	9133186
21539	8893	934	71	300	9133196
21502	8848	929	71	300	9133206
21453	8805	926	71	300	9133216
21402	8767	913	71	300	9133226
21357	8737	874	71	302	9133236
21325	8715	809	71	302	9133246
21309	8704	275	71	302.667	9133276
21
21417	9417	396	64	300	9133712
21428	9417	542	64	300	9133722
21435	9417	577	65	302	9133732
21448	9417	694	65	300	9133742
21469	9417	736	66	301	9133752
21515	9417	762	66	299	9133762
21582	9397	784	66	299	9133772
21661	9369	799	68	298	9133782
21741	9329	810	68	298	9133792
21813	9284	825	68	296	9133802
21869	9232	853	68	296	9133812
21904	9178	872	68	296	9133822
21924	9125	887	68	296	9133832
21924	9070	902	69	297	9133842
21909	9016	913	69	297	9133852
21880	8966	913	69	295	9133862
21840	8919	904	70	296	9133872
21796	8879	876	70	296	9133882
21749	8849	810	70	296	9133892
21703	8832	684	71	300	9133902
21665	8825	201	71	300	9133922
31
21565	9402	606	68	298	9134160
21526	9395	633	68	299	9134170
21513	9395	729	69	303	9134180
21507	9395	786	69	303	9134190
21525	9404	827	69	303	9134200
21562	9404	855	69	303	9134210
21628	9415	877	68	302	9134220
21723	9415	889	68	299	9134230
21840	9422	891	68	299	9134240
21966	9422	896	69	297	9134250
22085	9422	899	68	296	9134260
22192	9406	898	68	296	9134270
22278	9384	899	68	296	9134280
22346	9354	904	68	296	9134290
22394	9313	904	68	294	9134300
22423	9266	907	68	294	9134310
22433	9215	913	69	291	9134320
22425	9164	919	69	291	9134330
22398	9118	929	69	291	9134340
22355	9071	940	70	292	9134350
22295	9028	949	70	292	9134360
22216	8986	965	70	292	9134370
22123	8948	969	71	293	9134380
22015	8912	986	71	293	9134390
21906	8879	978	71	293	9134400
21808	8854	970	71	297	9134410
21728	8835	945	71	297	9134420
21678	8825	887	71	300	9134430
21654	8825	795	71	300	9134440
21660	8835	592	71	300	9134450
21697	8857	16	71	302	9134470
10
22486	9182	783	65	297	9134696
22461	9174	847	65	297.5	9134716
22486	9174	960	65	298	9134726
22532	9174	981	66	296	9134736
22607	9174	991	67	297	9134746
22709	9174	985	67	295	9134756
22832	9174	954	67	295	9134766
22970	9174	899	68	296	9134776
23102	9174	769	68	296	9134786
23219	9174	199	68.5	296.5	9134806
12
20726	7956	541	65	308	9135248
20717	7945	615	66	306	9135258
20711	7945	769	67	301.333	9135288
20729	7945	869	67	300	9135298
20764	7953	895	67	300	9135308
20823	7961	899	67	300	9135318
20908	7970	896	68	302	9135328
21008	7978	888	68	302	9135338
21110	7978	863	68	302	9135348
21204	7978	795	68	302	9135358
21277	7978	642	68	302	9135368
21324	7969	43	68	302	9135388
11
20858	7790	553	69	303	9135468
20762	7717	691	69	303	9135478
20749	7696	709	69	303	9135488
20760	7689	769	69	303	9135498
20791	7697	801	69	303	9135508
20849	7712	815	69	303	9135518
20925	7733	814	69	303	9135528
21015	7753	806	70	305	9135538
21106	7768	762	70	305	9135548
21187	7775	656	70	305	9135558
21249	7775	204	70	305	9135578
21
21249	8182	489	64	300	9135844
21198	8193	534	64	300	9135854
21180	8193	646	64	299	9135864
21169	8201	758	64.5	298.5	9135884
21181	8191	831	65	298	9135894
21208	8173	864	65	298	9135904
21247	8142	892	67	297	9135914
21299	8098	914	67	297	9135924
21354	8041	928	67	295	9135934
21403	7975	940	68	296	9135944
21438	7903	955	68	296	9135954
21454	7829	968	68	296	9135964
21454	7755	975	69	297	9135974
21420	7685	981	69	297	9135984
21375	7620	984	69	297	9135994
21316	7565	972	70	298	9136004
21255	7523	965	70	298	9136014
21205	7495	950	70	298	9136024
21171	7479	906	71	300	9136034
21156	7479	801	71	300	9136054
21180	7501	222	71	301	9136074
20
21623	8167	456	66	296	9136540
21623	8174	580	66	295	9136560
21615	8181	762	67	295	9136590
21633	8165	837	67	292	9136600
21664	8145	859	67	292	9136610
21708	8113	870	69	291	9136620
21764	8069	876	69	291	9136630
21821	8019	884	69	291	9136640
21870	7960	889	70	292	9136650
21904	7893	898	70	292	9136660
21922	7826	905	70	292	9136670
21922	7759	907	70	292	9136680
21903	7691	904	71	293	9136690
21868	7631	901	71	293	9136700
21821	7577	897	71	293	9136710
21767	7530	878	71	293	9136720
21715	7498	853	71	295	9136730
21675	7478	776	71	295	9136740
21651	7478	622	71	297	9136750
21645	7484	111	71	299.5	9136770
28
21740	8153	13	65	293	9136976
21713	8146	678	65	293	9136986
21695	8146	695	66	294	9136996
21684	8146	768	66	294	9137006
21673	8146	815	66	294	9137016
21683	8140	847	66	294	9137026
21711	8140	858	67	295	9137036
21762	8140	864	67	295	9137046
21840	8131	864	67	295	9137056
21943	8122	865	68	296	9137066
22052	8104	862	68	296	9137076
22157	8078	862	68	296	9137086
22246	8043	858	68	296	9137096
22311	7999	857	69	297	9137106
22352	7949	857	69	295	9137116
22369	7897	861	69	295	9137126
22369	7844	866	70	292	9137136
22334	7793	875	70	292	9137146
22281	7743	876	71	293	9137156
22206	7699	881	71	293	9137166
22112	7657	887	71	293	9137176
22008	7620	887	70	296	9137186
21904	7589	897	70	296	9137196
21812	7566	885	71	300	9137206
21741	7553	852	71	300	9137216
21694	7553	810	71	300	9137226
21677	7553	664	71	300	9137236
21688	7570	177	71	300	9137256
14
22395	7920	591	67	306	9137628
22412	7920	703	67	306	9137638
22426	7912	776	67	304	9137648
22447	7912	871	67	304	9137658
22472	7912	924	68	302	9137668
22513	7920	959	68	302	9137678
22566	7920	973	68	302	9137688
22641	7931	976	68	302	9137698
22735	7931	974	68	299	9137708
22843	7943	958	68	299	9137718
22953	7943	934	70	298	9137728
23052	7953	884	70	298	9137738
23132	7953	763	70	298	9137748
23187	7953	235	70	298	9137768
11
20472	6458	78	65	308	9142501
20463	6448	657	65	308	9142531
20463	6464	793	65	308	9142541
20475	6473	822	65	308	9142551
20500	6473	830	66	306	9142561
20537	6484	831	66	306	9142571
20590	6484	822	65	303	9142581
20651	6492	792	65	303	9142591
20717	6492	697	65	303	9142601
20781	6492	494	65	303	9142611
20835	6483	4	65	303	9142631
12
20511	6217	738	62	298	9142769
20441	6179	739	62	298	9142779
20418	6173	808	62	298	9142789
20405	6179	898	62	298	9142809
20423	6179	949	63	299	9142819
20460	6179	960	63	299	9142829
20520	6179	959	64	300	9142839
20604	6179	936	64	299	9142849
20697	6179	880	65	300	9142859
20788	6179	801	65	298	9142869
20867	6179	597	66	299	9142879
20932	6179	13	66.5	299.5	9142899
19
20761	6658	265	65	297	9143233
20750	6677	339	65	297	9143243
20738	6686	477	65	297	9143253
20730	6693	591	65	297	9143263
20724	6693	704	64.3333	295	9143293
20747	6676	814	64	292	9143303
20785	6647	841	64	292	9143313
20846	6601	862	64	292	9143323
20920	6538	873	64	292	9143333
20997	6462	888	64	292	9143343
21063	6378	896	64	292	9143353
21106	6296	903	65	293	9143363
21124	6219	908	65	293	9143373
21117	6156	919	65	293	9143383
21081	6102	919	66	294	9143393
21031	6059	920	66	294	9143403
20978	6029	905	66	294	9143413
20934	6010	874	67	295	9143423
20910	6002	435	67.3333	295.333	9143453
19
21293	6609	518	65	303	9143761
21283	6609	557	66	301	9143781
21303	6618	683	66	299	9143791
21336	6618	740	66	299	9143801
21390	6598	778	65	298	9143811
21455	6568	806	66	296	9143821
21525	6520	818	66	296	9143831
21596	6455	840	66	294	9143841
21650	6385	858	66	294	9143851
21691	6310	871	66	294	9143861
21712	6239	879	67	291	9143871
21712	6177	884	67	291	9143881
21694	6120	885	67	289	9143891
21656	6072	882	68	290	9143901
21603	6033	873	68	290	9143911
21543	6000	855	68	290	9143921
21485	5979	816	69	291	9143931
21441	5967	734	69	291	9143941
21417	5967	257	69	291	9143961
29
21493	6550	372	67	295	9144297
21463	6550	424	67	295	9144307
21450	6558	537	67	295	9144317
21436	6568	687	67	295	9144327
21436	6576	772	66.5	294.5	9144347
21465	6587	835	66	294	9144357
21511	6587	845	66	294	9144367
21585	6587	850	67	291	9144377
21680	6587	853	67	291	9144387
21785	6559	853	67	289	9144397
21893	6518	852	67	289	9144407
21993	6462	854	67	289	9144417
22080	6397	854	67	289	9144427
22144	6330	855	67	287	9144437
22186	6265	855	67	287	9144447
22203	6203	858	67	285	9144457
22197	6143	867	68	285	9144467
22167	6088	874	68	285	9144477
22113	6040	880	68	285	9144487
22040	5998	897	69	286	9144497
21952	5967	896	69	286	9144507
21849	5946	902	69	286	9144517
21741	5935	909	70	287	9144527
21639	5935	904	70	287	9144537
21552	5935	897	70	290	9144547
21491	5944	862	70	290	9144557
21457	5952	803	71	293	9144567
21449	5960	701	71	293	9144577
21464	5970	254	71	293	9144597
14
22281	6216	536	65	298	9144881
22281	6204	598	66	296	9144891
22268	6204	746	66	296	9144901
22257	6204	855	66	294	9144911
22246	6204	949	67	295	9144921
22240	6210	1015	67	295	9144941
22249	6210	1023	67	292	9144951
22291	6210	1023	68	294	9144961
22370	6210	1023	69	291	9144971
22492	6210	1023	69	291	9144981
22653	6210	1023	69	291	9144991
22831	6210	926	69	289	9145001
23004	6217	745	69	289	9145011
23149	6217	0	69	286	9145031
