47
24
16213	10432	447	59	322	8812938
16231	10461	505	59	322	8812948
16231	10478	551	60	321	8812958
16231	10500	657	60	321	8812968
16231	10520	730	60	321	8812978
16231	10530	760	60	319	8812988
16231	10538	818	60	319	8813018
16231	10544	870	59.5	317	8813058
16231	10537	895	60	314	8813068
16231	10519	918	60	314	8813078
16231	10486	929	60	312	8813088
16231	10431	937	60	312	8813098
16231	10361	947	61	311	8813108
16222	10283	954	61	312	8813118
16222	10213	955	61	312	8813128
16222	10153	956	61	312	8813138
16222	10102	947	62	313	8813148
16222	10066	942	62	313	8813158
16222	10035	925	63	315	8813168
16222	10018	902	63	315	8813178
16222	10007	870	63	315	8813188
16215	10007	752	63	317	8813208
16203	10031	505	64	318	8813218
16203	10065	4	64	318	8813238
34
16264	10543	257	58	316	8813602
16264	10535	322	58.5	315.5	8813622
16255	10535	453	59	315	8813632
16245	10535	561	60	314	8813642
16238	10528	627	60	314	8813662
16229	10528	695	60	312.667	8813692
16237	10528	733	61	311	8813702
16251	10528	764	61	311	8813712
16281	10528	780	61	311	8813722
16328	10528	787	61	311	8813732
16386	10528	796	61	311	8813742
16456	10528	799	61	311	8813752
16535	10528	804	61	311	8813762
16617	10520	803	61	309	8813772
16702	10505	803	61	309	8813782
16780	10483	797	62	307	8813792
16845	10458	796	62	307	8813802
16894	10424	790	62	307	8813812
16926	10385	776	63	309	8813822
16942	10342	771	63	309	8813832
16942	10296	771	63	309	8813842
16918	10252	772	63	310	8813852
16880	10211	784	63	310	8813862
16826	10172	784	63	310	8813872
16757	10138	795	64	312	8813882
16679	10108	800	64	312	8813892
16590	10081	809	64	312	8813902
16500	10059	808	64	312	8813912
16412	10039	807	65	313	8813922
16331	10022	799	65	313	8813932
16260	10011	777	65	313	8813942
16202	10003	717	65	313	8813952
16165	10003	576	65	313	8813962
16149	10003	93	65	315	8813982
41
16176	10361	5	57	319	8815430
16184	10373	33	58	318	8815440
16184	10380	74	58	318	8815450
16193	10389	119	58	316	8815460
16193	10396	166	59	318	8815470
16206	10404	230	59	318	8815480
16215	10404	287	59	318	8815490
16222	10412	316	59	318	8815500
16229	10412	493	60.4	315.8	8815550
16220	10412	603	61	316	8815560
16208	10412	624	61	316	8815570
16191	10412	650	61	316	8815580
16170	10412	669	60	315	8815590
16142	10412	685	60	315	8815600
16112	10412	701	60	315	8815610
16077	10412	710	60	315	8815620
16037	10405	717	60	315	8815630
15982	10405	727	60	315	8815640
15915	10395	737	60	315	8815650
15835	10388	742	60	315	8815660
15737	10380	742	60	315	8815670
15640	10380	753	60	315	8815680
15536	10372	754	60	315	8815690
15430	10372	756	60	315	8815700
15318	10372	762	60	315	8815710
15203	10372	768	60	315	8815720
15085	10372	765	60	315	8815730
14963	10365	764	60	315	8815740
14839	10357	762	60	315	8815750
14716	10345	762	60	315	8815760
14596	10332	756	60	315	8815770
14485	10316	758	60	315	8815780
14385	10303	753	60	315	8815790
14294	10288	756	61	316	8815800
14212	10273	755	61	316	8815810
14138	10259	750	61	316	8815820
14074	10249	741	61	316	8815830
14021	10242	733	61	316	8815840
13978	10242	703	62	315	8815850
13948	10242	660	62	317	8815860
13931	10242	321	63	315	8815890
26
13746	10254	314	57	312	8816254
13718	10245	391	57	312	8816264
13709	10245	471	57	314	8816274
13701	10245	579	58	315	8816284
13701	10259	602	58	315	8816294
13701	10278	625	58	315	8816304
13713	10306	645	58	316	8816314
13737	10348	644	58	316	8816324
13767	10394	648	58	316	8816334
13799	10444	645	58	316	8816344
13830	10496	642	58	316	8816354
13854	10543	642	58	316	8816364
13873	10583	646	58	316	8816374
13885	10611	658	58	316	8816384
13885	10624	667	58	316	8816394
13891	10624	688	58	316	8816404
13891	10599	727	58	316	8816414
13891	10563	756	58	316	8816424
13891	10513	776	58	316	8816434
13891	10464	778	58	316	8816444
13898	10413	775	58	316	8816454
13905	10369	758	58	315	8816464
13911	10337	731	58	316	8816474
13918	10307	678	58	316	8816484
13924	10290	588	58	316	8816494
13924	10281	182	58.6667	317.333	8816524
7
13802	10371	484	60	321	8816698
13802	10363	621	60	321	8816718
13786	10363	776	60	321	8816728
13773	10363	823	60	319.667	8816758
13781	10371	781	60	319	8816768
13812	10379	660	60	319	8816778
13860	10393	121	59	318	8816798
46
16169	10075	307	61	316	8817402
16175	10086	468	61	316	8817422
16169	10101	580	61	318	8817432
16162	10101	777	62.9	318.95	8817632
16162	10093	856	62.5938	320.594	8817952
16162	10087	836	61.1333	318.267	8818852
16155	10087	829	62	317	8818872
16142	10087	820	62	317	8818882
16122	10077	822	62	317	8818892
16095	10069	823	62	317	8818902
16064	10059	823	61	318	8818912
16039	10051	821	61	318	8818922
16014	10051	816	61	318	8818932
15990	10051	814	61	318	8818942
15968	10044	813	61	318	8818952
15944	10044	810	61	318	8818962
15929	10044	808	61	318	8818972
15919	10044	807	61	318	8818982
15910	10044	806	61	318	8818992
15898	10044	803	61	318	8819002
15879	10044	801	61	318	8819012
15855	10044	798	61	318	8819022
15826	10044	797	61	318	8819032
15795	10044	796	61	318	8819042
15764	10044	792	61	318	8819052
15732	10044	792	61	318	8819062
15698	10034	787	61	318	8819072
15660	10034	785	61	316	8819082
15621	10034	780	61	316	8819092
15579	10024	779	62	315	8819102
15537	10024	772	62	315	8819112
15496	10012	772	62	315	8819122
15457	10004	772	62	315	8819132
15420	9998	772	61	316	8819142
15389	9998	771	61	316	8819152
15360	9989	771	61	316	8819162
15338	9989	771	61	316	8819172
15318	9989	771	61	316	8819182
15303	9989	770	61	316	8819192
15292	9983	767	61	316	8819212
15285	9983	731	61	316	8819242
15296	9983	673	61	316	8819252
15306	9983	622	61	316	8819262
15316	9989	542	61	316	8819272
15327	9989	401	61	316	8819282
15334	9989	62	61	316	8819302
26
15305	10038	265	57	319	8819466
15291	10038	292	57	319	8819476
15275	10038	406	58	319	8819486
15255	10023	495	58	319	8819496
15232	10007	550	59	318	8819506
15210	9987	593	59	318	8819516
15194	9966	617	60	319	8819526
15183	9947	633	60	319	8819536
15183	9932	646	60	318	8819546
15190	9924	679	60	318	8819556
15209	9916	696	61	318	8819566
15237	9916	697	61	318	8819576
15272	9916	696	61	318	8819586
15308	9928	690	61	318	8819596
15342	9945	693	61	318	8819606
15368	9962	691	61	318	8819616
15387	9979	691	62	320	8819626
15399	9993	694	62	320	8819636
15399	10003	690	62	320	8819646
15399	10014	696	62	320	8819656
15390	10022	689	62	320	8819666
15370	10029	686	62	320	8819676
15341	10035	668	62	320	8819686
15306	10035	649	62	320	8819696
15270	10035	543	62	320	8819706
15236	10025	133	61.5	319	8819726
51
14941	10069	117	61	316	8820130
14924	10069	260	61	316	8820140
14916	10076	383	61	316	8820150
14908	10076	507	61	316	8820160
14899	10082	625	61	318	8820180
14891	10082	708	61	318	8820210
14904	10082	749	61	318	8820220
14925	10069	762	61	318	8820230
14958	10062	770	61	318	8820240
15003	10052	784	61	318	8820250
15055	10044	799	61	318	8820260
15107	10044	800	61	318	8820270
15158	10033	801	61	318	8820280
15201	10033	801	61	318	8820290
15236	10026	799	61	318	8820300
15256	10026	796	61	318	8820310
15268	10026	790	61	318	8820340
15268	10018	785	61	318	8820350
15258	10018	784	61	318	8820360
15246	10009	786	61	318	8820370
15230	9999	785	62	320	8820380
15208	9981	791	62	320	8820390
15180	9960	793	62	320	8820400
15148	9937	794	62	320	8820410
15111	9908	796	62	320	8820420
15072	9879	804	62	320	8820430
15030	9844	809	62	320	8820440
14992	9814	817	62	320	8820450
14959	9790	817	62	320	8820460
14934	9769	820	62	320	8820470
14917	9757	821	62	320	8820480
14903	9746	813	62	320	8820490
14895	9739	804	63	321	8820510
14889	9739	785	63	321	8820570
14895	9739	785	63	321	8820590
14903	9748	786	63	321	8820600
14903	9755	787	63	321	8820610
14910	9764	790	63	321	8820620
14910	9775	791	63	321	8820630
14910	9788	794	63	321	8820640
14910	9804	792	63	321	8820650
14910	9823	792	63	321	8820660
14910	9849	793	63	321	8820670
14903	9881	791	63	321	8820680
14903	9920	784	63	321	8820690
14895	9961	787	63	321	8820700
14895	10001	788	63	321	8820710
14895	10033	784	63	321	8820720
14895	10059	785	63	321	8820730
14888	10075	783	62	320	8820740
14888	10083	463	61.2857	320.286	8820810
57
14880	9895	175	62	320	8821170
14880	9881	402	62	320	8821210
14874	9881	648	62	320	8821240
14874	9887	734	62	320	8821250
14882	9887	785	62	320	8821280
14889	9887	870	62.32	319.12	8821530
14882	9887	885	63	315.182	8821640
14882	9881	878	63	315	8822040
14876	9881	875	63	315	8822070
14865	9881	863	63	315	8822080
14850	9873	865	63	315	8822090
14827	9866	866	63	315	8822100
14799	9858	866	63	315	8822110
14772	9850	866	63	315	8822120
14745	9842	866	63	315	8822130
14722	9842	867	63	315	8822140
14700	9842	865	63	315	8822150
14676	9835	864	63	315	8822160
14651	9835	864	63	315	8822170
14625	9835	866	63	315	8822180
14596	9825	864	63	315	8822190
14565	9825	865	63	315	8822200
14533	9815	863	63	315	8822210
14498	9815	860	63	315	8822220
14462	9808	862	63	315	8822230
14427	9808	860	63	315	8822240
14392	9799	860	63	315	8822250
14358	9799	860	63	315	8822260
14324	9792	859	63	315	8822270
14285	9792	859	63	313	8822280
14246	9783	860	63	313	8822290
14206	9783	860	64	312	8822300
14169	9774	860	64	312	8822310
14133	9767	860	64	312	8822320
14100	9759	859	64	312	8822330
14066	9749	858	64	312	8822340
14032	9739	859	64	312	8822350
13999	9732	858	64	312	8822360
13970	9724	859	64	312	8822370
13942	9724	855	64	312	8822380
13917	9712	857	64	312	8822390
13893	9712	857	64	312	8822400
13874	9703	855	64	312	8822410
13858	9703	850	64	312	8822420
13845	9703	851	64	312	8822430
13837	9703	844	64	312	8822450
13830	9703	827	63.2	310.4	8822500
13830	9696	816	63	310	8822510
13820	9696	813	63	310	8822520
13813	9696	813	63	310	8822530
13800	9696	804	63	310	8822540
13785	9689	802	63	310	8822550
13770	9689	801	63	310	8822560
13756	9689	794	63	310	8822570
13747	9689	693	63	310	8822610
13758	9689	414	63	310	8822620
13772	9689	31	63	310	8822640
10
13518	9742	345	61	316	8822866
13518	9724	370	61	316	8822876
13518	9711	471	61	316	8822886
13518	9693	522	61	316	8822896
13525	9668	552	61	316	8822906
13525	9637	558	61	316	8822916
13534	9606	545	61	316	8822926
13534	9579	526	61	316	8822936
13547	9557	439	61	316	8822946
13557	9545	113	61.5	316.5	8822966
33
13545	9705	446	61	318	8823066
13527	9713	518	61	318	8823076
13513	9721	633	61	318	8823086
13499	9721	696	61	318	8823096
13489	9721	718	61	318	8823116
13499	9729	725	61	318	8823126
13522	9729	715	61	318	8823136
13557	9742	698	61	318	8823146
13597	9748	687	61	318	8823156
13634	9748	671	61	318	8823166
13659	9748	660	61	318	8823176
13672	9740	659	61	318	8823186
13672	9724	664	61	318	8823196
13660	9703	679	61	318	8823206
13638	9678	694	61	318	8823216
13612	9654	707	61	318	8823226
13588	9632	712	61	318	8823236
13566	9613	725	61	318	8823246
13553	9600	722	61	318	8823256
13546	9592	697	61	318	8823276
13561	9584	688	61	318	8823286
13583	9584	684	62	320	8823296
13610	9584	675	62	320	8823306
13637	9573	674	62	320	8823316
13657	9564	678	62	320	8823326
13665	9551	688	62	320	8823336
13665	9535	709	62	320	8823346
13651	9518	726	62	320	8823356
13630	9501	743	62	320	8823366
13606	9485	749	62	320	8823376
13584	9475	734	62	320	8823386
13569	9475	674	62	320	8823396
13562	9475	181	62.3333	320.333	8823426
74
14337	9715	333	60.25	325	8823908
14325	9715	631	61	324	8823928
14317	9715	750	62.5	321.5	8823988
14317	9721	783	62.9833	317.108	8825188
14317	9728	665	63	317	8825208
14317	9735	654	63	317	8825218
14324	9743	649	63	317	8825228
14324	9751	646	63	317	8825238
14324	9761	643	63	317	8825258
14324	9771	641	63	317	8825288
14324	9764	646	63	317	8825298
14324	9747	656	63	317	8825308
14316	9717	659	63	317	8825318
14316	9674	678	63	317	8825328
14316	9618	700	63	317	8825338
14316	9550	720	63	317	8825348
14316	9465	733	64	318	8825358
14316	9374	750	64	318	8825368
14316	9278	766	64	318	8825378
14316	9180	778	65	320	8825388
14326	9088	796	65	320	8825398
14326	8990	806	65	322	8825408
14339	8891	808	65	322	8825418
14339	8791	809	66	324	8825428
14348	8697	809	66	324	8825438
14348	8610	816	66	326	8825448
14348	8534	816	67	328	8825458
14355	8464	814	67	328	8825468
14355	8398	818	67	330	8825478
14355	8337	820	68	332	8825488
14343	8281	821	68	332	8825498
14337	8235	821	68	334	8825508
14330	8193	823	68	334	8825518
14330	8159	822	68	336	8825528
14321	8130	822	68	336	8825538
14321	8102	815	69	339	8825548
14321	8080	816	69	339	8825558
14314	8057	814	69	339	8825568
14314	8032	808	69	341	8825578
14314	8011	806	69	341	8825588
14308	7991	804	69	341	8825598
14308	7970	802	69	341	8825608
14308	7959	802	69	341	8825618
14299	7950	802	69	344	8825638
14299	7943	804	69	344	8825688
14299	7952	807	69	344	8825698
14312	7960	809	69	344	8825708
14327	7970	816	69	344	8825718
14349	7983	815	69	344	8825728
14377	7995	828	69	344	8825738
14411	8004	834	69	344	8825748
14453	8011	843	69	344	8825758
14504	8018	851	69	344	8825768
14562	8018	861	69	344	8825778
14628	8018	874	69	344	8825788
14701	8018	881	69	344	8825798
14784	8018	884	69	344	8825808
14874	8018	890	70	343	8825818
14970	8025	892	70	343	8825828
15075	8025	892	71	345	8825838
15179	8040	892	71	345	8825848
15281	8051	895	70	346	8825858
15380	8064	893	70	346	8825868
15471	8080	894	69	346	8825878
15559	8094	893	69	346	8825888
15645	8109	889	69	346	8825898
15723	8122	886	69	346	8825908
15793	8133	882	69	346	8825918
15850	8143	878	69	346	8825928
15892	8149	867	69	346	8825938
15921	8149	852	69	346	8825948
15937	8158	760	70	349	8825998
15929	8158	430	70	349	8826018
15920	8170	25	69.5	347.5	8826038
20
15945	8376	222	69	341	8826162
15945	8415	355	69	341	8826172
15945	8428	455	69	341	8826182
15933	8434	566	69	341	8826192
15927	8434	644	69	341	8826202
15927	8426	694	69	341	8826212
15927	8398	743	69	341	8826222
15927	8353	783	69	341	8826232
15927	8284	836	69	341	8826242
15927	8207	858	69	344	8826252
15940	8127	859	69	344	8826262
15952	8042	876	69	344	8826272
15962	7967	882	69	346	8826282
15974	7897	878	69	346	8826292
15983	7838	877	70	349	8826302
15991	7796	866	70	349	8826312
15998	7768	838	70	352	8826322
15998	7753	745	70	354	8826352
15998	7781	586	70	355	8826362
15998	7820	173	70	357	8826382
28
15929	8293	481	68	336	8826606
15914	8299	530	68	336	8826616
15905	8299	631	68	336	8826626
15896	8299	769	68.75	338.25	8826666
15917	8289	814	69	339	8826676
15957	8281	817	69	341	8826686
16017	8272	823	69	341	8826696
16098	8263	825	69	341	8826706
16190	8250	826	69	341	8826716
16283	8235	825	69	344	8826726
16368	8216	827	69	344	8826736
16440	8188	830	69	344	8826746
16498	8158	829	69	346	8826756
16542	8125	829	69	346	8826766
16575	8085	829	69	346	8826776
16593	8047	828	69	346	8826786
16593	8005	826	70	349	8826796
16586	7961	834	70	349	8826806
16559	7921	852	71	349	8826816
16516	7881	850	71	351	8826826
16459	7844	861	72	351	8826836
16393	7813	875	72	351	8826846
16319	7788	867	71	354	8826856
16241	7768	852	71	354	8826866
16164	7754	845	70	357	8826876
16094	7754	776	70	357	8826886
16035	7754	657	70	357	8826896
15995	7754	146	70	178.5	8826916
43
15980	7841	22	59	325	8828698
15989	7849	64	59	325	8828708
15996	7849	153	59	325	8828728
15990	7849	219	59	325	8828748
15977	7849	327	59	325	8828768
15969	7849	512	59	325	8828958
15961	7849	644	60	324	8828978
15948	7849	651	61	322	8828988
15936	7849	651	61	322	8828998
15922	7849	656	61	322	8829008
15908	7849	663	61	322	8829018
15891	7849	664	61	322	8829028
15873	7849	669	61	322	8829038
15854	7840	671	61	322	8829048
15833	7840	675	61	322	8829058
15813	7840	677	61	322	8829068
15795	7832	678	61	322	8829078
15775	7832	681	61	322	8829088
15754	7832	680	61	322	8829098
15732	7832	694	61	322	8829108
15704	7826	689	61	322	8829118
15672	7826	691	61	322	8829128
15637	7819	690	61	322	8829138
15599	7819	691	61	322	8829148
15560	7809	686	61	322	8829158
15523	7809	695	61	322	8829168
15488	7798	694	61	322	8829178
15457	7798	695	61	322	8829188
15430	7790	695	61	322	8829198
15405	7790	695	61	322	8829208
15379	7780	694	60	321	8829218
15352	7773	694	60	321	8829228
15326	7767	694	60	321	8829238
15301	7759	694	60	321	8829248
15279	7759	693	60	321	8829258
15258	7748	694	60	321	8829268
15239	7748	695	60	321	8829278
15221	7741	694	60	321	8829288
15206	7741	692	60	321	8829298
15194	7741	686	60	321	8829308
15184	7741	682	60	321	8829318
15177	7741	680	60	321	8829338
15166	7741	473	60.3333	320.222	8829428
25
15116	7824	133	60	321	8829592
15109	7824	250	60	321	8829602
15097	7813	357	60	321	8829612
15078	7800	434	60	321	8829622
15060	7779	504	60	321	8829632
15045	7751	556	60	321	8829642
15035	7722	592	60	321	8829652
15035	7691	622	60	321	8829662
15048	7665	642	60	321	8829672
15070	7648	651	60	321	8829682
15097	7636	658	61	322	8829692
15130	7636	663	61	322	8829702
15165	7636	660	61	322	8829712
15197	7636	658	61	322	8829722
15225	7652	658	61	322	8829732
15243	7664	660	61	322	8829742
15252	7677	660	61	322	8829752
15252	7693	660	61	322	8829762
15244	7712	653	61	322	8829772
15228	7733	653	61	322	8829782
15207	7753	637	61	322	8829792
15180	7771	616	61	322	8829802
15151	7786	542	61	322	8829812
15123	7798	423	61	322	8829822
15098	7807	22	61	322	8829842
52
14769	7797	265	58	322	8830238
14760	7789	364	58	322	8830248
14752	7789	496	58	322	8830258
14732	7789	612	58	322	8830288
14732	7781	678	59	321	8830298
14745	7781	716	59	321	8830308
14767	7770	735	60	319	8830318
14800	7770	747	60	319	8830328
14840	7761	757	60	319	8830338
14882	7761	766	60	321	8830348
14922	7761	768	60	321	8830358
14956	7761	770	60	321	8830368
14985	7752	769	60	321	8830378
15009	7752	769	60	321	8830388
15026	7744	763	60	321	8830398
15037	7744	760	60	321	8830408
15044	7744	754	60	321	8830418
15044	7736	755	60	321	8830438
15044	7723	756	60	321	8830448
15028	7708	756	60	321	8830458
15014	7690	759	60	321	8830468
14996	7668	758	60	321	8830478
14976	7647	764	60	321	8830488
14956	7621	765	61	322	8830498
14935	7596	766	61	322	8830508
14914	7572	767	61	322	8830518
14895	7549	768	61	322	8830528
14879	7532	769	61	322	8830538
14866	7520	768	61	322	8830548
14860	7512	767	61	322	8830568
14860	7505	764	61	322	8830578
14852	7505	759	61	322	8830628
14852	7512	758	61	322	8830648
14852	7519	758	61	322	8830668
14852	7526	757	61	322	8830688
14852	7539	755	61	322	8830698
14842	7548	752	61	322	8830708
14835	7556	754	61	322	8830718
14829	7563	755	61	322	8830728
14821	7570	755	61	322	8830738
14821	7576	755	61	322	8830748
14809	7587	757	61	322	8830758
14809	7599	757	61	322	8830768
14797	7618	759	61	322	8830778
14790	7641	755	60	321	8830788
14783	7667	757	60	321	8830798
14775	7695	755	60	321	8830808
14768	7722	753	60	321	8830818
14761	7744	747	60	321	8830828
14754	7761	745	60	321	8830838
14746	7772	740	60	321	8830848
14740	7779	442	60	321	8830918
53
14803	7611	61	61	322	8831198
14803	7604	715	60.3478	321.348	8831428
14796	7604	923	60	320.5	8831488
14796	7598	928	60.8571	316.286	8831558
14790	7598	929	61	316	8831598
14790	7591	910	61.1094	313.984	8832238
14781	7591	906	61	316	8832248
14774	7591	905	61	316	8832258
14765	7591	906	61	316	8832268
14757	7591	905	61	316	8832288
14746	7591	904	61	316	8832308
14736	7591	904	61	316	8832318
14730	7591	903	60	315	8832338
14719	7591	902	60	315	8832358
14713	7591	903	60	315	8832398
14705	7591	903	60	315	8832428
14699	7591	901	60	315	8832448
14685	7591	901	60	315	8832458
14673	7591	899	60	315	8832468
14658	7591	897	60	315	8832478
14641	7591	899	60	315	8832488
14624	7591	896	60	315	8832498
14604	7585	897	60	315	8832508
14585	7585	897	60	315	8832518
14567	7585	895	60	315	8832528
14549	7585	895	60	315	8832538
14531	7585	891	60	315	8832548
14511	7578	889	60	315	8832558
14490	7578	888	60	315	8832568
14464	7578	882	60	315	8832578
14434	7567	881	60	315	8832588
14398	7560	876	60	315	8832598
14355	7560	874	60	315	8832608
14310	7549	871	60	315	8832618
14259	7549	867	60	315	8832628
14207	7549	865	60	315	8832638
14156	7542	865	60	315	8832648
14103	7542	864	60	315	8832658
14054	7534	864	60	315	8832668
14005	7528	864	60	315	8832678
13957	7518	863	60	315	8832688
13910	7510	862	60	315	8832698
13864	7501	861	60	315	8832708
13821	7495	861	60	315	8832718
13780	7495	861	60	315	8832728
13741	7485	859	60	315	8832738
13708	7485	860	60	315	8832748
13679	7485	859	60	315	8832758
13658	7485	860	60	315	8832768
13645	7479	857	60	315	8832778
13638	7479	783	60	315	8832838
13645	7479	458	60	315	8832868
13638	7479	21	60	315	8832888
17
13371	7571	243	57	322	8833203
13386	7588	347	57	322	8833213
13386	7601	435	58	320	8833223
13386	7612	533	58	320	8833233
13386	7619	570	58	320	8833243
13376	7619	590	58	320	8833253
13353	7604	642	58	320	8833263
13320	7572	690	57	319	8833272
13278	7522	735	58	318	8833282
13240	7464	764	58	318	8833292
13213	7408	770	59	318	8833302
13205	7363	784	59	318	8833312
13217	7332	786	59	318	8833322
13245	7310	774	59	318	8833332
13284	7297	738	59	318	8833342
13328	7288	649	60	319	8833352
13372	7288	236	60	319	8833372
81
14236	7488	5	53	320	8835327
14228	7488	98	53	320	8835357
14220	7488	488	52.2273	319.864	8835577
14220	7482	652	51	321	8835897
14220	7475	672	52	319.5	8835937
14220	7459	675	52	319	8835947
14228	7447	673	52	319	8835957
14228	7434	672	52	319	8835967
14235	7421	670	52	319	8835976
14235	7414	670	52	319	8835986
14235	7405	673	52	319	8835996
14235	7391	671	52	319	8836006
14235	7377	672	53	320	8836016
14241	7359	672	53	320	8836026
14241	7341	672	53	320	8836036
14241	7326	673	53	320	8836046
14241	7303	673	53	320	8836056
14250	7279	673	53	320	8836066
14250	7249	674	53	320	8836076
14250	7212	675	53	321	8836086
14256	7168	676	53	321	8836096
14256	7114	678	53	321	8836106
14256	7051	680	54	320	8836116
14265	6980	680	55	321	8836126
14265	6906	681	55	320	8836136
14265	6831	681	55	320	8836146
14272	6753	681	55	320	8836156
14272	6673	679	55	320	8836166
14280	6591	679	55	320	8836176
14280	6509	679	55	320	8836186
14290	6436	680	56	321	8836196
14290	6373	684	56	321	8836206
14299	6318	681	56	321	8836216
14299	6270	680	56	323	8836226
14299	6223	680	56	323	8836236
14299	6177	679	56	323	8836246
14299	6130	678	57	324	8836256
14299	6081	679	57	324	8836266
14299	6031	678	57	324	8836276
14307	5985	672	57	326	8836286
14307	5942	672	57	326	8836296
14307	5906	669	57	326	8836306
14307	5877	666	58	327	8836316
14314	5854	660	58	327	8836326
14314	5839	658	58	327	8836336
14314	5829	654	58	327	8836346
14321	5829	651	58	327	8836356
14321	5821	648	58	328	8836376
14327	5821	650	58	329	8836396
14340	5821	656	58	329	8836406
14355	5828	662	58	329	8836416
14376	5828	672	58	329	8836426
14403	5839	680	58	329	8836436
14436	5846	687	58	329	8836446
14474	5846	696	58	329	8836456
14526	5854	702	58	329	8836466
14575	5854	708	58	329	8836476
14629	5863	714	58	329	8836486
14691	5863	726	58	330	8836496
14749	5870	736	58	330	8836506
14821	5870	739	58	330	8836516
14894	5870	741	58	330	8836526
14966	5870	753	59	329	8836536
15035	5877	759	59	329	8836546
15103	5877	763	60	328	8836556
15165	5877	764	60	328	8836566
15223	5877	770	60	328	8836576
15273	5886	775	60	328	8836586
15318	5886	777	60	328	8836596
15359	5899	781	60	328	8836606
15396	5908	781	60	328	8836616
15433	5917	789	60	328	8836626
15468	5925	787	60	328	8836636
15501	5934	788	60	328	8836646
15529	5941	785	60	328	8836656
15552	5948	784	60	328	8836666
15570	5948	779	60	328	8836676
15585	5957	780	60	328	8836686
15598	5957	778	60	328	8836696
15605	5957	717	58.3077	329.462	8836826
15597	5957	122	58	329	8836846
22
15585	6185	235	58	327	8836991
15578	6211	336	58	327	8837001
15578	6219	504	58	327	8837031
15578	6210	620	58	327	8837041
15578	6186	670	58	327	8837051
15585	6148	701	58	327	8837061
15595	6095	735	58	327	8837071
15604	6032	749	58	327	8837081
15614	5967	770	58	327	8837091
15623	5902	777	58	327	8837101
15623	5839	787	58	329	8837111
15631	5783	794	58	329	8837121
15631	5731	797	59	327	8837131
15631	5687	796	59	327	8837141
15631	5651	798	60	326	8837151
15631	5624	793	60	328	8837161
15631	5610	779	60	328	8837171
15631	5602	726	60	328	8837201
15631	5609	636	60	328	8837211
15631	5625	555	60	328	8837221
15631	5649	461	60	328	8837231
15639	5683	104	60	328	8837251
35
15583	6105	237	58	327	8837527
15571	6113	377	58	327	8837547
15561	6122	565	58	327	8837577
15561	6130	636	58	327	8837587
15574	6130	646	58	327	8837597
15591	6136	677	58	326	8837607
15619	6136	696	58	326	8837617
15659	6136	701	59	325	8837627
15708	6136	716	59	325	8837637
15766	6124	724	59	325	8837647
15827	6109	729	59	325	8837657
15885	6088	732	60	326	8837667
15941	6061	736	60	326	8837677
15990	6031	737	60	326	8837687
16033	5994	737	60	326	8837697
16069	5954	739	60	326	8837707
16098	5910	737	60	326	8837717
16120	5862	735	60	326	8837727
16134	5815	738	60	326	8837737
16134	5767	739	60	326	8837747
16134	5720	740	60	328	8837757
16115	5679	740	60	328	8837767
16089	5640	748	60	328	8837777
16056	5606	756	60	328	8837787
16019	5577	762	60	328	8837797
15975	5550	796	60	328	8837807
15928	5531	792	60	330	8837817
15877	5513	793	60	330	8837827
15827	5502	786	60	330	8837837
15779	5502	763	60	330	8837847
15737	5495	743	60	330	8837857
15703	5495	671	60	330	8837867
15676	5503	579	60	330	8837877
15660	5509	431	60	330	8837887
15651	5518	55	60	330	8837907
56
15658	5732	36	60	328	8838311
15664	5732	310	60	328	8838391
15671	5739	524	60	326.8	8838491
15671	5730	437	60	326	8838501
15671	5724	401	60	326	8838521
15664	5713	396	60	326	8838571
15658	5713	559	60	326	8838691
15651	5713	632	60	326	8838721
15643	5713	634	60	326	8838771
15636	5713	724	60	326.717	8839301
15630	5713	734	60	326	8839321
15623	5713	730	60	326	8839331
15615	5713	731	60	326	8839341
15605	5713	729	60	326	8839351
15590	5713	728	60	326	8839361
15574	5713	728	60	326	8839371
15557	5713	728	60	326	8839381
15540	5707	729	60	326	8839391
15525	5707	731	60	326	8839401
15511	5707	729	60	326	8839411
15498	5698	727	60	326	8839421
15484	5698	729	60	328	8839431
15469	5698	727	60	328	8839440
15453	5692	729	60	328	8839450
15435	5692	726	60	328	8839460
15417	5692	728	60	328	8839470
15395	5681	728	60	328	8839480
15370	5674	729	60	328	8839490
15343	5666	728	60	328	8839500
15315	5655	729	60	328	8839510
15286	5647	728	60	328	8839520
15258	5638	729	60	328	8839530
15230	5630	731	60	328	8839540
15203	5623	732	60	328	8839550
15176	5623	728	60	328	8839560
15149	5612	732	60	328	8839570
15122	5612	734	60	328	8839580
15097	5604	733	60	328	8839590
15072	5604	738	60	328	8839600
15048	5593	735	60	328	8839610
15027	5593	736	60	328	8839620
15007	5584	735	60	328	8839630
14990	5584	739	60	328	8839640
14976	5577	739	60	328	8839650
14963	5577	737	60	328	8839660
14953	5568	735	60	328	8839670
14942	5568	736	60	328	8839680
14930	5560	731	60	328	8839690
14914	5553	732	60	328	8839700
14898	5546	735	60	328	8839710
14883	5546	734	60	328	8839720
14872	5537	734	60	328	8839730
14865	5537	733	60	328	8839750
14854	5537	729	60	328	8839770
14847	5537	617	60	328	8839820
14856	5546	100	60	328	8839840
29
14752	5584	161	59	333	8840027
14742	5584	289	59	333	8840037
14731	5584	353	59	333	8840047
14719	5584	483	59	333	8840057
14706	5574	544	59	332	8840067
14695	5563	581	59	332	8840077
14687	5545	618	59	332	8840087
14687	5523	644	59	332	8840097
14687	5496	675	59	332	8840107
14698	5469	690	59	332	8840117
14715	5449	693	59	332	8840127
14739	5432	698	59	332	8840137
14766	5425	697	60	331	8840147
14794	5425	695	60	331	8840157
14826	5436	686	60	330	8840167
14856	5452	677	60	330	8840177
14881	5471	672	60	330	8840187
14900	5492	666	60	330	8840197
14910	5509	666	60	330	8840207
14910	5526	661	60	330	8840217
14910	5539	660	60	330	8840227
14898	5551	653	60	330	8840237
14881	5563	645	60	330	8840247
14858	5572	619	60	330	8840257
14832	5572	595	60	330	8840267
14804	5572	565	60	330	8840277
14777	5572	512	60	330	8840287
14754	5557	399	60	330	8840297
14733	5543	110	60	329	8840317
56
14465	5618	64	59	332	8840663
14447	5618	126	59	332	8840673
14440	5611	236	59	332	8840683
14431	5611	331	59	332	8840693
14421	5611	393	58	330	8840703
14413	5611	476	58	330	8840713
14406	5603	619	58	330	8840773
14406	5595	704	58	330	8840793
14425	5588	732	58	330	8840803
14445	5588	736	58	330	8840813
14472	5578	740	58	330	8840823
14504	5578	743	58	330	8840833
14538	5568	745	58	330	8840843
14574	5568	746	58	330	8840853
14607	5561	742	58	330	8840863
14636	5561	741	58	330	8840873
14659	5561	736	58	330	8840883
14678	5552	735	58	330	8840893
14692	5552	735	58	330	8840903
14700	5546	733	58.5	329.5	8840923
14708	5546	735	59.75	328.25	8840963
14708	5539	748	60	328	8840983
14699	5526	754	60	328	8840993
14685	5512	769	60	328	8841003
14670	5495	773	60	328	8841013
14649	5473	777	60	328	8841023
14628	5451	810	60	328	8841033
14606	5429	815	60	328	8841043
14582	5399	823	60	330	8841053
14559	5371	828	60	330	8841063
14536	5346	833	60	331	8841073
14519	5324	834	60	331	8841083
14502	5308	831	59	332	8841093
14491	5295	836	59	332	8841103
14485	5287	836	59	332	8841113
14485	5280	837	59	333	8841123
14477	5280	824	59	333	8841243
14477	5288	818	59	333	8841273
14468	5305	813	59	333	8841283
14460	5322	808	59	333	8841293
14451	5347	803	59	333	8841303
14441	5380	800	59	333	8841313
14433	5413	799	59	333	8841323
14425	5443	798	59	333	8841333
14415	5471	797	59	333	8841343
14407	5493	794	59	333	8841353
14400	5510	795	59	333	8841363
14400	5524	794	59	333	8841373
14391	5535	791	59	332	8841383
14391	5542	778	59	332	8841403
14385	5548	755	59	332	8841423
14385	5557	727	58	330	8841443
14385	5570	697	58	330	8841453
14378	5578	660	58	330	8841473
14378	5589	573	58	329.5	8841493
14378	5595	222	58	329	8841523
32
14404	5413	170	58	329	8841815
14415	5413	244	58	329	8841825
14421	5421	408	58	329	8841865
14428	5421	566	58	329.667	8841895
14421	5421	637	58	330	8841905
14415	5421	656	58	330	8841915
14404	5421	679	58	330	8841925
14390	5421	711	58	330	8841935
14370	5421	720	58	330	8841945
14346	5421	746	58	330	8841955
14314	5433	766	58	330	8841965
14275	5442	770	58	330	8841975
14227	5450	780	58	330	8841985
14175	5462	789	58	330	8841995
14119	5473	802	58	330	8842005
14065	5483	808	58	330	8842015
14011	5489	812	58	330	8842025
13958	5489	815	58	330	8842035
13905	5489	819	58	329	8842045
13856	5489	823	58	329	8842055
13809	5489	825	58	329	8842065
13767	5482	821	58	329	8842075
13730	5482	818	58	329	8842085
13698	5482	816	58	329	8842095
13671	5473	812	58	329	8842105
13651	5473	803	58	327	8842115
13638	5467	787	58	327	8842125
13628	5467	765	58	327	8842135
13628	5459	738	58	327	8842145
13618	5459	676	58	327	8842165
13618	5453	567	58	327	8842175
13610	5453	171	58	327	8842205
17
13228	5551	118	56	329	8842707
13206	5562	235	56	329	8842717
13196	5570	338	56	328	8842727
13186	5570	432	56	328	8842737
13178	5570	478	56	328	8842747
13178	5556	529	56	327	8842757
13171	5541	572	56	327	8842767
13171	5516	594	57	326	8842777
13180	5488	608	57	326	8842787
13188	5457	612	57	326	8842797
13197	5426	611	57	326	8842807
13204	5398	597	57	326	8842817
13213	5372	571	57	326	8842827
13213	5351	515	58	327	8842837
13222	5333	445	58	327	8842847
13222	5321	347	58	327	8842857
13222	5312	71	58	327	8842877
23
13162	5479	419	57	326	8843045
13155	5479	549	57	326	8843055
13146	5479	607	57	324	8843065
13146	5488	649	56	325	8843085
13162	5488	668	56	328	8843095
13190	5488	671	56	328	8843105
13228	5488	669	56	328	8843115
13271	5488	667	56	328	8843125
13313	5488	666	56	328	8843135
13349	5470	662	56	329	8843145
13377	5445	660	56	329	8843155
13395	5420	659	56	329	8843165
13395	5387	660	56	329	8843175
13395	5354	678	56	329	8843185
13381	5321	696	56	329	8843195
13359	5283	717	56	331	8843205
13329	5255	757	56	331	8843215
13292	5231	777	56	331	8843225
13252	5212	791	57	332	8843235
13212	5204	791	57	332	8843245
13178	5204	753	57	332	8843255
13152	5204	682	57	332	8843265
13138	5223	259	57	332	8843285
26
13156	5366	86	57	332	8844735
13166	5373	176	57	332	8844755
13166	5384	324	57	332	8844765
13166	5392	366	57	332	8844775
13166	5401	416	57	332	8844785
13166	5410	470	57	332	8844795
13173	5418	521	57	332	8844805
13173	5426	578	56	331	8844825
13173	5435	672	57	332	8844875
13173	5424	718	57	332	8844885
13173	5409	742	57	332	8844895
13173	5382	772	57	332	8844905
13173	5347	783	57	332	8844915
13173	5305	788	57	332	8844925
13184	5263	793	57	332	8844935
13184	5226	793	57	334	8844945
13184	5200	790	57	334	8844955
13184	5181	792	57	334	8844965
13190	5170	775	57.25	334.25	8845005
13190	5188	757	58	335	8845015
13190	5214	743	58	335	8845025
13190	5250	721	58	335	8845035
13183	5293	676	58	335	8845045
13183	5340	620	58	335	8845055
13183	5383	589	58	335	8845065
13183	5417	223	58	335	8845085
86
17076	10341	85	60	326	8847447
17069	10341	152	60	326	8847457
17057	10341	235	59	325	8847477
17051	10341	324	59	325	8847487
17051	10348	396	59	325	8847507
17051	10356	561	59	325	8847577
17043	10356	639	59	325	8847617
17037	10356	643	59	323.182	8847727
17030	10356	655	59	323	8847767
17022	10356	656	59	323	8847787
17014	10356	676	59	323	8848197
17008	10349	717	59	323	8848427
17021	10349	711	59	323	8848437
17033	10349	709	59	323	8848447
17055	10357	710	59	323	8848457
17085	10357	709	59	323	8848467
17125	10357	709	59	323	8848477
17174	10366	711	59	323	8848487
17229	10366	712	59	323	8848497
17293	10381	712	59	323	8848507
17363	10393	713	59	322	8848517
17442	10408	715	59	322	8848527
17528	10423	717	60	321	8848537
17617	10437	721	60	321	8848547
17708	10451	720	60	321	8848557
17794	10463	722	60	319	8848567
17876	10476	722	60	319	8848577
17955	10488	725	60	319	8848587
18030	10498	724	60	319	8848597
18105	10498	726	60	319	8848607
18176	10513	727	60	319	8848617
18241	10523	728	60	319	8848627
18301	10532	729	60	319	8848637
18354	10547	729	60	318	8848647
18399	10555	731	60	318	8848657
18439	10562	732	61	316	8848667
18475	10570	731	61	316	8848677
18509	10570	732	61	316	8848687
18540	10582	729	60	315	8848697
18568	10588	728	60	315	8848707
18591	10588	729	60	315	8848717
18609	10598	729	60	315	8848727
18620	10598	732	60	315	8848737
18628	10598	742	60	315	8848817
18628	10588	757	60	315	8848827
18628	10571	764	60	315	8848837
18634	10546	776	60	315	8848847
18634	10507	778	60	315	8848857
18634	10460	779	60	315	8848867
18634	10406	784	60	315	8848877
18634	10346	793	61	316	8848887
18634	10289	795	61	316	8848897
18628	10239	796	61	316	8848907
18628	10192	796	61	318	8848917
18628	10151	799	61	318	8848927
18628	10116	800	61	318	8848937
18628	10081	799	62	320	8848947
18637	10057	796	62	320	8848957
18637	10039	792	62	320	8848967
18637	10025	786	63	321	8848987
18637	10016	783	63	322.333	8849137
18645	10016	778	63	323	8849157
18658	10016	787	63	323	8849167
18674	10022	797	63	323	8849177
18699	10022	800	63	323	8849187
18734	10033	806	63	323	8849197
18775	10041	808	63	323	8849207
18824	10050	811	63	323	8849217
18877	10059	814	63	323	8849227
18938	10059	819	63	323	8849237
19006	10070	823	64	321	8849247
19079	10070	826	64	321	8849257
19153	10078	829	65	320	8849267
19229	10078	833	65	320	8849277
19304	10078	837	65	320	8849287
19378	10086	835	65	320	8849297
19449	10086	835	65	320	8849307
19515	10086	837	65	320	8849317
19574	10093	836	65	320	8849327
19621	10093	834	65	320	8849337
19655	10093	833	65	320	8849347
19677	10093	830	65	320	8849357
19686	10093	795	65	320	8849397
19675	10093	688	65	320	8849407
19668	10093	535	65	320	8849427
19661	10093	105	65	320	8849447
25
19542	10283	239	60	315	8849707
19507	10290	304	60	315	8849717
19492	10290	409	60	315	8849727
19478	10290	497	61	316	8849737
19467	10290	603	61	316.667	8849767
19467	10275	651	61	318	8849777
19485	10257	676	61	318	8849787
19511	10232	682	62	320	8849797
19545	10205	697	62	320	8849807
19583	10171	707	62	320	8849817
19622	10134	711	63	320	8849827
19659	10090	728	63	320	8849837
19689	10046	735	64	318	8849847
19709	10001	750	64	318	8849857
19721	9956	758	65	320	8849867
19721	9912	768	65	320	8849877
19721	9867	767	65	320	8849887
19695	9823	772	65	320	8849897
19664	9785	770	65	322	8849907
19621	9752	770	65	322	8849917
19577	9724	768	64	323	8849927
19537	9703	752	64	323	8849937
19507	9690	716	64	325	8849947
19489	9684	600	64	325.5	8849967
19489	9706	97	64	326	8849987
44
19493	10291	179	58	318	8851343
19493	10283	255	58	318	8851353
19486	10273	415	58	316	8851393
19493	10273	493	58	316	8851403
19512	10273	528	59	318	8851413
19544	10273	549	59	318	8851423
19591	10283	568	59	318	8851433
19655	10283	588	59	318	8851443
19726	10291	596	59	318	8851453
19807	10291	600	60	319	8851463
19890	10299	604	60	319	8851473
19978	10299	606	60	318	8851483
20065	10299	610	60	318	8851493
20149	10299	610	61	316	8851503
20226	10288	614	61	316	8851513
20295	10277	615	61	318	8851523
20357	10262	616	61	318	8851533
20412	10243	617	61	318	8851543
20459	10221	618	62	317	8851553
20496	10197	622	62	317	8851563
20524	10168	628	63	315	8851573
20543	10136	632	63	315	8851583
20552	10101	638	63	315	8851593
20552	10060	649	63	317	8851603
20552	10018	660	63	317	8851613
20532	9976	664	63	317	8851623
20508	9935	666	63	317	8851633
20476	9897	667	63	317	8851643
20435	9860	679	63	317	8851653
20386	9826	687	63	317	8851663
20332	9795	687	63	317	8851673
20272	9767	697	63	317	8851683
20205	9744	704	64	318	8851693
20131	9723	725	64	318	8851703
20055	9707	728	64	318	8851713
19983	9695	740	64	318	8851723
19916	9688	746	64	318	8851733
19855	9688	745	63	320	8851743
19800	9688	734	64	321	8851753
19748	9688	730	63	323	8851763
19703	9688	702	63	323	8851773
19664	9688	660	63	323	8851783
19636	9688	572	63	323	8851793
19621	9688	168	63	323	8851813
123
20670	10044	84	62	320	8852355
20653	10037	142	62	320	8852365
20642	10027	159	62	320	8852375
20630	10027	161	62	320	8852385
20618	10018	160	62	320	8852395
20606	10018	159	62	320	8852405
20593	10007	157	62	320	8852415
20581	10007	159	62	320	8852425
20572	9999	172	62	320	8852445
20565	9999	268	62	320	8852485
20573	9999	410	62	320	8852515
20580	9999	513	62	320	8852535
20587	9999	548	62	320	8852545
20587	10006	570	62	320	8852555
20597	10006	583	62	320	8852565
20597	10014	594	62	320	8852575
20608	10014	603	62	320	8852595
20615	10014	615	62	320	8852625
20622	10014	641	62	320	8852745
20633	10022	652	62	320	8852755
20645	10022	651	63	318	8852765
20662	10030	652	63	318	8852775
20683	10030	654	63	317	8852785
20707	10037	652	63	317	8852795
20737	10037	652	63	317	8852805
20774	10046	654	63	317	8852815
20817	10046	655	63	317	8852825
20865	10056	658	63	317	8852835
20913	10056	662	63	317	8852845
20961	10066	663	63	317	8852855
21007	10066	666	63	317	8852865
21052	10074	669	63	317	8852875
21094	10074	669	63	317	8852885
21134	10074	668	63	317	8852895
21169	10074	668	63	317	8852905
21201	10074	668	63	317	8852915
21231	10074	668	63	317	8852925
21258	10074	671	63	317	8852935
21284	10074	667	63	317	8852945
21306	10074	671	63	317	8852955
21327	10074	671	63	317	8852965
21345	10074	666	63	317	8852975
21359	10081	667	63	317	8852985
21368	10081	671	63	317	8853065
21368	10068	689	63	317	8853075
21368	10055	694	63	317	8853085
21368	10033	703	63	317	8853095
21368	10003	709	63	317	8853105
21360	9966	722	63	317	8853115
21360	9922	731	63	317	8853125
21352	9874	735	63	317	8853135
21352	9825	742	63	317	8853145
21344	9773	743	63	317	8853155
21344	9717	748	63	317	8853165
21335	9659	750	63	317	8853175
21335	9602	755	64	318	8853185
21326	9540	754	64	318	8853195
21318	9476	754	64	318	8853205
21310	9408	757	65	320	8853215
21300	9334	760	65	320	8853225
21291	9266	762	65	320	8853235
21284	9202	761	65	322	8853245
21277	9139	761	65	322	8853255
21270	9086	761	66	324	8853265
21263	9031	761	66	324	8853275
21256	8981	760	66	326	8853285
21250	8930	763	67	328	8853295
21243	8878	762	67	328	8853305
21235	8831	764	67	330	8853315
21226	8783	765	68	332	8853325
21217	8739	766	68	332	8853335
21203	8690	769	68	334	8853345
21188	8641	765	67	335	8853355
21170	8598	767	67	338	8853365
21152	8554	765	67	339	8853375
21135	8514	770	67	341	8853385
21117	8476	771	67	341	8853395
21102	8441	777	67	343	8853405
21091	8412	776	67	343	8853415
21091	8394	776	67	343	8853425
21085	8382	770	67	345	8853465
21092	8382	772	67	345	8853475
21099	8382	777	67	345	8853485
21109	8389	783	67	345	8853495
21124	8396	784	67	345	8853505
21141	8404	786	67	345	8853515
21159	8413	786	67	345	8853525
21180	8421	786	67	345	8853535
21207	8428	788	67	345	8853545
21238	8437	792	67	345	8853555
21272	8437	797	67	345	8853565
21312	8446	801	67	345	8853575
21353	8446	802	67	345	8853585
21399	8446	807	67	345	8853595
21451	8446	818	67	345	8853605
21509	8446	824	67	345	8853615
21569	8446	828	67	345	8853625
21629	8446	830	67	345	8853635
21690	8446	833	67	345	8853645
21748	8446	838	67	345	8853655
21807	8446	843	67	345	8853665
21867	8446	846	67	345	8853675
21927	8446	848	67	345	8853685
21989	8446	847	67	345	8853695
22051	8440	848	67	345	8853705
22115	8440	853	67	345	8853715
22178	8440	852	67	345	8853725
22239	8446	855	67	345	8853735
22296	8455	855	67	345	8853745
22348	8462	857	67	345	8853755
22395	8469	854	67	345	8853765
22439	8469	857	67	345	8853775
22481	8477	856	67	345	8853785
22518	8477	855	67	345	8853795
22553	8477	854	67	345	8853805
22582	8477	854	67	343	8853815
22605	8471	852	67	343	8853825
22623	8471	847	67	343	8853835
22635	8459	845	67	343	8853845
22643	8459	836	67	343	8853855
22643	8452	757	67	343	8853895
22632	8452	427	67	343	8853905
22618	8452	12	67	343	8853925
22
22491	8588	375	61	316	8854627
22457	8596	397	61	316	8854637
22445	8605	490	62	315	8854647
22435	8605	600	61.3333	313	8854677
22443	8597	665	61	312	8854687
22462	8579	688	61	312	8854697
22492	8554	705	61	312	8854707
22533	8521	714	61	312	8854717
22582	8478	716	61	312	8854727
22632	8428	726	61	312	8854737
22678	8377	731	62	313	8854747
22713	8327	733	62	313	8854757
22733	8282	749	62	313	8854767
22733	8242	761	62	313	8854777
22719	8204	761	63	315	8854787
22684	8172	768	63	315	8854797
22637	8145	775	63	315	8854807
22590	8124	771	63	317	8854817
22548	8111	761	63	317	8854827
22518	8102	737	63	317	8854837
22503	8102	610	64	318	8854857
22503	8117	110	64	318	8854877
40
22664	8611	189	61	312	8855379
22671	8611	442	61	312	8855419
22671	8618	695	61	312	8855499
22678	8618	791	62.8462	309.212	8856019
22685	8610	817	63	309	8856029
22693	8610	818	63	309	8856039
22701	8610	818	63	309	8856049
22710	8604	818	62	307	8856059
22716	8604	816	62	307	8856079
22723	8604	811	62	307	8856179
22732	8597	810	62	306	8856189
22741	8597	809	62	306	8856199
22754	8589	809	63	304	8856209
22770	8580	810	63	304	8856219
22786	8571	808	63	304	8856229
22804	8557	813	63	304	8856239
22826	8538	811	63	304	8856249
22849	8518	811	63	304	8856259
22875	8494	808	63	304	8856269
22901	8468	805	63	304	8856279
22923	8442	803	63	304	8856289
22942	8413	801	64	305	8856299
22959	8380	802	64	305	8856309
22974	8346	801	64	305	8856319
22986	8309	802	64	307	8856329
22993	8272	801	64	307	8856339
22993	8237	801	64	307	8856349
22980	8200	801	64	307	8856359
22960	8165	804	65	308	8856369
22933	8131	803	65	308	8856379
22901	8098	803	65	308	8856389
22868	8069	806	65	308	8856399
22835	8042	808	66	310	8856409
22805	8018	807	66	310	8856419
22781	7998	804	66	310	8856429
22762	7984	793	67	311	8856439
22749	7977	724	67	311	8856459
22741	7977	589	67	311	8856469
22741	7983	424	67	311	8856479
22756	8001	12	67	311	8856499
44
22729	8580	180	63	309.333	8856839
22729	8590	356	63	309	8856849
22729	8597	445	63	309	8856869
22739	8608	506	63	309	8856879
22754	8608	544	63	309	8856889
22776	8615	566	63	309	8856899
22809	8615	589	63	309	8856909
22851	8623	614	63	309	8856919
22903	8623	626	63	309	8856929
22965	8623	631	63	309	8856939
23034	8623	640	63	307	8856949
23104	8615	646	63	307	8856959
23174	8607	649	64	305	8856969
23236	8594	656	64	305	8856979
23296	8578	663	64	305	8856989
23350	8555	668	64	305	8856999
23397	8528	670	64	305	8857009
23439	8496	677	64	305	8857019
23476	8459	682	64	305	8857029
23508	8419	683	64	304	8857039
23533	8376	688	64	304	8857049
23551	8334	695	65	303	8857059
23560	8293	697	65	303	8857069
23560	8259	697	65	303	8857079
23551	8228	700	65	303	8857089
23535	8201	700	65	303	8857099
23511	8177	703	66	304	8857109
23479	8155	704	66	304	8857119
23444	8133	709	66	304	8857129
23404	8113	709	67	306	8857139
23363	8093	720	67	306	8857149
23319	8073	725	67	306	8857159
23274	8054	732	67	306	8857169
23224	8037	739	68	308	8857179
23169	8021	748	68	308	8857189
23107	8008	750	68	308	8857199
23044	7996	756	67	310	8857209
22985	7987	746	67	310	8857219
22934	7980	718	67	311	8857229
22894	7980	696	67	311	8857239
22864	7980	673	67	313	8857249
22845	7980	605	67	313	8857259
22835	7980	485	67	313	8857269
22835	7987	159	67	313	8857289
31
23653	8344	299	64.5	307.5	8857693
23643	8344	538	65	308	8857713
23636	8344	809	65.7619	309.524	8858133
23642	8344	844	65	308	8858253
23649	8344	838	65	308	8858263
23661	8344	838	65	308	8858273
23683	8344	837	65	308	8858283
23715	8354	838	65	308	8858293
23758	8361	838	66	306	8858303
23811	8368	837	66	306	8858313
23873	8368	838	66	304	8858323
23943	8378	839	66	304	8858333
24015	8378	839	66	304	8858343
24086	8387	843	66	304	8858353
24154	8387	842	66	304	8858363
24219	8387	847	65	303	8858373
24282	8387	843	65	303	8858383
24343	8387	845	65	303	8858393
24403	8387	845	65	303	8858403
24460	8395	845	65	303	8858413
24512	8395	846	66	301	8858423
24560	8395	846	66	301	8858433
24600	8395	846	66	299	8858443
24632	8387	846	66	299	8858453
24657	8387	846	66	299	8858463
24675	8387	846	66	299	8858473
24690	8387	844	66	299	8858483
24702	8387	841	66	299	8858493
24711	8387	839	66	299	8858513
24719	8387	811	65	298	8858573
24712	8387	422	65	298	8858643
22
24879	8605	429	65	297	8858771
24888	8614	493	65	297	8858791
24888	8605	616	65	297	8858801
24880	8585	660	65	297	8858811
24880	8561	690	64	296	8858821
24887	8533	715	64	296	8858831
24900	8509	727	64	296	8858841
24922	8489	746	64	296	8858851
24952	8478	749	64	296	8858861
24987	8478	767	64	296	8858871
25025	8486	780	64	296	8858881
25061	8503	787	64	296	8858891
25091	8528	797	64	296	8858901
25114	8557	803	64	296	8858911
25129	8585	808	64	296	8858921
25140	8617	797	64	296	8858931
25140	8645	785	64	294	8858941
25140	8670	754	64	294	8858951
25132	8694	702	64	292	8858961
25117	8707	600	64	292	8858971
25094	8707	461	64	292	8858981
25061	8696	14	64	292	8859001
11
25026	8453	374	65	298	8859179
25035	8459	607	65	298	8859219
25026	8438	778	65	295	8859229
25026	8413	796	65	295	8859239
25019	8384	809	65	293	8859249
25019	8353	814	65	293	8859259
25019	8324	806	65	293	8859269
25019	8301	787	65	293	8859279
25012	8279	712	66	294	8859289
25012	8261	567	66	294	8859299
24997	8246	19	66	294	8859319
91
16639	8089	133	52	323	8861459
16626	8079	244	52.5	324	8861479
16619	8079	349	53	325	8861489
16619	8085	401	53	325	8861499
16633	8085	448	53	325	8861509
16653	8085	484	53	325	8861519
16683	8085	507	53	325	8861529
16724	8097	534	53	325	8861539
16773	8109	555	53	325	8861549
16834	8125	577	53	325	8861559
16908	8143	589	53	325	8861569
16999	8162	598	53	326	8861579
17104	8184	605	53	326	8861589
17215	8202	610	53	326	8861599
17330	8218	613	54	325	8861609
17443	8235	616	54	325	8861619
17550	8250	614	54	324	8861629
17652	8266	614	54	322	8861639
17745	8285	615	54	322	8861649
17827	8304	616	54	322	8861659
17897	8322	616	54	322	8861669
17960	8340	615	54	322	8861679
18015	8356	616	54	322	8861689
18066	8372	615	54	322	8861699
18113	8386	616	54	322	8861709
18156	8401	615	55	321	8861719
18195	8413	615	55	321	8861729
18230	8425	613	55	319	8861739
18263	8436	614	55	319	8861749
18293	8445	614	55	319	8861759
18323	8456	615	54	317	8861769
18352	8465	614	54	317	8861779
18379	8473	614	54	317	8861789
18403	8482	615	54	316	8861799
18420	8491	616	54	316	8861809
18433	8503	619	54	315	8861819
18440	8516	631	54	315	8861829
18440	8532	633	54	313	8861839
18440	8552	636	54	313	8861849
18440	8579	637	54	313	8861859
18431	8615	637	54	311	8861869
18431	8659	638	54	311	8861879
18421	8711	637	54	311	8861889
18421	8769	641	54	311	8861899
18428	8833	636	54	311	8861909
18435	8905	633	54	311	8861919
18442	8978	636	54	311	8861929
18442	9052	627	54	311	8861939
18450	9121	627	54	311	8861949
18450	9186	627	54	311	8861959
18450	9246	625	54	311	8861969
18450	9302	619	54	311	8861979
18440	9357	608	53	310	8861989
18440	9408	608	53	310	8861999
18429	9454	613	53	310	8862009
18429	9494	611	53	308	8862019
18421	9527	611	53	308	8862029
18421	9554	611	53	307	8862039
18421	9575	612	53	305	8862049
18430	9590	611	53	305	8862059
18436	9602	612	52	304	8862069
18444	9612	611	52	304	8862079
18456	9619	612	52	304	8862089
18473	9626	612	51	303	8862099
18495	9626	614	51	303	8862109
18524	9632	614	51	303	8862119
18558	9632	616	50	302	8862129
18600	9641	618	50	302	8862139
18645	9641	618	50	302	8862149
18697	9653	620	50	302	8862159
18754	9659	627	50	302	8862169
18814	9670	627	50	302	8862179
18877	9682	636	50	302	8862189
18944	9695	636	50	302	8862199
19011	9710	637	50	302	8862209
19080	9726	637	50	302	8862219
19144	9741	639	50	302	8862229
19205	9754	641	50	302	8862239
19263	9767	643	50	302	8862249
19317	9780	644	50	302	8862259
19371	9793	644	50	300	8862269
19424	9806	645	50	300	8862279
19474	9817	645	50	299	8862289
19526	9827	646	50	299	8862299
19575	9837	647	50	299	8862309
19620	9845	645	50	299	8862319
19663	9853	645	50	299	8862329
19694	9853	636	50	299	8862339
19713	9861	625	51	298	8862349
19723	9861	547	51	297.5	8862369
19711	9854	138	51	297	8862389
26
18626	7139	244	60	314	8864624
18605	7149	306	60	314	8864634
18596	7156	408	60	314	8864644
18585	7156	488	60	314	8864654
18576	7168	576	60	314	8864664
18569	7168	632	60	312	8864674
18569	7174	656	60	312	8864684
18562	7174	695	61	311	8864704
18579	7164	728	61	311	8864714
18600	7150	741	61	311	8864724
18631	7126	745	61	312	8864734
18672	7097	752	61	312	8864744
18716	7059	756	61	312	8864754
18757	7018	763	61	312	8864764
18790	6974	768	61	312	8864774
18810	6932	776	62	313	8864784
18818	6890	784	62	313	8864794
18818	6850	788	62	313	8864804
18793	6809	792	62	313	8864814
18759	6772	799	62	313	8864824
18718	6741	799	62	313	8864834
18675	6715	804	63	315	8864844
18639	6699	794	63	315	8864854
18614	6688	780	63	315	8864864
18598	6688	671	63	315	8864884
18598	6698	204	62	317	8864904
52
18611	7183	11	59	312	8865896
18600	7177	75	59	312	8865906
18589	7177	101	60	314	8865916
18583	7177	193	60	314	8865926
18583	7170	268	60	314	8865936
18571	7170	382	60	314	8865966
18565	7170	554	60	314.4	8866016
18575	7170	658	61	314	8866026
18587	7170	674	61	314	8866036
18613	7178	695	61	312	8866046
18649	7178	707	61	312	8866056
18698	7190	722	61	312	8866066
18757	7190	734	61	312	8866076
18824	7200	741	61	312	8866086
18896	7200	745	61	312	8866096
18970	7200	747	61	312	8866106
19048	7200	750	61	312	8866116
19124	7194	752	61	312	8866126
19198	7187	755	61	312	8866136
19268	7179	754	61	312	8866146
19333	7168	755	62	310	8866156
19392	7155	755	62	310	8866166
19443	7139	756	63	309	8866176
19487	7124	757	63	309	8866186
19523	7108	757	63	309	8866196
19550	7089	756	63	309	8866206
19573	7069	752	63	309	8866216
19588	7048	750	63	310	8866226
19599	7027	753	64	309	8866236
19607	7003	749	64	309	8866246
19607	6979	749	64	307	8866256
19607	6952	749	64	307	8866266
19607	6927	750	64	307	8866276
19596	6900	747	64	307	8866286
19576	6878	748	64	307	8866296
19549	6855	751	65	308	8866306
19515	6835	749	65	308	8866316
19476	6815	752	65	308	8866326
19430	6794	754	65	310	8866336
19380	6777	755	65	310	8866346
19322	6758	761	64	312	8866356
19259	6743	763	64	312	8866366
19189	6730	767	64	312	8866376
19118	6718	765	64	312	8866386
19048	6711	765	65	313	8866396
18982	6711	763	65	313	8866406
18922	6702	756	65	313	8866416
18869	6702	750	65	313	8866426
18823	6702	727	65	313	8866436
18785	6702	678	65	313	8866446
18760	6702	576	63	313	8866456
18746	6710	193	63	314	8866476
48
18450	8396	8	57	304	8867928
18440	8396	27	57	304	8867938
18440	8403	83	57	304	8867958
18434	8411	165	57	304	8867978
18434	8420	271	57	304	8867998
18427	8420	331	57	304	8868008
18427	8428	419	57	304	8868058
18427	8412	493	57	304	8868068
18427	8388	518	57	304	8868078
18427	8349	543	57	304	8868088
18420	8296	570	57	304	8868098
18420	8230	590	58	306	8868108
18411	8155	605	58	306	8868118
18411	8069	626	58	306	8868128
18411	7976	642	59	307	8868138
18404	7878	659	59	307	8868148
18404	7782	673	59	307	8868158
18404	7690	682	59	308	8868168
18404	7602	687	59	308	8868178
18412	7512	690	59	308	8868188
18412	7424	694	60	309	8868198
18412	7340	700	60	309	8868208
18412	7262	701	61	311	8868218
18401	7196	703	61	312	8868228
18401	7137	703	61	312	8868238
18390	7084	704	62	313	8868248
18382	7036	706	62	313	8868258
18375	6995	705	63	315	8868268
18367	6963	704	63	315	8868278
18367	6941	703	63	317	8868288
18358	6928	701	63.6667	317.667	8868318
18358	6922	700	64.6	319.2	8868368
18358	6929	700	65	320	8868378
18367	6929	701	65	320	8868388
18375	6938	705	65	320	8868398
18390	6938	710	65	320	8868408
18410	6949	715	65	320	8868418
18437	6957	723	65	320	8868428
18472	6964	731	65	320	8868438
18511	6973	739	65	320	8868448
18556	6981	740	65	320	8868458
18604	6988	743	64	318	8868468
18650	6988	747	64	318	8868478
18690	7000	745	64	318	8868488
18721	7000	738	64	318	8868498
18743	7007	724	64	318	8868508
18755	7007	631	64	318	8868528
18748	7007	148	64	318	8868548
73
16222	5778	134	54	328	8870032
16215	5785	213	54	328	8870042
16209	5785	278	55	327	8870052
16200	5785	356	55	327	8870062
16191	5785	435	55	326	8870082
16183	5785	483	55	326	8870102
16195	5785	530	55	325	8870112
16213	5785	581	55	325	8870122
16240	5785	596	56	324	8870132
16277	5785	618	56	324	8870142
16330	5785	629	56	323	8870152
16405	5795	641	56	323	8870162
16487	5805	646	56	323	8870172
16589	5816	652	56	323	8870182
16704	5826	658	56	323	8870192
16818	5836	664	56	323	8870202
16946	5846	664	56	323	8870212
17071	5856	666	56	323	8870222
17189	5865	666	56	323	8870232
17296	5877	667	56	323	8870242
17395	5887	672	57	324	8870252
17485	5897	672	57	324	8870262
17569	5909	673	57	324	8870272
17650	5922	672	57	324	8870282
17723	5935	673	57	324	8870292
17788	5950	672	57	324	8870302
17846	5965	672	57	324	8870312
17896	5979	672	57	323	8870322
17942	5995	673	57	323	8870332
17986	6008	672	58	322	8870342
18029	6021	672	58	322	8870352
18071	6034	672	58	322	8870362
18111	6047	672	58	322	8870372
18150	6061	672	58	322	8870382
18187	6076	672	58	322	8870392
18216	6090	672	58	322	8870402
18237	6103	673	58	322	8870412
18249	6115	672	58	322	8870422
18249	6126	672	58	322	8870432
18249	6137	673	58	322	8870442
18249	6150	678	58	320	8870452
18235	6164	680	58	320	8870462
18227	6178	679	58	320	8870472
18221	6196	681	58	320	8870482
18221	6218	683	58	320	8870492
18221	6247	686	58	320	8870502
18221	6281	686	58	320	8870512
18230	6319	686	58	320	8870522
18238	6363	687	58	320	8870532
18245	6410	689	58	320	8870542
18255	6456	687	58	320	8870552
18265	6506	683	58	320	8870562
18275	6552	683	57	319	8870572
18288	6596	684	57	319	8870582
18301	6637	683	57	319	8870592
18314	6673	680	57	319	8870602
18325	6703	680	57	316	8870612
18334	6729	676	57	316	8870622
18341	6751	678	58	315	8870632
18347	6768	678	58	315	8870642
18347	6781	676	57	314	8870652
18355	6790	674	57	314	8870672
18361	6798	674	57	314	8870692
18371	6798	676	57	312	8870702
18381	6807	678	57	312	8870712
18396	6807	682	57	312	8870722
18420	6807	684	57	312	8870732
18451	6816	683	57	312	8870742
18493	6816	681	57	312	8870752
18542	6824	680	57	312	8870762
18595	6824	667	57	312	8870772
18648	6831	626	57	312	8870782
18698	6831	246	57	312	8870802
63
19732	6992	110	56	315	8871370
19732	6999	240	56	316	8871420
19723	6999	203	56	316	8871440
19711	6990	183	56	316	8871460
19700	6983	196	56	316	8871480
19691	6976	234	56	316	8871500
19684	6976	261	56	316	8871520
19684	6969	275	56	316	8871530
19677	6969	296	56.5	315.5	8871550
19669	6969	326	57	315	8871560
19669	6962	347	57	314	8871570
19661	6962	376	57	314	8871590
19654	6962	418	57	314	8871620
19648	6962	514	56.8	314.7	8871720
19639	6962	566	57	314.5	8871740
19632	6962	569	57	314	8871750
19624	6962	573	57	314	8871760
19616	6962	572	57	314	8871770
19608	6962	577	57	314	8871790
19601	6962	579	57	314	8871800
19601	6969	586	57	314	8871870
19601	6975	599	57	314	8871900
19608	6975	609	57	314	8871920
19615	6975	619	57	314	8871950
19621	6983	636	57	314	8871970
19632	6983	659	57	314	8871980
19642	6989	670	57	314	8871990
19654	6989	680	57	314	8872000
19666	6996	681	57	314	8872010
19679	6996	689	57	314	8872020
19689	6996	693	57	314	8872030
19696	6996	693	57	314	8872040
19703	6996	695	57	314	8872060
19714	6996	702	57	314	8872070
19722	6996	703	57	314	8872080
19731	6996	705	57	314	8872090
19742	6996	712	57	314	8872100
19755	6996	715	57	314	8872110
19770	6996	716	57	314	8872120
19790	6996	718	57	314	8872130
19813	6996	720	57	314	8872140
19837	6996	722	57	314	8872150
19864	6996	721	57	314	8872160
19893	7003	720	57	314	8872170
19928	7003	718	57	314	8872180
19967	7014	717	57	314	8872190
20012	7020	720	57	314	8872200
20060	7020	718	57	314	8872210
20107	7030	718	57	314	8872220
20156	7030	720	57	314	8872230
20203	7030	722	57	314	8872240
20250	7040	721	58	312	8872250
20295	7040	723	58	312	8872260
20342	7048	725	58	311	8872270
20393	7056	724	58	311	8872280
20444	7063	726	58	311	8872290
20499	7071	725	58	311	8872300
20552	7078	721	58	311	8872310
20598	7078	716	58	311	8872320
20637	7085	700	59	309	8872330
20663	7085	665	58	308	8872340
20682	7085	579	59	307	8872350
20696	7085	154	59	307	8872370
92
20822	7130	41	52	322	8873144
20811	7130	72	52	322	8873154
20811	7123	127	52	322	8873174
20805	7123	277	52	322	8873214
20805	7130	381	52	322	8873224
20805	7137	409	52	322	8873234
20811	7148	440	52	322	8873244
20811	7162	456	52	322	8873254
20821	7180	472	52	322	8873264
20830	7201	488	52	322	8873274
20839	7228	492	52	322	8873284
20851	7260	497	52	322	8873294
20865	7300	495	52	322	8873304
20880	7348	496	52	322	8873314
20894	7397	495	52	322	8873324
20905	7448	497	52	322	8873334
20913	7497	496	51	321	8873344
20920	7542	495	51	321	8873354
20920	7580	495	51	321	8873364
20920	7617	494	51	320	8873374
20928	7649	494	51	320	8873384
20928	7680	489	50	318	8873394
20928	7709	486	50	318	8873404
20928	7735	488	50	318	8873414
20935	7759	489	50	317	8873424
20935	7779	486	50	317	8873434
20935	7795	488	50	317	8873444
20935	7806	488	49	316	8873464
20935	7813	487	49	316	8873494
20942	7820	489	49	315	8873504
20952	7820	489	49	315	8873514
20970	7832	488	49	315	8873524
20994	7842	491	49	315	8873534
21027	7854	491	49	314	8873544
21066	7869	493	49	314	8873554
21107	7883	498	50	313	8873564
21150	7897	500	50	313	8873574
21191	7913	501	50	313	8873584
21231	7930	502	50	313	8873594
21272	7948	505	50	313	8873604
21314	7964	507	50	313	8873614
21357	7980	510	50	313	8873624
21403	7994	510	50	313	8873634
21449	8008	513	50	313	8873644
21497	8023	519	50	312	8873654
21545	8035	518	50	312	8873664
21590	8046	522	51	310	8873674
21631	8054	525	51	310	8873684
21671	8062	537	51	310	8873694
21706	8069	538	51	310	8873704
21741	8076	548	51	310	8873714
21779	8083	552	51	310	8873724
21816	8090	556	51	310	8873734
21856	8097	557	51	310	8873744
21898	8105	561	50	312	8873754
21936	8113	566	50	312	8873764
21975	8121	566	50	313	8873774
22009	8131	566	50	313	8873784
22042	8141	566	50	312	8873794
22071	8149	569	50	312	8873804
22099	8158	573	51	310	8873814
22125	8166	582	51	310	8873824
22147	8166	582	51	310	8873834
22171	8180	586	51	310	8873844
22194	8180	594	51	310	8873854
22216	8191	597	51	309	8873864
22238	8191	594	51	309	8873874
22257	8202	596	52	308	8873884
22273	8202	596	52	308	8873894
22285	8210	602	52	308	8873904
22298	8210	612	52	308	8873914
22311	8219	614	52	308	8873924
22326	8219	615	52	308	8873934
22340	8230	615	52	308	8873944
22353	8230	620	52	308	8873954
22367	8238	625	52	308	8873964
22380	8238	626	52	308	8873974
22392	8246	628	52	308	8873984
22402	8246	631	52	308	8874004
22412	8246	633	52	308	8874014
22412	8253	634	52	308	8874024
22423	8253	636	51	307	8874044
22436	8253	634	51	307	8874054
22442	8253	634	51	307	8874064
22449	8260	636	51	307	8874074
22457	8260	636	51	307	8874084
22467	8260	636	51	307	8874094
22477	8260	636	51	307	8874104
22487	8260	636	51	307	8874114
22494	8260	626	51	307	8874134
22500	8260	520	51	307	8874154
22500	8253	54	51	307	8874174
16
22501	8232	109	52	308	8875026
22501	8238	261	52	308	8875046
22485	8248	437	52	308	8875076
22485	8254	493	52	308	8875106
22498	8254	515	52	308	8875116
22512	8254	522	52	308	8875126
22533	8254	529	52	308	8875136
22561	8254	530	52	308	8875146
22590	8254	534	52	308	8875156
22617	8254	534	52	308	8875166
22638	8262	532	52	308	8875176
22658	8262	533	52	308	8875186
22678	8271	530	52	308	8875196
22693	8271	521	52	308	8875206
22703	8280	451	52	308	8875236
22710	8280	141	52	308	8875256
