38
26
14643	16226	264	58	320.5	8737977
14631	16226	499	58	320	8737997
14620	16216	593	58	320	8738017
14620	16208	688	58	320	8738057
14620	16221	727	58	320	8738067
14634	16238	733	58	320	8738077
14649	16260	736	58	320	8738087
14667	16292	736	57	319	8738097
14692	16330	735	58	318	8738107
14718	16373	732	58	318	8738117
14745	16421	730	58	316	8738127
14775	16470	733	58	316	8738137
14801	16516	729	58	316	8738147
14820	16553	728	58	316	8738157
14834	16575	729	58	316	8738167
14840	16585	726	58	316	8738187
14853	16560	731	58	316	8738197
14865	16525	740	58	315	8738207
14879	16480	743	58	315	8738217
14894	16431	747	58	315	8738227
14909	16380	745	58	315	8738237
14925	16343	742	58	315	8738247
14939	16313	712	58	315	8738257
14950	16291	668	58	315	8738267
14950	16279	601	58	315	8738277
14950	16272	266	58	316	8738307
10
14740	16343	333	58	320	8738495
14728	16323	367	58	320	8738505
14715	16323	474	57	319	8738515
14700	16323	612	57	319	8738525
14685	16323	680	57.3333	318.667	8738555
14700	16323	701	58	318	8738565
14730	16323	700	58	316	8738575
14774	16323	684	58	316	8738585
14827	16323	603	58	316	8738595
14884	16323	220	58	316	8738615
8
14580	15417	104	60	326	8738980
14596	15417	448	60	326	8739000
14584	15399	514	60	326	8739009
14584	15384	557	60	326	8739019
14578	15351	567	60	326	8739029
14578	15312	565	60	325	8739039
14578	15269	524	60	325	8739049
14578	15224	191	61	324	8739069
31
14582	15379	508	60	326	8739200
14550	15379	533	60	326	8739210
14532	15366	569	59	325	8739220
14517	15366	596	59	325	8739230
14510	15366	607	59	325	8739240
14524	15359	615	60	325	8739250
14557	15359	614	60	325	8739260
14607	15359	602	61	324	8739269
14665	15359	591	61	324	8739279
14719	15359	585	61	324	8739289
14758	15359	587	61	324	8739299
14775	15359	603	62	323	8739309
14768	15336	627	62	323	8739319
14741	15308	656	62	320	8739329
14700	15272	678	62	320	8739339
14655	15237	691	63	321	8739349
14619	15206	698	63	321	8739359
14598	15184	694	63	321	8739369
14598	15167	686	63	321	8739379
14609	15153	672	63	321	8739389
14636	15141	653	63	321	8739399
14671	15130	650	63	321	8739409
14709	15121	649	63	321	8739419
14738	15121	652	63	323	8739429
14754	15108	665	63	323	8739439
14754	15096	674	63	323	8739449
14722	15079	681	63	323	8739459
14680	15063	683	63	323	8739469
14627	15047	678	63	323	8739479
14574	15034	641	64	325	8739489
14532	15027	231	64	325	8739509
14
14662	14373	349	64	331	8739832
14656	14389	537	65	330	8739842
14640	14389	644	65	330	8739852
14616	14389	763	65	328	8739862
14583	14369	820	65	328	8739872
14550	14334	877	65	328	8739882
14520	14292	910	65	330	8739892
14502	14239	913	65	330	8739902
14502	14189	904	65	332	8739912
14527	14153	882	66	331	8739922
14575	14126	856	67	333	8739932
14640	14126	803	68	332	8739942
14715	14137	677	68	332	8739952
14783	14168	174	68	332	8739972
47
15189	16413	241	51	316	8742272
15189	16422	304	51	316	8742282
15189	16433	408	52	315	8742292
15178	16439	498	52	315	8742302
15169	16439	570	52	314	8742312
15163	16447	631	52	313.5	8742332
15154	16447	750	50.5303	314.091	8742991
15161	16447	752	50.625	314.625	8743071
15167	16447	749	51	315	8743111
15176	16447	750	51	315	8743131
15190	16447	752	51	315	8743141
15203	16447	753	51	315	8743151
15220	16447	754	51	314	8743161
15243	16447	754	51	314	8743171
15274	16447	757	52	313	8743181
15312	16457	757	52	313	8743191
15356	16457	759	52	313	8743201
15402	16469	756	52	313	8743211
15451	16476	759	52	313	8743221
15500	16484	758	52	313	8743231
15548	16484	758	52	313	8743241
15595	16496	761	52	313	8743251
15640	16496	762	52	313	8743261
15684	16496	763	51	312	8743271
15729	16496	762	51	312	8743281
15773	16509	764	51	312	8743291
15816	16518	761	51	312	8743301
15853	16536	762	51	312	8743311
15883	16543	763	51	312	8743321
15904	16543	763	51	312	8743331
15915	16543	764	51	313	8743341
15915	16550	763	50.0714	313.929	8743481
15921	16550	761	50	314	8743501
15930	16550	761	50	314	8743511
15938	16556	761	50	314	8743521
15946	16556	761	50	314	8743531
15955	16556	759	50	314	8743541
15955	16563	759	50	314	8743551
15963	16563	759	50	314	8743621
15971	16563	758	50	314	8743631
15980	16563	760	50	314	8743641
15992	16563	760	50	314	8743651
16005	16570	761	50	314	8743661
16019	16570	762	50	314	8743671
16027	16570	761	50	314	8743691
16035	16570	682	50	314	8743741
16023	16563	75	51	315	8743761
22
16021	16681	416	62	313	8744716
15995	16694	439	62	313	8744726
15983	16702	542	62	313	8744736
15967	16709	619	62	313	8744746
15959	16709	672	62	313	8744766
15959	16703	711	62	313	8744776
15975	16686	734	62	313	8744786
15995	16659	745	63	315	8744796
16023	16619	761	63	315	8744806
16057	16574	771	63	315	8744816
16091	16524	778	63	315	8744826
16118	16472	786	63	315	8744836
16140	16422	793	63	315	8744846
16155	16372	800	63	315	8744856
16155	16322	806	63	315	8744866
16155	16271	809	63	315	8744876
16125	16222	807	63	317	8744886
16091	16179	803	63	317	8744896
16056	16145	791	63	317	8744906
16023	16122	764	64	318	8744916
16001	16110	703	64	318	8744926
15989	16110	337	64	318	8744956
18
16207	16694	470	57	323	8745212
16185	16678	466	58	322	8745222
16185	16672	494	59	321	8745232
16200	16662	552	59	321	8745242
16228	16644	594	60	319	8745252
16271	16616	641	60	321	8745262
16324	16576	668	61	319	8745272
16370	16528	690	61	319	8745282
16406	16473	709	61	318	8745292
16427	16414	739	62	317	8745302
16427	16351	762	62	317	8745312
16411	16288	775	63	315	8745322
16387	16234	780	63	317	8745332
16358	16183	779	63	317	8745342
16330	16151	769	65	317	8745352
16306	16130	734	65	317	8745362
16290	16118	618	65	317	8745372
16279	16118	179	65	319	8745392
54
16273	16674	269	60	321	8745788
16242	16664	300	60	321	8745798
16221	16664	381	60	321	8745808
16200	16664	457	61	319	8745818
16185	16664	557	61	318.25	8745858
16198	16664	649	61	318	8745868
16214	16664	667	62	317	8745878
16235	16664	681	62	317	8745888
16260	16674	710	63	315	8745898
16291	16680	734	63	315	8745908
16329	16689	752	63	315	8745918
16366	16696	766	63	315	8745928
16407	16705	778	63	315	8745938
16450	16711	785	63	315	8745948
16492	16711	793	63	315	8745958
16539	16711	799	63	315	8745968
16589	16711	804	63	315	8745978
16634	16704	809	63	315	8745988
16678	16691	816	63	313	8745998
16721	16675	821	63	313	8746008
16758	16659	822	64	312	8746018
16793	16638	824	64	312	8746028
16823	16620	825	64	312	8746038
16846	16602	825	64	312	8746048
16868	16583	828	64	312	8746058
16885	16566	829	64	312	8746068
16899	16547	834	64	312	8746078
16912	16527	835	64	312	8746088
16921	16510	836	64	312	8746098
16930	16488	841	64	312	8746108
16937	16468	843	64	312	8746118
16937	16449	846	64	312	8746128
16944	16426	846	64	312	8746138
16944	16406	847	64	312	8746148
16944	16386	847	64	312	8746158
16936	16364	847	65	313	8746168
16924	16344	851	65	313	8746178
16909	16325	850	65	313	8746188
16888	16302	852	65	313	8746198
16861	16278	852	65	313	8746208
16833	16256	853	65	313	8746218
16798	16232	857	65	313	8746228
16757	16207	861	65	315	8746238
16713	16186	869	65	315	8746248
16664	16166	874	65	315	8746258
16608	16143	876	65	315	8746268
16553	16124	880	65	315	8746278
16500	16107	882	66	317	8746288
16449	16091	883	66	317	8746298
16409	16082	873	66	317	8746308
16375	16082	845	65	318	8746318
16350	16075	772	65	318	8746328
16333	16075	641	65	322	8746338
16320	16075	49	65	322	8746358
71
17049	16513	16	57	318	8748904
17041	16513	96	57	318	8748944
17035	16513	307	57	318	8749014
17035	16507	571	56.3684	316.737	8749204
17027	16507	579	56	316	8749234
17027	16499	580	56	316	8749244
17020	16499	580	56	316	8749264
17012	16492	578	56	316	8749304
17006	16492	576	56	316	8749354
17006	16485	571	55.3	314.85	8749554
17019	16479	577	57	312	8749564
17029	16479	589	57	312	8749574
17043	16479	598	57	312	8749584
17064	16479	602	57	312	8749594
17090	16479	606	57	312	8749604
17123	16479	611	57	312	8749614
17160	16479	621	57	312	8749624
17199	16479	648	57	312	8749634
17241	16479	660	57	312	8749644
17282	16479	672	57	312	8749654
17327	16479	680	57	314	8749664
17371	16479	687	57	314	8749674
17419	16486	690	57	314	8749684
17471	16486	698	57	314	8749694
17523	16486	701	57	314	8749704
17582	16496	705	58	312	8749714
17637	16496	711	57	311	8749724
17690	16505	713	58	310	8749734
17742	16505	716	58	310	8749744
17789	16511	721	58	310	8749754
17836	16511	729	58	310	8749764
17882	16511	729	58	310	8749774
17926	16518	731	58	310	8749784
17970	16518	739	58	310	8749794
18017	16526	738	58	310	8749804
18064	16526	742	58	310	8749814
18114	16537	741	58	310	8749824
18166	16544	741	58	310	8749834
18216	16552	747	58	310	8749844
18265	16558	750	58	311	8749854
18313	16566	759	58	311	8749864
18357	16566	757	59	309	8749874
18399	16573	759	59	309	8749884
18446	16581	760	59	308	8749894
18492	16589	764	59	308	8749904
18542	16598	760	59	308	8749914
18596	16607	762	59	308	8749924
18651	16616	762	59	308	8749934
18709	16623	765	59	308	8749944
18764	16630	766	59	308	8749954
18819	16637	765	59	308	8749964
18873	16646	763	59	308	8749974
18924	16655	765	59	308	8749984
18972	16662	765	59	307	8749994
19019	16669	766	59	307	8750004
19064	16669	766	59	307	8750014
19107	16676	765	59	305	8750024
19152	16676	766	59	305	8750034
19191	16684	765	60	304	8750044
19225	16684	764	60	304	8750054
19254	16692	763	60	304	8750064
19275	16692	764	60	304	8750074
19291	16692	764	60	304	8750084
19302	16699	766	60	304	8750094
19309	16699	764	60	304	8750114
19320	16699	762	60	304	8750134
19328	16699	761	60	304	8750144
19328	16706	754	60	304	8750154
19340	16706	733	60	302	8750174
19350	16706	575	60	300	8750214
19340	16706	60	60	300	8750234
18
19400	16848	237	58	301	8750372
19382	16857	335	58	301	8750382
19375	16865	392	58	301	8750392
19368	16871	472	57	300	8750402
19362	16882	561	57.5	300.5	8750422
19362	16864	644	58	301	8750432
19362	16833	684	58	301	8750442
19352	16788	709	58	300	8750452
19352	16733	742	58	300	8750462
19345	16676	770	60	299	8750472
19345	16623	785	60	299	8750482
19345	16573	797	60	299	8750492
19345	16528	800	60	299	8750502
19345	16487	800	60	299	8750512
19352	16455	801	60	300	8750522
19352	16430	800	60	300	8750532
19352	16412	778	60	300	8750542
19352	16401	473	60.2	300.4	8750592
38
19352	16805	249	59	303	8750780
19342	16830	304	59	303	8750790
19342	16842	421	58	301	8750800
19330	16855	506	58	301	8750810
19323	16865	589	58	301	8750820
19323	16874	645	58	301	8750830
19316	16874	688	58	300	8750840
19316	16884	737	59.3333	299.333	8750870
19324	16884	775	60	299	8750880
19343	16890	789	60	299	8750890
19376	16890	796	60	299	8750900
19425	16898	800	60	299	8750910
19492	16898	803	60	298	8750920
19564	16898	809	60	298	8750930
19639	16874	808	60	296	8750940
19709	16850	808	60	296	8750950
19765	16825	813	60	296	8750960
19812	16796	813	60	296	8750970
19846	16769	816	60	296	8750980
19871	16746	817	60	296	8750990
19890	16719	816	60	296	8751000
19901	16696	819	60	296	8751010
19901	16674	822	60	296	8751020
19901	16646	824	60	296	8751030
19879	16622	824	61	297	8751040
19845	16589	827	61	297	8751050
19796	16556	830	61	297	8751060
19736	16525	837	61	297	8751070
19667	16491	837	61	297	8751080
19593	16463	844	61	297	8751090
19521	16439	847	61	297	8751100
19456	16419	844	62	298	8751110
19402	16405	842	62	298	8751120
19362	16394	831	62	298	8751130
19333	16386	780	62	298	8751140
19310	16386	698	62	300	8751150
19295	16386	510	62	300	8751160
19295	16395	21	61	302	8751180
72
14896	15278	41	63	329	8752208
14889	15267	235	63	329	8752218
14889	15257	278	63	329	8752228
14879	15257	382	63	329	8752238
14879	15248	462	62	327	8752248
14869	15248	533	62	327	8752268
14869	15240	596	62	327	8752288
14883	15240	644	62	327	8752298
14907	15248	660	62	327	8752308
14944	15263	675	62	327	8752318
14998	15285	681	62	327	8752328
15062	15311	694	62	327	8752338
15134	15335	695	62	327	8752348
15206	15355	698	62	327	8752358
15269	15368	696	62	327	8752368
15321	15376	698	62	326	8752378
15361	15376	697	62	326	8752388
15390	15385	695	62	326	8752398
15408	15385	695	62	326	8752408
15420	15385	696	62	326	8752418
15426	15397	696	62	326	8752428
15426	15406	696	62	326	8752438
15426	15424	698	62	326	8752448
15426	15445	694	62	326	8752458
15426	15470	694	62	326	8752468
15426	15503	686	62	326	8752478
15426	15541	682	62	326	8752488
15426	15585	684	62	326	8752498
15426	15633	682	62	326	8752508
15426	15680	680	61	324	8752518
15426	15725	679	61	324	8752528
15417	15765	682	61	324	8752538
15417	15805	684	61	324	8752548
15404	15842	682	61	324	8752558
15404	15876	688	61	324	8752568
15392	15904	689	61	324	8752578
15392	15929	689	61	324	8752588
15383	15949	691	61	324	8752598
15383	15962	695	61	322	8752608
15383	15972	695	61	322	8752618
15376	15972	695	60.75	321.75	8752658
15383	15980	700	60	321	8752678
15396	15988	704	60	321	8752688
15404	15988	709	60	321	8752698
15410	15996	715	60	321	8752708
15417	15996	722	60	321	8752718
15426	16002	730	60	321	8752728
15438	16002	735	60	321	8752738
15457	16016	739	60	321	8752748
15480	16025	740	60	319	8752758
15506	16035	746	60	319	8752768
15537	16046	750	60	319	8752778
15569	16056	754	60	319	8752788
15603	16066	757	60	319	8752798
15637	16076	758	60	319	8752808
15668	16085	761	60	319	8752818
15698	16094	762	60	319	8752828
15724	16102	769	60	319	8752838
15750	16110	770	60	319	8752848
15774	16120	770	60	319	8752858
15798	16128	773	60	319	8752868
15822	16137	776	60	319	8752878
15845	16146	777	60	319	8752888
15868	16153	778	60	319	8752898
15888	16161	778	60	319	8752908
15911	16170	777	60	319	8752918
15932	16179	778	60	319	8752928
15950	16185	778	60	319	8752938
15967	16185	777	59	318	8752948
15979	16195	769	59	318	8752958
15988	16195	742	59	318	8752968
15994	16195	338	59	318	8752998
55
15436	15426	60	54	322	8757860
15429	15419	314	54.9091	319.818	8757970
15429	15406	458	55	320	8757980
15421	15396	470	55	320	8757990
15421	15383	472	55	320	8758000
15421	15368	485	55	320	8758010
15421	15350	494	55	320	8758020
15421	15332	495	55	320	8758030
15421	15316	496	55	320	8758040
15421	15300	501	55	320	8758050
15421	15283	504	55	320	8758060
15421	15265	509	55	320	8758070
15428	15245	510	55	320	8758080
15428	15225	518	55	320	8758090
15428	15206	519	56	321	8758100
15428	15187	525	56	321	8758110
15421	15170	524	56	321	8758120
15421	15153	526	56	321	8758130
15415	15137	528	56	321	8758140
15415	15122	534	56	324	8758150
15415	15108	533	56	324	8758160
15415	15094	534	55	325	8758170
15415	15086	537	55	325	8758180
15422	15086	542	55	326	8758190
15430	15076	545	55	326	8758200
15436	15076	548	55	326	8758210
15444	15076	549	55	326	8758220
15452	15076	554	55	326	8758230
15464	15076	560	55	326	8758240
15479	15076	563	55	326	8758250
15498	15076	567	55	326	8758260
15525	15076	576	55	326	8758270
15555	15070	588	55	326	8758280
15593	15070	597	55	326	8758290
15636	15070	598	55	326	8758300
15681	15063	604	56	325	8758310
15728	15063	605	56	325	8758320
15777	15063	622	57	324	8758330
15825	15063	630	57	324	8758340
15874	15063	638	57	324	8758350
15924	15072	640	57	324	8758360
15973	15072	640	57	324	8758370
16018	15080	641	57	324	8758380
16057	15080	640	57	324	8758390
16093	15080	643	57	324	8758400
16126	15080	644	57	324	8758410
16158	15080	645	57	324	8758420
16186	15080	646	57	324	8758430
16211	15080	646	57	324	8758440
16228	15080	647	57	324	8758450
16238	15080	631	57	324	8758510
16230	15080	523	57	324	8758530
16219	15080	422	57	324	8758540
16219	15087	298	57	324	8758550
16213	15087	50	57	324	8758570
52
16257	15223	151	56	323	8758660
16264	15263	215	56	323	8758670
16264	15280	298	56	323	8758680
16264	15296	396	56	323	8758690
16258	15307	484	56	322	8758710
16258	15313	547	56	321	8758730
16258	15287	603	56	321	8758740
16258	15252	630	56	321	8758750
16258	15208	663	56	321	8758760
16258	15152	681	56	321	8758770
16249	15099	687	56	321	8758780
16249	15053	705	56	321	8758790
16249	15011	706	56	321	8758800
16249	14980	715	56	323	8758810
16249	14953	715	56	323	8758820
16249	14937	716	56	323	8758830
16249	14924	716	56	323	8758840
16249	14917	714	57	324.857	8758910
16259	14924	704	57	326	8758920
16269	14933	708	57	326	8758930
16286	14949	709	57	326	8758940
16309	14967	709	57	326	8758950
16338	14984	708	57	326	8758960
16371	15006	709	57	326	8758970
16413	15028	712	57	326	8758980
16463	15054	714	57	326	8758990
16520	15082	717	57	326	8759000
16578	15104	716	57	326	8759010
16632	15126	717	57	326	8759020
16678	15145	716	57	324	8759030
16712	15159	715	57	324	8759040
16734	15172	716	57	324	8759050
16744	15172	717	57	324	8759060
16744	15179	724	57	323	8759080
16737	15179	731	58	322	8759090
16726	15192	730	58	320	8759100
16710	15200	730	58	320	8759110
16689	15208	733	58	320	8759120
16663	15219	735	58	320	8759130
16638	15231	733	58	320	8759140
16613	15247	736	58	320	8759150
16587	15266	735	58	320	8759160
16556	15283	736	57	319	8759170
16516	15297	737	57	319	8759180
16470	15306	736	57	319	8759190
16418	15306	724	57	319	8759200
16364	15312	725	56	320	8759210
16307	15312	715	56	320	8759220
16257	15302	689	55	320	8759230
16217	15296	640	55	320	8759240
16193	15288	467	55	320	8759260
16204	15279	41	55	320	8759280
27
16791	15217	36	56	321	8759564
16808	15236	113	56	321	8759574
16815	15242	220	56	321	8759584
16821	15250	426	56	321	8759624
16805	15238	569	56	321	8759634
16785	15218	619	56	321	8759644
16768	15198	646	56	321	8759654
16755	15175	673	56	321	8759664
16747	15147	696	56	321	8759674
16755	15126	718	56	323	8759684
16767	15103	730	56	323	8759694
16788	15087	732	56	323	8759704
16815	15078	734	56	323	8759714
16845	15078	733	56	323	8759724
16879	15078	736	56	323	8759734
16913	15093	736	56	323	8759744
16944	15111	738	56	323	8759754
16971	15132	735	57	324	8759764
16990	15155	740	57	324	8759774
16997	15178	744	57	324	8759784
16997	15206	743	57	324	8759794
16997	15237	741	57	324	8759804
16975	15264	724	57	324	8759814
16950	15288	697	57	324	8759824
16919	15306	649	57	324	8759834
16880	15306	539	56	323	8759844
16839	15306	143	56	323	8759864
134
19298	16478	16	54	308	8762244
19306	16484	64	54	308	8762264
19318	16493	134	53	307	8762284
19327	16499	342	53	307	8762364
19320	16506	530	53	307	8762394
19310	16506	569	53	307	8762404
19303	16515	587	53	307	8762414
19291	16515	589	53	307	8762424
19274	16515	595	53	307	8762434
19250	16515	604	53	307	8762444
19222	16515	605	53	307	8762454
19187	16515	602	53	307	8762464
19146	16515	605	53	307	8762474
19096	16506	604	53	307	8762484
19040	16496	598	54	308	8762494
18980	16484	597	54	308	8762504
18919	16472	592	54	308	8762514
18861	16460	589	54	308	8762524
18807	16449	589	54	308	8762534
18754	16437	579	54	308	8762544
18705	16428	569	54	308	8762554
18652	16420	567	54	308	8762564
18599	16411	566	54	308	8762574
18545	16403	564	54	308	8762584
18492	16394	563	53	309	8762594
18441	16384	561	53	309	8762604
18391	16373	563	53	310	8762614
18345	16363	558	53	310	8762624
18301	16353	558	53	310	8762634
18260	16343	557	53	310	8762644
18219	16334	552	53	310	8762654
18176	16324	550	53	310	8762664
18132	16314	551	53	310	8762674
18089	16305	550	53	310	8762684
18046	16296	550	54	311	8762694
18009	16288	550	54	311	8762704
17972	16280	553	54	311	8762714
17936	16271	552	54	311	8762724
17899	16264	552	54	311	8762734
17861	16256	552	54	311	8762744
17823	16248	554	54	311	8762754
17788	16248	554	54	311	8762764
17757	16238	555	54	311	8762774
17730	16238	558	54	311	8762784
17709	16238	557	54	311	8762794
17692	16229	557	53	313	8762804
17679	16229	556	53	313	8762814
17670	16229	557	52	314	8762824
17661	16223	560	52	314	8762834
17652	16223	560	52	314	8762844
17640	16213	551	53	315	8762854
17624	16206	550	53	315	8762864
17604	16199	551	53	315	8762874
17582	16193	549	53	315	8762884
17559	16193	547	53	315	8762894
17535	16182	546	53	315	8762904
17507	16182	546	53	315	8762914
17481	16171	545	53	315	8762924
17457	16171	546	53	315	8762934
17435	16162	545	53	315	8762944
17420	16162	545	53	315	8762954
17411	16162	544	54	316	8762964
17411	16154	543	54	316	8762994
17411	16142	547	54	316	8763004
17411	16131	548	54	316	8763014
17411	16114	549	54	316	8763024
17418	16091	557	54	317	8763034
17418	16063	562	54	317	8763044
17418	16030	567	54	317	8763054
17426	15993	572	54	317	8763064
17432	15956	576	54	317	8763074
17439	15916	581	54	317	8763084
17439	15872	582	55	319	8763094
17447	15825	589	55	319	8763104
17447	15777	598	55	319	8763114
17447	15730	599	55	319	8763124
17447	15685	601	55	319	8763134
17447	15644	604	55	319	8763144
17447	15605	604	55	320	8763154
17447	15571	605	55	320	8763164
17447	15541	607	55	320	8763174
17455	15516	606	55	320	8763184
17455	15496	612	55	320	8763194
17462	15477	612	55	320	8763204
17462	15462	612	55	320	8763214
17462	15450	611	55	320	8763224
17462	15440	610	55.5	320.5	8763244
17455	15430	612	56	321	8763254
17455	15423	610	56	321	8763264
17445	15423	610	56	321	8763274
17445	15412	607	56	321	8763284
17435	15412	608	56	321	8763294
17435	15405	606	56	321	8763314
17435	15399	607	56	321	8763324
17435	15390	608	56	321	8763334
17435	15377	607	56	321	8763344
17435	15364	607	56	321	8763354
17443	15348	606	56	321	8763364
17443	15335	604	56	321	8763374
17454	15324	604	56	321	8763384
17460	15313	604	56	321	8763394
17460	15307	605	56	321	8763404
17469	15300	606	56	321	8763434
17469	15293	608	56	321	8763454
17469	15285	608	56	321	8763464
17458	15285	607	56	321	8763474
17450	15278	604	56	321	8763484
17440	15278	603	56	321	8763494
17429	15278	598	56	321	8763504
17415	15271	598	56	321	8763514
17401	15271	597	56	323	8763524
17385	15271	597	56	323	8763534
17367	15271	599	56	323	8763544
17347	15264	599	56	323	8763554
17325	15264	600	56	323	8763564
17303	15257	601	56	321	8763574
17282	15257	599	56	321	8763584
17262	15257	600	56	321	8763594
17240	15257	599	56	321	8763604
17217	15250	600	56	321	8763614
17190	15250	601	56	321	8763624
17160	15238	599	56	321	8763634
17130	15230	602	56	321	8763644
17103	15221	601	56	321	8763654
17078	15210	603	56	321	8763664
17058	15202	606	55	323	8763674
17044	15202	605	55	323	8763684
17033	15193	608	54	324	8763694
17025	15193	602	55	325	8763704
17016	15193	600	55	325	8763714
17007	15193	602	55	325	8763724
17000	15193	595	55	325	8763744
16993	15193	484	55	326	8763764
17010	15193	4	55	326	8763784
51
17447	15364	14	50	324	8765596
17447	15371	67	50	324	8765616
17447	15381	113	50	324	8765626
17447	15387	155	50	324	8765646
17455	15400	235	51	323	8765666
17455	15409	340	52	322	8765706
17455	15402	401	52	322	8765716
17455	15389	410	52	322	8765726
17455	15368	432	52	322	8765736
17455	15339	443	52	322	8765746
17447	15306	449	52	322	8765756
17447	15267	462	52	322	8765766
17447	15227	467	52	323	8765776
17447	15187	479	52	323	8765786
17441	15144	480	52	323	8765796
17441	15105	488	52	323	8765806
17431	15072	493	52	323	8765816
17431	15043	501	53	325	8765826
17423	15022	514	53	325	8765836
17423	15005	517	53	325	8765846
17423	14993	522	53	326	8765856
17423	14983	525	53	326	8765876
17423	14976	528	53	326.5	8765896
17433	14976	529	53	327	8765906
17441	14976	534	53	327	8765916
17453	14976	536	53	327	8765926
17471	14968	543	53	327	8765936
17492	14968	548	53	327	8765946
17520	14968	560	53	327	8765956
17554	14960	585	53	327	8765966
17593	14960	602	53	327	8765976
17637	14960	613	53	327	8765986
17685	14967	626	53	327	8765996
17731	14973	629	53	327	8766006
17778	14981	633	53	327	8766016
17820	14981	637	53	327	8766026
17855	14981	640	53	327	8766036
17887	14981	643	53	327	8766046
17914	14981	644	53	327	8766056
17938	14981	647	53	327	8766066
17960	14981	652	53	327	8766076
17978	14988	652	53	327	8766086
17990	14988	653	53	327	8766096
18000	14988	656	53	327	8766116
18006	14995	661	53	327	8766136
18013	14995	664	53.6667	326.333	8766166
18021	14995	694	54.7143	324.714	8766306
18011	14995	712	55	325	8766316
18003	14995	711	55	325	8766326
17997	14995	712	55	325	8766346
17987	14988	627	53.7027	326.027	8766716
26
17956	15222	165	53	320	8767252
17934	15234	209	53	320	8767262
17921	15234	292	53	320	8767272
17908	15243	372	53	320	8767282
17897	15243	427	53	320	8767292
17891	15243	494	53	320	8767322
17891	15233	552	53	321	8767332
17908	15211	577	53	321	8767342
17928	15181	595	53	321	8767352
17956	15146	621	53	321	8767362
17990	15102	633	53	321	8767372
18027	15060	644	54	322	8767382
18060	15013	652	54	322	8767392
18085	14962	659	54	322	8767402
18103	14915	663	54	322	8767412
18103	14866	665	54	324	8767422
18103	14819	675	54	324	8767432
18084	14775	689	54	324	8767442
18055	14732	694	55	325	8767452
18023	14695	701	55	325	8767462
17991	14667	703	55	325	8767472
17961	14647	704	55	325	8767482
17936	14636	704	55	325	8767492
17916	14629	674	55	325	8767502
17904	14629	551	55	326	8767522
17904	14651	117	55	326	8767542
71
17947	15214	48	53	321	8769016
17937	15214	78	53	321	8769026
17937	15207	142	53	321	8769036
17928	15207	261	53	321	8769066
17919	15207	427	53	321	8769116
17931	15207	526	53	321	8769126
17950	15207	541	53	321	8769136
17977	15207	573	53	321	8769146
18014	15214	588	53	321	8769156
18054	15214	607	53	321	8769166
18102	15214	620	53	321	8769176
18153	15214	636	53	321	8769186
18210	15206	640	53	321	8769196
18271	15206	656	53	321	8769206
18331	15191	663	54	320	8769216
18395	15183	671	55	321	8769226
18459	15172	675	55	320	8769236
18521	15162	680	55	320	8769246
18578	15154	683	55	320	8769256
18627	15144	687	55	320	8769266
18667	15132	686	55	320	8769276
18700	15118	688	55	320	8769286
18727	15103	690	55	320	8769296
18751	15085	694	56	319	8769306
18771	15067	694	56	319	8769316
18791	15049	696	57	318	8769326
18805	15029	698	57	318	8769336
18816	15010	701	57	319	8769346
18824	14989	701	57	319	8769356
18824	14966	704	57	319	8769366
18824	14942	709	57	319	8769376
18824	14921	710	57	319	8769386
18807	14893	710	57	319	8769396
18790	14864	710	57	319	8769406
18772	14838	712	57	319	8769416
18750	14813	711	57	319	8769426
18724	14789	711	57	319	8769436
18695	14769	715	58	320	8769446
18663	14746	715	58	320	8769456
18629	14727	716	58	320	8769466
18593	14709	716	58	320	8769476
18555	14692	717	58	320	8769486
18517	14680	716	58	320	8769496
18475	14667	718	58	320	8769506
18435	14660	718	58	320	8769516
18398	14660	720	58	320	8769526
18360	14646	720	58	322	8769536
18324	14639	720	58	322	8769546
18288	14632	721	58	322	8769556
18255	14625	722	58	322	8769566
18225	14625	722	58	322	8769576
18195	14625	724	58	322	8769586
18169	14625	721	57	323	8769596
18142	14625	722	57	323	8769606
18118	14625	724	57	324	8769616
18095	14616	722	57	324	8769626
18075	14616	723	57	324	8769636
18059	14616	724	57	324	8769646
18047	14616	725	57	324	8769656
18040	14616	723	56.5	323.5	8769676
18029	14616	718	56	323	8769686
18021	14616	718	56	323	8769696
18013	14616	712	56	323	8769706
18001	14616	709	56	323	8769716
17989	14616	709	56	323	8769726
17977	14616	697	56	323	8769736
17962	14616	696	56	324	8769746
17947	14609	682	56	324	8769756
17934	14609	658	55	325	8769766
17925	14609	591	55	325	8769776
17925	14602	198	55	325	8769806
84
18041	14790	75	56	323	8770197
18041	14797	295	56	323	8770286
18034	14790	323	56	323	8770336
18043	14790	236	56	323	8770346
18049	14790	165	56	323	8770356
18057	14784	131	56	323	8770366
18064	14784	121	56	323	8770386
18074	14784	242	56	323	8770476
18067	14790	384	56	323	8770496
18060	14790	442	56	323	8770516
18045	14790	481	56	323	8770526
18036	14790	509	56	323	8770536
18026	14783	525	56	323	8770546
18015	14783	553	56	323	8770556
18002	14783	564	56	323	8770566
17988	14775	588	56	323	8770576
17973	14775	604	56	323	8770586
17955	14775	626	56	323	8770596
17934	14765	634	56	323	8770606
17909	14765	646	56	323	8770616
17880	14754	651	56	323	8770626
17846	14747	667	56	323	8770636
17808	14740	671	56	323	8770646
17766	14731	680	56	323	8770656
17721	14722	687	56	323	8770666
17673	14714	683	56	323	8770676
17625	14708	687	56	323	8770686
17577	14701	689	56	323	8770696
17527	14693	692	56	323	8770706
17477	14680	694	56	323	8770716
17426	14663	697	56	323	8770726
17375	14647	695	56	323	8770736
17325	14632	694	56	323	8770746
17274	14619	701	56	323	8770756
17223	14607	700	56	323	8770766
17174	14598	702	56	323	8770776
17127	14591	704	56	323	8770786
17080	14584	703	56	323	8770796
17033	14584	708	56	323	8770806
16980	14568	711	56	323	8770816
16919	14556	713	56	324	8770826
16849	14540	714	56	324	8770836
16771	14524	721	55	325	8770846
16690	14510	732	55	325	8770856
16607	14496	741	54	324	8770866
16528	14486	751	54	324	8770876
16451	14476	755	54	324	8770886
16375	14468	755	54	324	8770896
16293	14461	759	54	324	8770906
16206	14454	766	54	324	8770916
16116	14446	772	54	324	8770926
16024	14434	778	55	325	8770936
15934	14420	777	55	325	8770946
15848	14405	779	55	325	8770956
15765	14389	778	55	325	8770966
15685	14378	778	55	325	8770976
15613	14365	778	55	325	8770986
15546	14352	780	55	325	8770996
15488	14340	787	55	325	8771006
15439	14327	780	55	325	8771016
15397	14318	780	54	324	8771026
15361	14309	781	54	324	8771036
15331	14301	779	54	324	8771046
15306	14301	779	54	324	8771056
15285	14291	778	54	324	8771066
15270	14291	776	54	324	8771076
15256	14291	775	54	324	8771086
15247	14284	776	54	324	8771096
15240	14284	775	54	324	8771116
15233	14284	775	54	322	8771136
15221	14284	774	54	322	8771146
15211	14284	775	54	322	8771156
15199	14284	771	54	322	8771166
15184	14284	769	54	322	8771176
15170	14284	768	54	322	8771186
15157	14284	768	54	322	8771196
15149	14284	768	54	323	8771216
15139	14284	769	54	324	8771236
15132	14284	767	54	324	8771256
15119	14284	765	54	324	8771266
15110	14284	764	54	324	8771276
15102	14284	731	54	324	8771296
15093	14284	532	54	324	8771316
15109	14284	13	54	324	8771336
36
19007	15012	4	56	319	8771893
18996	15027	113	55	320	8771903
18989	15027	175	55	320	8771913
18980	15038	241	55	320	8771923
18970	15038	307	55	320	8771933
18960	15044	346	56	321	8771943
18949	15044	382	56	321	8771953
18938	15044	420	56	321	8771963
18927	15044	459	56	321	8771973
18913	15034	479	56	321	8771983
18899	15020	509	56	321	8771993
18885	15000	536	56	321	8772003
18871	14976	558	56	321	8772013
18871	14952	577	56	321	8772023
18871	14927	603	56	321	8772033
18871	14905	610	56	321	8772043
18893	14888	638	56	321	8772053
18915	14874	651	56	321	8772063
18943	14865	664	56	321	8772073
18978	14865	670	56	321	8772083
19017	14872	673	56	321	8772093
19058	14887	675	56	321	8772103
19096	14905	675	56	323	8772113
19131	14925	679	56	323	8772123
19155	14944	680	56	323	8772133
19170	14962	680	56	323	8772143
19181	14983	678	57	322	8772153
19181	15007	684	57	322	8772163
19181	15029	686	58	320	8772173
19170	15053	683	58	320	8772183
19150	15072	677	58	320	8772193
19121	15087	667	57	319	8772203
19085	15098	654	57	319	8772213
19047	15098	613	57	319	8772223
19008	15098	518	57	319	8772233
18976	15085	110	57	319	8772253
118
19233	14980	72	57	319	8772689
19241	14989	133	57	319	8772699
19241	14997	291	57	319	8772719
19241	15006	437	57	319	8772739
19241	15016	553	57	319	8772759
19247	15023	772	57.6796	316.155	8773788
19254	15023	743	57	318	8773798
19261	15023	743	57	318	8773808
19275	15014	742	57	318	8773818
19292	15014	742	57	318	8773828
19314	15014	743	57	318	8773838
19340	15014	743	57	318	8773848
19369	15014	744	57	318	8773858
19402	15014	743	57	318	8773868
19442	15014	745	57	318	8773878
19484	15014	745	57	316	8773888
19526	15022	746	57	316	8773898
19565	15022	746	58	315	8773908
19601	15022	746	58	315	8773918
19636	15022	742	58	315	8773928
19672	15022	742	58	315	8773938
19708	15022	742	58	315	8773948
19744	15029	742	58	315	8773958
19781	15029	741	58	315	8773968
19815	15042	742	58	315	8773978
19849	15049	742	58	315	8773988
19879	15057	740	58	315	8773998
19902	15057	740	58	315	8774008
19918	15066	740	58	315	8774018
19930	15066	741	58	315	8774028
19942	15066	740	58	315	8774038
19954	15073	739	58	315	8774048
19968	15073	739	58	315	8774058
19980	15080	739	58	315	8774068
19990	15080	738	58	315	8774078
19997	15089	737	58	315	8774088
20004	15102	738	58	315	8774098
20004	15117	741	58	315	8774108
20010	15135	738	58	315	8774118
20010	15160	738	58	315	8774128
20004	15187	738	58	315	8774138
19996	15220	737	58	315	8774148
19996	15263	736	57	314	8774158
19996	15309	731	57	314	8774168
19996	15358	724	57	314	8774178
19996	15413	720	57	314	8774188
20005	15467	717	57	312	8774198
20011	15522	711	57	312	8774208
20011	15574	703	57	312	8774218
20021	15622	701	57	312	8774228
20021	15664	694	56	311	8774238
20021	15702	693	56	311	8774248
20021	15732	690	56	311	8774258
20012	15760	689	56	311	8774268
20012	15783	688	55	310	8774278
20012	15802	688	55	310	8774288
20012	15815	688	55	310	8774298
20012	15824	687	55	309.5	8774318
20012	15835	687	55	309	8774348
20019	15835	686	55	309	8774368
20019	15841	687	55	309	8774398
20028	15841	690	55	309	8774408
20040	15841	690	55	309	8774418
20053	15841	689	55	309	8774428
20068	15841	695	55	309	8774438
20085	15841	697	55	309	8774448
20101	15841	703	55	309	8774458
20116	15841	705	55	309	8774468
20130	15841	710	55	309	8774478
20138	15841	714	55	307	8774488
20145	15841	730	55.8333	306.167	8774548
20151	15841	747	56	306	8774568
20151	15848	748	56	306	8774658
20158	15848	749	56	306	8774668
20164	15848	748	56	306	8774678
20171	15848	747	56	306	8774688
20181	15848	750	56	305	8774698
20193	15855	750	56	305	8774708
20211	15855	749	56	303	8774718
20232	15855	750	56	303	8774728
20258	15863	753	56	303	8774738
20287	15863	752	56	303	8774748
20316	15863	752	56	303	8774758
20344	15870	754	56	303	8774768
20373	15870	754	56	303	8774778
20401	15870	755	56	303	8774788
20431	15878	757	56	303	8774798
20462	15878	756	56	303	8774808
20494	15878	754	56	303	8774818
20523	15878	754	56	303	8774828
20550	15885	755	56	303	8774838
20574	15885	755	56	303	8774848
20594	15885	755	56	303	8774858
20613	15885	756	56	303	8774868
20636	15885	757	56	303	8774878
20657	15893	757	56	303	8774888
20681	15893	758	56	303	8774898
20702	15902	756	56	303	8774908
20727	15909	757	56	303	8774918
20749	15909	756	56	303	8774928
20764	15920	759	56	302	8774938
20779	15920	758	56	302	8774948
20790	15927	757	56	302	8774958
20797	15927	759	56	302	8774968
20806	15927	755	56	302	8774978
20814	15934	755	56	302	8774998
20825	15934	756	56	302	8775008
20835	15941	756	56	302	8775018
20850	15941	757	56	302	8775028
20870	15951	757	55	304	8775038
20892	15951	757	55	304	8775048
20910	15962	756	55	305	8775058
20925	15962	756	55	305	8775068
20934	15972	757	55	305	8775078
20940	15972	757	55	305	8775098
20948	15972	758	55	305	8775138
20948	15979	714	55.6364	302.909	8775248
20940	15979	173	56	302	8775278
25
20922	16451	151	53	299	8775705
20906	16464	200	53	299	8775715
20898	16464	271	53	301	8775725
20888	16483	377	53	301.5	8775745
20880	16483	471	53	302	8775775
20897	16469	530	53	302	8775785
20915	16451	558	53	302	8775795
20944	16419	581	53	302	8775805
20983	16376	597	53	302	8775815
21032	16324	612	53	302	8775825
21082	16261	629	53	302	8775835
21120	16199	637	53	301	8775845
21145	16138	661	54	302	8775855
21145	16081	672	54	300	8775865
21145	16030	678	54	300	8775875
21120	15982	687	54	300	8775885
21086	15935	690	55	301	8775895
21041	15895	701	55	301	8775905
20995	15855	704	55	301	8775915
20947	15820	704	56	302	8775925
20908	15792	706	55	304	8775935
20879	15768	699	55	304	8775945
20855	15753	671	55	305	8775955
20842	15746	627	56	306	8775965
20835	15746	301	56	306	8775995
53
20941	16437	61	53	299	8777001
20924	16437	73	53	299	8777011
20917	16437	143	53	301	8777021
20917	16451	322	53	301.833	8777081
20929	16451	453	53	302	8777091
20949	16457	478	53	302	8777101
20981	16457	507	53	302	8777111
21020	16457	533	53	301	8777121
21066	16457	552	53	301	8777131
21116	16464	566	53	299	8777141
21164	16464	576	53	299	8777151
21211	16464	586	53	299	8777161
21258	16464	599	53	299	8777171
21301	16464	603	53	299	8777181
21344	16464	612	53	299	8777191
21384	16452	615	53	299	8777201
21422	16443	623	53	299	8777211
21459	16430	628	53	299	8777221
21497	16416	627	54	298	8777231
21536	16400	630	54	298	8777241
21573	16383	630	54	297	8777251
21607	16366	633	54	297	8777261
21640	16347	634	54	297	8777271
21669	16329	633	54	297	8777281
21696	16310	638	54	297	8777291
21720	16290	637	54	297	8777301
21739	16271	638	54	297	8777311
21755	16253	641	54	297	8777321
21765	16232	639	55	297	8777331
21772	16211	640	55	297	8777341
21772	16184	643	55	297	8777351
21765	16157	642	55	297	8777361
21748	16126	644	55	297	8777371
21720	16092	649	56	298	8777381
21686	16060	646	56	298	8777391
21647	16028	649	56	298	8777401
21611	15999	650	56	298	8777411
21576	15974	650	56	298	8777421
21538	15951	649	56	301	8777431
21495	15931	650	56	301	8777441
21449	15913	647	56	302	8777451
21395	15898	647	56	302	8777461
21337	15884	649	56	302	8777471
21276	15871	649	56	302	8777481
21214	15858	646	56	302	8777491
21154	15844	648	56	302	8777501
21100	15832	648	56	303	8777511
21056	15821	644	56	303	8777521
21020	15811	630	56	303	8777531
20995	15811	612	56	303	8777541
20976	15801	563	56	305	8777551
20964	15801	478	56	305	8777561
20957	15801	113	56	306	8777591
8
20955	15964	19	55	309	8779125
20961	15972	43	55	309	8779135
20961	15979	124	55	309	8779185
20968	15986	202	55	309	8779195
20984	15986	203	55	309	8779205
21007	15986	200	55	309	8779215
21036	15993	179	55	309	8779225
21067	15993	54	55	309	8779245
78
21030	16239	65	54	304	8779649
21045	16239	147	54	304	8779669
21052	16239	327	54	304	8779709
21043	16239	421	54	304	8779719
21043	16245	455	54	304	8779729
21031	16245	484	54	304	8779739
21024	16245	493	54	304	8779749
21013	16245	505	54	304	8779759
20998	16245	520	54	304	8779769
20982	16245	536	54	304	8779779
20965	16245	541	54	304	8779789
20949	16245	556	54	304	8779799
20932	16245	574	54	304	8779809
20911	16239	592	54	304	8779819
20893	16239	596	54	304	8779829
20862	16239	604	54	304	8779839
20823	16231	606	54	304	8779849
20778	16231	607	54	304	8779859
20720	16231	612	54	304	8779869
20659	16231	608	54	304	8779879
20593	16231	612	54	304	8779889
20525	16231	612	54	304	8779899
20461	16231	610	54	304	8779909
20409	16231	612	54	304	8779919
20369	16231	613	54	304	8779929
20340	16231	613	54	304	8779939
20319	16231	614	54	304	8779949
20303	16231	614	54	304	8779959
20295	16238	614	54	304	8779979
20288	16238	614	54	304	8780029
20288	16247	612	54	304	8780039
20288	16256	614	54	304	8780049
20288	16269	613	54	304	8780059
20295	16287	612	54	304	8780069
20301	16311	613	54	304	8780079
20311	16336	616	54	304	8780089
20318	16362	618	54	304	8780099
20325	16389	621	54	304	8780109
20333	16410	629	54	304	8780119
20333	16433	627	54	304	8780129
20346	16457	630	54	304	8780139
20354	16471	633	54	304	8780149
20361	16500	636	54	304	8780159
20370	16530	632	54	304	8780169
20370	16561	636	53	303	8780179
20381	16605	633	53	303	8780189
20390	16642	633	53	303	8780199
20397	16678	632	53	303	8780209
20397	16711	634	53	303	8780219
20397	16740	634	53	303	8780229
20397	16763	636	53	302	8780239
20386	16780	638	53	302	8780249
20386	16792	637	53	302	8780259
20379	16799	637	53	302	8780299
20369	16799	636	53	302	8780309
20361	16799	629	53	302	8780319
20354	16789	628	53	302	8780329
20343	16781	627	53	302	8780339
20331	16773	627	53	302	8780349
20314	16763	627	52	301	8780359
20292	16750	628	52	301	8780369
20265	16736	628	52	301	8780379
20236	16723	633	53	302	8780389
20209	16711	632	53	302	8780399
20183	16701	634	53	302	8780409
20158	16691	636	53	302	8780419
20127	16682	636	53	302	8780429
20095	16682	634	53	302	8780439
20060	16672	640	53	302	8780449
20027	16672	641	53	302	8780459
19997	16672	641	53	302	8780469
19975	16663	639	53	302	8780479
19961	16663	634	52	303	8780489
19954	16663	596	52	303.667	8780519
19961	16657	501	52	304	8780529
19961	16650	430	52	304	8780539
19969	16641	294	52	304	8780549
19969	16629	36	52	304	8780569
41
21825	16144	102	56	306	8782757
21810	16151	132	56	306	8782767
21804	16151	194	56	307	8782777
21804	16157	260	56	307	8782787
21795	16157	314	56	307	8782797
21795	16164	410	56.25	307.25	8782837
21801	16164	733	56.8026	308.263	8783597
21812	16164	740	56	309	8783607
21825	16164	739	55	310	8783617
21844	16164	739	55	310	8783627
21866	16164	739	55	310	8783637
21889	16164	738	55	310	8783647
21915	16164	738	55	310	8783657
21944	16164	738	55	310	8783667
21979	16164	738	55	310	8783677
22018	16164	738	56	309	8783687
22058	16157	740	56	309	8783697
22103	16157	740	56	307	8783707
22148	16157	739	56	307	8783717
22194	16165	740	56	307	8783727
22243	16165	741	56	307	8783737
22290	16165	741	56	307	8783747
22336	16165	742	56	307	8783757
22383	16165	743	56	307	8783767
22427	16165	743	56	307	8783777
22472	16165	742	56	307	8783787
22517	16165	743	56	307	8783797
22562	16171	742	56	307	8783807
22607	16171	742	56	307	8783817
22650	16181	743	56	307	8783827
22691	16181	741	57	306	8783837
22729	16192	742	57	306	8783847
22765	16192	740	57	304	8783857
22797	16200	740	57	304	8783867
22828	16200	740	57	304	8783877
22855	16208	741	57	304	8783887
22882	16208	741	57	304	8783897
22905	16208	739	57	304	8783907
22922	16215	739	57	304	8783917
22934	16215	704	56.1667	304.333	8783977
22925	16215	250	56	305	8784027
56
22966	16426	267	55	301	8784133
22966	16433	298	55	301	8784143
22955	16433	324	55	301	8784153
22948	16424	418	55	301	8784163
22938	16407	478	55	301	8784173
22930	16377	534	55	301	8784183
22919	16338	574	55	301	8784193
22907	16290	603	55	301	8784203
22896	16242	618	55	301	8784213
22889	16196	628	55	301	8784223
22889	16150	643	55	301	8784233
22880	16111	651	56	302	8784243
22880	16076	657	56	302	8784253
22880	16046	659	56	302	8784263
22874	16020	663	56	302	8784273
22874	16001	662	56	303	8784283
22874	15986	662	56	303	8784293
22874	15972	663	56	303	8784303
22874	15961	664	56	303	8784313
22874	15951	665	57	304	8784323
22874	15942	663	57	304	8784333
22874	15934	663	57	304	8784343
22874	15927	663	57	304	8784363
22874	15920	662	57	304	8784393
22880	15920	663	57	304	8784493
22891	15928	667	57	304	8784503
22905	15938	667	57	304	8784513
22931	15955	666	57	304	8784523
22965	15977	665	57	304	8784533
23010	16009	666	57	304	8784543
23057	16041	667	57	304	8784553
23105	16073	666	57	304	8784563
23150	16104	666	57	304	8784573
23190	16130	665	58	303	8784583
23222	16151	666	58	303	8784593
23250	16167	670	58	301	8784603
23273	16181	671	58	301	8784613
23290	16188	671	58	301	8784623
23300	16188	673	58	301	8784633
23307	16196	675	58	300.714	8784703
23296	16205	683	58	299	8784713
23287	16212	688	58	297	8784723
23275	16223	691	58	297	8784733
23258	16237	690	58	297	8784743
23235	16253	688	58	297	8784753
23205	16271	690	58	297	8784763
23165	16290	686	57	296	8784773
23115	16309	677	57	296	8784783
23054	16326	675	57	296	8784793
22990	16344	674	57	296	8784803
22927	16360	668	57	296	8784813
22875	16373	663	56	297	8784823
22839	16382	651	56	297	8784833
22816	16382	618	56	298	8784843
22807	16382	500	56	298	8784863
22817	16382	142	55	297	8784883
26
23299	16288	202	56	298	8785065
23307	16288	307	56	298	8785085
23298	16278	440	56	298	8785095
23286	16261	498	56	298	8785105
23273	16240	542	56	298	8785115
23260	16211	581	56	297	8785125
23250	16182	599	57	298	8785135
23250	16160	625	57	296	8785145
23262	16140	636	57	296	8785155
23281	16127	651	57	296	8785165
23310	16121	663	57	296	8785175
23345	16121	672	57	296	8785185
23384	16121	678	57	296	8785195
23419	16135	682	57	296	8785205
23450	16152	690	58	297	8785215
23475	16178	698	58	297	8785225
23491	16205	703	58	297	8785235
23498	16234	709	58	297	8785245
23498	16262	700	58	297	8785255
23475	16286	698	57	296	8785265
23448	16305	686	57	296	8785275
23417	16321	670	57	296	8785285
23387	16331	628	57	296	8785295
23364	16331	543	57	296	8785305
23348	16331	373	57	296	8785315
23340	16324	0	56.5	296	8785335
28
23604	16211	236	56	299	8785603
23594	16211	457	56	299	8785623
23584	16211	523	56	299	8785633
23584	16218	555	56	299	8785643
23578	16218	780	56	299	8785853
23584	16218	919	56	299	8785923
23591	16225	903	55.4194	303.032	8786233
23583	16225	846	55	305	8786463
23590	16225	806	55	305	8786473
23603	16218	806	55	305	8786483
23630	16218	807	55	304	8786493
23670	16218	807	55	304	8786503
23721	16218	807	56	302	8786513
23776	16218	807	56	302	8786523
23833	16218	804	56	302	8786533
23886	16225	804	56	302	8786543
23937	16225	803	56	302	8786553
23984	16225	804	56	302	8786563
24027	16225	804	56	302	8786573
24068	16225	804	56	302	8786583
24110	16225	804	56	302	8786593
24152	16225	803	56	302	8786603
24195	16225	803	56	302	8786613
24234	16225	805	56	302	8786623
24270	16225	806	56	302	8786633
24298	16225	806	56	302	8786643
24315	16225	805	56	302	8786653
24327	16225	608	56	302	8786773
21
24432	16390	152	55	297	8787041
24432	16408	298	55	297	8787051
24432	16417	372	55	297	8787061
24438	16426	430	55	297	8787071
24438	16435	491	55	297	8787081
24438	16441	587	55	297	8787121
24429	16419	679	55	297	8787131
24419	16382	708	55	296	8787141
24405	16331	736	55	296	8787151
24390	16266	756	55	295	8787161
24375	16199	770	55	295	8787171
24364	16137	777	55	295	8787181
24354	16083	780	56	296	8787191
24345	16038	779	56	296	8787201
24345	16002	783	56	296	8787211
24332	15971	776	57	296	8787221
24322	15944	765	57	296	8787231
24312	15923	742	57	296	8787241
24300	15906	697	57	296	8787251
24293	15897	574	58	297	8787271
24293	15909	130	58	297	8787291
34
24431	16409	216	55	297	8787525
24413	16409	257	55	297	8787535
24406	16409	310	55	297	8787545
24406	16421	397	55	297	8787555
24400	16432	485	55	297	8787565
24400	16438	539	55	297	8787575
24415	16445	592	55	297	8787585
24433	16445	611	55	297	8787595
24459	16451	621	55	297	8787605
24495	16451	633	55	296	8787615
24538	16444	641	55	296	8787625
24586	16428	652	55	295	8787635
24636	16405	651	55	295	8787645
24681	16374	668	55	295	8787655
24719	16338	678	55	295	8787665
24746	16300	698	55	295	8787675
24764	16257	706	55	295	8787685
24774	16213	722	55	295	8787695
24774	16166	754	56	296	8787705
24774	16121	762	56	296	8787715
24762	16080	768	56	296	8787725
24740	16040	779	56	296	8787735
24706	16004	795	56	296	8787745
24661	15972	799	57	296	8787755
24602	15942	801	57	296	8787765
24537	15917	804	57	296	8787775
24473	15897	808	57	296	8787785
24414	15880	807	58	297	8787795
24366	15867	801	58	297	8787805
24331	15860	784	58	297	8787815
24312	15860	740	58	297	8787825
24302	15860	665	59	298	8787835
24302	15875	574	59	298	8787845
24327	15897	174	59	298	8787865
33
24884	16165	286	57	296.667	8788319
24884	16171	571	56	299	8788339
24875	16178	693	56	299	8788389
24875	16184	850	56.5167	300.117	8788989
24868	16184	785	56	299	8789009
24853	16169	785	57	300	8789019
24839	16151	785	57	300	8789029
24824	16130	784	57	300	8789039
24813	16106	784	57	300	8789049
24813	16084	780	57	300	8789059
24813	16066	777	57	300	8789069
24833	16051	778	57	300	8789079
24858	16043	777	57	300	8789089
24892	16043	778	57	300	8789099
24930	16043	778	57	300	8789109
24971	16055	778	57	300	8789119
25006	16067	779	57	300	8789129
25037	16084	780	57	300	8789139
25064	16104	780	57	300	8789149
25084	16125	780	57	300	8789159
25102	16151	779	57	300	8789169
25116	16180	779	57	300	8789179
25125	16208	784	57	300	8789189
25125	16237	779	57	300	8789199
25125	16260	779	57	300	8789209
25125	16282	770	58	299	8789219
25103	16298	763	58	299	8789229
25074	16308	747	57	296	8789239
25034	16308	728	57	296	8789249
24990	16308	695	57	296	8789259
24949	16308	625	57	296	8789269
24919	16291	486	57	296	8789279
24904	16276	86	56.5	297.5	8789299
19
25185	16148	97	56	299	8789669
25175	16148	171	56	299	8789679
25169	16154	319	56	299	8789699
25169	16164	490	56	299	8789719
25179	16172	564	56	299	8789729
25187	16172	603	57	300	8789739
25202	16181	626	57	300	8789749
25226	16181	642	57	300	8789759
25260	16191	642	57	300	8789769
25305	16191	650	57	300	8789779
25365	16204	661	58	299	8789789
25431	16204	661	58	299	8789799
25502	16215	658	58	297	8789809
25567	16215	657	58	297	8789819
25618	16226	655	58	297	8789829
25655	16226	629	58	297	8789839
25674	16235	583	58	297	8789849
25682	16235	469	58	297	8789859
25682	16243	115	57	296	8789879
22
25986	16417	367	57	293	8790065
25969	16417	392	57	293	8790075
25956	16417	455	57	293	8790085
25943	16408	523	57	293	8790095
25936	16392	573	57	293	8790105
25936	16371	611	56	292	8790115
25936	16349	622	56	292	8790125
25957	16327	646	56	292	8790135
25982	16308	659	56	292	8790145
26014	16297	682	56	292	8790155
26049	16297	701	56	292	8790165
26082	16297	709	56	292	8790175
26113	16308	725	56	290	8790185
26140	16326	728	56	290	8790195
26162	16348	732	57	289	8790205
26180	16375	726	57	289	8790215
26195	16404	722	57	289	8790225
26206	16434	691	57	289	8790235
26215	16463	643	57	289	8790245
26221	16488	564	57	287	8790255
26221	16507	411	57	287	8790265
26221	16515	67	57	286	8790285
15
26100	16195	243	56	292	8790473
26100	16216	355	56	292	8790483
26100	16226	486	56	292	8790493
26100	16234	569	56	290	8790503
26092	16234	618	56	290	8790513
26085	16234	656	56	288	8790523
26077	16219	672	57	289	8790533
26069	16196	697	57	289	8790543
26061	16166	705	57	289	8790553
26061	16138	708	57	289	8790563
26061	16111	707	57	289	8790573
26061	16090	689	57	289	8790583
26061	16073	625	58	290	8790593
26061	16058	462	58	290	8790603
26061	16047	44	58	290	8790623
145
20053	15105	14	57	314	8792317
20035	15093	53	57	314	8792327
20022	15087	92	57	314	8792337
20009	15087	113	57	314	8792347
19995	15076	126	57	314	8792357
19989	15076	150	57	314	8792367
19989	15067	253	57	314	8792407
19989	15060	494	56.8571	316.857	8792477
19995	15060	796	56.9643	317.929	8792757
19995	15067	845	57	318	8792817
20002	15067	859	56.9	318.933	8793117
20002	15060	895	59.3333	316.5	8793177
19995	15060	919	61	314	8793217
19995	15054	947	64.4375	308.188	8793377
19988	15054	1009	75.7838	285.824	8794117
19995	15054	1023	76.5882	292.647	8794287
20002	15054	1019	73.25	301.25	8794327
20009	15054	1001	71.6667	303.333	8794357
20018	15054	989	71	304	8794367
20030	15045	984	70	307	8794377
20051	15039	973	70	307	8794387
20079	15039	961	70	307	8794397
20118	15029	957	70	309	8794407
20164	15029	950	70	309	8794417
20220	15029	949	69	311	8794427
20281	15036	945	69	311	8794437
20349	15036	942	69	311	8794447
20424	15045	938	69	311	8794457
20503	15045	933	69	311	8794467
20585	15052	931	69	311	8794477
20666	15052	929	69	311	8794487
20746	15052	927	69	311	8794497
20825	15052	926	69	311	8794507
20904	15052	924	69	311	8794517
20985	15052	924	69	311	8794527
21064	15043	925	69	311	8794537
21145	15043	927	69	311	8794547
21227	15033	927	69	311	8794557
21314	15033	926	69	311	8794567
21403	15033	927	69	311	8794577
21495	15033	927	69	311	8794587
21587	15033	926	68	309	8794597
21676	15033	927	68	309	8794607
21764	15033	925	68	309	8794617
21847	15033	925	68	309	8794627
21927	15043	924	68	309	8794637
22007	15043	925	68	309	8794647
22084	15056	927	68	309	8794657
22157	15063	927	68	309	8794667
22230	15072	927	68	309	8794677
22297	15079	928	68	311	8794687
22362	15089	928	68	311	8794697
22425	15099	926	67	313	8794707
22488	15110	927	67	313	8794717
22551	15120	926	67	313	8794727
22613	15130	927	67	313	8794737
22673	15140	926	67	313	8794747
22730	15147	926	68	311	8794757
22787	15155	925	68	311	8794767
22844	15162	925	68	311	8794777
22900	15162	923	68	311	8794787
22957	15170	922	67	313	8794797
23013	15170	922	68	311	8794807
23067	15181	922	68	311	8794817
23117	15188	921	68	309	8794827
23164	15195	921	68	309	8794837
23210	15203	920	68	308	8794847
23254	15209	920	68	308	8794857
23298	15221	917	68	308	8794867
23341	15233	917	68	308	8794877
23384	15244	912	68	308	8794887
23427	15257	909	68	308	8794897
23467	15267	905	68	308	8794907
23506	15278	901	67	306	8794917
23542	15288	895	67	306	8794927
23576	15297	893	67	306	8794937
23607	15305	884	67	306	8794947
23636	15312	875	66	308	8794957
23661	15312	869	66	308	8794967
23684	15322	860	65	308	8794977
23702	15322	850	65	308	8794987
23718	15322	846	65	308	8794997
23732	15329	841	65	308	8795007
23743	15329	838	65	308	8795017
23751	15329	834	65	308	8795027
23751	15337	830	65	308	8795037
23760	15337	821	64.5	307.5	8795057
23772	15337	814	64	307	8795067
23780	15348	810	64	307	8795077
23792	15357	808	64	307	8795087
23806	15367	807	64	307	8795097
23819	15378	805	64	307	8795107
23829	15390	807	64	307	8795117
23836	15402	807	64	307	8795127
23836	15417	805	64	307	8795137
23844	15433	807	64	307	8795147
23844	15454	807	64	305	8795157
23844	15477	811	64	305	8795167
23844	15505	809	64	305	8795177
23844	15537	810	64	305	8795187
23844	15571	811	64	305	8795197
23844	15610	810	64	305	8795207
23844	15650	813	64	305	8795217
23851	15688	814	64	305	8795227
23851	15724	812	64	305	8795237
23858	15759	815	64	305	8795247
23858	15788	817	64	305	8795257
23858	15810	822	63	304	8795267
23858	15828	820	63	304	8795277
23867	15843	817	63	304	8795287
23867	15859	817	63	304	8795297
23879	15875	817	63	304	8795307
23879	15889	818	63	304	8795317
23887	15899	818	63	304	8795327
23887	15908	817	63	304	8795337
23897	15916	816	63	304	8795347
23905	15926	815	62	303	8795357
23912	15934	815	62	303	8795367
23921	15942	815	62	303	8795377
23931	15948	815	62	303	8795387
23942	15948	816	62	303	8795397
23954	15959	816	62	303	8795407
23968	15959	816	62	303	8795417
23983	15969	815	62	303	8795427
23999	15969	815	62	303	8795437
24018	15979	817	62	303	8795447
24037	15979	817	62	303	8795457
24056	15989	817	62	303	8795467
24074	15989	817	62	303	8795477
24091	15999	818	62	303	8795487
24108	15999	818	62	303	8795497
24126	15999	822	62	303	8795507
24143	15999	823	62	303	8795517
24159	15999	822	62	303	8795527
24178	15999	825	62	303	8795537
24196	16005	826	62	303	8795547
24216	16005	824	62	303	8795557
24235	16005	824	61	302	8795567
24250	16014	825	61	302	8795577
24259	16014	824	61	302	8795597
24270	16014	815	61	302	8795617
24277	16014	774	61	302	8795637
24284	16014	606	61	302	8795657
24293	16003	255	61	302	8795667
24293	15997	29	61	302	8795687
