51
15
6420	19931	379	52	316	8963235
6409	19924	517	53	316	8963255
6400	19924	698	54	316	8963265
6400	19931	831	55.25	315.75	8963305
6420	19931	880	56	316	8963315
6454	19931	887	57	315	8963325
6508	19931	897	57	316	8963335
6580	19931	900	58	315	8963345
6660	19944	898	58	315	8963355
6746	19952	895	58	315	8963365
6828	19962	880	58	315	8963375
6900	19972	839	58	314	8963385
6958	19978	752	58	314	8963395
6996	19978	574	59	312	8963405
7017	19978	71	59	312	8963425
13
6534	19706	120	52	319	8963619
6508	19661	450	53	320	8963629
6492	19650	544	54	319	8963639
6478	19642	661	54	320	8963649
6466	19642	763	55	319.667	8963679
6489	19642	828	56	320	8963689
6523	19642	847	56	320	8963699
6574	19654	855	58	320	8963709
6637	19666	854	58	320	8963719
6704	19680	844	58	319	8963729
6767	19692	797	58	319	8963739
6823	19702	693	59	318	8963749
6869	19708	258	59	318	8963769
24
6865	20145	455	55	310	8964107
6825	20126	485	55	310	8964117
6805	20119	576	55	310	8964127
6788	20119	631	55	310	8964137
6780	20108	683	55	310	8964147
6780	20098	722	55	310	8964157
6800	20081	754	56	311	8964167
6830	20056	772	56	311	8964177
6875	20024	795	56	311	8964187
6931	19986	808	56	311	8964197
6991	19945	817	57	312	8964207
7049	19901	827	57	312	8964217
7095	19860	830	57	311	8964227
7131	19824	834	58	312	8964237
7151	19791	843	58	311	8964247
7151	19761	858	58	311	8964257
7140	19731	868	59	312	8964267
7108	19700	876	59	312	8964277
7061	19668	879	60	314	8964287
7009	19639	881	60	314	8964297
6960	19616	874	60	315	8964307
6924	19601	843	60	315	8964317
6904	19593	691	61	316	8964337
6904	19604	96	60	318	8964357
29
6846	20126	394	53	308	8964631
6826	20134	425	53	308	8964641
6826	20142	515	54	308	8964651
6826	20154	607	54	308	8964661
6826	20166	672	54	308	8964671
6854	20172	739	54	308	8964681
6900	20172	770	55	309	8964691
6971	20172	791	55	309	8964701
7066	20153	800	55	309	8964711
7177	20128	813	55	310	8964721
7297	20093	826	56	309	8964731
7410	20051	838	56	309	8964741
7509	20006	847	56	307	8964751
7587	19961	853	57	308	8964761
7639	19922	859	57	308	8964771
7669	19883	874	57	308	8964781
7681	19847	880	58	310	8964791
7673	19810	892	58	310	8964801
7644	19771	895	58	310	8964811
7595	19730	897	58	311	8964821
7528	19689	895	58	311	8964831
7447	19652	891	59	312	8964841
7357	19617	887	59	312	8964851
7264	19591	881	60	314	8964861
7177	19572	870	60	314	8964871
7101	19560	836	60	315	8964881
7043	19560	776	60	315	8964891
7007	19560	596	60	315	8964901
6995	19570	42	61	316	8964921
11
7737	19878	518	55	314	8965167
7754	19869	587	55	314	8965177
7767	19869	687	55	314	8965187
7786	19869	765	55	315	8965197
7815	19869	815	55	315	8965207
7860	19869	829	56	314	8965217
7918	19869	830	57	315	8965227
7986	19869	827	57	314	8965237
8057	19869	798	57	314	8965247
8125	19869	709	58	315	8965257
8184	19869	220	58	314	8965277
16
6333	18221	483	59	325	8965883
6304	18165	557	60	324	8965893
6295	18139	603	60	324	8965903
6288	18123	734	61	324	8965913
6288	18114	814	61	324	8965933
6301	18114	868	61	324	8965943
6329	18114	895	61	324	8965953
6376	18126	905	62	323	8965963
6439	18136	913	62	323	8965973
6511	18147	914	63	321	8965983
6583	18159	910	63	321	8965993
6645	18165	890	63	321	8966003
6698	18172	851	63	321	8966013
6743	18172	763	63	321	8966023
6778	18179	606	63	321	8966033
6799	18179	137	63	321	8966053
13
6544	18077	435	61	322	8966159
6484	18012	619	61	322	8966169
6455	17985	663	61	324	8966179
6434	17966	759	61	324	8966189
6420	17953	809	61	324	8966199
6420	17946	831	61	324	8966209
6443	17946	854	62	326	8966219
6482	17946	859	62	326	8966229
6541	17962	860	62	326	8966239
6615	17981	847	62	326	8966249
6690	18005	804	62	324	8966259
6753	18026	713	62	324	8966269
6802	18043	259	63.5	324	8966289
22
6619	18385	407	58	322	8966575
6572	18359	436	58	322	8966585
6550	18359	548	58	322	8966595
6530	18352	623	59	321	8966605
6520	18352	699	59	319.5	8966625
6541	18338	764	59	318	8966635
6576	18319	787	60	316	8966645
6630	18292	813	60	316	8966655
6701	18258	821	61	316	8966665
6777	18221	827	61	316	8966675
6849	18178	833	61	316	8966685
6907	18136	839	61	316	8966695
6948	18089	845	62	317	8966705
6968	18045	852	62	317	8966715
6968	18005	855	63	315	8966725
6947	17962	873	63	317	8966735
6909	17924	874	63	317	8966745
6860	17891	873	63	317	8966755
6810	17865	875	64	318	8966765
6766	17849	863	64	318	8966775
6735	17840	848	65	320	8966785
6719	17840	452	65	321	8966825
18
6804	18437	389	60	321	8967211
6781	18430	424	60	321	8967221
6771	18430	541	60	321	8967231
6764	18430	677	60	318.333	8967261
6789	18430	769	61	316	8967271
6823	18430	802	61	316	8967281
6869	18422	817	61	316	8967291
6919	18422	836	61	316	8967301
6964	18412	839	61	316	8967311
6999	18412	848	62	315	8967321
7022	18404	853	62	315	8967331
7035	18404	857	62	313	8967341
7042	18398	866	61	312	8967371
7035	18398	867	61	312	8967381
7028	18398	845	61	312	8967391
7020	18398	825	61	312	8967401
7013	18405	714	61	312	8967421
7005	18415	247	61.5	312.5	8967441
37
6580	18382	144	60	321	8967815
6562	18373	269	60	321	8967825
6555	18373	498	60.8	319	8967875
6571	18384	689	61	318	8967885
6596	18391	740	61	318	8967895
6632	18401	771	61	316	8967905
6680	18410	796	61	316	8967915
6743	18418	833	62	315	8967925
6817	18418	859	62	315	8967935
6899	18418	871	62	313	8967945
6979	18418	877	62	313	8967955
7055	18409	883	62	313	8967965
7124	18409	887	62	313	8967975
7182	18399	885	62	313	8967985
7230	18391	887	62	313	8967995
7271	18381	888	62	313	8968005
7301	18366	888	62	313	8968015
7323	18347	885	62	313	8968025
7341	18323	885	62	313	8968035
7354	18293	885	62	313	8968045
7363	18258	887	63	312	8968055
7363	18221	884	63	312	8968065
7363	18184	883	64	312	8968075
7356	18144	884	64	312	8968085
7340	18105	884	64	312	8968095
7319	18068	884	65	313	8968105
7294	18032	887	65	313	8968115
7263	18001	887	65	313	8968125
7227	17974	890	65	315	8968135
7182	17950	891	65	315	8968145
7124	17925	892	65	317	8968155
7052	17901	889	65	318	8968165
6969	17877	889	65	320	8968175
6884	17854	879	65	322	8968185
6810	17837	865	65	322	8968195
6757	17827	799	65	322	8968205
6730	17827	336	66	324	8968235
15
7472	18196	337	60	328	8968559
7460	18196	447	60	328	8968569
7449	18196	587	61	327	8968579
7435	18196	746	60	325	8968589
7422	18196	813	61	324	8968599
7415	18196	861	61	324	8968619
7428	18196	912	62	323	8968629
7462	18196	929	62	323	8968639
7517	18196	935	62	320	8968649
7600	18196	936	62	320	8968659
7684	18196	932	62	320	8968669
7766	18206	912	63	318	8968679
7834	18213	854	63	318	8968689
7883	18213	718	63	317	8968699
7921	18221	137	63	317	8968719
16
6232	16948	370	60	321	8969543
6207	16931	445	59	322	8969553
6183	16931	541	60	324	8969563
6166	16918	654	59	325	8969573
6151	16918	707	59	325	8969583
6151	16908	753	60	324	8969603
6169	16901	806	61	322	8969613
6203	16901	823	61	324	8969623
6254	16901	829	61	324	8969633
6319	16901	832	61	324	8969643
6393	16901	832	61	324	8969653
6465	16901	827	61	324	8969663
6528	16901	811	62	326	8969673
6579	16901	754	62	326	8969683
6615	16887	650	62	326	8969693
6642	16878	228	62	326	8969713
14
6273	16713	565	60	326	8969831
6196	16650	578	60	326	8969841
6170	16628	672	60	326	8969851
6153	16616	736	60	328	8969861
6153	16606	769	60	328	8969871
6170	16606	801	60	328	8969881
6209	16600	814	60	328	8969891
6270	16606	818	60	328	8969901
6348	16618	818	61	328	8969911
6434	16635	820	61	328	8969921
6515	16649	802	62	327	8969931
6585	16660	745	63	326	8969941
6640	16667	646	64	325	8969951
6684	16674	227	64	325	8969971
26
6483	17023	263	58	320	8970315
6440	17023	383	58	320	8970325
6420	17023	441	58	322	8970335
6405	17023	545	58	322	8970345
6397	17023	615	58	322	8970355
6405	17017	658	58	322	8970365
6429	17005	696	59	322	8970375
6470	16984	724	59	322	8970385
6530	16958	745	60	321	8970395
6605	16930	766	61	322	8970405
6683	16898	786	61	322	8970415
6760	16866	798	61	321	8970425
6827	16833	804	61	321	8970435
6880	16795	809	63	321	8970445
6915	16756	816	63	321	8970455
6929	16715	823	63	321	8970465
6919	16671	831	63	321	8970475
6887	16627	831	63	323	8970485
6840	16586	834	63	323	8970495
6782	16551	837	63	323	8970505
6724	16523	835	63	323	8970515
6674	16503	831	63	323	8970525
6633	16491	814	63	323	8970535
6607	16491	749	63	323	8970545
6596	16491	633	64	325	8970555
6602	16491	186	64	325	8970575
37
6522	17068	247	58	320	8971031
6494	17068	306	58	320	8971041
6477	17068	431	58	322	8971051
6458	17076	514	58	322	8971061
6443	17076	581	58	322	8971071
6434	17076	674	59.3333	321.333	8971101
6446	17076	759	60	321	8971111
6472	17076	796	60	321	8971121
6511	17076	831	60	321	8971131
6567	17076	855	61	322	8971141
6632	17082	873	61	321	8971151
6709	17082	886	61	321	8971161
6798	17082	900	62	320	8971171
6897	17075	910	62	320	8971181
7000	17065	910	62	320	8971191
7104	17051	910	62	320	8971201
7201	17033	912	63	321	8971211
7290	17014	913	63	321	8971221
7368	16990	913	63	320	8971231
7432	16963	913	63	320	8971241
7479	16939	914	64	318	8971251
7509	16910	914	64	318	8971261
7521	16885	918	64	318	8971271
7521	16855	917	64	318	8971281
7495	16819	918	64	318	8971291
7453	16779	920	64	318	8971301
7395	16736	914	64	318	8971311
7320	16685	913	65	320	8971321
7231	16634	914	65	320	8971331
7139	16588	920	65	320	8971341
7043	16544	919	65	320	8971351
6958	16512	919	65	320	8971361
6886	16489	911	65	320	8971371
6831	16477	899	65	320	8971381
6793	16477	859	65	320	8971391
6772	16477	669	65	322	8971411
6772	16487	14	65	322	8971431
13
7517	16839	326	59	325	8971695
7539	16839	527	60	326	8971705
7550	16839	611	60	325	8971715
7564	16839	755	60	325	8971725
7575	16849	831	61	324	8971735
7600	16849	868	61	324	8971745
7636	16849	891	61	324	8971755
7685	16856	896	62	323	8971765
7750	16856	893	62	323	8971775
7822	16856	877	63	321	8971785
7893	16856	813	63	321	8971795
7958	16856	658	63	321	8971805
8008	16856	62	63	320	8971825
15
5854	15252	510	58	322	8972459
5848	15263	531	58	322	8972469
5848	15274	637	58	322	8972479
5848	15289	734	58	322	8972489
5869	15302	792	58	322	8972499
5903	15311	815	58	322	8972509
5950	15311	829	58	322	8972519
6014	15319	839	58	322	8972529
6086	15319	841	59	322	8972539
6157	15312	839	59	322	8972549
6224	15305	832	60	321	8972559
6279	15297	797	60	321	8972569
6323	15290	738	60	321	8972579
6353	15282	628	60	319	8972589
6369	15275	207	60	319	8972609
13
6026	15111	552	60	319	8972695
5948	15046	568	60	319	8972705
5919	15025	645	60	319	8972715
5899	15012	704	60	319	8972725
5899	15004	750	60	321	8972735
5913	15004	788	60	321	8972745
5949	14996	801	60	321	8972755
6001	14996	802	60	321	8972765
6069	15007	796	60	321	8972775
6140	15022	759	60	321	8972785
6207	15040	673	61	322	8972795
6262	15056	531	61	322	8972805
6305	15069	16	61	321	8972825
28
6058	15493	331	60	315	8973223
6030	15493	390	60	315	8973233
6019	15493	505	60	315	8973243
6011	15493	581	60	315	8973253
6011	15501	665	60	315	8973273
6034	15501	747	60	315	8973283
6066	15501	772	60	315	8973293
6114	15490	794	60	314	8973303
6176	15474	820	60	314	8973313
6247	15452	838	60	314	8973323
6326	15421	847	60	315	8973333
6401	15382	851	61	314	8973343
6468	15337	860	61	314	8973353
6522	15287	862	61	312	8973363
6557	15236	866	61	312	8973373
6577	15187	868	61	312	8973383
6577	15139	868	62	313	8973393
6559	15092	872	62	313	8973403
6519	15047	874	62	313	8973413
6463	15006	873	63	315	8973423
6394	14971	873	63	315	8973433
6324	14942	877	63	315	8973443
6258	14922	872	63	317	8973453
6200	14906	855	63	317	8973463
6154	14894	838	63	317	8973473
6126	14894	743	63	317	8973483
6116	14894	626	64	318	8973493
6126	14894	137	64	318	8973513
32
6081	15568	456	60	318	8973827
6063	15560	471	61	316	8973837
6053	15560	557	61	316	8973847
6060	15560	642	61	316	8973857
6087	15573	702	61	316	8973867
6135	15580	738	61	316	8973877
6206	15580	762	60	315	8973887
6303	15580	794	60	315	8973897
6420	15580	817	60	315	8973907
6547	15559	831	60	315	8973917
6676	15533	846	60	315	8973927
6798	15500	854	61	316	8973937
6910	15462	858	62	315	8973947
7009	15417	860	62	315	8973957
7096	15373	860	62	313	8973967
7166	15327	858	62	313	8973977
7221	15281	856	62	313	8973987
7259	15237	854	62	313	8973997
7277	15192	858	63	315	8974007
7277	15150	855	63	315	8974017
7251	15111	856	63	315	8974027
7207	15076	858	63	317	8974037
7139	15044	854	63	317	8974047
7041	15013	852	63	317	8974057
6923	14987	854	63	317	8974067
6791	14961	858	64	318	8974077
6655	14939	851	64	318	8974087
6528	14922	847	64	318	8974097
6420	14907	832	64	318	8974107
6335	14900	771	64	318	8974117
6283	14900	592	65	320	8974127
6267	14907	99	65	320	8974147
14
7320	15198	484	64	325	8974539
7344	15190	564	64	323	8974549
7355	15190	679	64	323	8974559
7369	15190	786	65	320	8974569
7386	15202	851	65	320	8974579
7419	15210	887	65	320	8974589
7460	15218	911	65	320	8974599
7513	15226	917	65	320	8974609
7574	15226	917	64	318	8974619
7646	15226	917	64	318	8974629
7719	15226	907	64	318	8974639
7796	15226	882	64	318	8974649
7874	15233	803	64	318	8974659
7938	15233	313	64	318	8974679
19
6009	13977	372	61.2	317.8	8975651
6009	13970	632	62	317	8975661
6019	13970	668	63	315	8975671
6041	13955	690	63	315	8975681
6076	13938	700	63	317	8975691
6123	13916	708	63	317	8975701
6175	13887	711	63	317	8975711
6223	13852	713	63	317	8975721
6261	13811	717	63	317	8975731
6287	13765	720	63	317	8975741
6297	13714	721	63	317	8975751
6287	13664	721	63	317	8975761
6258	13617	725	63	317	8975771
6212	13574	729	63	317	8975781
6160	13539	727	63	317	8975791
6110	13513	724	64	318	8975801
6068	13499	680	64	318	8975811
6037	13499	603	64	318	8975821
6021	13499	135	64	318	8975841
31
6136	14010	344	60	315	8976195
6107	13999	390	60	315	8976205
6088	13992	477	61	316	8976215
6081	13992	602	61	316	8976235
6097	13999	689	61	316	8976245
6127	13999	727	61	318	8976255
6177	14009	752	62	317	8976265
6248	14009	769	62	317	8976275
6339	14009	786	63	315	8976285
6442	14009	796	63	315	8976295
6549	13991	803	63	317	8976305
6652	13968	807	63	317	8976315
6742	13939	810	63	317	8976325
6820	13902	812	63	317	8976335
6880	13863	812	63	317	8976345
6925	13819	815	63	317	8976355
6956	13776	816	63	317	8976365
6969	13734	818	63	317	8976375
6969	13696	821	64	318	8976385
6945	13662	827	64	318	8976395
6901	13633	836	64	318	8976405
6840	13610	837	64	318	8976415
6755	13587	836	64	318	8976425
6649	13568	839	64	318	8976435
6527	13548	847	64	318	8976445
6394	13527	848	65	320	8976455
6266	13509	835	65	320	8976465
6154	13494	822	65	320	8976475
6066	13483	784	65	320	8976485
6008	13483	675	65	320	8976495
5983	13483	232	65	320	8976515
18
7069	13789	357	62	320	8976831
7050	13789	512	62	320	8976851
7041	13789	753	63	321	8976871
7041	13797	845	63	321	8976881
7033	13797	930	63.6	318.8	8976931
7047	13797	968	64	318	8976941
7068	13805	981	64	318	8976951
7105	13812	986	64	318	8976961
7162	13820	986	64	318	8976971
7241	13831	984	64	318	8976981
7340	13844	981	64	318	8976991
7447	13857	981	64	318	8977001
7554	13870	976	65	317	8977011
7653	13879	957	65	317	8977021
7735	13879	922	65	315	8977031
7799	13889	854	65	315	8977041
7839	13889	710	65	315	8977051
7853	13889	207	65	315	8977071
20
6105	13779	151	64	318	8977407
6122	13801	275	64	318	8977417
6131	13815	394	64	318	8977427
6137	13828	522	64	318	8977437
6137	13839	611	64	318	8977447
6137	13845	660	64	318	8977457
6126	13845	709	64	318	8977467
6102	13845	744	64	318	8977477
6061	13845	796	64	318	8977487
6002	13832	810	64	318	8977497
5924	13816	836	64	318	8977507
5829	13797	841	64	318	8977517
5720	13778	843	64	318	8977527
5603	13759	840	64	318	8977537
5484	13745	834	64	318	8977547
5371	13737	824	64	318	8977557
5270	13737	797	64	318	8977567
5190	13737	730	64	318	8977577
5132	13737	588	64	318	8977587
5102	13752	116	64	318	8977607
18
6239	13647	101	65	318	8977911
6263	13647	188	66	317	8977921
6275	13647	307	66	317	8977931
6287	13654	350	66	317	8977941
6298	13654	433	66	317	8977951
6306	13654	622	66	317	8978001
6285	13654	787	66	317	8978011
6260	13654	813	66	317	8978021
6220	13654	833	66	317	8978031
6160	13654	836	66	317	8978041
6072	13654	845	66	317	8978051
5957	13643	845	66	317	8978061
5823	13631	855	66	317	8978071
5679	13617	850	66	317	8978081
5542	13603	840	66	317	8978091
5423	13590	801	66	317	8978101
5326	13576	704	66	317	8978111
5254	13565	272	66	317	8978131
22
5559	12779	307	61	322	8978883
5505	12734	333	61	322	8978893
5467	12717	427	61	322	8978903
5427	12701	567	61	322	8978913
5390	12701	617	61	322	8978923
5366	12689	651	61	321	8978933
5355	12689	682	61	321	8978943
5362	12689	737	62	320	8978953
5390	12689	780	62	320	8978963
5445	12689	815	62	320	8978973
5528	12697	844	63	318	8978983
5629	12705	856	63	318	8978993
5745	12716	861	63	317	8979003
5865	12727	865	64	318	8979013
5977	12736	863	64	318	8979023
6086	12744	854	64	318	8979033
6178	12744	832	64	318	8979043
6250	12750	791	64	318	8979053
6303	12750	718	64	318	8979063
6334	12750	619	64	318	8979073
6345	12750	461	64	318	8979083
6332	12739	101	64	318	8979103
17
5518	12468	484	63	323	8979223
5447	12421	506	63	323	8979233
5430	12407	575	63	323	8979243
5423	12401	662	63	323	8979253
5430	12401	722	63	323	8979263
5456	12401	771	63	323	8979273
5500	12401	815	63	323	8979283
5565	12401	850	63	323	8979293
5650	12411	871	64	321	8979303
5748	12423	877	64	321	8979313
5855	12438	881	65	320	8979323
5962	12452	879	65	320	8979333
6061	12462	873	65	320	8979343
6147	12471	848	65	320	8979353
6216	12471	795	65	320	8979363
6268	12480	686	65	320	8979373
6304	12480	220	64.5	319	8979393
28
6024	13008	347	61	312	8979727
5984	13008	395	61	312	8979737
5969	13008	481	61	312	8979747
5956	13008	586	62	313	8979757
5949	13008	657	62	313	8979777
5957	12995	711	62	313	8979787
5976	12981	744	62	313	8979797
6008	12959	768	63	315	8979807
6055	12933	787	63	315	8979817
6119	12901	795	63	315	8979827
6188	12866	809	63	313	8979837
6261	12827	811	64	315	8979847
6328	12784	817	65	313	8979857
6383	12736	821	65	313	8979867
6426	12687	820	65	313	8979877
6454	12637	821	65	313	8979887
6467	12584	820	65	313	8979897
6467	12534	815	65	315	8979907
6436	12481	816	65	315	8979917
6393	12427	814	65	315	8979927
6335	12375	815	65	315	8979937
6267	12325	821	66	317	8979947
6202	12282	822	66	317	8979957
6141	12248	820	66	317	8979967
6090	12225	799	67	319	8979977
6054	12218	739	66	320	8979987
6032	12218	591	66	320	8979997
6032	12248	42	66	324	8980017
34
5979	13002	404	61	316	8980331
5971	12995	412	61	318	8980341
5987	12995	509	61	318	8980351
6015	13003	585	61	318	8980361
6057	13011	628	61	318	8980371
6121	13017	673	62	320	8980381
6203	13017	705	62	320	8980391
6306	13017	728	62	320	8980401
6424	13011	747	63	321	8980411
6548	12996	764	63	320	8980421
6676	12973	770	63	320	8980431
6802	12942	772	64	318	8980441
6926	12906	773	65	320	8980451
7049	12863	772	65	320	8980461
7165	12815	773	65	320	8980471
7275	12765	769	65	320	8980481
7370	12715	768	65	320	8980491
7446	12666	768	65	320	8980501
7499	12619	764	65	320	8980511
7523	12575	759	65	320	8980521
7523	12530	758	65	320	8980531
7485	12484	758	65	322	8980541
7420	12440	763	65	322	8980551
7324	12393	763	65	322	8980561
7200	12347	787	65	322	8980571
7053	12302	823	66	324	8980581
6900	12260	823	66	324	8980591
6748	12223	824	66	324	8980601
6604	12193	816	66	324	8980611
6479	12172	802	66	326	8980621
6370	12158	771	66	326	8980631
6282	12158	718	66	326	8980641
6224	12158	569	66	326	8980651
6193	12173	42	66	326	8980671
15
7641	12585	516	62	330	8981047
7601	12578	577	63	329	8981057
7579	12578	707	63	329	8981067
7556	12578	800	62	327	8981077
7544	12578	849	63	326	8981097
7552	12578	885	64	325	8981107
7579	12578	896	64	325	8981117
7628	12578	902	64	325	8981127
7700	12578	901	64	325	8981137
7789	12587	899	64	325	8981147
7890	12595	889	64	323	8981157
7988	12595	861	64	323	8981167
8078	12604	795	65	322	8981177
8152	12604	621	65	322	8981187
8203	12597	0	65	322	8981207
16
5516	11109	385	60	324	8981811
5494	11097	445	60	324	8981821
5483	11089	525	61	322	8981831
5475	11089	641	61	324	8981851
5483	11089	727	61	324	8981861
5505	11089	762	62	326	8981871
5548	11089	781	62	324	8981881
5603	11089	792	62	324	8981891
5671	11098	794	63	323	8981901
5745	11098	796	64	325	8981911
5812	11110	795	64	325	8981921
5876	11110	785	64	325	8981931
5931	11116	753	64	323	8981941
5976	11116	689	64	323	8981951
6009	11116	560	65	322	8981961
6028	11116	123	65	322	8981981
15
5558	10931	479	62	326	8982099
5463	10862	587	62	326	8982109
5418	10835	611	62	326	8982119
5385	10817	703	62	326	8982129
5364	10807	764	62	326.5	8982149
5394	10807	818	62	327	8982159
5448	10807	845	62	327	8982169
5527	10824	861	63	326	8982179
5623	10842	866	63	328	8982189
5723	10860	868	64	326	8982199
5818	10878	865	64	326	8982209
5900	10891	846	64	326	8982219
5969	10898	792	65	325	8982229
6017	10898	668	65	325	8982239
6046	10898	190	66	324	8982259
24
5711	11361	431	62	326	8982595
5688	11318	470	62	326	8982605
5688	11297	507	62	327	8982615
5698	11278	589	62	327	8982625
5720	11262	652	63	326	8982635
5762	11245	689	63	326	8982645
5822	11229	714	64	325	8982655
5894	11209	735	64	325	8982665
5970	11186	753	64	325	8982675
6045	11157	763	64	325	8982685
6111	11123	769	64	325	8982695
6162	11087	777	64	325	8982705
6199	11051	785	64	323	8982715
6223	11013	793	64	323	8982725
6229	10976	793	65	322	8982735
6218	10935	794	65	322	8982745
6186	10895	793	66	324	8982755
6138	10855	789	66	324	8982765
6077	10819	783	66	324	8982775
6015	10792	778	66	324	8982785
5953	10770	757	66	324	8982795
5900	10758	700	66	324	8982805
5862	10758	612	66	326	8982815
5842	10758	187	66	326	8982835
34
5694	11329	431	63	329	8983159
5685	11329	471	63	329	8983169
5685	11336	577	63	329	8983179
5685	11347	650	63	328	8983189
5702	11358	701	63	328	8983199
5737	11369	742	64	326	8983209
5791	11382	769	64	325	8983219
5871	11392	792	64	325	8983229
5976	11400	807	64	323	8983239
6102	11407	815	64	321	8983249
6248	11407	818	65	320	8983259
6403	11407	824	65	320	8983269
6566	11394	825	65	320	8983279
6733	11370	825	64	318	8983289
6893	11335	823	65	317	8983299
7043	11291	824	65	317	8983309
7175	11237	823	65	315	8983319
7284	11184	817	66	317	8983329
7363	11129	814	66	317	8983339
7410	11077	803	66	317	8983349
7419	11024	801	66	317	8983359
7390	10972	803	66	317	8983369
7325	10921	804	67	319	8983379
7224	10874	803	67	319	8983389
7088	10832	796	66	320	8983399
6923	10796	796	66	322	8983409
6736	10766	795	66	324	8983419
6542	10740	799	66	324	8983429
6360	10724	791	66	324	8983439
6197	10717	773	66	324	8983449
6060	10717	768	66	324	8983459
5955	10737	715	66	324	8983469
5884	10762	627	66	326	8983479
5851	10796	172	66	326	8983499
20
7588	11020	331	60	325	8983823
7580	11020	439	61	327	8983833
7569	11030	585	62	326	8983843
7550	11037	682	62	326	8983853
7533	11043	765	63	326	8983863
7517	11043	817	63	326	8983873
7504	11052	847	64	325	8983883
7494	11052	884	64	324	8983903
7487	11059	904	64	323	8983913
7494	11059	910	65	322	8983923
7509	11059	916	66	324	8983933
7541	11069	920	66	324	8983943
7596	11069	921	66	324	8983953
7679	11082	921	66	324	8983963
7792	11082	919	66	324	8983973
7928	11093	907	66	324	8983983
8078	11093	892	66	324	8983993
8237	11093	850	66	322	8984003
8391	11104	774	66	322	8984013
8533	11112	268	67	320	8984033
19
5330	9640	520	63	326	8984735
5316	9603	577	63	326	8984745
5300	9588	633	64	325	8984755
5278	9588	746	64	325	8984765
5259	9577	822	64	325	8984795
5287	9577	873	64	325	8984805
5334	9591	882	64	325	8984815
5405	9610	887	64	325	8984825
5489	9630	889	64	325	8984835
5575	9653	890	64	325	8984845
5656	9674	889	64	325	8984855
5729	9688	887	64	325	8984865
5794	9696	881	64	325	8984875
5852	9696	861	64	325	8984885
5902	9696	822	64	325	8984895
5940	9688	755	64	325	8984905
5964	9679	656	64	325	8984915
5973	9670	530	64	325	8984925
5973	9658	143	64	325	8984945
16
5335	9456	467	63	329	8985095
5293	9421	486	63	329	8985105
5281	9411	591	63	328	8985115
5281	9404	710	63.5	327	8985135
5303	9396	796	64	326	8985145
5347	9396	822	64	326	8985155
5414	9396	833	64	326	8985165
5498	9407	847	64	326	8985175
5592	9416	853	65	325	8985185
5683	9422	854	65	325	8985195
5763	9422	853	66	324	8985205
5838	9422	840	66	324	8985215
5898	9422	809	66	324	8985225
5944	9422	725	66	324	8985235
5975	9429	576	66	324	8985245
5989	9429	119	66	324	8985265
28
5585	9906	322	61	324	8985688
5553	9882	392	61	324	8985698
5535	9875	461	62	323	8985707
5518	9875	574	62	323	8985717
5502	9875	647	63	321	8985727
5493	9875	717	63	321	8985757
5518	9863	781	63	320	8985767
5550	9852	806	63	320	8985777
5595	9834	821	64	318	8985787
5655	9809	839	64	318	8985797
5726	9783	846	65	320	8985807
5801	9754	853	65	320	8985817
5875	9722	855	65	320	8985827
5941	9688	856	65	320	8985837
5997	9650	858	65	320	8985847
6037	9610	859	65	320	8985857
6062	9564	858	65	320	8985867
6070	9515	858	65	320	8985877
6062	9463	858	65	320	8985887
6042	9412	858	65	322	8985897
6011	9363	855	65	322	8985907
5969	9320	854	65	322	8985917
5923	9284	855	66	324	8985927
5876	9257	843	66	324	8985937
5836	9240	822	66	324	8985947
5810	9232	754	66	326	8985957
5797	9232	625	66	326	8985967
5797	9246	133	66	326	8985987
41
5440	9876	27	62	326	8986356
5449	9868	97	62	324	8986376
5456	9868	268	63.5	322.5	8986416
5447	9868	459	65	322	8986456
5441	9868	553	65	322	8986466
5441	9876	636	65	322	8986505
5441	9883	717	65	322	8986535
5452	9883	748	65	320	8986545
5470	9883	769	65	320	8986555
5503	9892	778	65	320	8986565
5556	9892	791	65	320	8986575
5623	9901	798	65	320	8986585
5706	9908	809	65	320	8986595
5803	9908	814	65	320	8986605
5906	9916	818	65	320	8986615
6016	9916	822	65	320	8986625
6128	9916	822	65	320	8986635
6240	9916	820	65	320	8986645
6349	9908	821	65	320	8986655
6455	9890	823	65	320	8986665
6554	9864	823	65	320	8986675
6639	9831	821	65	320	8986685
6710	9791	820	65	320	8986695
6767	9750	816	65	320	8986705
6810	9709	814	65	322	8986715
6837	9669	809	65	322	8986725
6847	9630	806	65	322	8986735
6840	9590	804	65	322	8986745
6813	9551	802	65	322	8986755
6764	9508	800	65	322	8986765
6690	9464	795	65	322	8986775
6588	9418	794	65	322	8986785
6466	9372	804	66	324	8986795
6334	9328	818	66	324	8986805
6200	9289	820	66	324	8986815
6075	9258	821	66	326	8986825
5968	9238	813	66	326	8986835
5880	9226	807	66	326	8986845
5819	9226	753	66	326	8986855
5787	9226	664	67	328	8986865
5787	9248	227	67	328	8986885
18
6854	9651	397	63	331	8987188
6864	9651	549	63	328	8987208
6875	9651	716	64	326	8987218
6886	9651	808	64	326	8987228
6906	9651	836	64	326	8987238
6937	9660	879	64	326	8987248
6983	9660	906	64	326	8987258
7043	9669	928	64	326	8987268
7119	9669	941	65	325	8987278
7213	9683	947	65	325	8987288
7324	9683	948	66	324	8987298
7447	9695	950	66	324	8987308
7571	9706	947	66	324	8987318
7688	9706	940	66	324	8987328
7785	9706	904	66	324	8987338
7862	9714	832	66	324	8987348
7914	9707	703	66	324	8987358
7940	9707	224	66	324	8987378
14
5122	7869	549	65	330	8988052
5113	7869	661	65	330	8988082
5113	7862	778	65	330	8988092
5131	7862	821	65	330	8988102
5160	7862	842	65	330	8988112
5211	7856	854	65	330	8988122
5279	7856	861	65	330	8988132
5362	7856	860	65	330	8988142
5448	7863	861	65	330	8988152
5531	7863	849	65	330	8988162
5604	7871	821	65	330	8988172
5663	7871	758	66	329	8988182
5709	7862	637	66	329	8988192
5738	7852	164	67	328	8988212
13
5359	7736	586	65	330	8988308
5295	7705	606	65	330	8988318
5278	7693	670	65	330	8988328
5268	7684	766	65	330	8988348
5285	7678	804	65	330	8988358
5317	7678	827	65	330	8988368
5367	7678	830	65	330	8988378
5432	7693	832	65	332	8988388
5505	7707	824	65	332	8988398
5577	7719	801	65	332	8988408
5640	7727	733	66	331	8988418
5696	7727	599	66	331	8988428
5744	7727	65	67	330	8988448
20
5507	8129	391	60	327	8988754
5507	8117	508	61	327	8988764
5507	8108	613	61	327	8988774
5517	8093	681	62	326	8988784
5535	8073	734	62	327	8988794
5564	8047	759	63	326	8988804
5599	8012	783	63	326	8988814
5643	7969	801	64	325	8988824
5691	7918	812	64	326	8988834
5736	7863	824	65	325	8988844
5776	7805	833	65	325	8988854
5805	7746	837	66	326	8988864
5823	7690	839	66	326	8988874
5823	7634	843	66	326	8988884
5823	7586	841	66	326	8988894
5803	7543	839	67	328	8988904
5785	7511	830	67	328	8988914
5769	7490	807	67	328	8988924
5759	7478	692	67	329	8988944
5759	7484	157	67	330	8988964
32
5550	8095	259	61	328	8989332
5535	8101	339	63	329	8989342
5525	8101	455	63	329	8989352
5517	8112	601	63	328	8989372
5517	8123	673	64	326	8989382
5525	8123	710	64	326	8989392
5550	8135	749	64	326	8989402
5590	8135	783	65	325	8989412
5647	8135	809	65	325	8989422
5725	8135	827	66	324	8989432
5816	8128	837	66	326	8989442
5914	8113	840	66	326	8989452
6015	8086	847	66	326	8989462
6112	8053	850	66	326	8989472
6200	8013	851	67	324	8989482
6277	7967	853	67	324	8989492
6341	7918	853	68	322	8989502
6388	7864	853	68	322	8989512
6419	7809	853	68	322	8989522
6428	7753	854	68	325	8989532
6417	7700	855	68	325	8989542
6384	7651	858	68	325	8989552
6330	7602	865	68	325	8989562
6259	7558	861	68	325	8989572
6172	7519	868	69	327	8989582
6076	7485	867	69	327	8989592
5979	7460	861	69	327	8989602
5889	7439	851	69	327	8989612
5814	7427	832	68	331	8989622
5759	7421	792	68	331	8989632
5727	7421	683	68	332	8989642
5720	7437	234	68	332	8989662
13
6530	7784	508	63.5	334.5	8989974
6524	7794	787	64.3333	333.667	8990004
6524	7800	916	65	332.5	8990024
6543	7800	954	65	332	8990034
6576	7808	965	66	331	8990044
6633	7808	973	66	331	8990054
6716	7819	976	67	330	8990064
6821	7828	972	67	330	8990074
6938	7837	965	67	330	8990084
7061	7846	945	67	330	8990094
7177	7853	896	67	330	8990104
7281	7853	796	67	330	8990114
7369	7853	242	67.5	331	8990134
14
4915	6240	405	61	322	8990688
4878	6213	557	61	324	8990698
4858	6207	572	61	324	8990708
4858	6199	676	61.5	325	8990728
4873	6199	755	62	326	8990738
4907	6199	784	62	326	8990748
4962	6199	794	62	327	8990758
5034	6214	796	62	327	8990768
5115	6227	797	62	327	8990778
5191	6240	790	63	329	8990788
5257	6249	757	63	329	8990798
5309	6249	687	63	328	8990808
5344	6242	550	63	328	8990818
5366	6232	70	64.5	327	8990838
13
5024	6086	569	64	326	8990936
4967	6049	614	64	326	8990946
4948	6038	668	64	326	8990956
4937	6038	729	64	326	8990966
4937	6031	763	64	326	8990976
4966	6031	786	64	326	8990986
5010	6041	794	64	326	8990996
5072	6054	792	64	326	8991006
5147	6070	786	64	326	8991016
5225	6086	766	64	326	8991026
5301	6098	716	64	326	8991036
5372	6104	638	65	328	8991046
5439	6104	222	65	328	8991066
25
5204	6545	237	66	324	8991540
5182	6537	335	66	324	8991550
5161	6537	441	66	324	8991560
5147	6529	547	65	322	8991570
5135	6529	618	65	322	8991580
5135	6519	672	65	322	8991590
5135	6507	715	65	322	8991600
5147	6486	748	65	322	8991610
5176	6459	777	65	322	8991620
5221	6426	796	65	322	8991630
5281	6389	814	65	322	8991640
5348	6349	825	65	322	8991650
5416	6310	836	65	322	8991660
5479	6264	847	65	322	8991670
5527	6213	859	65	322	8991680
5558	6160	874	65	322	8991690
5573	6102	887	65	322	8991700
5573	6039	895	66	324	8991710
5547	5978	899	66	324	8991720
5511	5918	900	66	322	8991730
5466	5865	887	66	322	8991740
5427	5829	867	68	322	8991750
5400	5808	815	68	322	8991760
5386	5802	716	68	322	8991770
5386	5810	257	68	322	8991790
31
5193	6468	457	63	320	8992056
5200	6462	490	65	320	8992066
5211	6462	594	65	322	8992076
5227	6462	673	65	322	8992086
5266	6475	715	66	324	8992096
5327	6485	747	66	324	8992106
5408	6492	778	66	326	8992116
5502	6492	793	66	326	8992126
5608	6484	802	66	324	8992136
5715	6468	807	66	324	8992146
5819	6444	814	66	324	8992156
5916	6411	815	66	324	8992166
6000	6372	816	66	324	8992176
6066	6325	817	65	322	8992186
6114	6269	817	65	322	8992196
6143	6213	817	65	322	8992206
6154	6151	817	66	324	8992216
6147	6088	821	66	324	8992226
6119	6025	821	66	324	8992236
6070	5960	822	66	324	8992246
6004	5900	829	66	326	8992256
5923	5848	833	66	326	8992266
5832	5805	836	66	326	8992276
5736	5773	839	66	326	8992286
5640	5751	839	66	326	8992296
5550	5739	836	67	328	8992306
5472	5739	822	67	328	8992316
5407	5739	786	67	328	8992326
5364	5759	725	67	328	8992336
5345	5782	591	67	328	8992346
5352	5808	100	67	330	8992366
18
6197	6196	396	65	318	8992632
6208	6203	543	65	318	8992642
6214	6203	633	65	322	8992652
6214	6209	764	65	322	8992662
6229	6209	837	65	322	8992672
6247	6221	881	65	322	8992682
6277	6221	929	65	322	8992692
6327	6231	946	66	324	8992702
6400	6231	967	66	324	8992712
6501	6241	982	66	324	8992722
6626	6241	993	66	322	8992732
6773	6241	997	66	322	8992742
6932	6250	995	67	320	8992752
7098	6250	992	67	320	8992762
7263	6250	980	67	320	8992772
7407	6250	945	67	320	8992782
7520	6250	845	67	320	8992792
7598	6250	279	67	320	8992812
