60
16
18763	19835	390	54	297	9066866
18729	19826	479	54	297	9066876
18721	19826	666	54.5	297	9066896
18705	19845	799	55	297	9066916
18726	19845	855	56	298	9066926
18763	19853	881	56	298	9066936
18824	19853	890	56	298	9066946
18910	19853	896	56	298	9066956
19015	19853	897	56	299	9066966
19121	19853	896	56	299	9066976
19223	19846	894	56	299	9066986
19313	19846	873	56	299	9066996
19386	19840	829	56	299	9067006
19445	19840	762	56	299	9067016
19485	19840	615	56	299	9067026
19506	19840	190	56	299	9067046
14
19037	19716	531	56	298	9067142
18950	19666	629	56	298	9067152
18915	19650	763	56	298	9067162
18888	19650	808	56	298	9067172
18876	19641	859	56	299	9067192
18902	19641	910	56	299	9067202
18954	19641	924	56	299	9067212
19036	19641	939	56	299	9067222
19140	19641	937	57	300	9067232
19252	19651	936	57	300	9067242
19355	19660	915	58	299	9067252
19442	19660	866	58	299	9067262
19514	19667	770	58	297	9067272
19566	19667	263	58	297	9067292
21
19545	19931	216	54	297	9067690
19545	19948	325	55	296	9067700
19545	19964	444	55	296	9067710
19545	19983	591	55	295	9067720
19545	20006	663	55	295	9067730
19545	20024	722	55	295	9067740
19545	20038	770	55	295	9067750
19545	20048	799	55	295	9067770
19545	20037	839	55	295	9067780
19545	20006	880	56	296	9067790
19545	19956	905	56	296	9067800
19536	19889	929	56	296	9067810
19536	19818	939	56	296	9067820
19536	19746	953	56	296	9067830
19536	19679	952	57	296	9067840
19546	19621	957	57	296	9067850
19556	19571	955	57	296	9067860
19562	19533	951	57	296	9067870
19562	19507	935	57	296	9067880
19570	19492	800	58	297	9067920
19570	19508	160	58.5	297.5	9067940
26
19518	19983	289	53	292	9068126
19499	19983	443	53	292	9068136
19489	19990	579	53	292	9068146
19481	19990	686	54	293	9068156
19481	20000	769	54	293	9068176
19487	20000	813	55	294	9068186
19513	19991	836	55	294	9068196
19563	19976	842	55	294	9068206
19640	19951	848	55	295	9068216
19733	19916	850	55	295	9068226
19829	19871	853	57	294	9068236
19909	19821	854	57	294	9068246
19968	19767	857	57	293	9068256
20003	19717	861	58	293	9068266
20011	19668	867	58	293	9068276
19995	19624	876	58	293	9068286
19953	19583	881	58	293	9068296
19894	19545	889	58	293	9068306
19827	19515	894	58	293	9068316
19761	19492	895	58	293	9068326
19705	19476	895	59	294	9068336
19661	19467	889	59	294	9068346
19632	19467	865	59	294	9068356
19613	19467	810	59	294	9068366
19613	19481	695	59	294	9068376
19620	19501	232	59	294	9068396
26
20204	19805	486	57	293	9068522
20218	19812	566	57	293	9068532
20206	19812	663	57	293	9068542
20181	19800	748	57	293	9068552
20148	19781	814	57	293	9068562
20116	19756	844	57	293	9068572
20091	19727	850	57	293	9068582
20078	19700	852	57	293	9068592
20078	19678	855	57	293	9068602
20094	19661	856	57	293	9068612
20117	19650	855	58	293	9068622
20149	19650	850	58	293	9068632
20186	19650	838	58	293	9068642
20222	19662	836	58	293	9068652
20256	19683	830	58	293	9068662
20281	19711	825	58	293	9068672
20297	19745	822	58	293	9068682
20297	19780	814	58	293	9068692
20297	19810	809	58	293	9068702
20269	19831	802	58	293	9068712
20235	19841	796	58	293	9068722
20200	19841	791	58	293	9068732
20168	19833	748	58	293	9068742
20149	19821	663	58	293	9068752
20149	19807	478	58	293	9068762
20160	19793	15	58	293	9068782
11
20352	19804	290	56	292	9068878
20329	19794	592	56	292	9068888
20320	19787	806	56	292	9068908
20335	19787	913	56	292	9068918
20372	19787	968	56	292	9068928
20438	19787	984	56	290	9068938
20535	19787	987	56	290	9068948
20651	19787	978	57	289	9068958
20775	19787	934	57	289	9068968
20891	19787	830	57	289	9068978
20985	19787	271	57	289	9068998
14
18488	18302	462	54	308	9069594
18474	18283	556	54	308	9069604
18456	18283	628	54	308	9069614
18443	18296	705	54	308	9069624
18443	18308	746	54	308	9069634
18467	18316	791	54	306	9069644
18507	18324	815	54	305	9069654
18567	18330	818	54	304	9069664
18644	18330	821	54	304	9069674
18728	18330	818	54	304	9069684
18811	18330	801	54	304	9069694
18885	18330	753	54	304	9069704
18944	18324	646	55	303	9069714
18989	18317	227	55	302	9069734
12
18782	18216	509	55	301	9069814
18675	18128	534	56	302	9069824
18633	18097	625	56	302	9069834
18607	18081	686	56	302	9069844
18600	18081	735	56	302	9069854
18617	18081	776	56	303	9069864
18655	18081	792	56	303	9069874
18712	18081	799	56	303	9069884
18784	18093	790	57	304	9069894
18863	18108	736	57	304	9069904
18938	18124	581	57	304	9069914
19003	18140	92	57	304	9069934
16
19190	18526	391	53	304	9070150
19190	18539	441	53	304	9070160
19177	18546	575	53	303	9070170
19168	18563	611	54	302	9070180
19161	18555	697	54	302	9070190
19161	18530	768	53	299	9070200
19152	18481	812	54	298	9070210
19152	18414	840	54	298	9070220
19152	18335	864	54	297	9070230
19152	18251	870	55	297	9070240
19152	18174	873	55	296	9070250
19162	18108	873	55	296	9070260
19162	18054	870	56	296	9070270
19170	18015	864	56	296	9070280
19170	17991	839	57	296	9070290
19170	17978	503	57.5	296.5	9070330
26
19125	18472	321	54	300	9070518
19096	18472	470	54	300	9070528
19080	18472	598	54	300	9070538
19070	18472	681	54	300	9070548
19070	18479	739	54	300	9070558
19078	18479	787	54	300	9070568
19110	18479	802	54	299	9070578
19162	18479	814	54	299	9070588
19243	18462	818	55	297	9070598
19332	18440	816	54	297	9070608
19419	18404	816	54	295	9070618
19489	18358	818	54	295	9070628
19532	18306	818	55	294	9070638
19555	18248	823	55	295	9070648
19555	18188	836	55	295	9070658
19531	18131	851	55	295	9070668
19490	18080	863	56	296	9070678
19437	18036	877	56	296	9070688
19378	18002	887	57	294	9070698
19319	17978	892	58	295	9070708
19262	17962	890	58	293	9070718
19214	17962	885	59	294	9070728
19176	17962	869	58	296	9070738
19152	17962	812	58	296	9070748
19144	17975	714	59	298	9070758
19154	17990	240	59	298	9070778
24
19694	18264	403	55	294	9070974
19648	18273	520	55	292	9070984
19617	18266	664	56	293	9070994
19584	18252	726	56	292	9071004
19556	18231	771	56	292	9071014
19539	18203	805	57	293	9071024
19539	18172	824	57	294	9071034
19547	18142	838	57	294	9071044
19580	18118	840	58	295	9071054
19628	18105	840	58	295	9071064
19684	18105	843	58	293	9071074
19746	18117	843	58	293	9071084
19797	18138	844	58	293	9071094
19834	18166	846	58	293	9071104
19858	18198	839	58	293	9071114
19865	18236	838	58	293	9071124
19865	18274	828	58	293	9071134
19848	18307	821	58	293	9071144
19824	18330	808	58	293	9071154
19793	18340	796	58	293	9071164
19758	18340	763	58	293	9071174
19726	18324	717	58	293	9071184
19704	18302	630	58	293	9071194
19696	18276	222	58	293	9071214
12
19922	18251	150	57	293	9071310
19893	18242	596	57	293	9071320
19883	18242	798	57	293	9071340
19883	18259	906	57	293	9071350
19917	18271	938	57	293	9071360
19969	18284	948	57	293	9071370
20048	18294	950	57	293	9071380
20147	18302	948	57	291	9071390
20257	18302	919	56	290	9071400
20366	18311	860	57	289	9071410
20464	18311	690	57	289	9071420
20551	18311	8	57	289	9071440
12
18387	17050	524	52	307	9071874
18372	17021	604	53	307	9071884
18363	17013	737	53	307	9071904
18372	17013	830	54	306	9071914
18403	17023	845	54	306	9071924
18452	17030	856	55	305	9071934
18520	17036	855	56	306	9071944
18601	17044	841	56	306	9071954
18688	17044	792	56	307	9071964
18765	17052	688	57	306	9071974
18823	17052	493	57	306	9071984
18855	17044	27	58	306	9072004
12
18690	16973	292	58	306	9072054
18578	16910	537	58	306	9072064
18526	16886	665	58	306	9072074
18487	16868	763	58	306	9072084
18462	16868	804	58	306	9072094
18454	16861	822	59	307	9072104
18464	16861	839	59	307	9072114
18497	16861	841	59	307	9072124
18557	16861	821	59	307	9072134
18635	16873	755	59	307	9072144
18722	16883	596	59	307	9072154
18799	16892	73	59	307	9072174
14
18910	17290	440	56	299	9072302
18902	17316	621	56	299	9072332
18902	17304	794	56	298	9072342
18896	17263	845	56	298	9072352
18896	17201	880	56	299	9072362
18881	17122	905	56	299	9072372
18881	17035	915	56	299	9072382
18881	16952	920	57	300	9072392
18881	16880	921	57	300	9072402
18888	16819	918	58	301	9072412
18888	16773	913	58	301	9072422
18896	16740	877	59	303	9072432
18896	16721	825	59	303	9072442
18896	16711	354	59.6667	303.667	9072472
24
18873	17220	501	56	298	9072638
18841	17242	589	56	298	9072648
18827	17248	693	55	297	9072658
18819	17248	781	56	298	9072678
18835	17248	847	56	298	9072688
18873	17226	860	57	298	9072698
18942	17195	865	57	298	9072708
19034	17154	865	57	296	9072718
19134	17105	869	58	297	9072728
19222	17050	870	58	297	9072738
19286	16996	875	59	298	9072748
19322	16943	885	59	298	9072758
19333	16892	897	59	298	9072768
19315	16842	913	60	299	9072778
19270	16797	924	60	299	9072788
19205	16757	929	60	299	9072798
19126	16727	931	60	299	9072808
19051	16708	928	60	300	9072818
18987	16697	925	60	300	9072828
18943	16697	904	60	300	9072838
18920	16697	855	60	300	9072848
18920	16713	770	60	300	9072858
18930	16737	612	60	300	9072868
18959	16768	74	60	300	9072888
24
19558	17044	452	58	300	9073006
19562	17051	496	58	300	9073016
19532	17051	643	59	298	9073026
19487	17040	736	59	298	9073036
19439	17025	814	59	298	9073046
19398	17004	834	59	298	9073056
19369	16976	846	59	298	9073066
19357	16947	853	59	298	9073076
19368	16922	852	59	298	9073086
19395	16902	853	59	297	9073096
19438	16892	850	60	298	9073106
19488	16892	836	60	296	9073116
19536	16892	828	60	296	9073126
19577	16908	828	60	296	9073136
19609	16927	828	60	296	9073146
19626	16950	824	60	296	9073156
19626	16979	818	60	296	9073166
19626	17008	815	60	296	9073176
19602	17033	805	60	296	9073186
19575	17049	787	60	296	9073196
19545	17056	748	60	296	9073206
19518	17056	652	60	296	9073216
19499	17048	538	60	296	9073226
19491	17037	161	60	296	9073246
10
19680	17018	430	60	295	9073322
19680	17010	691	60	295	9073352
19704	17010	856	60	296	9073362
19742	17021	883	60	296	9073372
19804	17030	890	60	296	9073382
19890	17040	887	60	296	9073392
19991	17048	883	60	295	9073402
20094	17056	844	60	295	9073412
20187	17056	745	60	293	9073422
20262	17056	159	60	292.5	9073442
11
18471	16006	416	57	308	9073966
18451	15981	497	57	308	9073976
18442	15974	664	57.5	309	9073996
18442	15982	763	58	310	9074006
18475	15982	800	58	310	9074016
18527	15997	809	58	308	9074026
18604	16009	807	58	308	9074036
18695	16020	785	59	307	9074046
18785	16029	731	59	307	9074056
18857	16029	613	59	307	9074066
18907	16029	196	59	307	9074086
12
18715	15947	472	60	304	9074158
18595	15894	533	60	304	9074168
18551	15874	641	60	304	9074178
18524	15864	696	60	304	9074188
18513	15856	745	60	304	9074198
18522	15856	791	60	304	9074208
18545	15847	810	60	305	9074218
18588	15847	815	60	305	9074228
18652	15847	803	60	305	9074238
18728	15854	749	60	305	9074248
18803	15866	651	60	305	9074258
18868	15879	236	60	305	9074278
14
18997	16238	548	57	296	9074426
18973	16246	573	57	296	9074436
18962	16240	664	57	296	9074446
18951	16217	776	57	296	9074456
18944	16177	832	57	296	9074466
18944	16120	866	57	296	9074476
18937	16049	880	57	296	9074486
18937	15978	887	58	297	9074496
18937	15910	887	58	297	9074506
18947	15849	885	58	297	9074516
18954	15794	882	59	298	9074526
18954	15752	858	60	299	9074536
18963	15723	816	60	299	9074546
18963	15703	358	60.5	301	9074586
24
18950	16168	497	57	296	9074782
18905	16184	598	57	296	9074792
18885	16191	689	57	296	9074802
18875	16198	729	57	296	9074812
18885	16198	787	58	297	9074822
18920	16191	817	58	297	9074832
18990	16175	825	58	297	9074842
19092	16145	836	58	297	9074852
19210	16106	840	59	298	9074862
19326	16058	848	59	298	9074872
19416	16005	846	59	297	9074882
19476	15954	853	60	298	9074892
19502	15905	858	60	296	9074902
19493	15857	866	60	296	9074912
19455	15812	877	61	297	9074922
19395	15772	883	61	297	9074932
19319	15738	883	61	297	9074942
19236	15713	882	62	298	9074952
19157	15698	884	62	298	9074962
19095	15689	879	62	298	9074972
19055	15689	851	62	298	9074982
19034	15696	790	62	298	9074992
19034	15712	653	62	298	9075002
19050	15735	147	63	299	9075022
23
19626	16049	522	60	299	9075138
19605	16043	590	60	299	9075148
19580	16031	711	60	298	9075158
19552	16016	773	60	298	9075168
19530	15996	821	60	296	9075178
19517	15973	829	60	296	9075188
19517	15951	833	60	296	9075198
19531	15929	837	60	296	9075208
19563	15913	833	60	296	9075218
19605	15905	831	60	296	9075228
19650	15905	825	61	297	9075238
19695	15912	825	61	297	9075248
19731	15926	823	62	295	9075258
19760	15947	822	62	295	9075268
19779	15971	821	62	294	9075278
19779	15996	810	62	294	9075288
19779	16019	799	62	294	9075298
19756	16035	788	62	294	9075308
19724	16044	773	62	294	9075318
19684	16044	755	62	294	9075328
19646	16031	686	62	294	9075338
19619	16015	558	62	294	9075348
19609	15997	115	62	294	9075368
11
19848	15976	472	60	292	9075474
19819	15985	627	60	292	9075484
19807	15992	777	60	292	9075494
19807	16002	860	60	292	9075504
19807	16015	908	60	292	9075514
19843	16015	925	60	292	9075524
19902	16025	927	60	292	9075534
19992	16025	925	60	292	9075544
20102	16025	906	60	292	9075554
20220	16025	831	60	292	9075564
20335	16025	307	61	293	9075584
11
18089	14708	587	57	314	9076082
18089	14697	608	57	311	9076092
18096	14697	693	57	311	9076102
18111	14697	776	58	310	9076112
18137	14697	825	58	310	9076122
18180	14697	846	58	310	9076132
18241	14697	849	58	308	9076142
18314	14688	844	58	308	9076152
18396	14688	797	59	307	9076162
18482	14688	688	59	305	9076172
18560	14682	229	60	305.5	9076192
11
18429	14592	477	60	305	9076270
18314	14523	572	60	305	9076280
18273	14501	674	60	305	9076290
18250	14488	739	60	305	9076300
18242	14488	791	60	305	9076310
18257	14488	810	60	305	9076320
18293	14488	817	60	305	9076330
18350	14488	808	60	305	9076340
18425	14497	754	60	305	9076350
18506	14507	626	60	305	9076360
18577	14518	214	60	305	9076380
14
18705	14876	573	59	303	9076566
18689	14884	649	59	301	9076586
18681	14862	799	60	299	9076596
18681	14832	851	60	299	9076606
18681	14778	879	60	299	9076616
18681	14711	894	60	299	9076626
18681	14639	898	60	299	9076636
18681	14571	901	60	299	9076646
18693	14512	899	60	299	9076656
18693	14463	895	60	300	9076666
18701	14427	873	60	300	9076676
18701	14406	832	60	300	9076686
18701	14396	678	61	302	9076706
18701	14412	162	61	302	9076726
24
18759	14888	289	60	300	9076874
18737	14898	509	60	300	9076884
18725	14898	580	60	299	9076894
18718	14898	708	60	299	9076914
18738	14898	761	60	299	9076924
18780	14881	788	60	299	9076934
18845	14865	792	60	299	9076944
18933	14841	796	60	299	9076954
19035	14806	801	60	298	9076964
19131	14765	810	60	298	9076974
19207	14718	818	61	297	9076984
19254	14667	837	61	297	9076994
19272	14620	867	61	297	9077004
19260	14572	882	61	297	9077014
19224	14530	899	61	297	9077024
19169	14490	901	61	297	9077034
19099	14458	902	62	298	9077044
19020	14435	895	62	298	9077054
18942	14417	891	62	298	9077064
18870	14408	866	62	298	9077074
18812	14408	847	62	298	9077084
18774	14408	764	62	298	9077094
18759	14418	638	62	298	9077104
18759	14434	199	62	298	9077124
25
19351	14727	542	61	302	9077270
19308	14727	594	61	302	9077280
19286	14714	737	61	302	9077290
19263	14699	794	60	300	9077300
19248	14680	818	60	300	9077310
19248	14653	830	60	300	9077320
19256	14626	846	61	299	9077330
19283	14601	847	61	299	9077340
19327	14581	847	61	297	9077350
19380	14571	844	62	298	9077360
19435	14571	844	62	298	9077370
19485	14578	843	62	298	9077380
19526	14594	849	62	298	9077390
19552	14617	848	62	298	9077400
19562	14645	842	63	296	9077410
19562	14677	842	63	296	9077420
19535	14709	832	63	295	9077430
19500	14737	830	63	295	9077440
19457	14757	826	63	295	9077450
19413	14767	821	63	295	9077460
19373	14767	802	63	295	9077470
19343	14757	743	63	295	9077480
19324	14742	643	63	295	9077490
19324	14725	485	63	295	9077500
19324	14710	29	63	295	9077520
10
19583	14718	653	61.25	296.5	9077640
19597	14727	891	62	295	9077650
19620	14734	926	62	294	9077660
19665	14743	938	62	294	9077670
19732	14754	942	62	294	9077680
19823	14766	941	62	294	9077690
19928	14776	924	62	294	9077700
20033	14785	883	62	294	9077710
20127	14792	786	62	294	9077720
20200	14799	214	62	294	9077740
11
17955	13293	449	63	304	9078295
17929	13281	601	63	304	9078304
17916	13281	671	62	306	9078314
17907	13281	779	62	306.5	9078334
17931	13289	831	62	307	9078344
17976	13289	837	62	307	9078354
18044	13302	834	62	307	9078364
18126	13311	822	62	307	9078374
18210	13317	775	61	306	9078384
18284	13317	688	61	306	9078394
18337	13317	235	61	306	9078414
12
18115	13167	509	60	305	9078491
18018	13116	581	61	306	9078501
17993	13103	687	61	306	9078511
17984	13103	768	61	306	9078521
17992	13103	814	61	306	9078531
18023	13103	831	61	306	9078540
18075	13103	839	62	307	9078550
18145	13115	840	62	307	9078560
18225	13126	818	62	307	9078570
18307	13139	769	62	307	9078580
18377	13152	668	62	307	9078590
18436	13164	220	63	307	9078610
14
18469	13518	441	62	303	9078739
18453	13540	581	61	302	9078759
18445	13526	761	61	302	9078769
18445	13499	820	60	300	9078779
18445	13456	865	60	300	9078789
18445	13397	884	60	300	9078799
18457	13329	894	60	300	9078809
18469	13258	899	61	302	9078819
18482	13193	896	61	302	9078829
18496	13137	886	61	302	9078838
18506	13092	859	62	300	9078848
18506	13060	800	63	301	9078858
18506	13037	683	63	299	9078868
18506	13027	207	63.5	299.5	9078888
27
18453	13535	458	60	300	9079087
18402	13535	588	60	300	9079097
18380	13535	629	60	300	9079107
18370	13535	746	60	300	9079127
18398	13535	821	60	300	9079137
18452	13535	831	60	300	9079147
18534	13522	845	61	299	9079157
18641	13509	851	61	299	9079167
18758	13488	854	61	297	9079177
18868	13458	857	61	297	9079187
18956	13418	864	61	297	9079197
19020	13371	869	61	297	9079207
19058	13317	877	62	295	9079217
19072	13259	892	62	295	9079227
19065	13203	898	63	295	9079237
19035	13151	902	63	295	9079247
18989	13103	902	63	295	9079256
18927	13064	901	64	296	9079266
18854	13032	898	64	296	9079276
18770	13005	896	64	296	9079286
18682	12988	890	65	297	9079296
18600	12977	885	65	297	9079306
18531	12977	857	64	299	9079316
18486	12977	814	65	300	9079326
18467	12977	714	65	302	9079336
18467	12995	567	65	302	9079346
18497	13016	98	65	302.5	9079366
22
19161	13316	660	62.3333	294.333	9079523
19148	13302	784	62	294	9079533
19148	13284	821	62	294	9079543
19148	13257	834	62	294	9079553
19165	13231	840	63	295	9079563
19190	13206	844	63	295	9079573
19226	13187	845	63	295	9079583
19266	13180	846	64	296	9079593
19305	13180	845	64	296	9079603
19340	13186	846	64	296	9079613
19368	13201	846	65	297	9079623
19389	13224	832	65	297	9079633
19398	13257	828	65	297	9079643
19398	13297	808	65	297	9079653
19372	13337	785	65	297	9079663
19332	13370	778	65	297	9079673
19281	13392	772	65	297	9079683
19228	13401	770	65	297	9079693
19180	13401	761	65	297	9079703
19149	13385	727	65	297	9079713
19136	13370	625	65	297	9079723
19145	13354	186	64	296	9079742
10
19461	13357	170	63	295	9079831
19449	13341	708	63.6667	295.667	9079861
19456	13341	895	64	296	9079871
19487	13352	928	64	296	9079881
19538	13359	943	64	296	9079891
19606	13367	948	64	296	9079901
19691	13367	947	64	296	9079911
19780	13378	927	63	295	9079921
19865	13378	867	63	295	9079931
19939	13378	341	63	293	9079951
11
17681	11935	561	58	306	9080387
17668	11913	632	58	306	9080397
17655	11913	763	58	306	9080417
17676	11929	839	58	306	9080427
17708	11929	862	59	307	9080437
17756	11936	867	59	307	9080447
17820	11936	865	59	307	9080457
17893	11936	853	59	307	9080467
17970	11936	803	59	307	9080477
18043	11936	698	59	308	9080487
18105	11925	214	60	306	9080507
10
17934	11789	567	60	305	9080583
17842	11729	587	60	305	9080593
17816	11715	673	60	305	9080603
17805	11715	780	60	305	9080623
17832	11715	817	60	305	9080633
17873	11715	817	61	306	9080643
17929	11725	796	61	306	9080653
18000	11734	712	61	306	9080663
18074	11742	543	61	306	9080673
18139	11742	45	61	306	9080693
16
18258	12201	603	57	304	9080843
18219	12201	622	57	304	9080853
18205	12168	721	56	303	9080863
18191	12128	818	56	303	9080873
18180	12066	862	56	303	9080883
18173	11987	892	58	303	9080893
18173	11902	901	58	303	9080903
18173	11815	906	58	301	9080913
18180	11734	906	59	303	9080923
18192	11666	902	59	303	9080933
18201	11612	893	59	301	9080943
18201	11576	860	60	302	9080953
18208	11553	816	60	300	9080963
18208	11542	720	61	302	9080973
18198	11542	483	61	302	9080983
18190	11552	38	62	303	9081003
27
18178	12142	547	56	306	9081179
18146	12163	580	56	306	9081189
18135	12175	674	56	306	9081199
18135	12186	756	56	305	9081209
18156	12195	813	56	305	9081219
18200	12195	847	56	303	9081229
18267	12195	862	57	302	9081239
18352	12181	866	58	303	9081249
18450	12160	868	58	301	9081259
18551	12126	870	58	300	9081269
18643	12079	873	59	301	9081279
18719	12023	874	60	299	9081289
18773	11958	876	60	298	9081299
18801	11893	883	61	299	9081309
18801	11832	890	61	297	9081319
18788	11776	895	61	297	9081329
18746	11728	899	62	298	9081339
18686	11687	907	62	298	9081349
18609	11654	906	62	298	9081359
18521	11626	907	62	298	9081369
18430	11606	907	62	298	9081379
18347	11593	903	62	298	9081389
18282	11586	897	63	299	9081399
18242	11586	866	63	299	9081409
18226	11586	820	63	299	9081419
18236	11602	721	63	299	9081429
18268	11619	208	63	299	9081449
24
19027	11937	526	61	302	9081595
18997	11948	587	60	300	9081605
18961	11948	701	60	300	9081615
18916	11948	807	61	299	9081625
18876	11936	866	61	299	9081635
18844	11910	884	61	297	9081645
18826	11877	893	61	297	9081655
18826	11845	902	61	297	9081665
18856	11814	906	62	298	9081675
18905	11790	906	62	298	9081685
18970	11777	905	62	298	9081695
19043	11777	900	62	298	9081705
19108	11785	900	62	298	9081715
19155	11799	902	62	298	9081725
19183	11819	895	62	298	9081735
19189	11844	891	62	298	9081745
19178	11875	882	62	298	9081755
19149	11907	865	62	298	9081765
19108	11935	862	62	298	9081775
19058	11956	860	62	298	9081785
19009	11967	837	62	298	9081795
18967	11967	754	62	298	9081805
18932	11967	613	62	298	9081815
18911	11949	140	62	298	9081835
13
19225	11916	163	61	297	9081935
19225	11906	724	61	297	9081955
19240	11906	874	61	297	9081965
19260	11924	917	61	297	9081975
19301	11936	947	61	297	9081985
19358	11948	955	61	297	9081995
19433	11960	957	61	297	9082005
19526	11967	954	61	297	9082015
19625	11967	939	61	297	9082025
19720	11967	898	61	297	9082035
19799	11967	826	61	297	9082045
19859	11967	634	62	295	9082055
19897	11967	40	62	294.5	9082075
14
17662	10523	596	60	315	9082507
17646	10523	703	60	315	9082517
17639	10529	735	60	315	9082527
17639	10537	809	60	314	9082537
17639	10546	861	60	312	9082547
17680	10546	890	60	312	9082557
17742	10546	897	61	311	9082567
17820	10556	897	61	311	9082577
17911	10563	891	60	309	9082587
18002	10563	874	60	309	9082597
18083	10574	828	60	309	9082607
18145	10574	745	60	309	9082617
18186	10574	537	60	309	9082627
18203	10574	69	60.5	308.5	9082647
12
17807	10443	495	61	306	9082719
17699	10360	598	62	307	9082729
17664	10335	672	62	307	9082739
17648	10321	801	62	307	9082759
17678	10321	865	63	309	9082769
17728	10321	876	63	309	9082779
17796	10321	875	63	309	9082789
17876	10331	865	63	309	9082799
17960	10343	830	63	309	9082809
18036	10355	757	63	309	9082819
18100	10368	599	63	309	9082829
18150	10381	91	63	309	9082849
16
18223	10816	537	59	308	9082967
18223	10839	624	59	308	9082987
18223	10830	776	59	308	9082997
18223	10818	829	59	307	9083007
18223	10773	872	59	307	9083017
18223	10710	892	59	307	9083027
18223	10634	902	59	305	9083037
18223	10555	902	59	305	9083047
18223	10479	902	60	304	9083057
18223	10410	896	60	304	9083067
18223	10352	882	61	303	9083077
18223	10306	851	61	303	9083087
18211	10274	790	61	302	9083097
18205	10258	694	62	303	9083107
18205	10251	486	62	303	9083117
18205	10259	0	63	304	9083137
27
18273	10821	528	58	304	9083351
18225	10828	566	58	304	9083361
18208	10838	667	59	303	9083371
18200	10838	745	60	304	9083381
18208	10845	775	60	304	9083391
18229	10845	823	60	302	9083401
18270	10845	839	60	302	9083411
18332	10831	844	60	300	9083421
18417	10810	847	60	300	9083431
18516	10776	850	61	299	9083441
18615	10732	851	61	299	9083451
18706	10680	851	61	297	9083461
18780	10625	852	62	298	9083471
18830	10572	852	62	298	9083481
18858	10518	856	62	298	9083491
18858	10464	858	62	298	9083501
18839	10409	859	62	298	9083511
18787	10356	860	63	299	9083521
18711	10306	861	63	299	9083531
18615	10262	859	63	299	9083541
18511	10229	862	64	300	9083551
18414	10206	859	64	300	9083561
18335	10195	852	64	300	9083571
18281	10195	824	64	300	9083581
18251	10205	766	65	302	9083591
18240	10225	667	65	302	9083601
18240	10254	210	65	302	9083621
26
19039	10621	534	63	299	9083787
19048	10629	650	63	299	9083797
19036	10629	678	63	299	9083807
19023	10629	774	62	298	9083817
19005	10616	816	62	298	9083827
18992	10600	828	62	298	9083837
18986	10578	833	62	298	9083847
18986	10556	839	62	298	9083857
19005	10533	842	62	298	9083867
19036	10514	840	62	298	9083877
19077	10502	838	62	298	9083887
19122	10502	838	63	296	9083897
19165	10502	837	63	296	9083907
19201	10511	839	63	295	9083917
19227	10528	837	63	295	9083927
19239	10552	837	63	295	9083937
19239	10582	823	63	295	9083947
19222	10616	810	63	295	9083957
19189	10648	800	63	295	9083967
19141	10675	792	63	295	9083977
19088	10690	791	63	295	9083987
19038	10690	768	63	295	9083997
19002	10683	721	63	295	9084007
18982	10668	645	63	295	9084017
18982	10649	496	63	295	9084027
18993	10632	112	63	295	9084047
11
19334	10680	630	62	298	9084175
19326	10665	769	62	298	9084195
19333	10665	897	62	298	9084205
19351	10678	919	62	298	9084215
19383	10678	925	62	298	9084225
19434	10688	925	62	298	9084235
19510	10694	921	62	298	9084245
19603	10701	899	63	296	9084255
19705	10701	844	63	296	9084265
19811	10712	755	63	295	9084275
19908	10712	256	63	295	9084295
13
17560	9103	602	58	311	9084831
17533	9116	661	59	312	9084841
17525	9128	725	59	312	9084851
17517	9138	801	59	312	9084861
17531	9148	825	60	311	9084871
17565	9158	844	60	312	9084881
17618	9168	848	61	311	9084891
17686	9178	846	61	311	9084901
17763	9187	829	61	311	9084911
17837	9187	785	61	312	9084921
17900	9195	702	61	312	9084931
17945	9195	505	61	312	9084941
17972	9188	49	62	312	9084961
12
17772	9047	108	63	310	9085019
17669	8975	520	63	310	9085029
17627	8952	611	63	310	9085039
17599	8938	705	63	310	9085049
17588	8938	758	63	310	9085059
17598	8938	789	63	312	9085069
17631	8938	797	63	312	9085079
17685	8954	796	62	313	9085089
17759	8970	784	62	313	9085099
17838	8988	724	62	313	9085109
17914	9007	624	63	312	9085119
17977	9024	195	63	311	9085139
18
17996	9422	472	60	300	9085295
17986	9482	525	60	299	9085305
17986	9506	592	60	299	9085315
17986	9522	715	59.5	298.5	9085335
17986	9508	809	59	298	9085345
17986	9463	850	60	299	9085355
17986	9388	895	60	299	9085365
17986	9293	927	60	299	9085375
17994	9183	940	60	300	9085385
17994	9075	943	60	300	9085395
18011	8973	944	61	302	9085405
18029	8878	945	61	302	9085415
18047	8798	940	62	303	9085425
18065	8733	926	62	303	9085435
18076	8685	882	63	304	9085445
18076	8656	834	63	304	9085455
18083	8643	618	64	305	9085475
18071	8668	31	64	307	9085495
28
17998	9327	352	59	298	9085711
17961	9327	473	59	298	9085721
17941	9340	557	60	299	9085731
17926	9352	670	60	299	9085741
17918	9366	749	60	299	9085751
17918	9376	784	60	299	9085761
17930	9385	813	60	299	9085771
17958	9385	843	60	300	9085781
18011	9385	848	60	300	9085791
18088	9362	853	60	300	9085801
18180	9329	858	62	300	9085811
18277	9283	859	62	300	9085821
18366	9227	861	63	299	9085831
18441	9168	863	63	299	9085841
18495	9110	862	64	300	9085851
18525	9053	866	64	300	9085861
18525	8994	873	64	300	9085871
18501	8935	872	64	300	9085881
18449	8875	873	65	302	9085891
18374	8821	874	65	302	9085901
18281	8776	875	65	302	9085911
18180	8742	878	65	303	9085921
18084	8721	877	65	303	9085931
18004	8709	870	65	303	9085941
17950	8709	851	66	304	9085951
17922	8717	776	66	304	9085961
17922	8734	646	66	306	9085971
17940	8757	154	65.5	307	9085991
21
18575	9134	460	61	306	9086227
18545	9134	522	61	306	9086237
18526	9134	621	62	307	9086247
18510	9123	697	62	307	9086257
18497	9110	756	62	307	9086267
18497	9089	784	62	306	9086277
18505	9068	796	62	306	9086287
18528	9044	802	64	305	9086297
18571	9026	799	64	305	9086307
18628	9015	794	64	305	9086317
18691	9015	793	64	305	9086327
18750	9027	795	64	305	9086337
18792	9046	799	64	305	9086347
18815	9072	808	64	307	9086357
18815	9103	815	64	307	9086367
18808	9138	812	64	307	9086377
18781	9174	816	64	307	9086387
18743	9204	812	64	307	9086397
18700	9223	797	64	307	9086407
18660	9223	715	64	307	9086417
18628	9223	184	64	307	9086437
12
18875	9133	165	62	307	9086795
18929	9133	519	62	307	9086805
18953	9133	673	62	307	9086815
18974	9142	794	62	307	9086825
18987	9148	870	63	309	9086835
19000	9155	906	63	307	9086845
19022	9163	921	63	307	9086855
19061	9170	923	64	305	9086865
19124	9179	917	64	305	9086875
19207	9188	877	64	305	9086885
19305	9188	748	64	305	9086895
19407	9198	119	64	305	9086915
10
17431	7524	648	58.75	317.25	9087409
17431	7538	837	60	318	9087419
17462	7547	861	60	318	9087429
17511	7559	874	61	316	9087439
17586	7574	876	61	316	9087449
17680	7588	866	61	316	9087459
17777	7600	823	61	316	9087469
17861	7607	741	61	316	9087479
17920	7607	556	62	315	9087489
17952	7598	20	61	313	9087509
11
17617	7404	560	62	313	9087587
17518	7351	643	62	313	9087597
17485	7336	741	62	313	9087607
17466	7330	831	62.5	314	9087627
17489	7330	872	63	315	9087637
17537	7330	882	63	315	9087647
17612	7330	882	63	315	9087657
17706	7344	862	63	315	9087667
17808	7355	806	63	315	9087677
17901	7367	678	63	315	9087687
17977	7377	188	63	315	9087707
16
18088	7760	5	64	305	9087915
18088	7799	443	64	305	9087925
18080	7812	558	63	304	9087945
18071	7801	724	63	304	9087955
18071	7766	809	63	304	9087965
18060	7706	859	63	304	9087975
18051	7626	894	63	304	9087985
18051	7533	906	63	304	9087995
18051	7441	910	63	304	9088005
18051	7360	911	64	305	9088015
18063	7290	910	64	305	9088025
18076	7238	894	64	305	9088035
18088	7201	845	64	307	9088045
18097	7180	754	64	307	9088055
18097	7171	576	64	307	9088065
18105	7179	126	65	308	9088085
25
18154	7775	573	59	318	9088311
18096	7792	628	60	316	9088321
18075	7798	663	59	315	9088331
18064	7798	727	60	314	9088341
18074	7805	772	60	314	9088351
18110	7797	802	60	312	9088361
18171	7780	809	60	312	9088371
18258	7754	813	61	311	9088381
18357	7720	814	61	309	9088391
18458	7674	814	62	307	9088401
18549	7618	814	62	306	9088411
18618	7554	813	63	304	9088421
18665	7484	814	64	304	9088431
18683	7414	817	64	304	9088441
18670	7349	818	65	302	9088451
18628	7291	821	65	302	9088461
18563	7243	823	65	303	9088471
18480	7205	830	65	303	9088481
18385	7178	828	65	303	9088491
18290	7161	830	66	304	9088501
18206	7153	822	66	304	9088511
18142	7153	820	66	304	9088521
18102	7168	757	66	304	9088531
18089	7191	602	66	304	9088541
18100	7223	114	67	306	9088561
25
18894	7605	590	64	307	9088707
18909	7599	644	64	307	9088717
18890	7588	683	65	305	9088727
18862	7572	784	65	305	9088737
18829	7552	827	65	303	9088747
18801	7528	831	65	303	9088757
18781	7501	837	65	303	9088767
18781	7477	840	65	303	9088777
18789	7453	835	65	303	9088787
18815	7434	831	65	303	9088797
18853	7425	825	65	303	9088807
18896	7425	817	65	303	9088817
18936	7441	817	65	303	9088827
18968	7464	815	65	303	9088837
18989	7495	818	65	303	9088847
18995	7531	818	65	303	9088857
18987	7571	810	65	303	9088867
18962	7607	810	65	303	9088877
18925	7635	811	65	303	9088887
18880	7653	810	65	303	9088897
18834	7653	807	65	303	9088907
18795	7653	791	65	302	9088917
18768	7638	718	65	302	9088927
18758	7621	602	65	302	9088937
18766	7605	154	65	302	9088957
12
19129	7624	651	64	305	9089115
19092	7602	673	64	305	9089125
19071	7602	779	64	305	9089135
19053	7594	854	64	305	9089145
19045	7594	900	64	305	9089165
19060	7594	940	64	305	9089175
19099	7594	944	64	305	9089185
19166	7594	950	64	304	9089195
19256	7594	944	64	304	9089205
19364	7606	922	65	302	9089215
19472	7618	860	65	302	9089225
19574	7630	332	65	302	9089245
