47
30
3027	18015	217	57	324	8443962
3027	17984	239	57	324	8443972
3027	17971	330	57	324	8443982
3027	17960	417	57	324	8443992
3019	17952	493	57	326	8444002
3019	17946	609	57.6	326.6	8444052
3028	17952	674	58	327	8444062
3037	17971	677	58	327	8444072
3049	17996	684	58	327	8444082
3066	18038	679	58	327	8444092
3085	18092	674	58	327	8444102
3104	18155	673	58	327	8444112
3121	18221	674	58	327	8444122
3135	18277	680	58	327	8444132
3146	18316	694	58	327	8444142
3146	18339	707	57	326	8444152
3155	18348	718	57	326	8444172
3163	18340	746	57	324	8444182
3174	18318	763	57	324	8444192
3192	18285	780	57	324	8444202
3214	18241	796	56	323	8444212
3239	18196	801	56	323	8444222
3262	18151	799	56	323	8444232
3283	18114	794	56	323	8444242
3300	18083	773	56	321	8444252
3314	18057	747	56	323	8444262
3322	18040	691	56	323	8444272
3322	18026	617	56	323	8444282
3322	18016	483	57	324	8444292
3322	18010	9	57	325	8444312
15
3078	18063	302	56	323	8444726
3078	18055	374	56	323	8444736
3065	18055	455	56	323	8444746
3058	18055	577	57	324	8444756
3051	18055	686	57	324	8444786
3061	18055	760	57	326	8444796
3077	18048	779	57	326	8444806
3103	18048	796	58	324	8444816
3137	18048	808	58	324	8444826
3178	18058	817	59	325	8444836
3219	18071	823	59	325	8444846
3258	18086	823	59	325	8444856
3289	18101	824	59	325	8444866
3309	18112	824	59	325	8444876
3319	18118	591	59	325	8444946
18
3162	18246	26	56	323	8445282
3162	18258	124	56	323	8445302
3162	18271	264	56	321	8445312
3154	18271	341	56	321	8445322
3154	18281	441	56	321	8445352
3147	18281	502	56	321	8445362
3147	18267	548	56	321	8445372
3136	18241	598	56	321	8445382
3128	18198	643	56	321	8445392
3114	18143	681	56	323	8445402
3097	18083	702	56	323	8445412
3078	18027	715	56	323	8445422
3058	17980	740	57	324	8445432
3041	17940	750	57	324	8445442
3027	17911	751	57	324	8445452
3018	17890	743	57	326	8445462
3018	17878	639	57.3333	326	8445492
3026	17885	183	58.5	325.5	8445512
16
3133	17415	24	63	331	8446054
3141	17429	21	63	329	8446074
3141	17440	43	63	329	8446084
3148	17440	111	63	329	8446104
3148	17446	441	62	327	8446164
3148	17434	663	62	327	8446174
3141	17415	700	62	327	8446184
3141	17388	731	62	327	8446194
3141	17352	746	62	327	8446204
3141	17316	747	62	327	8446214
3141	17279	749	62	327	8446224
3151	17245	743	62	327	8446234
3151	17218	739	62	327	8446244
3163	17196	703	63	329	8446254
3163	17181	654	63	329	8446264
3170	17174	338	63	329	8446304
38
3129	17413	358	62	332	8446394
3111	17413	538	63	331	8446404
3095	17413	579	63	329	8446414
3078	17413	695	63	329	8446424
3063	17413	759	63	329	8446454
3081	17426	773	62	327	8446464
3114	17441	771	62	327	8446474
3160	17460	763	62	327	8446484
3211	17479	756	62	327	8446494
3260	17492	754	62	327	8446504
3298	17492	747	62	327	8446514
3321	17492	748	62	327	8446524
3330	17492	754	62	327	8446534
3330	17470	766	62	327	8446544
3304	17444	770	62	327	8446554
3271	17411	780	62	327	8446564
3235	17379	796	62	327	8446574
3198	17349	805	62	327	8446584
3170	17321	821	62	327	8446594
3153	17302	809	62	327	8446604
3146	17287	783	62	327	8446614
3146	17276	765	62	327	8446624
3167	17267	739	62	327	8446634
3196	17261	703	62	327	8446644
3236	17253	685	62	327	8446654
3276	17244	681	62	327	8446664
3307	17231	686	62	327	8446674
3324	17217	710	63	329	8446684
3324	17199	750	63	329	8446694
3314	17180	795	63	329	8446704
3289	17160	839	63	329	8446714
3260	17143	861	63	328	8446724
3228	17132	878	63	328	8446734
3198	17132	881	64	326	8446744
3174	17132	868	65	328	8446754
3156	17132	826	65	328	8446764
3147	17132	710	65	328	8446774
3147	17141	279	65	328	8446794
17
3267	16662	249	65	330	8447158
3288	16691	455	65	330	8447168
3288	16699	564	65	330	8447178
3280	16699	677	65	330	8447188
3262	16690	741	65	330	8447198
3238	16668	819	65	330	8447208
3210	16638	874	65	330	8447218
3183	16601	888	65	330	8447228
3167	16563	901	65	332	8447238
3167	16532	901	65	332	8447248
3184	16509	892	65	332	8447258
3220	16494	890	65	332	8447268
3269	16494	871	65	332	8447278
3323	16494	840	65	332	8447288
3375	16516	773	66	334	8447298
3418	16541	630	66	334	8447308
3450	16570	89	66	334	8447328
85
3458	18146	22	63	321	8447930
3458	18140	301	62.5	321.875	8448010
3465	18140	507	61	324	8448020
3471	18140	530	62	324	8448030
3480	18140	550	62	324	8448040
3492	18140	569	63	323	8448050
3507	18146	587	63	323	8448060
3527	18146	602	63	323	8448070
3551	18155	613	63	321	8448080
3578	18161	619	63	321	8448090
3605	18169	628	63	321	8448100
3632	18176	641	63	321	8448110
3664	18182	654	63	321	8448120
3696	18182	663	63	321	8448130
3733	18191	674	63	321	8448140
3776	18198	686	63	321	8448150
3824	18205	690	63	321	8448160
3885	18212	697	63	321	8448170
3954	18221	704	62	320	8448180
4033	18228	710	62	320	8448190
4116	18236	712	62	320	8448200
4204	18243	718	62	320	8448210
4298	18243	720	62	320	8448220
4398	18257	720	62	320	8448230
4504	18266	723	62	320	8448240
4616	18275	727	62	320	8448250
4735	18286	726	63	318	8448260
4861	18294	728	63	318	8448270
4996	18306	729	63	317	8448280
5138	18320	728	63	317	8448290
5286	18335	731	63	317	8448300
5438	18354	736	63	317	8448310
5592	18371	738	63	317	8448320
5749	18391	740	63	317	8448330
5908	18410	741	63	317	8448340
6069	18430	742	63	317	8448350
6236	18450	743	63	317	8448360
6404	18470	748	63	317	8448370
6571	18491	753	63	317	8448380
6743	18513	755	63	317	8448390
6914	18536	756	63	317	8448400
7088	18559	757	63	317	8448410
7268	18584	761	63	317	8448420
7447	18609	758	63	317	8448430
7629	18636	762	63	317	8448440
7813	18664	764	63	317	8448450
7994	18690	763	63	317	8448460
8179	18716	762	63	317	8448470
8362	18741	763	63	317	8448480
8543	18764	761	63	317	8448490
8726	18787	762	63	317	8448500
8905	18809	762	63	317	8448510
9087	18829	762	63	317	8448520
9271	18850	762	63	317	8448530
9453	18869	765	63	317	8448540
9638	18890	768	63	317	8448550
9823	18910	770	63	317	8448560
10006	18929	771	63	317	8448570
10193	18949	772	63	317	8448580
10376	18968	773	63	317	8448590
10559	18986	773	64	315	8448600
10740	19003	775	64	315	8448610
10920	19020	775	65	313	8448620
11104	19037	773	65	313	8448630
11286	19053	772	65	313	8448640
11467	19070	772	65	313	8448650
11651	19085	775	65	313	8448660
11832	19098	775	65	313	8448670
12014	19112	774	65	313	8448680
12197	19126	775	65	313	8448690
12373	19141	775	65	313	8448700
12549	19157	775	64	312	8448710
12722	19172	775	65	310	8448720
12893	19185	775	65	310	8448730
13069	19199	775	65	308	8448740
13242	19215	775	64	307	8448750
13408	19231	775	64	307	8448760
13569	19247	777	64	307	8448770
13714	19262	774	64	305	8448780
13842	19274	770	64	305	8448790
13947	19285	759	64	305	8448800
14020	19292	724	64	305	8448810
14061	19292	661	63	302	8448820
14078	19299	485	63	302	8448830
14071	19299	82	64	300	8448850
107
3576	17362	171	53	331	8451242
3550	17348	172	54	328	8451252
3537	17348	232	54	328	8451262
3524	17348	302	54	328	8451272
3516	17348	357	53.6667	327	8451302
3528	17356	427	54	326	8451312
3541	17356	461	55	325	8451322
3558	17364	486	55	325	8451332
3580	17364	507	54	324	8451342
3606	17375	520	54	324	8451352
3640	17382	541	54	324	8451362
3682	17391	556	54	324	8451372
3735	17391	569	54	324	8451382
3796	17401	577	54	322	8451392
3868	17401	588	55	321	8451402
3947	17411	592	55	321	8451412
4033	17411	598	55	320	8451422
4122	17422	607	55	320	8451432
4215	17422	616	55	320	8451442
4314	17433	618	55	320	8451452
4420	17441	623	55	320	8451462
4529	17448	628	55	320	8451472
4640	17457	629	55	320	8451482
4753	17467	632	56	321	8451492
4869	17476	634	56	321	8451502
4991	17487	636	56	321	8451512
5115	17501	634	56	321	8451522
5243	17511	634	56	321	8451532
5370	17520	634	56	321	8451542
5494	17531	637	56	321	8451552
5620	17539	637	56	320	8451562
5749	17552	638	56	320	8451572
5878	17565	638	57	319	8451582
6009	17578	637	57	319	8451592
6141	17593	638	58	320	8451602
6275	17608	640	58	320	8451612
6407	17624	642	58	320	8451622
6541	17642	641	58	320	8451632
6677	17661	642	58	320	8451642
6810	17679	643	58	320	8451652
6944	17697	643	58	320	8451662
7075	17715	645	58	320	8451672
7207	17731	642	58	320	8451682
7339	17746	642	58	320	8451692
7470	17760	643	58	320	8451702
7603	17776	647	58	322	8451712
7734	17789	649	58	322	8451722
7866	17804	651	58	322	8451732
8002	17822	653	58	322	8451742
8143	17840	652	58	322	8451752
8289	17861	652	58	322	8451762
8435	17880	656	58	322	8451772
8584	17901	658	58	322	8451782
8736	17922	663	58	322	8451792
8887	17945	665	58	322	8451802
9042	17968	668	58	322	8451812
9201	17995	671	58	322	8451822
9358	18021	671	58	322	8451832
9516	18045	675	58	322	8451842
9678	18071	674	59	321	8451852
9839	18097	675	59	321	8451862
10002	18120	674	60	319	8451872
10166	18142	675	60	319	8451882
10325	18161	678	60	319	8451892
10481	18177	679	60	319	8451902
10637	18193	679	59	318	8451912
10791	18206	679	59	318	8451922
10945	18219	683	59	318	8451932
11101	18226	683	59	318	8451942
11255	18234	687	58	316	8451952
11405	18241	688	58	316	8451962
11556	18248	687	58	316	8451972
11706	18258	688	58	316	8451982
11857	18268	688	58	315	8451992
12007	18277	689	58	315	8452002
12158	18289	687	58	314	8452012
12301	18298	688	58	314	8452022
12440	18309	690	58	311	8452032
12577	18320	692	58	311	8452042
12709	18328	693	58	311	8452052
12841	18336	697	58	311	8452062
12975	18343	696	58	311	8452072
13110	18352	696	59	309	8452082
13242	18360	701	59	309	8452092
13375	18370	703	59	308	8452102
13508	18380	705	59	308	8452112
13642	18388	708	59	307	8452122
13781	18399	705	59	307	8452132
13924	18410	705	59	307	8452142
14070	18419	709	59	307	8452152
14217	18431	714	60	306	8452162
14361	18442	716	60	306	8452172
14505	18453	721	60	305	8452182
14644	18464	726	60	305	8452192
14784	18478	729	60	305	8452202
14923	18492	735	60	305	8452212
15063	18505	740	60	305	8452222
15201	18519	746	60	305	8452232
15338	18527	746	60	305	8452242
15472	18541	749	60	305	8452252
15599	18555	755	60	305	8452262
15718	18566	754	60	305	8452272
15825	18582	750	60	305	8452282
15913	18591	733	60	305	8452292
15973	18599	693	60	305	8452302
16000	18599	606	60	305	8452312
15984	18599	143	60	305	8452332
101
3735	16836	213	52	329	8452990
3719	16819	220	52	329	8453000
3719	16804	254	52	329	8453010
3709	16804	305	53	328	8453020
3709	16796	370	53	329	8453030
3718	16796	407	54	328	8453040
3734	16788	448	54	328	8453050
3760	16788	481	54	330	8453060
3797	16788	509	54	330	8453070
3848	16788	541	54	330	8453080
3914	16788	558	55	329	8453090
3994	16800	568	55	329	8453100
4085	16807	582	56	328	8453110
4188	16814	593	56	328	8453120
4301	16822	606	56	328	8453130
4423	16829	608	56	328	8453140
4549	16837	621	56	328	8453150
4683	16845	628	56	327	8453160
4824	16845	637	56	327	8453170
4969	16853	644	57	326	8453180
5122	16853	646	57	326	8453190
5284	16866	650	57	326	8453200
5445	16876	653	57	326	8453210
5611	16888	656	57	326	8453220
5782	16903	660	58	324	8453230
5951	16917	664	58	324	8453240
6125	16935	663	59	323	8453250
6303	16952	660	59	325	8453260
6475	16968	664	59	325	8453270
6646	16983	665	59	325	8453280
6815	16991	665	59	325	8453290
6977	17002	665	60	324	8453300
7143	17008	664	60	324	8453310
7309	17015	662	61	322	8453320
7471	17024	665	61	322	8453330
7635	17031	665	61	322	8453340
7798	17040	665	61	322	8453350
7958	17047	665	61	324	8453360
8119	17047	659	61	324	8453370
8281	17060	659	61	324	8453380
8439	17067	664	61	324	8453390
8595	17079	665	61	324	8453400
8751	17088	667	61	324	8453410
8903	17097	669	61	324	8453420
9058	17111	670	61	324	8453430
9215	17124	671	61	324	8453440
9371	17145	670	61	324	8453450
9528	17169	673	61	324	8453460
9689	17191	671	61	324	8453470
9845	17219	672	61	324	8453480
10003	17243	672	61	324	8453490
10164	17267	670	61	324	8453500
10320	17290	674	61	324	8453510
10473	17311	674	61	324	8453520
10625	17329	676	61	324	8453530
10770	17341	678	61	324	8453540
10915	17353	677	61	324	8453550
11060	17362	675	61	324	8453560
11207	17370	675	61	324	8453570
11355	17381	675	61	324	8453580
11503	17392	678	61	324	8453590
11655	17403	678	61	324	8453600
11806	17416	680	61	324	8453610
11961	17430	678	61	324	8453620
12118	17443	679	61	324	8453630
12267	17455	681	61	324	8453640
12410	17464	682	61	324	8453650
12550	17473	682	61	324	8453660
12684	17480	683	61	324	8453670
12819	17486	681	61	324	8453680
12955	17493	682	61	324	8453690
13092	17500	682	62	323	8453700
13228	17506	683	62	323	8453710
13361	17515	687	63	321	8453720
13491	17522	687	63	321	8453730
13619	17522	689	63	321	8453740
13743	17534	691	63	321	8453750
13864	17534	690	63	320	8453760
13980	17548	692	63	320	8453770
14088	17557	694	64	318	8453780
14193	17567	697	64	318	8453790
14292	17576	703	64	318	8453800
14386	17576	709	64	318	8453810
14478	17587	710	64	318	8453820
14568	17593	711	64	318	8453830
14660	17601	710	64	318	8453840
14751	17607	711	64	318	8453850
14839	17607	712	64	318	8453860
14925	17617	712	64	318	8453870
15007	17617	712	64	318	8453880
15090	17626	713	64	318	8453890
15169	17626	714	64	318	8453900
15244	17634	715	64	318	8453910
15312	17634	716	64	318	8453920
15370	17634	716	64	318	8453930
15414	17634	715	64	318	8453940
15445	17634	712	64	318	8453950
15463	17634	705	64	318	8453960
15469	17634	650	64	318	8453980
15469	17627	477	64	318	8453990
15458	17627	27	63	317	8454010
32
4586	18207	33	54	322	8470955
4578	18216	113	54	322	8470975
4578	18224	203	54	322	8470995
4571	18233	264	53	321	8471015
4571	18243	298	53	321	8471025
4571	18250	369	53	321	8471045
4571	18256	431	53	321	8471065
4571	18244	496	53	321	8471075
4571	18220	534	53	321	8471085
4577	18176	568	53	321	8471095
4585	18108	622	54	322	8471105
4592	18011	660	54	322	8471115
4602	17886	686	54	322	8471125
4612	17725	716	54	324	8471135
4623	17535	741	54	324	8471145
4637	17332	757	55	325	8471155
4654	17133	773	55	326	8471165
4673	16949	786	56	328	8471175
4694	16784	807	56	329	8471185
4713	16639	808	56	331	8471195
4732	16504	811	57	334	8471205
4748	16377	814	58	335	8471215
4760	16256	817	58	337	8471225
4773	16146	817	58	338	8471235
4785	16047	816	58	340	8471245
4797	15961	810	59	343	8471255
4809	15893	802	59	345	8471265
4819	15836	790	59	348	8471275
4826	15797	738	60	350	8471285
4826	15777	643	60	351	8471295
4833	15777	468	60	351	8471305
4833	15789	13	60	354	8471325
51
4878	17396	28	57	336	8471807
4872	17402	64	58	335	8471817
4872	17412	155	58	335	8471837
4863	17412	218	58	335	8471847
4863	17419	262	58	335	8471867
4857	17419	333	58	335	8471887
4857	17411	393	58	335	8471897
4857	17396	458	58	335	8471907
4857	17373	514	58	335	8471917
4857	17338	549	58	335	8471927
4857	17294	589	58	335	8471937
4857	17240	611	58	335	8471947
4863	17181	647	58	335	8471957
4870	17119	667	58	337	8471967
4877	17057	681	58	337	8471977
4877	16999	695	58	337	8471987
4890	16944	704	58	338	8471997
4890	16888	722	58	338	8472007
4902	16835	728	58	338	8472017
4902	16783	741	58	340	8472027
4911	16732	748	58	340	8472037
4911	16685	752	59	341	8472047
4919	16639	758	59	341	8472057
4919	16596	761	59	343	8472067
4927	16552	764	59	343	8472077
4927	16511	767	59	345	8472087
4937	16468	774	59	345	8472097
4937	16426	776	59	346	8472107
4950	16388	777	59	346	8472117
4957	16346	777	59	346	8472127
4965	16314	779	59	348	8472137
4965	16275	783	59	348	8472147
4975	16237	783	59	348	8472157
4975	16203	787	59	348	8472167
4982	16159	788	60	350	8472177
4982	16123	791	60	350	8472187
4982	16090	795	60	350	8472197
4993	16052	800	60	350	8472207
4993	16021	800	60	351	8472217
4999	15990	802	60	351	8472227
4999	15957	801	60	351	8472237
5007	15930	802	60	353	8472247
5007	15902	802	61	353	8472257
5016	15875	804	61	353	8472267
5016	15850	804	62	354	8472277
5026	15827	806	62	354	8472287
5026	15806	804	62	356	8472297
5036	15789	803	62	356	8472307
5036	15774	802	62	356	8472317
5036	15762	796	62	358	8472337
5036	15751	521	62	51.1429	8472407
23
4842	15757	129	60	358	8472699
4831	15750	186	60	358	8472709
4820	15740	258	60	358	8472719
4814	15733	342	60	358	8472739
4805	15725	625	61.2727	358	8472849
4805	15717	759	62	358	8472859
4812	15717	784	62	358	8472869
4818	15717	796	62	358	8472879
4831	15717	838	62	358	8472889
4851	15717	853	62	358	8472899
4876	15725	860	62	358	8472909
4905	15732	865	62	358	8472919
4934	15732	874	62	358	8472929
4964	15743	882	62	358	8472939
4995	15743	890	62	358	8472949
5021	15753	890	62	358	8472959
5044	15753	890	62	358	8472969
5061	15762	891	62	358	8472979
5070	15762	891	62	358	8472989
5078	15762	893	62	358	8472999
5085	15768	891	62	358	8473019
5091	15768	791	62	358	8473079
5080	15760	157	62	358	8473099
60
4787	15693	3	60	358	8473455
4779	15693	50	61.3333	358	8473485
4771	15693	174	62	358	8473515
4765	15693	318	62	358	8473545
4757	15693	373	62	358	8473565
4757	15686	379	62	358	8473575
4750	15686	521	62	358	8473715
4750	15679	730	62	358	8473765
4750	15669	759	62	358	8473775
4750	15662	769	62	358	8473785
4750	15655	778	62	358	8473795
4750	15646	785	62	358	8473805
4757	15635	788	62	358	8473815
4757	15620	792	62	358	8473825
4757	15603	795	62	358	8473835
4765	15584	797	62	358	8473845
4765	15564	799	62	358	8473855
4765	15545	799	62	358	8473865
4773	15527	802	62	358	8473875
4773	15508	802	62	358	8473885
4782	15494	804	62	358	8473895
4782	15480	805	62	358	8473905
4794	15469	804	62	358	8473915
4802	15460	807	62	0	8473925
4811	15460	808	62	0	8473935
4822	15450	808	62	0	8473945
4833	15450	808	62	0	8473955
4847	15450	815	62	0	8473965
4866	15450	817	62	0	8473975
4886	15450	820	62	0	8473985
4907	15462	821	62	0	8473995
4932	15468	823	62	0	8474005
4954	15477	824	62	0	8474015
4978	15486	825	62	0	8474025
4997	15496	825	62	0	8474035
5014	15507	829	62	0	8474045
5030	15516	828	62	0	8474055
5044	15525	830	63	0	8474065
5059	15534	829	63	0	8474075
5074	15546	831	64	0	8474085
5087	15557	831	64	0	8474095
5099	15570	831	64	0	8474105
5109	15587	831	64	0	8474115
5118	15601	832	64	0	8474125
5125	15615	832	64	0	8474135
5125	15627	833	64	0	8474145
5133	15637	834	64	0	8474155
5133	15647	833	64	0	8474165
5133	15661	833	64	0	8474175
5133	15675	833	64	0	8474185
5133	15690	832	64	0	8474195
5133	15704	831	64	0	8474205
5133	15719	830	64	0	8474215
5133	15732	830	64	0	8474225
5133	15745	829	63	0	8474235
5133	15756	830	62.5	0	8474255
5133	15766	831	62	358	8474295
5127	15766	795	62	358	8474325
5120	15766	557	62	358	8474335
5113	15766	11	62	358	8474355
59
5482	16744	8	57	334	8477751
5482	16751	62	57.5	333.5	8477771
5482	16758	125	58.6667	332.333	8477801
5489	16766	206	59	332	8477831
5489	16773	344	59	332	8477901
5489	16766	439	59	332	8477911
5489	16759	462	59	332	8477921
5489	16749	489	59	333	8477931
5495	16732	510	59	333	8477941
5495	16708	525	59	333	8477951
5495	16681	543	59	333	8477961
5503	16651	550	59	333	8477971
5503	16619	565	59	333	8477981
5510	16592	573	59	333	8477991
5510	16561	582	59	333	8478001
5520	16529	602	59	333	8478011
5520	16501	607	59	333	8478021
5528	16466	622	59	333	8478031
5528	16435	634	59	333	8478041
5537	16402	647	59	333	8478051
5537	16369	652	60	335	8478061
5548	16336	656	60	335	8478071
5554	16302	664	60	335	8478081
5554	16269	666	60	335	8478091
5564	16229	674	60	335	8478101
5564	16191	686	60	337	8478111
5572	16156	688	60	337	8478121
5572	16120	696	60	337	8478131
5572	16093	703	60	337	8478141
5580	16064	704	60	338	8478151
5580	16036	707	60	338	8478161
5580	16014	711	60	338	8478171
5580	15987	715	60	340	8478181
5580	15963	718	60	340	8478191
5587	15938	721	60	340	8478201
5587	15914	727	61	342	8478211
5587	15894	732	61	342	8478221
5594	15874	735	61	342	8478231
5594	15856	738	61	343	8478241
5594	15836	739	61	343	8478251
5601	15815	740	61	343	8478261
5601	15794	741	61	345	8478271
5601	15778	744	61	345	8478281
5601	15764	746	61	345	8478291
5610	15753	747	61	345	8478301
5610	15742	748	61	347	8478311
5610	15728	749	61	347	8478321
5619	15711	749	61	347	8478331
5619	15697	749	61	347	8478341
5619	15684	750	61	347	8478351
5619	15667	753	62	349	8478361
5625	15654	754	62	349	8478371
5625	15640	754	62	349	8478381
5625	15626	757	62	349	8478391
5633	15617	756	62	349	8478401
5633	15607	757	62	349	8478411
5633	15598	757	62	349	8478421
5640	15592	693	62	351	8478491
5640	15605	152	62	351	8478511
28
5233	15154	86	59	345	8479259
5233	15162	290	59	345	8479309
5225	15162	446	59	345	8479319
5225	15151	511	59	345	8479339
5225	15140	567	59	345	8479359
5225	15127	619	59	346	8479369
5235	15117	646	59	346	8479379
5247	15106	672	59	346	8479389
5260	15094	684	60	346	8479399
5277	15083	704	60	346	8479409
5294	15074	712	61	345	8479419
5311	15067	734	61	345	8479429
5333	15067	746	61	345	8479439
5354	15067	746	61	347	8479449
5375	15067	757	61	347	8479459
5400	15067	763	61	347	8479469
5421	15084	765	61	347	8479479
5445	15102	772	61	347	8479489
5467	15121	772	61	347	8479499
5486	15142	775	61	347	8479509
5501	15162	773	61	347	8479519
5513	15186	769	61	347	8479529
5520	15207	765	61	347	8479539
5520	15226	755	61	347	8479549
5520	15241	742	61	347	8479559
5520	15249	691	61	347	8479579
5514	15256	560	61	346	8479599
5503	15256	142	61	345	8479619
63
5208	15102	58	61	345	8480045
5200	15109	280	61	345	8480095
5193	15109	468	61	345	8480115
5193	15102	535	61	345	8480135
5193	15093	569	61	345	8480145
5193	15084	591	61	347	8480155
5193	15071	613	61	347	8480165
5193	15057	638	61	347	8480175
5205	15038	646	61	347	8480185
5211	15021	667	61	347	8480195
5219	15007	674	61	347	8480205
5227	14990	691	61	347	8480215
5234	14977	694	61	347	8480225
5242	14966	705	61	347	8480235
5250	14954	711	62	349	8480245
5258	14946	720	62	349	8480255
5265	14938	722	62	349	8480265
5274	14932	725	62	349	8480275
5284	14932	729	62	349	8480285
5294	14922	733	62	349	8480295
5305	14922	735	62	351	8480305
5317	14914	743	62	351	8480315
5330	14914	747	62	351	8480325
5342	14914	753	62	351	8480335
5355	14914	755	62	351	8480345
5368	14914	760	62	351	8480355
5380	14914	756	62	351	8480365
5391	14914	757	62	353	8480375
5401	14914	757	62	353	8480385
5411	14921	763	62	353	8480395
5419	14921	764	62	353	8480405
5430	14930	765	62	353	8480415
5445	14937	765	62	353	8480425
5456	14945	768	62	353	8480435
5466	14952	770	62	353	8480445
5475	14959	769	62	353	8480455
5482	14966	773	62	353	8480465
5491	14974	773	62	353	8480475
5498	14983	772	62	353	8480485
5498	14993	773	62	353	8480495
5508	15003	773	62	353	8480505
5508	15012	772	62	353	8480515
5515	15021	772	62	351	8480525
5515	15031	772	62	351	8480535
5515	15044	775	62	351	8480545
5523	15057	776	62	351	8480555
5523	15068	776	62	351	8480565
5523	15078	775	62	351	8480575
5523	15086	775	62	349	8480595
5523	15100	773	62	349	8480605
5523	15108	773	62	349	8480615
5523	15117	770	62	349	8480625
5523	15128	768	62	349	8480635
5523	15140	763	61	347	8480645
5523	15152	763	61	347	8480655
5523	15165	765	61	347	8480665
5523	15177	765	61	347	8480675
5523	15187	765	61	347	8480685
5523	15197	763	61	345	8480695
5523	15205	762	61	345	8480705
5523	15212	760	61	345	8480725
5523	15220	708	61	345	8480755
5517	15220	226	61	345	8480785
39
5645	15576	37	61	342	8481235
5645	15582	279	61	342	8481305
5638	15582	526	61	342	8481325
5631	15582	573	61	342	8481335
5625	15582	595	61	342	8481345
5614	15574	605	61	342	8481355
5601	15574	626	61	342	8481365
5584	15565	649	61	342	8481375
5567	15565	660	61	342	8481385
5550	15553	668	61	342	8481395
5530	15544	672	61	342	8481405
5508	15535	682	61	342	8481415
5486	15522	682	61	342	8481425
5465	15511	686	61	342	8481435
5448	15502	686	61	342	8481445
5437	15493	685	61	342	8481455
5430	15493	685	61	342	8481465
5430	15487	686	61	342	8481515
5430	15480	688	61	342	8481535
5430	15472	691	61	342	8481545
5430	15462	701	61	342	8481555
5430	15448	703	61	342	8481565
5430	15433	707	61	342	8481575
5430	15421	716	61	342	8481585
5430	15404	738	61	342	8481595
5437	15387	741	61	342	8481605
5437	15368	753	61	342	8481615
5445	15345	754	61	342	8481625
5445	15324	764	61	342	8481635
5445	15301	764	61	342	8481645
5445	15279	770	61	343	8481655
5445	15259	773	61	343	8481665
5445	15244	775	61	343	8481675
5445	15229	779	61	343	8481685
5445	15216	784	61	343	8481695
5445	15205	781	61	343	8481705
5445	15197	779	61	343	8481715
5452	15197	710	61	344.143	8481785
5452	15206	175	61	345	8481805
64
5011	15457	55	59	345	8482303
5011	15463	115	59	343	8482313
4995	15463	291	59	343	8482353
4995	15457	412	59	343	8482363
4995	15447	442	59	343	8482373
4995	15434	473	59	343	8482383
4995	15420	493	59	343	8482393
4995	15404	513	59	343	8482403
4995	15390	530	59	343	8482413
4995	15378	541	59	343	8482423
4995	15368	548	59	343	8482433
4995	15360	557	59	343	8482443
4995	15353	567	59	343	8482463
5003	15345	570	59	343	8482503
5010	15345	582	59	343	8482533
5020	15345	611	59	343	8482543
5028	15345	626	59	343	8482553
5039	15345	633	59	343	8482563
5052	15352	644	60	342	8482573
5066	15352	660	60	342	8482583
5083	15362	665	60	342	8482593
5099	15362	669	60	342	8482603
5115	15372	678	59	343	8482613
5131	15372	685	59	343	8482623
5147	15382	689	59	343	8482633
5160	15382	691	59	343	8482643
5172	15382	692	59	343	8482653
5181	15390	696	60	342	8482663
5188	15390	701	60	342	8482673
5196	15390	704	61	342	8482683
5205	15390	705	61	342	8482693
5214	15399	704	61	342	8482703
5222	15399	703	61	342	8482713
5229	15399	706	61	342	8482723
5229	15406	700	61	342	8482733
5237	15406	701	61	342	8482753
5237	15413	694	59.9412	342.471	8482923
5237	15406	714	59	343	8482943
5237	15398	730	59	343	8482953
5245	15398	736	59	343	8482963
5245	15381	743	59	343	8482973
5245	15370	747	59	343	8482983
5253	15355	748	59	343	8482993
5253	15339	753	59	343	8483003
5253	15322	756	59	343	8483013
5261	15305	761	59	343	8483023
5261	15290	769	59	345	8483033
5261	15275	770	59	345	8483043
5268	15261	772	60	344	8483053
5268	15245	776	60	344	8483063
5268	15231	777	61	343	8483073
5268	15217	784	61	343	8483083
5275	15205	786	61	343	8483093
5275	15192	790	61	343	8483103
5275	15176	791	61	343	8483113
5283	15159	796	61	343	8483123
5283	15143	798	61	345	8483133
5283	15131	801	61	345	8483143
5283	15122	801	61	345	8483153
5290	15116	803	61	345	8483163
5290	15108	801	61	345	8483173
5290	15102	801	61	345	8483193
5290	15092	743	61	346.429	8483263
5290	15100	155	61	347	8483283
8
4943	15450	40	59	343	8483831
4952	15450	90	59	343	8483841
4952	15458	147	59	343	8483851
4961	15458	255	59	343	8483881
4961	15465	373	59	343	8483901
4961	15474	401	59	343	8483911
4967	15483	384	59	343	8483921
4967	15495	163	59	343	8483941
70
5368	14886	94	62	353	8484675
5375	14892	375	62	353.5	8484735
5375	14899	574	62	354	8484755
5385	14907	653	62	354	8484775
5396	14915	721	62	354	8484795
5402	14915	979	62.9286	352.964	8485075
5396	14915	1023	64	352	8485095
5396	14908	1023	64.9167	346.333	8485335
5389	14908	1023	65	340	8485345
5389	14902	1023	62.1226	334.094	8486405
5389	14908	1013	61.5556	335.319	8489284
5378	14908	971	60	337	8489294
5370	14900	972	60	337	8489304
5361	14900	971	60	337	8489314
5353	14892	972	60	337	8489324
5345	14892	971	60	337	8489334
5338	14879	971	60	337	8489344
5330	14869	971	60	338	8489354
5320	14859	971	60	338	8489364
5313	14851	971	60	338	8489384
5307	14843	969	60	338	8489424
5307	14833	969	60	338	8489434
5307	14826	969	60	338	8489444
5300	14815	969	60	338	8489454
5300	14803	969	60	338	8489464
5300	14796	969	60	338	8489484
5310	14787	968	60	338	8489504
5325	14778	968	60	338	8489514
5335	14778	966	60	338	8489524
5346	14778	967	60	338	8489534
5358	14771	967	60	338	8489544
5372	14771	967	60	338	8489554
5388	14771	966	60	338	8489564
5404	14771	966	60	340	8489574
5420	14771	965	60	340	8489584
5435	14771	964	60	340	8489594
5449	14771	960	60	340	8489604
5463	14771	960	60	340	8489614
5477	14771	957	60	340	8489624
5492	14777	957	60	340	8489634
5505	14787	954	60	340	8489644
5517	14796	954	60	340	8489654
5525	14806	951	60	340	8489664
5525	14816	951	61	339	8489674
5532	14826	950	61	339	8489684
5532	14837	950	62	338	8489694
5532	14847	951	62	338	8489704
5532	14857	950	62	338	8489714
5521	14864	949	62	338	8489724
5521	14874	948	61	339	8489734
5509	14883	944	61	337	8489744
5509	14891	944	60	338	8489754
5498	14898	942	60	338	8489764
5491	14905	941	60	338	8489774
5484	14905	939	60	338	8489784
5475	14913	936	60	338	8489794
5464	14913	935	60	338	8489804
5451	14920	931	60	338	8489814
5434	14920	923	60	338	8489824
5415	14920	920	60	338	8489834
5393	14910	912	60	338	8489844
5370	14899	904	60	338	8489854
5350	14884	881	60	338	8489864
5333	14868	823	60	338	8489874
5324	14854	704	60	338	8489884
5324	14841	483	60	338	8489894
5340	14841	285	60	338	8489904
5357	14841	168	60	338	8489914
5381	14860	73	60	338	8489924
5408	14879	0	60	337.5	8489944
23
5445	14718	38	60	341	8490239
5445	14727	102	60	341	8490249
5445	14735	221	60	340	8490269
5445	14743	340	60	340	8490289
5445	14754	470	60	340	8490319
5445	14760	818	60	338.773	8490759
5438	14760	906	60	338	8490799
5438	14754	890	60	337.066	8491709
5438	14742	880	60	337	8491719
5438	14724	882	60	337	8491729
5445	14698	882	60	337	8491739
5445	14666	883	60	337	8491749
5445	14634	884	60	337	8491759
5454	14595	887	60	338	8491769
5454	14559	887	60	338	8491779
5460	14522	887	60	338	8491789
5460	14489	888	60	338	8491799
5469	14464	888	60	338	8491809
5469	14439	889	60	338	8491819
5476	14420	890	60	338	8491829
5476	14403	889	60	338	8491839
5476	14393	760	60	338.5	8491919
5476	14402	24	60	340	8491939
79
6392	18438	11	51	325	8495472
6385	18447	43	51	325	8495482
6377	18455	72	51	325	8495502
6377	18461	127	51	325	8495522
6371	18461	195	51	325	8495542
6371	18468	311	50.1429	325.857	8495612
6371	18461	352	49	326.5	8495632
6371	18452	357	49	326	8495652
6371	18444	361	49	326	8495732
6371	18453	364	49	326	8495752
6371	18465	364	49	327	8495762
6363	18472	363	49	327	8495782
6363	18481	367	49	327	8495822
6363	18473	389	49	327	8495832
6363	18462	396	49	327	8495842
6371	18448	415	49	327	8495852
6377	18430	427	49	327	8495862
6384	18410	433	49	327	8495872
6384	18386	447	49	327	8495882
6396	18356	457	49	327	8495892
6403	18330	462	49	327	8495902
6410	18298	482	49	327	8495912
6410	18264	505	49	327	8495922
6423	18228	515	49	327	8495932
6430	18189	513	50	328	8495942
6430	18150	516	50	328	8495952
6442	18114	531	50	328	8495962
6442	18076	536	51	329	8495972
6451	18040	549	51	328	8495982
6451	18004	552	51	328	8495992
6458	17970	556	52	329	8496002
6458	17935	565	52	329	8496012
6465	17902	566	52	330	8496022
6465	17863	573	52	330	8496032
6465	17827	581	53	332	8496042
6475	17790	583	53	332	8496052
6475	17753	585	53	333	8496062
6486	17715	594	53	333	8496071
6486	17675	600	53	334	8496081
6495	17632	606	53	334	8496091
6495	17580	612	53	336	8496101
6495	17528	616	53	336	8496111
6502	17473	618	53	336	8496121
6502	17419	619	53	336	8496131
6510	17365	627	53	336	8496141
6510	17315	633	54	337	8496151
6517	17265	634	54	337	8496161
6517	17215	641	54	337	8496171
6517	17166	648	54	337	8496181
6526	17118	651	54	338	8496191
6526	17069	657	54	338	8496201
6533	17023	663	54	338	8496211
6533	16982	668	54	340	8496221
6541	16937	678	54	340	8496231
6548	16895	678	55	341	8496241
6548	16853	678	55	341	8496251
6556	16809	681	55	343	8496261
6556	16766	681	55	343	8496271
6563	16722	682	55	344	8496281
6563	16681	687	55	344	8496291
6571	16639	696	55	345	8496301
6571	16595	698	55	345	8496311
6580	16552	700	55	347	8496321
6580	16506	701	55	347	8496331
6590	16464	700	55	348	8496341
6590	16423	702	55	348	8496351
6599	16377	702	55	348	8496361
6599	16329	704	55	348	8496371
6599	16282	708	55	348	8496381
6606	16241	708	55	348	8496391
6606	16202	708	56	350	8496401
6614	16167	709	56	350	8496411
6614	16137	710	56	350	8496421
6614	16108	702	56	350	8496431
6620	16087	683	56	351	8496441
6620	16076	653	56	351	8496451
6620	16069	579	56	351	8496461
6627	16069	500	56	351	8496471
6627	16090	145	56	352	8496491
56
6669	16841	5	55	347	8496872
6669	16850	29	55	347	8496882
6675	16850	56	55	347	8496892
6675	16856	180	55	347	8496942
6675	16863	305	55	347	8496962
6675	16870	357	55	347	8496982
6682	16876	422	55	347	8497022
6682	16883	512	55	347	8497082
6682	16872	574	55	347	8497092
6689	16863	591	55	347	8497102
6689	16850	602	55	347	8497112
6689	16830	626	55	347	8497122
6696	16807	643	55	347	8497132
6696	16784	654	55	347	8497142
6704	16759	670	55	347	8497152
6704	16734	687	55	347	8497162
6714	16712	696	55	347	8497172
6714	16686	706	55	347	8497182
6725	16661	720	55	348	8497192
6725	16639	726	55	348	8497202
6734	16612	728	55	348	8497212
6734	16585	738	55	348	8497222
6734	16561	743	55	348	8497232
6734	16539	744	55	348	8497242
6734	16522	747	55	348	8497252
6741	16504	750	55	348	8497262
6741	16483	753	55	348	8497272
6741	16462	755	55	348	8497282
6741	16436	761	55	348	8497292
6748	16418	762	55	348	8497302
6748	16403	763	55	348	8497312
6748	16387	766	55	348	8497322
6756	16373	765	55	348	8497332
6756	16360	768	55	348	8497342
6756	16343	771	56	350	8497352
6764	16327	771	56	350	8497362
6764	16313	771	56	350	8497372
6764	16299	770	56	350	8497382
6771	16289	771	56	350	8497392
6771	16281	772	56	350	8497402
6771	16271	771	56	350	8497412
6779	16258	772	56	350	8497422
6779	16245	773	56	350	8497432
6779	16229	774	56	350	8497442
6787	16215	776	56	350	8497452
6787	16201	776	56	350	8497462
6787	16186	776	56	350	8497472
6795	16176	776	56	350	8497482
6795	16165	776	56	350	8497492
6795	16151	777	56	351	8497502
6795	16143	777	56	351	8497512
6802	16135	777	56	351	8497522
6802	16127	777	56	352	8497542
6802	16120	778	56	353	8497572
6809	16113	733	56	353.917	8497691
6809	16104	0	56	354	8497711
28
6609	16026	51	55	340	8500976
6602	16032	129	57	341	8500996
6596	16039	267	57	341	8501016
6589	16039	392	57	341	8501046
6582	16039	547	57	341	8501106
6575	16039	607	57	341	8501116
6575	16032	615	57	341	8501126
6569	16032	618	57	341	8501146
6562	16026	618	57	341	8501176
6555	16026	623	57	341	8501206
6562	16026	637	57	341	8501226
6574	16026	647	57	341	8501236
6585	16026	670	57	341	8501246
6602	16026	687	57	341	8501256
6625	16026	697	57	341	8501266
6651	16026	711	57	341	8501276
6679	16026	720	57	341	8501286
6707	16026	721	57	341	8501296
6735	16026	726	57	343	8501306
6764	16026	731	57	343	8501316
6790	16026	736	57	343	8501326
6813	16035	735	57	343	8501336
6833	16035	736	57	343	8501346
6851	16044	738	57	343	8501356
6865	16044	737	57	343	8501366
6875	16044	735	57	343	8501376
6882	16044	730	57	343	8501396
6882	16050	447	57	342.75	8501476
60
6555	15986	21	57	341	8501848
6549	15986	99	57	341	8501868
6549	15994	186	57	341	8501878
6542	16001	275	57	341	8501898
6542	16014	374	57	341	8501908
6542	16021	407	57	341	8501918
6552	16021	445	57	341	8501928
6552	16029	478	57	341	8501938
6558	16029	532	57	341	8501968
6566	16029	567	57	341	8501978
6566	16019	582	57	341	8501988
6566	16008	596	57	341	8501998
6566	15994	611	57	341	8502008
6572	15977	619	57	341	8502018
6572	15957	632	57	343	8502028
6572	15938	639	57	343	8502038
6572	15915	650	57	343	8502048
6572	15895	657	57	343	8502058
6572	15877	661	57	343	8502068
6580	15860	667	57	343	8502078
6580	15849	667	57	343	8502088
6588	15838	675	57	343	8502098
6595	15829	679	57	343	8502108
6603	15822	686	57	343	8502118
6615	15813	693	57	343	8502128
6628	15806	695	57	343	8502138
6641	15806	699	57	344	8502148
6655	15796	707	57	344	8502158
6672	15796	712	57	344	8502168
6689	15796	712	57	344	8502178
6706	15796	712	57	344	8502188
6722	15796	717	57	344	8502198
6737	15796	716	57	344	8502208
6751	15803	717	57	344	8502218
6766	15809	718	57	344	8502228
6782	15816	718	57	344	8502238
6798	15825	718	57	344	8502248
6814	15835	718	57	344	8502258
6829	15842	718	57	344	8502268
6842	15852	720	57	344	8502278
6853	15862	718	57	344	8502288
6861	15872	718	57	344	8502298
6870	15884	717	57	344	8502308
6877	15896	721	57	344	8502318
6884	15907	716	57	344	8502328
6884	15916	716	57	344	8502338
6894	15924	711	57.5	344	8502358
6902	15938	714	58	344	8502368
6902	15947	713	59	343	8502378
6910	15957	712	59	343	8502388
6910	15966	711	59	343	8502398
6910	15975	711	59	341	8502408
6910	15985	711	59	341	8502418
6910	15994	709	59	341	8502428
6910	16005	707	59	341	8502438
6910	16014	702	59	341	8502458
6902	16022	678	59	341	8502478
6892	16022	631	59	341	8502488
6892	16030	586	59	341	8502498
6883	16030	269	58.5	340.5	8502538
53
6719	15703	20	58	344	8502900
6719	15717	51	59	343	8502910
6707	15717	74	59	343	8502920
6707	15727	120	59	343	8502940
6707	15733	177	59	343	8502950
6701	15733	229	59	343	8502960
6701	15741	312	59	343	8502980
6694	15749	439	59	343	8503010
6686	15749	538	59	343	8503030
6677	15749	577	59	343	8503050
6666	15749	615	59	343	8503070
6658	15749	636	59	343	8503080
6658	15737	641	59	343	8503090
6650	15730	646	59	343	8503100
6650	15720	649	59	343	8503110
6650	15709	650	59	343	8503120
6650	15699	657	59	343	8503130
6650	15687	657	59	343	8503140
6659	15674	657	59	343	8503150
6666	15663	656	59	345	8503160
6675	15653	657	59	345	8503170
6683	15644	657	59	345	8503180
6693	15637	657	59	345	8503190
6703	15637	658	59	345	8503200
6711	15629	658	59	345	8503210
6722	15629	659	59	345	8503220
6734	15629	661	59	345	8503230
6746	15629	663	59	345	8503240
6759	15629	668	59	345	8503250
6774	15636	670	59	345	8503260
6788	15644	670	59	345	8503270
6802	15655	673	59	345	8503280
6815	15667	673	59	345	8503290
6825	15680	672	59	345	8503300
6832	15690	674	59	345	8503310
6832	15704	674	59	345	8503320
6840	15717	675	59	345	8503330
6840	15728	675	59	345	8503340
6840	15739	675	59	345	8503350
6833	15747	677	59	345	8503360
6833	15754	679	59	345	8503370
6820	15762	679	59	345	8503380
6811	15770	679	59	345	8503390
6801	15777	680	59	345	8503400
6790	15785	676	59	345	8503410
6776	15785	676	59	345	8503420
6760	15793	677	59	345	8503430
6745	15793	670	59	343	8503440
6730	15793	666	59	343	8503450
6718	15786	657	59	343	8503460
6705	15775	636	59	343	8503470
6697	15763	582	59	343	8503480
6697	15751	211	59	343	8503500
97
6763	15597	171	62	335.75	8516074
6763	15603	251	62	336	8516194
6756	15603	395	62	336	8516354
6756	15592	541	62	336	8516364
6756	15584	548	62	336	8516374
6756	15577	556	62	336	8516384
6756	15569	565	62	336	8516394
6756	15562	570	62	336	8516404
6756	15554	585	62	336	8516414
6756	15545	594	62	336	8516424
6756	15537	600	62	336	8516434
6756	15527	608	62	336	8516444
6756	15518	611	62	336	8516454
6756	15506	620	62	336	8516464
6756	15492	626	62	336	8516474
6756	15477	629	62	336	8516484
6756	15461	634	62	336	8516494
6756	15447	636	62	336	8516504
6756	15433	637	62	336	8516514
6756	15420	644	62	336	8516524
6756	15409	648	62	336	8516534
6756	15396	651	62	336	8516544
6756	15382	652	62	336	8516554
6756	15369	652	62	336	8516564
6756	15355	653	62	336	8516574
6756	15341	660	62	336	8516584
6756	15325	663	62	336	8516594
6756	15309	663	62	338	8516604
6756	15294	663	62	338	8516614
6756	15278	666	62	338	8516624
6763	15265	666	62	338	8516634
6763	15252	667	62	338	8516644
6763	15244	667	62	338	8516674
6763	15237	668	62	338	8516724
6752	15237	671	62	338	8516734
6746	15237	673	62	338	8516744
6734	15228	674	62	338	8516754
6719	15228	675	62	338	8516764
6699	15216	684	62	338	8516774
6676	15207	690	62	338	8516784
6649	15198	692	62	338	8516794
6620	15188	703	62	338	8516804
6586	15177	709	62	338	8516814
6553	15165	713	62	338	8516824
6518	15152	714	62	338	8516834
6484	15139	728	62	338	8516844
6450	15125	729	62	338	8516854
6416	15111	732	62	338	8516864
6382	15097	732	62	338	8516874
6349	15084	733	62	338	8516884
6316	15071	732	63	337	8516894
6285	15059	731	63	337	8516904
6255	15049	731	64	336	8516914
6229	15041	732	64	336	8516924
6207	15034	732	63	337	8516934
6190	15034	732	63	337	8516944
6176	15025	732	62	338	8516954
6164	15025	731	63	337	8516964
6150	15017	732	64	339	8516974
6137	15017	732	64	338	8516984
6122	15005	729	64	338	8516994
6105	14996	728	64	338	8517004
6086	14987	729	64	338	8517014
6066	14978	728	64	338	8517024
6049	14978	729	64	338	8517034
6034	14967	731	64	338	8517044
6022	14967	732	64	339	8517054
6014	14967	733	64	339	8517064
6007	14961	732	63	340	8517084
5999	14961	731	63	340	8517104
5988	14961	731	63	341	8517124
5981	14961	733	63	342	8517134
5981	14954	731	63	342	8517174
5981	14946	733	63	342	8517184
5981	14938	735	63	342	8517194
5981	14925	738	63	342	8517204
5981	14907	740	63	342	8517214
5981	14886	741	63	342	8517224
5981	14864	750	63	342	8517234
5988	14845	752	63	342	8517244
5988	14819	757	63	342	8517254
5988	14790	769	63	342	8517264
5995	14758	776	63	344	8517274
5995	14726	778	63	344	8517284
6003	14695	786	63	344	8517294
6003	14663	787	63	344	8517304
6011	14632	792	63	344	8517314
6011	14597	795	63	344	8517324
6011	14566	796	63	346	8517334
6017	14538	799	64	345	8517344
6017	14511	803	64	345	8517354
6017	14487	805	65	345	8517364
6024	14466	807	65	345	8517374
6024	14450	807	65	345	8517384
6024	14439	802	65	347	8517394
6031	14439	683	65	347	8517434
6031	14455	6	65	347	8517454
30
5736	14182	71	60	335	8518512
5730	14182	164	60	335	8518532
5730	14175	292	60	335	8518542
5723	14175	475	60	335	8518592
5723	14164	620	60	335	8518612
5723	14150	668	60	337	8518622
5730	14141	683	60	337	8518632
5730	14127	711	60	337	8518642
5741	14114	718	60	337	8518652
5741	14104	726	60	337	8518662
5754	14094	733	60	337	8518672
5764	14086	742	60	337	8518682
5776	14080	747	60	337	8518692
5790	14073	747	60	338	8518702
5805	14073	748	60	338	8518712
5820	14073	757	60	338	8518722
5836	14073	764	60	338	8518732
5850	14073	765	60	338	8518742
5866	14082	771	60	338	8518752
5881	14092	771	60	338	8518762
5895	14101	773	60	338	8518772
5905	14110	773	60	338	8518782
5913	14117	775	60	338	8518802
5923	14127	776	60	338	8518812
5923	14133	776	60	338	8518822
5930	14141	771	60	338	8518832
5930	14150	765	60	338	8518842
5938	14158	757	60	338	8518852
5938	14165	647	60	338	8518892
5927	14165	41	60	338	8518912
40
5710	14029	102	60	338	8519304
5702	14029	173	60	338	8519314
5696	14029	303	60	338	8519334
5696	14022	480	60	338	8519374
5696	14016	615	60	340	8519394
5696	14006	660	60	340	8519404
5702	13998	686	60	340	8519414
5702	13989	705	60	340	8519424
5713	13979	718	60	340	8519434
5720	13971	728	60	340	8519444
5729	13961	748	60	340	8519454
5737	13949	749	60	340	8519464
5745	13938	752	60	340	8519474
5755	13928	754	60	340	8519484
5763	13919	756	61	342	8519494
5771	13919	764	61	342	8519504
5781	13905	770	61	342	8519514
5792	13898	776	61	342	8519524
5804	13898	774	61	342	8519534
5815	13887	774	61	342	8519544
5822	13887	778	61	342	8519554
5832	13887	786	62	341	8519564
5844	13894	787	62	341	8519574
5860	13902	786	63	340	8519584
5877	13910	787	63	340	8519594
5893	13920	788	63	340	8519604
5909	13932	788	63	340	8519614
5923	13945	791	63	340	8519624
5937	13958	790	63	340	8519634
5950	13968	788	63	340	8519644
5959	13978	788	63	340	8519654
5969	13988	791	63	340	8519664
5977	13999	787	63	340	8519674
5985	14009	786	63	340	8519684
5992	14019	783	63	340	8519694
5992	14027	775	63	340	8519704
6000	14034	754	63	340	8519714
6000	14040	683	63	340	8519734
6000	14051	502	62	338	8519744
5986	14051	65	62	338	8519764
76
5720	13951	3	60	340	8520128
5714	13958	42	60	340	8520148
5707	13958	75	60	340	8520158
5707	13964	141	60	340	8520188
5707	13971	209	60	340	8520198
5699	13971	289	60	340	8520228
5692	13971	420	60	340	8520278
5685	13971	546	60	340	8520348
5685	13964	641	60	340	8520368
5678	13951	673	60	340	8520378
5678	13942	681	60	340	8520388
5678	13932	693	60	340	8520398
5678	13922	716	60	340	8520408
5678	13910	728	60	340	8520418
5678	13896	741	60	340	8520428
5678	13881	747	60	340	8520438
5678	13870	750	60	340	8520448
5678	13860	756	60	340	8520458
5685	13852	758	62	341	8520468
5685	13842	769	62	341	8520478
5685	13830	768	63	340	8520488
5685	13822	769	63	340	8520498
5685	13811	774	63	340	8520508
5692	13802	776	63	340	8520518
5692	13793	777	63	340	8520528
5700	13784	778	63	340	8520548
5710	13774	777	63	340	8520558
5716	13774	778	63	340	8520568
5723	13763	778	63	342	8520578
5731	13763	780	63	342	8520588
5741	13755	779	63	342	8520598
5752	13755	779	63	342	8520608
5763	13755	779	63	342	8520618
5773	13755	779	63	342	8520628
5783	13755	779	63	342	8520638
5793	13755	780	63	342	8520648
5804	13764	781	63	342	8520658
5813	13764	779	63	342	8520668
5823	13772	781	63	342	8520678
5832	13772	780	63	342	8520688
5841	13782	780	63	342	8520698
5850	13782	779	63	342	8520708
5860	13792	778	63	342	8520718
5869	13792	780	63	342	8520728
5878	13802	779	63	342	8520738
5886	13802	779	63	342	8520748
5894	13812	779	63	342	8520758
5900	13812	779	63	342	8520768
5900	13822	779	63	342	8520778
5910	13822	780	63	342	8520788
5910	13829	780	63	342	8520798
5920	13829	780	63	342	8520808
5920	13841	780	63	342	8520818
5928	13841	778	63	342	8520828
5928	13850	778	63	342	8520838
5935	13850	779	63	342	8520848
5935	13860	778	63	342	8520858
5941	13869	778	63	342	8520868
5941	13876	777	63	342	8520878
5949	13883	779	63	342	8520888
5949	13890	780	63	342	8520898
5949	13898	777	63	342	8520908
5949	13905	777	63	342	8520918
5955	13912	777	63	342	8520938
5955	13921	777	63	342	8520968
5955	13929	777	63	340.667	8520998
5962	13929	777	63	340	8521008
5962	13938	777	63	340	8521018
5962	13945	778	63	340	8521028
5962	13953	776	63	340	8521038
5962	13961	777	63	340	8521048
5962	13967	772	63	340	8521068
5962	13976	736	63	340	8521088
5962	13983	663	63	340	8521098
5962	13990	544	63	340	8521108
5962	13998	127	63	340	8521128
39
6039	14430	139	61	333	8521714
6039	14437	327	61	333	8521724
6031	14437	466	61	331	8521754
6022	14437	550	61	331	8521764
6015	14437	577	61	331	8521774
6007	14437	601	61	331	8521784
5997	14437	624	61	331	8521794
5985	14437	647	61	331	8521804
5971	14437	663	61	331	8521814
5957	14429	675	61	331	8521824
5943	14429	682	61	331	8521834
5927	14421	683	61	331	8521844
5911	14421	685	61	331	8521854
5898	14411	687	61	331	8521864
5888	14411	687	61	331	8521874
5888	14404	689	61	331	8521884
5880	14404	686	60.5	331.5	8521904
5880	14397	685	59.5	332.5	8521924
5880	14386	684	59	333	8521934
5880	14380	684	59	333	8521944
5880	14371	685	59	333	8521954
5880	14364	687	59	333	8521964
5887	14352	689	59	333	8521974
5887	14338	699	59	333	8521984
5896	14321	703	59	333	8521994
5896	14299	708	59	333	8522004
5904	14277	712	59	333	8522014
5904	14254	713	60	335	8522024
5904	14230	721	60	334	8522034
5904	14209	724	60	334	8522044
5904	14188	732	61	333	8522054
5904	14170	739	61	333	8522064
5904	14148	739	61	333	8522074
5904	14128	740	61	333	8522084
5904	14113	740	62	335	8522094
5904	14100	740	62	335	8522104
5904	14094	735	62	335	8522124
5904	14086	638	62	335.333	8522154
5904	14098	135	62	336	8522174
60
5464	14331	35	59	336	8522668
5458	14338	146	60	335	8522698
5449	14345	320	60	335	8522738
5443	14345	430	59.6667	334.333	8522768
5443	14337	501	59	333	8522788
5443	14324	538	59	333	8522798
5443	14316	545	59	333	8522808
5443	14308	553	59	333	8522818
5443	14300	561	59	333	8522828
5449	14293	567	59	333	8522838
5449	14287	590	59	333	8522848
5449	14278	609	59	333	8522868
5457	14267	641	59	333	8522918
5464	14267	677	59	333	8522938
5478	14267	689	59	333	8522948
5490	14267	702	59	333	8522958
5505	14267	710	59	333	8522968
5522	14276	721	60	335	8522978
5541	14276	725	60	335	8522988
5559	14284	727	60	335	8522998
5576	14284	729	60	335	8523008
5592	14291	734	60	335	8523018
5609	14291	742	60	335	8523028
5626	14291	743	60	335	8523038
5641	14297	742	60	335	8523048
5655	14297	742	60	335	8523058
5665	14297	744	60	335	8523068
5674	14297	746	60	335	8523078
5683	14306	746	60	335	8523088
5691	14306	745	60	335	8523098
5699	14313	746	60	335	8523108
5706	14313	747	60	335	8523118
5714	14313	747	60	335	8523128
5723	14322	747	60	335	8523138
5730	14322	746	60	335	8523148
5737	14322	746	60	335	8523158
5737	14330	740	60	335	8523178
5744	14330	739	59.25	333.5	8523218
5750	14330	739	59	333	8523358
5750	14321	746	60	335	8523368
5758	14321	746	60	335	8523378
5758	14310	748	60	335	8523388
5758	14302	751	60	335	8523398
5765	14295	756	60	335	8523408
5765	14286	761	60	335	8523418
5765	14274	768	60	335	8523428
5765	14260	770	60	335	8523438
5772	14241	777	60	335	8523448
5772	14223	783	60	335	8523458
5772	14206	788	60	335	8523468
5778	14188	791	60	335	8523478
5778	14172	796	60	334	8523488
5778	14156	804	61	336	8523498
5778	14138	807	62	335	8523508
5778	14123	806	62	335	8523518
5785	14110	808	62	335	8523528
5785	14097	818	62	335	8523538
5785	14086	817	62	335	8523548
5791	14078	818	62	336	8523558
5791	14070	588	62	336	8523628
53
5752	14142	39	57	341	8529205
5745	14142	182	57	341	8529255
5738	14142	371	57	341	8529305
5731	14142	436	57	341	8529325
5731	14148	476	57	341	8529345
5724	14148	503	57	341	8529375
5715	14148	524	57	341	8529395
5707	14148	536	57	341	8529415
5700	14148	549	57	341	8529445
5693	14148	603	57	341	8529555
5693	14142	654	57	341	8529585
5693	14134	680	57	341	8529605
5700	14134	696	57	341	8529615
5700	14126	708	57	341	8529625
5709	14126	715	57	341	8529635
5709	14118	725	57	343	8529645
5720	14118	735	57	343	8529655
5728	14112	739	57	343	8529665
5735	14112	742	57	343	8529675
5743	14104	745	57	343	8529695
5753	14097	747	57	343	8529715
5760	14097	747	57	343	8529735
5760	14090	752	57	343	8529745
5769	14090	761	57	343	8529755
5769	14083	761	57	343	8529765
5780	14083	767	57	343	8529775
5788	14075	768	57	343	8529785
5794	14075	768	57	343	8529805
5805	14075	771	57	343	8529825
5813	14075	771	57	343	8529845
5820	14075	772	57	343	8529865
5829	14075	775	57	343	8529875
5835	14075	778	57	343	8529885
5843	14075	779	57	343	8529895
5852	14075	785	57	343	8529905
5861	14075	781	57	343	8529915
5869	14084	782	57	343	8529935
5880	14084	785	57	343	8529945
5888	14096	788	57	343	8529955
5897	14102	787	57	343	8529965
5906	14110	785	57	343	8529975
5912	14116	785	58	342	8529995
5920	14116	786	59	341	8530005
5920	14123	785	59	341	8530025
5927	14123	787	59	341	8530045
5927	14129	787	59	341	8530095
5927	14137	786	59	341	8530115
5936	14146	787	59	341	8530125
5936	14154	787	59	341	8530135
5943	14162	787	59	341	8530145
5943	14169	787	59	341	8530155
5951	14169	787	59	341	8530165
5951	14176	728	57.3846	340.846	8530424
72
5859	13761	17	60	340	8537369
5845	13767	94	61.3333	338.667	8537429
5838	13767	270	62	338	8537469
5838	13774	496	62	338	8537599
5838	13767	667	62	338	8537689
5838	13759	699	62	338	8537699
5847	13759	705	62	338	8537709
5847	13749	710	62	336	8537719
5856	13739	718	62	338	8537729
5856	13729	723	62	338	8537739
5856	13718	727	62	338	8537749
5864	13705	729	62	338	8537759
5864	13690	732	62	338	8537769
5864	13674	733	62	338	8537779
5864	13654	736	62	338	8537789
5864	13637	741	62	338	8537799
5864	13619	743	62	338	8537809
5864	13605	740	62	338	8537819
5870	13597	740	62	338	8537839
5870	13589	742	62	338	8537859
5878	13589	748	62	338	8537879
5886	13589	748	62	338	8537889
5895	13589	756	62	338	8537899
5908	13589	756	62	338	8537909
5924	13599	754	62	338	8537919
5943	13599	755	62	338	8537929
5965	13613	754	62	338	8537939
5987	13620	756	62	338	8537949
6011	13629	766	63	337	8537959
6033	13629	764	63	337	8537969
6056	13640	769	64	336	8537979
6080	13647	771	64	338	8537989
6105	13653	773	64	338	8537999
6135	13662	780	64	338	8538009
6165	13672	779	64	338	8538019
6197	13681	781	64	338	8538029
6228	13691	783	64	338	8538039
6257	13700	788	64	338	8538049
6287	13709	792	64	338	8538059
6317	13719	795	64	338	8538069
6346	13728	794	64	338	8538079
6374	13737	794	64	338	8538089
6398	13745	799	64	338	8538099
6420	13752	803	64	338	8538109
6442	13760	805	64	338	8538119
6466	13768	807	64	338	8538129
6487	13776	807	64	338	8538139
6509	13783	809	64	338	8538149
6527	13783	811	64	338	8538159
6545	13796	809	64	338	8538169
6564	13802	810	64	338	8538179
6583	13811	810	64	338	8538189
6601	13811	816	64	338	8538199
6620	13824	818	64	338	8538209
6637	13830	816	64	338	8538219
6654	13837	815	64	338	8538229
6667	13837	816	64	338	8538239
6677	13846	818	64	338	8538249
6687	13846	818	64	338	8538259
6696	13846	821	64	338	8538269
6705	13854	820	64	338	8538279
6712	13854	818	64	338	8538299
6719	13854	819	64	338	8538349
6731	13854	818	64	338	8538359
6743	13854	818	64	338	8538369
6760	13862	816	64	338	8538379
6778	13862	815	64	338	8538389
6794	13869	816	64	338	8538399
6810	13869	815	64	338	8538409
6824	13869	813	64	338	8538419
6836	13869	812	64	338	8538429
6844	13875	665	64	338	8538559
21
6870	13851	3	65	340	8539949
6864	13851	17	65	340	8539959
6864	13859	40	65	340	8539979
6864	13866	109	65	340	8540009
6864	13873	250	65	340	8540039
6856	13873	375	65	340	8540049
6856	13865	420	65	340	8540059
6856	13858	466	65	340	8540069
6856	13850	513	65	340	8540079
6856	13838	552	65	340	8540089
6856	13823	589	65	340	8540099
6856	13806	611	65	340	8540109
6856	13788	629	65	340	8540119
6856	13771	650	65	340	8540129
6856	13755	664	65	340	8540139
6856	13739	674	65	340	8540149
6856	13724	683	65	340	8540159
6856	13713	688	65	340	8540169
6856	13704	689	65	342	8540189
6856	13695	588	65	342	8540259
6856	13707	36	65	342	8540279
22
6785	13703	111	65	342	8540695
6785	13709	249	65	342	8540705
6779	13709	488	65	342	8540755
6786	13700	652	65	342	8540765
6786	13692	688	65	345	8540775
6800	13681	713	65	345	8540785
6810	13671	734	65	345	8540795
6825	13661	766	65	345	8540805
6843	13649	777	65	345	8540815
6865	13642	787	65	345	8540825
6890	13642	797	65	345	8540835
6918	13642	801	65	345	8540845
6947	13648	803	65	345	8540855
6974	13661	804	65	345	8540865
6997	13677	802	65	345	8540875
7017	13694	794	65	345	8540885
7030	13709	786	65	345	8540895
7038	13724	777	65	345	8540905
7038	13736	756	65	345	8540915
7038	13742	725	65	345	8540925
7038	13749	616	66	344	8540945
7038	13757	151	67	341	8540965
51
6746	13644	16	65	345	8541389
6746	13650	58	65	345	8541409
6746	13659	175	65	345	8541439
6746	13665	353	65	345	8541479
6739	13665	522	65	345	8541539
6739	13658	639	65	345	8541549
6746	13647	666	65	345	8541559
6746	13634	687	65	345	8541569
6752	13618	702	65	345	8541579
6752	13605	716	65	345	8541589
6752	13591	734	65	345	8541599
6764	13576	745	65	345	8541609
6764	13563	755	65	345	8541619
6775	13550	762	65	345	8541629
6781	13540	764	65	345	8541639
6788	13532	769	65	345	8541649
6797	13532	771	65	345	8541659
6808	13523	772	65	345	8541669
6821	13523	784	65	345	8541679
6838	13523	786	65	345	8541689
6854	13523	785	65	345	8541699
6870	13523	790	65	345	8541709
6885	13523	793	65	345	8541719
6900	13534	799	65	345	8541729
6915	13542	803	65	345	8541739
6930	13551	804	65	345	8541749
6944	13558	804	65	345	8541759
6954	13565	804	65	345	8541769
6963	13572	806	65	345	8541779
6972	13579	805	65	345	8541789
6980	13587	805	65	345	8541799
6989	13596	804	65	345	8541809
6995	13603	804	65	345	8541819
7002	13611	807	65	345	8541829
7009	13619	805	65	345	8541839
7018	13629	801	65	345	8541849
7025	13637	802	65	345	8541859
7025	13645	800	65	345	8541869
7035	13651	800	65	345	8541889
7041	13663	800	65	345	8541899
7041	13670	799	65	345	8541909
7048	13670	797	65	345	8541919
7048	13681	794	65	345	8541939
7056	13694	794	65	345	8541949
7056	13701	793	65	345	8541959
7056	13707	793	65	345	8541969
7063	13714	793	65	345	8541989
7063	13726	793	65	345	8541999
7071	13733	787	65	345	8542019
7071	13742	732	65	345	8542049
7071	13749	247	65	345	8542069
166
7055	17695	87	54	324	8543381
7055	17702	310	54	324	8543491
7055	17685	479	54	324	8543501
7055	17668	502	54	324	8543511
7055	17649	514	54	324	8543521
7055	17624	547	54	324	8543531
7055	17599	561	54	324	8543541
7062	17568	575	54	324	8543551
7062	17533	600	54	324	8543561
7062	17500	606	54	324	8543571
7062	17461	614	54	324	8543581
7062	17425	622	54	324	8543591
7070	17387	633	54	324	8543601
7070	17347	640	54	324	8543611
7070	17306	645	54	324	8543621
7080	17262	651	54	324	8543631
7080	17215	657	55	325	8543641
7087	17165	662	55	325	8543651
7087	17112	669	55	325	8543661
7097	17063	672	55	326	8543671
7097	17012	676	55	326	8543681
7105	16965	680	55	326	8543691
7105	16919	683	56	328	8543701
7105	16871	696	56	328	8543711
7113	16829	700	56	329	8543721
7113	16784	703	56	329	8543731
7121	16740	705	56	329	8543741
7121	16698	713	56	331	8543751
7121	16652	717	56	331	8543761
7121	16608	720	57	332	8543771
7121	16563	722	57	332	8543781
7121	16522	732	57	334	8543791
7121	16483	733	57	334	8543801
7121	16442	733	58	335	8543811
7121	16404	735	58	335	8543821
7121	16365	739	58	335	8543831
7121	16324	742	58	335	8543841
7121	16283	743	58	335	8543851
7121	16244	745	58	335	8543861
7121	16202	749	58	335	8543871
7121	16161	756	58	337	8543881
7121	16122	759	58	337	8543891
7121	16083	766	58	337	8543901
7121	16045	768	59	336	8543911
7114	16007	770	59	337	8543921
7114	15972	774	60	337	8543931
7114	15937	777	60	337	8543941
7114	15901	779	60	338	8543951
7114	15864	779	60	338	8543961
7114	15827	779	60	338	8543971
7114	15788	784	60	340	8543981
7114	15751	780	60	340	8543991
7122	15714	780	60	340	8544001
7122	15672	789	61	342	8544011
7122	15632	788	61	342	8544021
7122	15588	790	61	342	8544031
7122	15547	792	61	342	8544041
7129	15507	792	61	342	8544051
7129	15463	792	61	342	8544061
7129	15427	793	61	343	8544071
7129	15385	791	61	343	8544081
7129	15342	793	61	343	8544091
7129	15303	792	61	343	8544101
7129	15255	792	61	343	8544111
7129	15209	793	61	343	8544121
7129	15164	793	61	343	8544131
7129	15121	791	61	343	8544141
7121	15078	794	61	343	8544151
7121	15039	795	61	343	8544161
7121	15000	796	61	345	8544171
7121	14959	795	61	345	8544181
7121	14922	795	61	345	8544191
7121	14888	793	61	345	8544201
7113	14855	795	61	347	8544211
7113	14822	794	61	347	8544221
7113	14792	793	61	347	8544231
7113	14761	792	61	347	8544241
7113	14729	790	61	347	8544251
7113	14701	790	62	349	8544261
7113	14677	790	62	349	8544271
7113	14652	791	62	349	8544281
7113	14632	790	62	349	8544291
7120	14611	791	62	349	8544301
7120	14591	791	62	349	8544311
7120	14571	787	62	351	8544321
7120	14551	786	62	351	8544331
7126	14532	785	62	351	8544341
7126	14515	784	62	351	8544351
7126	14495	785	62	351	8544361
7126	14477	779	62	351	8544371
7126	14458	778	62	351	8544381
7126	14439	776	62	351	8544391
7126	14418	770	62	351	8544401
7126	14399	768	62	351	8544411
7126	14381	764	62	351	8544421
7126	14364	764	62	351	8544431
7126	14351	761	62	351	8544441
7126	14338	756	62	351	8544451
7133	14330	753	62	351	8544461
7133	14322	747	62	351	8544471
7133	14314	743	62	351	8544481
7140	14304	735	62	351	8544491
7140	14292	732	62	351	8544501
7140	14279	721	62	351	8544511
7140	14269	716	62	353	8544521
7147	14258	715	62	353	8544531
7147	14248	712	62	353	8544541
7147	14238	710	62	353	8544551
7154	14229	706	62	353	8544561
7154	14222	705	62	353	8544581
7154	14214	716	62	353.4	8544631
7145	14214	724	62	354	8544641
7138	14214	726	62	354	8544651
7129	14214	728	62	354	8544661
7119	14214	733	62	354	8544671
7107	14214	738	62	354	8544681
7095	14214	740	62	354	8544691
7080	14214	749	62	354	8544701
7066	14203	755	62	354	8544711
7053	14196	753	62	354	8544721
7042	14188	755	62	354	8544731
7032	14182	755	62	354	8544741
7024	14182	759	62	354	8544751
7018	14172	759	62	354	8544771
7009	14172	756	62	354	8544781
7009	14164	754	62	354	8544801
7009	14156	752	62	354	8544811
7009	14147	753	62	354	8544821
7009	14140	753	62	354	8544831
7009	14132	753	62	354	8544851
7009	14123	754	62	356	8544861
7016	14115	754	62	356	8544871
7016	14106	756	62	356	8544881
7016	14097	757	62	356	8544891
7022	14088	756	62	356	8544901
7022	14079	759	62	356	8544911
7022	14067	763	62	356	8544921
7022	14055	764	62	356	8544931
7022	14045	763	62	358	8544941
7022	14037	762	62	358	8544951
7022	14030	763	62	358	8544961
7022	14019	763	62	358	8544971
7022	14005	766	62	358	8544981
7022	13990	769	62	358	8544991
7022	13973	770	62	358	8545001
7022	13961	774	62	358	8545011
7022	13950	775	62	358	8545021
7015	13940	776	62	358	8545031
7015	13930	784	62	358	8545041
7015	13918	780	62	0	8545051
7008	13905	784	62	0	8545061
7008	13891	788	62	0	8545071
7008	13878	791	62	0	8545081
7008	13864	788	62	0	8545091
7000	13850	795	62	0	8545101
7000	13839	796	62	0	8545111
7000	13827	795	62	0	8545121
7000	13815	796	62	0	8545131
6992	13806	795	62	0	8545141
6992	13797	797	62	0	8545151
6992	13789	795	62	0	8545161
6992	13782	796	62	0	8545181
6992	13775	794	62	0	8545221
6992	13768	756	62	0	8545281
6986	13768	590	62	0	8545291
6986	13759	140	62	0	8545311
14
7003	13761	6	62	358	8546189
6991	13761	36	62	358	8546209
6991	13767	98	62	358	8546239
6991	13774	254	62	358	8546279
6991	13767	386	62	358	8546289
6991	13760	411	62	358	8546299
6991	13749	450	62	358	8546309
6991	13736	473	62	0	8546319
6991	13720	486	62	0	8546329
6991	13703	490	62	0	8546339
6991	13687	490	62	0	8546349
6991	13674	484	62	0	8546359
6991	13665	413	62	0	8546379
6998	13665	101	62.5	0	8546399
96
7654	16940	17	56	329	8548845
7663	16947	45	56	329	8548865
7663	16955	104	56	329	8548895
7663	16961	272	56.6667	328.333	8548985
7663	16954	421	58	327	8549005
7663	16945	449	58	327	8549015
7663	16936	464	58	327	8549025
7663	16924	494	58	327	8549035
7663	16907	514	58	327	8549045
7663	16885	525	58	327	8549055
7663	16862	538	58	327	8549065
7672	16833	555	58	327	8549075
7672	16797	566	58	327	8549085
7680	16760	568	58	327	8549095
7680	16712	583	58	329	8549105
7686	16662	591	58	329	8549115
7686	16614	596	58	329	8549125
7694	16563	602	58	329	8549135
7694	16513	608	58	329	8549145
7704	16470	615	58	330	8549155
7704	16427	616	58	330	8549165
7717	16384	625	58	330	8549175
7725	16341	630	58	330	8549185
7733	16295	633	58	330	8549195
7740	16247	636	59	332	8549205
7748	16199	641	59	332	8549215
7755	16151	641	59	332	8549225
7755	16104	643	59	333	8549235
7766	16058	645	59	333	8549245
7766	16012	645	59	333	8549255
7775	15969	650	60	335	8549265
7775	15926	650	60	335	8549275
7775	15885	653	60	335	8549285
7783	15846	656	60	337	8549295
7783	15805	660	60	337	8549305
7783	15764	664	60	337	8549315
7789	15719	668	60	338	8549325
7789	15674	670	60	338	8549335
7789	15629	672	60	338	8549345
7797	15584	674	60	340	8549355
7797	15537	679	60	340	8549365
7797	15490	685	60	340	8549375
7797	15440	687	61	342	8549385
7797	15389	693	61	342	8549395
7797	15340	693	61	342	8549405
7797	15285	696	61	342	8549415
7789	15233	698	61	343	8549425
7789	15177	705	61	343	8549435
7789	15125	707	61	343	8549445
7789	15076	710	61	343	8549455
7789	15027	712	61	343	8549465
7789	14982	715	61	343	8549475
7789	14934	715	61	345	8549485
7789	14887	716	61	345	8549495
7796	14840	718	61	345	8549505
7796	14792	718	61	345	8549515
7796	14743	718	61	347	8549525
7796	14694	722	61	347	8549535
7796	14641	721	61	347	8549545
7796	14594	724	62	349	8549555
7796	14545	727	62	349	8549565
7796	14498	732	62	349	8549575
7796	14456	736	62	349	8549585
7796	14409	737	62	351	8549595
7789	14365	738	62	351	8549605
7789	14318	741	62	351	8549615
7789	14267	738	62	353	8549625
7789	14220	738	62	353	8549635
7783	14172	741	62	353	8549645
7783	14127	741	62	354	8549655
7783	14084	746	62	354	8549665
7775	14041	747	62	354	8549675
7775	14001	748	62	354	8549685
7775	13959	749	62	356	8549695
7775	13916	753	62	356	8549705
7775	13875	755	62	356	8549715
7775	13836	756	62	358	8549725
7775	13801	757	62	358	8549735
7775	13767	756	62	358	8549745
7775	13729	757	62	358	8549755
7775	13695	762	62	0	8549765
7775	13662	762	62	0	8549775
7775	13630	763	62	0	8549785
7775	13599	768	63	0	8549795
7775	13567	768	63	0	8549805
7775	13540	767	64	0	8549815
7775	13512	767	64	0	8549825
7775	13489	768	64	2	8549835
7775	13468	768	64	2	8549845
7775	13447	767	64	2	8549855
7775	13430	767	64	2	8549865
7775	13413	764	64	4	8549875
7775	13399	762	64	4	8549885
7775	13390	759	64	4	8549895
7775	13383	705	64	4.8	8549945
7775	13391	230	64	6	8549965
43
7544	13324	42	58	340	8551445
7537	13331	111	58	340	8551465
7528	13338	199	58	340	8551485
7517	13345	251	58	340	8551505
7510	13345	464	58	338.462	8551635
7510	13336	613	58	338	8551645
7519	13330	637	58	338	8551655
7519	13319	656	58	338	8551665
7530	13309	668	58	338	8551675
7537	13296	687	58	338	8551685
7545	13280	695	58	338	8551695
7555	13266	705	58	338	8551705
7564	13249	711	58	338	8551715
7575	13236	711	58	340	8551725
7584	13225	718	58	340	8551735
7594	13216	726	58	340	8551745
7605	13209	735	58	340	8551755
7616	13201	746	58	340	8551765
7628	13201	753	59	341	8551775
7643	13194	763	59	341	8551785
7661	13194	769	59	341	8551795
7680	13194	773	59	341	8551805
7698	13207	779	59	341	8551815
7716	13215	784	59	341	8551825
7734	13224	788	59	341	8551835
7750	13231	795	59	341	8551845
7763	13239	799	59	341	8551855
7775	13248	801	59	341	8551865
7786	13257	801	59	341	8551875
7798	13268	803	59	341	8551885
7808	13278	801	59	341	8551895
7816	13287	804	59	341	8551905
7825	13300	803	59	341	8551915
7833	13312	802	59	341	8551925
7841	13324	802	59	341	8551935
7848	13336	799	59	341	8551945
7856	13347	790	59	341	8551955
7856	13358	780	59	341	8551965
7865	13366	763	59	341	8551975
7865	13375	742	58	340	8551985
7865	13382	700	58	340	8551995
7865	13389	571	58	340	8552015
7855	13398	60	58	340	8552035
74
7519	13281	6	58	340	8552425
7512	13289	34	58	340	8552435
7503	13299	69	58	340	8552455
7497	13305	150	58	340	8552475
7490	13312	274	58	340	8552505
7483	13319	445	58	340	8552555
7483	13307	538	58	340	8552565
7483	13295	561	58	340	8552575
7483	13276	591	58	340	8552585
7483	13253	611	58	340	8552595
7490	13228	626	58	340	8552605
7490	13203	644	58	340	8552615
7502	13181	653	58	340	8552625
7509	13162	672	58	340	8552635
7518	13145	678	59	341	8552645
7528	13131	691	59	341	8552655
7538	13118	706	59	341	8552665
7550	13106	714	59	341	8552675
7561	13096	718	59	343	8552685
7574	13086	738	59	343	8552695
7587	13077	742	59	343	8552705
7600	13077	747	59	343	8552715
7615	13066	748	59	345	8552725
7628	13066	748	59	345	8552735
7640	13066	751	59	345	8552745
7651	13066	752	59	345	8552755
7662	13066	755	59	345	8552765
7673	13066	763	59	345	8552775
7685	13066	763	59	345	8552785
7696	13066	765	59	345	8552795
7709	13066	768	59	345	8552805
7717	13066	769	59	345	8552815
7725	13066	772	59	345	8552825
7734	13066	777	59	345	8552835
7742	13073	779	59	345	8552845
7753	13073	780	59	345	8552855
7761	13083	781	59	345	8552865
7769	13090	781	59	345	8552875
7775	13090	781	59	345	8552885
7775	13098	780	59	345	8552895
7784	13098	780	59	345	8552925
7793	13107	783	59	345	8552945
7805	13118	788	59	345	8552955
7815	13125	787	59	345	8552965
7822	13133	786	59	345	8552975
7829	13139	785	59	345	8552995
7836	13149	788	59	345	8553005
7836	13155	788	59	345	8553015
7836	13162	786	60	344	8553025
7845	13170	787	60	344	8553035
7845	13179	786	61	343	8553045
7852	13187	785	61	343	8553055
7852	13195	786	61	343	8553065
7859	13201	786	61	343	8553085
7859	13212	786	61	343	8553095
7859	13219	784	61	342	8553105
7859	13226	784	61	342	8553115
7859	13233	785	61	342	8553125
7865	13240	785	61	342	8553135
7865	13247	785	61	342	8553155
7865	13258	785	61	342	8553175
7865	13265	785	60.5	341	8553195
7865	13272	784	60	340	8553225
7865	13280	784	60	340	8553255
7865	13288	780	60	340	8553285
7865	13296	776	60	340	8553325
7865	13302	767	60	340	8553345
7859	13302	758	60	341	8553355
7859	13312	734	60	341	8553375
7852	13324	697	60	340	8553385
7852	13332	664	60	340	8553395
7852	13343	582	60	338	8553405
7852	13353	416	60	338	8553415
7845	13362	1	60	338	8553435
9
7763	13407	26	58	340	8553726
7755	13407	72	58	340	8553746
7755	13399	168	58	340	8553765
7763	13389	250	58	340	8553775
7763	13379	274	58	340	8553785
7763	13366	290	58	340	8553795
7763	13350	298	58	340	8553805
7763	13334	282	58	340	8553815
7763	13317	88	58	340	8553835
79
6900	13484	185	56	340	8554302
6906	13495	203	56	340	8554312
6895	13502	300	56	340	8554332
6895	13514	339	56	340	8554342
6895	13522	345	56	340	8554352
6895	13529	354	56.5	339.5	8554372
6895	13539	370	57.8	337.4	8554422
6887	13539	398	58	337	8554452
6880	13539	443	58	337	8554492
6880	13527	486	58	337	8554501
6888	13515	509	58	337	8554511
6888	13501	524	58	337	8554521
6899	13483	538	58	337	8554531
6899	13467	544	58	337	8554541
6909	13450	551	58	337	8554551
6909	13432	557	58	337	8554561
6917	13414	566	58	337	8554571
6917	13398	567	58	337	8554581
6929	13385	568	58	337	8554591
6936	13377	569	58	337	8554601
6945	13377	571	58	337	8554611
6955	13370	578	58	337	8554621
6967	13370	581	58	337	8554631
6981	13377	583	58	337	8554641
6999	13384	591	58	337	8554651
7020	13392	604	58	337	8554661
7042	13402	612	58	337	8554671
7068	13414	618	58	337	8554681
7095	13424	620	58	337	8554691
7125	13436	624	58	337	8554701
7155	13447	629	58	337	8554711
7185	13456	633	58	337	8554721
7214	13465	638	58	337	8554731
7239	13472	642	58	337	8554741
7262	13479	650	58	337	8554751
7282	13479	658	58	337	8554761
7298	13488	663	58	337	8554771
7314	13488	673	58	337	8554781
7330	13497	679	58	337	8554791
7345	13504	680	58	337	8554801
7361	13504	679	58	337	8554811
7377	13516	680	58	337	8554821
7391	13516	680	58	337	8554831
7406	13527	681	58	337	8554841
7421	13527	682	58	337	8554851
7435	13535	680	58	337	8554861
7446	13535	681	58	337	8554871
7457	13542	682	58	337	8554881
7466	13542	681	58	337	8554891
7474	13542	682	58	337	8554901
7485	13549	683	58	337	8554911
7493	13549	683	58	337	8554921
7502	13549	682	58	337	8554931
7511	13557	682	58	337	8554941
7517	13557	681	58	337	8554961
7528	13557	681	58	337.25	8555001
7528	13564	681	58	338	8555011
7535	13564	682	58	338	8555091
7535	13557	688	58	338	8555101
7535	13550	698	58	338	8555111
7535	13539	708	58	338	8555121
7535	13522	722	58	338	8555131
7546	13501	730	58	338	8555141
7546	13481	736	58	338	8555151
7554	13463	743	58	338	8555161
7554	13443	754	58	338	8555171
7561	13422	763	58	338	8555181
7561	13402	765	58	338	8555191
7571	13381	772	58	338	8555201
7571	13363	776	58	338	8555211
7580	13346	785	58	338	8555221
7580	13328	793	58	338	8555231
7591	13308	795	58	338	8555241
7591	13292	794	58	338	8555251
7604	13279	795	58	340	8555261
7604	13271	797	58	340	8555271
7610	13271	797	58	340	8555281
7610	13261	739	58	340	8555391
7610	13255	3	58	340	8555411
19
7751	13024	109	59	346	8556118
7740	13024	276	59	346	8556148
7740	13031	545	59.2222	346	8556238
7740	13020	711	61	345	8556248
7740	13004	730	61	345	8556258
7747	12985	745	61	345	8556268
7747	12954	768	61	345	8556278
7747	12920	784	61	345	8556288
7756	12889	795	61	345	8556298
7756	12851	802	61	345	8556308
7766	12820	805	61	347	8556318
7766	12789	810	61	347	8556328
7774	12761	814	61	347	8556338
7774	12739	815	61	347	8556348
7783	12722	810	62	349	8556358
7783	12712	791	62	349	8556368
7789	12705	700	62	349.667	8556398
7789	12712	526	62	351	8556408
7789	12718	147	62	351	8556428
24
7683	12532	256	60	353	8556684
7683	12538	577	61.6	351.8	8556734
7695	12538	725	62	351	8556744
7701	12519	749	62	351	8556754
7710	12499	763	62	351	8556764
7719	12476	790	62	351	8556774
7728	12447	798	62	351	8556784
7738	12424	806	62	351	8556794
7748	12404	809	62	351	8556804
7757	12388	814	62	351	8556814
7765	12380	813	62	351	8556824
7773	12380	818	62	353	8556834
7782	12380	828	62	353	8556844
7797	12387	837	62	353	8556854
7814	12402	833	62	353	8556864
7835	12424	833	62	353	8556874
7856	12452	829	62	353	8556884
7873	12482	817	62	353	8556894
7885	12511	806	62	353	8556904
7893	12537	780	63	352	8556914
7893	12554	750	63	352	8556924
7893	12566	656	64	352	8556944
7887	12566	477	64	352	8556954
7875	12552	135	64	352	8556974
14
7755	12300	91	62	358	8557170
7762	12293	151	62	358	8557180
7762	12285	301	62	358	8557210
7769	12285	475	62	358	8557230
7769	12292	648	62.25	358	8557270
7776	12283	763	63	358	8557280
7776	12268	788	64	358	8557290
7783	12247	817	64	358	8557300
7783	12222	824	64	358	8557310
7789	12196	824	64	358	8557320
7789	12174	815	64	358	8557330
7798	12156	790	64	358	8557340
7798	12142	735	64	358	8557350
7807	12132	285	64	358	8557370
