60
21
9084	20504	195	43	285	9726471
9030	20517	225	43	285	9726481
9002	20525	315	43	285	9726491
8985	20525	370	43	285	9726501
8978	20532	410	43	285	9726521
8991	20532	445	43	285	9726531
9017	20532	481	43	285	9726541
9062	20532	502	43	285	9726551
9130	20532	549	43	285	9726561
9221	20532	577	43	285	9726571
9328	20532	600	43	285	9726581
9441	20532	608	43	285	9726591
9551	20532	618	43	284	9726601
9645	20532	623	43	284	9726611
9724	20532	626	43	283	9726621
9787	20532	623	43	283	9726631
9833	20532	623	43	282	9726641
9863	20532	621	43	282	9726651
9878	20532	607	43	282	9726661
9878	20539	478	42.6667	280.333	9726691
9861	20539	74	44	280	9726711
20
9240	20358	168	43	285	9726839
9153	20317	190	43	285	9726849
9121	20306	248	43	285	9726859
9098	20306	308	43	285	9726869
9086	20306	381	44	286	9726899
9105	20300	471	44	286	9726909
9139	20300	515	45	287	9726919
9197	20300	543	45	287	9726929
9282	20300	557	45	286	9726939
9387	20300	572	45	286	9726949
9503	20293	580	45	284	9726959
9620	20293	582	45	284	9726969
9728	20293	582	45	284	9726979
9821	20293	582	45	284	9726989
9898	20293	583	45	283	9726999
9950	20293	580	45	283	9727009
9983	20293	575	44	282	9727019
9998	20293	541	44	282	9727049
9990	20293	410	44	282	9727059
9983	20293	72	43	282	9727079
20
9945	20684	157	39	282	9727375
9930	20700	267	40	282	9727385
9930	20707	392	40	282	9727405
9939	20717	477	41	283	9727415
9945	20717	507	41	283	9727435
9956	20717	528	42	283	9727455
9965	20696	545	42	283	9727465
9965	20666	583	42	283	9727475
9973	20622	590	42	283	9727485
9973	20566	613	43	284	9727495
9973	20501	629	43	284	9727505
9985	20434	645	43	284	9727515
9985	20367	657	43	284	9727525
9998	20310	662	43	284	9727535
10005	20262	667	43	284	9727545
10005	20221	674	43	284	9727555
10005	20191	678	43	284	9727565
10005	20168	679	43	284	9727575
10005	20153	596	43.4286	284	9727645
10014	20166	53	44	284	9727665
40
10026	20659	195	42	283	9727780
9981	20696	258	42	283	9727790
9964	20711	324	42	283	9727800
9955	20722	358	42	283	9727810
9955	20729	389	42	283	9727819
9971	20729	401	42	283	9727829
9996	20729	415	42	283	9727839
10030	20729	429	41	283	9727849
10065	20729	447	42	283	9727859
10109	20729	488	42	283	9727869
10160	20719	505	42	283	9727879
10218	20708	516	42	283	9727889
10280	20694	521	42	283	9727899
10339	20674	526	42	283	9727909
10388	20651	527	42	282	9727919
10428	20623	531	42	282	9727929
10465	20593	531	42	281	9727939
10495	20561	534	42	281	9727949
10520	20528	536	42	281	9727959
10539	20495	538	43	280	9727969
10552	20463	539	43	280	9727979
10560	20433	541	43	279	9727989
10560	20403	549	43	279	9727999
10560	20373	548	43	279	9728009
10543	20348	545	43	278	9728019
10523	20322	545	43	278	9728029
10497	20299	544	43	277	9728039
10464	20278	545	43	277	9728049
10423	20258	544	43	277	9728059
10375	20237	542	43	277	9728069
10322	20220	530	44	278	9728079
10265	20205	528	44	279	9728089
10210	20193	525	44	279	9728099
10162	20186	526	44	280	9728109
10121	20186	525	44	280	9728119
10090	20180	521	44	280	9728129
10068	20180	522	44	280	9728139
10057	20180	513	44	281	9728149
10057	20187	398	44	281.5	9728169
10065	20201	4	44	282.5	9728189
27
10649	20524	184	42	283	9728336
10624	20516	242	41	283	9728346
10615	20516	315	41	282	9728356
10605	20516	385	41	281.5	9728376
10597	20502	432	41	281	9728386
10597	20490	460	41	281	9728396
10597	20475	479	42	280	9728406
10597	20458	510	42	280	9728416
10605	20443	514	43	279	9728426
10616	20429	528	43	279	9728436
10629	20417	534	43	279	9728446
10644	20409	549	43	279	9728456
10662	20409	554	43	279	9728465
10682	20409	561	43	279	9728475
10708	20409	564	43	278	9728485
10733	20416	567	43	278	9728495
10759	20427	570	43	277	9728505
10780	20441	574	43	277	9728515
10792	20457	581	43	277	9728525
10792	20474	575	43	277	9728535
10781	20490	572	43	277	9728545
10759	20504	571	43	277	9728555
10732	20513	560	43	277	9728565
10702	20513	538	43	277	9728575
10677	20513	494	43	277	9728585
10656	20513	410	43	277	9728595
10642	20506	95	43	277	9728615
41
10990	20484	168	42	279	9728764
10950	20474	255	42	279	9728774
10927	20474	349	42	279	9728784
10907	20474	420	42	279	9728794
10892	20481	455	42	279	9728804
10885	20481	489	42	279	9728844
10899	20481	529	43	279	9728854
10916	20481	540	43	279	9728864
10936	20474	544	43	279	9728874
10964	20474	553	43	279	9728884
10995	20474	558	43	279	9728894
11028	20474	557	43	279	9728904
11060	20474	551	43	279	9728914
11083	20474	543	43	279	9728924
11093	20474	505	42.5	279	9728944
11066	20474	497	42	279	9728954
11034	20481	501	42	279	9728963
10995	20481	506	42	279	9728973
10956	20481	514	42	279	9728983
10920	20481	533	42	279	9728993
10889	20481	553	42	279	9729003
10860	20481	575	42	279	9729013
10839	20481	611	42	279	9729023
10825	20481	622	42	279	9729033
10817	20481	629	42	279	9729043
10817	20474	642	42	279	9729063
10828	20474	651	42	279	9729073
10852	20474	657	42	279	9729083
10896	20474	660	42	279	9729093
10956	20474	666	42	279	9729103
11028	20474	666	42	279	9729113
11103	20474	673	42	279	9729123
11177	20474	672	41	279	9729133
11248	20474	675	41	279	9729143
11311	20474	675	41	278	9729153
11367	20474	675	41	278	9729163
11414	20474	674	41	277	9729173
11449	20474	675	42	277	9729183
11475	20474	676	42	277	9729193
11490	20474	675	42	277	9729203
11498	20474	436	42	275.8	9729253
21
9454	19316	232	46	290	9729908
9373	19326	347	46	290	9729918
9327	19339	434	46	290	9729928
9285	19349	492	45	289	9729938
9255	19357	568	45	289	9729948
9238	19357	576	45	289	9729958
9238	19365	581	45	289	9729968
9260	19365	586	45	289	9729978
9311	19365	589	46	288	9729988
9393	19365	618	46	288	9729998
9516	19365	627	46	287	9730008
9661	19365	659	46	287	9730018
9814	19365	666	46	287	9730028
9954	19365	665	46	287	9730038
10059	19365	665	46	287	9730048
10132	19365	667	46	287	9730058
10172	19365	664	46	286	9730068
10192	19358	637	46	285.333	9730098
10170	19358	562	45	284	9730108
10134	19348	474	45	284	9730118
10084	19342	135	45.5	284.5	9730138
19
9511	19217	265	46	287	9730216
9380	19157	287	46	287	9730226
9336	19137	385	47	288	9730236
9309	19128	468	47	288	9730246
9297	19128	511	46.5	288.5	9730266
9313	19121	558	47	289	9730276
9349	19121	596	47	290	9730286
9411	19121	646	47	290	9730296
9505	19121	671	47	290	9730306
9626	19132	680	47	290	9730316
9761	19132	684	47	290	9730326
9898	19142	686	48	291	9730336
10018	19142	682	48	291	9730346
10110	19142	682	48	291	9730356
10170	19149	680	48	291	9730366
10204	19149	678	48	290	9730376
10219	19149	622	48	289.333	9730406
10219	19157	447	48	289	9730416
10204	19166	16	48	289	9730436
18
10205	19539	365	46	287	9730524
10170	19591	388	46	287	9730534
10152	19618	472	46	287	9730544
10135	19645	565	46	287	9730554
10124	19661	574	45.3333	287	9730584
10124	19628	588	45	287	9730594
10134	19574	596	45	287	9730604
10147	19497	628	45	287	9730614
10163	19403	637	45	287	9730624
10179	19304	656	46	287	9730634
10196	19210	665	46	287	9730644
10209	19134	668	46	287	9730654
10216	19078	668	47	288	9730664
10216	19041	668	47	288	9730674
10216	19023	666	48	288	9730684
10216	19016	625	48	288	9730704
10216	19025	457	48	289	9730714
10216	19045	12	48	289	9730734
28
10153	19523	100	48	288	9730820
10117	19566	246	48	288	9730830
10100	19585	357	48	288	9730840
10089	19599	410	47	288	9730850
10089	19610	443	47	288	9730860
10103	19610	466	46	287	9730870
10140	19610	491	46	287	9730880
10198	19599	538	45	287	9730890
10279	19580	557	45	287	9730900
10374	19555	576	45	287	9730910
10472	19524	590	44	286	9730920
10562	19490	589	44	285	9730930
10634	19452	589	44	285	9730940
10687	19413	589	44	284	9730950
10722	19371	591	44	284	9730960
10740	19330	585	44	284	9730970
10740	19286	588	44	283	9730980
10727	19242	595	44	283	9730990
10695	19203	598	45	282	9731000
10649	19166	598	45	282	9731010
10588	19133	601	45	282	9731020
10519	19104	595	46	283	9731030
10445	19081	595	46	283	9731040
10375	19062	597	47	283	9731050
10319	19051	597	47	283	9731060
10279	19051	596	48	284	9731070
10260	19044	565	48	284	9731090
10260	19052	208	49	285	9731110
24
10828	19417	247	46	286	9731256
10783	19408	307	46	286	9731266
10765	19408	376	46	285	9731276
10753	19400	418	45	284	9731286
10746	19388	460	45	284	9731296
10746	19370	514	45	284	9731306
10756	19347	541	45	284	9731316
10770	19324	542	45	284	9731326
10792	19303	556	45	283	9731336
10819	19287	562	45	283	9731346
10848	19277	573	45	282	9731356
10876	19271	576	45	282	9731366
10904	19271	582	45	282	9731376
10922	19278	575	45	282	9731386
10934	19294	576	45	282	9731396
10934	19316	575	45	282	9731406
10934	19341	567	45	282	9731416
10917	19363	561	45	282	9731426
10895	19379	556	45	282	9731436
10868	19388	549	45	282	9731446
10839	19388	530	45	282	9731456
10815	19388	477	45	282	9731466
10800	19381	370	45	282	9731476
10800	19373	31	45	282	9731496
15
11059	19358	115	45	284	9731592
10997	19339	320	45	284	9731602
10963	19339	430	45	284	9731612
10935	19339	505	45	284	9731622
10920	19339	537	45	284	9731642
10950	19339	566	45	284	9731652
11006	19339	590	44	284	9731662
11093	19339	606	44	284	9731672
11208	19347	620	44	283	9731682
11331	19347	633	44	283	9731692
11450	19347	636	44	282	9731702
11550	19347	638	44	282	9731712
11625	19347	637	44	282	9731722
11674	19347	605	44	281	9731732
11699	19340	326	44.6667	280.333	9731762
20
9477	18364	47	48	292	9732108
9410	18357	242	48	291	9732118
9372	18357	364	48	291	9732128
9338	18357	462	48	291	9732138
9316	18357	554	48	291	9732148
9308	18357	565	47	290	9732158
9317	18357	581	47	290	9732168
9349	18357	601	47	290	9732178
9410	18367	630	47	290	9732188
9499	18367	661	47	290	9732198
9621	18377	690	46	289	9732208
9750	18377	704	46	289	9732218
9874	18377	714	47	288	9732228
9985	18377	712	47	288	9732238
10065	18377	715	47	288	9732248
10124	18377	704	47	288	9732258
10155	18377	691	47	288	9732268
10170	18377	625	47	288	9732288
10159	18371	520	47	288	9732298
10137	18371	142	47	288	9732318
17
9555	18209	258	48	291	9732416
9440	18154	275	48	291	9732426
9401	18139	345	48	291	9732436
9377	18139	398	48.5	291.5	9732456
9394	18139	417	49	292	9732466
9439	18139	447	49	292	9732476
9513	18139	501	49	292	9732486
9617	18152	528	49	292	9732496
9745	18161	550	49	292	9732506
9883	18168	556	49	292	9732516
10017	18175	557	49	292	9732526
10133	18181	552	49	292	9732536
10224	18181	538	49	292	9732546
10290	18191	518	49	292	9732556
10327	18191	498	49	292	9732566
10341	18201	396	48.5	290.5	9732586
10313	18210	26	48	289	9732606
19
10224	18483	278	48	288	9732716
10215	18530	317	48	288	9732726
10215	18549	402	48	288	9732736
10206	18566	472	48	288	9732746
10206	18576	487	48	288	9732766
10206	18567	492	48	288	9732776
10206	18544	538	48	288	9732786
10221	18504	579	47	288	9732796
10232	18445	619	47	288	9732806
10244	18371	636	47	288	9732816
10251	18293	664	47	288	9732826
10251	18219	665	48	288	9732836
10259	18158	668	48	288	9732846
10259	18111	665	48	288	9732856
10259	18079	666	48	289	9732866
10259	18059	651	48	289	9732876
10259	18048	624	49	289	9732886
10249	18048	502	49	289	9732906
10243	18065	2	50	290	9732926
32
10203	18488	75	49	289	9733012
10164	18532	215	49	289	9733022
10141	18547	339	49	289	9733032
10124	18557	399	48	289	9733042
10115	18565	431	48	288.5	9733062
10146	18565	473	48	288	9733072
10187	18565	486	48	288	9733082
10248	18565	533	47	288	9733092
10327	18552	553	47	288	9733102
10411	18539	575	47	288	9733112
10497	18522	576	47	288	9733122
10574	18502	587	46	286	9733132
10640	18479	590	46	286	9733142
10695	18453	590	46	285	9733152
10740	18422	589	46	285	9733162
10771	18388	588	46	285	9733172
10795	18351	577	46	284	9733182
10808	18311	585	47	284	9733192
10808	18273	579	47	283	9733202
10808	18236	581	47	283	9733212
10784	18201	581	47	283	9733222
10746	18173	585	48	283	9733232
10690	18146	580	48	283	9733242
10620	18126	579	48	281	9733252
10544	18109	577	49	282	9733262
10466	18093	579	49	282	9733272
10395	18079	581	49	282	9733282
10339	18069	582	50	283	9733292
10304	18060	582	50	283	9733302
10285	18060	570	51	285	9733322
10302	18060	485	52	286	9733332
10336	18067	75	52	286.5	9733352
24
10972	18375	220	49	287	9733480
10958	18375	244	49	287	9733490
10939	18375	309	48	286	9733500
10920	18375	362	48	286	9733510
10895	18375	401	48	286	9733520
10881	18366	433	47	284	9733530
10870	18350	450	47	284	9733540
10870	18331	468	47	283	9733550
10870	18311	481	47	283	9733560
10881	18295	497	47	283	9733570
10900	18281	504	47	283	9733580
10923	18269	509	47	283	9733590
10953	18263	510	48	284	9733600
10982	18263	513	48	284	9733610
11009	18263	515	48	284	9733620
11026	18275	517	48	284	9733630
11033	18291	515	48	284	9733640
11033	18310	506	48	284	9733650
11011	18328	500	48	284	9733660
10986	18343	486	48	284	9733670
10957	18353	481	48	284	9733680
10928	18353	448	47	283	9733690
10904	18353	374	47	283	9733700
10888	18344	86	47	283	9733720
19
11196	18299	213	48	284	9733836
11125	18299	282	48	284	9733846
11094	18299	417	48	284	9733856
11070	18299	517	48	284	9733866
11057	18310	589	48	284	9733896
11065	18316	622	48	284	9733906
11089	18316	633	48	284	9733916
11133	18316	637	48	284	9733926
11203	18324	646	48	284	9733936
11293	18324	655	48	284	9733946
11395	18324	665	48	284	9733956
11501	18324	664	47	282	9733966
11597	18324	667	47	282	9733976
11683	18324	663	47	281	9733986
11757	18324	660	47	281	9733996
11815	18324	644	47	281	9734006
11858	18324	592	48	280	9734016
11887	18324	509	48	280	9734026
11904	18324	164	48	279	9734046
18
9703	17246	260	48	288	9734440
9631	17261	355	48	289	9734450
9596	17268	436	49	288	9734460
9573	17281	525	50	288	9734470
9559	17281	580	50	287	9734500
9574	17281	633	50	287	9734510
9614	17281	649	50	287	9734520
9685	17288	655	50	286	9734530
9781	17288	660	49	285	9734540
9895	17288	666	49	284	9734550
10014	17288	671	49	284	9734560
10123	17288	673	49	284	9734570
10221	17288	670	49	284	9734580
10301	17288	666	49	284	9734590
10358	17288	656	49	284	9734600
10393	17280	617	49	284	9734610
10408	17280	507	49	284	9734630
10383	17272	105	49	284	9734650
18
9799	17109	319	50	287	9734748
9694	17052	347	50	287	9734758
9659	17036	436	50	287	9734768
9636	17030	488	50	288	9734778
9629	17030	509	50	289	9734788
9638	17030	564	50	290	9734798
9671	17030	587	50	290	9734808
9733	17030	622	50	290	9734818
9825	17030	636	50	290	9734828
9939	17039	644	51	290	9734838
10065	17046	659	51	290	9734848
10188	17053	659	52	288	9734858
10296	17060	658	52	288	9734868
10384	17060	651	52	289	9734878
10451	17070	645	52	289	9734888
10492	17070	629	53	288	9734898
10516	17070	602	53	288	9734908
10531	17079	322	53	286	9734938
17
10534	17447	376	51	286	9735044
10511	17487	398	50	287	9735054
10494	17505	525	50	287	9735064
10480	17519	575	50	287	9735074
10470	17528	583	49	286	9735094
10470	17516	579	49	285	9735104
10470	17491	604	48	284	9735114
10479	17444	628	48	284	9735124
10487	17377	637	48	284	9735134
10498	17296	644	48	284	9735144
10507	17211	661	48	283	9735154
10507	17135	664	49	283	9735164
10516	17075	662	49	282	9735174
10516	17032	666	49	282	9735184
10516	17003	665	49	282	9735194
10516	16986	652	50	282	9735204
10516	16975	341	50.5	282.5	9735244
31
10482	17459	217	51	288	9735364
10441	17489	255	50	287	9735374
10441	17500	311	50	287	9735384
10441	17509	366	49	287	9735394
10471	17509	399	49	287	9735404
10515	17509	433	49	287	9735414
10575	17509	472	48	285	9735424
10650	17493	510	48	285	9735434
10734	17475	526	48	284	9735444
10819	17454	549	48	284	9735454
10900	17432	555	48	284	9735464
10968	17406	556	48	284	9735474
11023	17379	557	48	284	9735484
11064	17350	558	48	284	9735494
11093	17313	560	48	284	9735504
11113	17278	556	48	284	9735514
11121	17239	555	48	284	9735524
11121	17196	557	48	284	9735534
11100	17156	563	49	284	9735544
11065	17113	564	49	284	9735554
11019	17076	561	49	284	9735564
10963	17046	564	50	285	9735574
10893	17020	562	50	285	9735584
10817	17000	557	50	285	9735594
10732	16984	556	51	285	9735604
10648	16973	556	51	285	9735614
10575	16964	564	51	285	9735624
10521	16964	562	52	286	9735634
10485	16956	562	52	286	9735644
10469	16956	544	52.3333	285.667	9735674
10487	16956	211	53	284.5	9735694
27
11315	17297	207	49	284	9735840
11266	17306	225	49	284	9735850
11241	17306	275	48	284	9735860
11219	17315	305	48	284	9735870
11202	17308	336	48	284	9735880
11190	17293	345	49	284	9735890
11183	17275	382	49	284	9735900
11183	17252	395	49	284	9735910
11183	17230	410	50	285	9735920
11190	17210	421	50	285	9735930
11201	17193	433	50	286	9735940
11216	17182	448	50	286	9735950
11236	17174	468	50	287	9735960
11262	17174	474	50	287	9735970
11291	17174	477	50	287	9735980
11318	17184	478	50	286	9735990
11342	17199	473	50	286	9736000
11358	17221	464	50	285	9736010
11358	17246	456	50	285	9736020
11351	17272	448	50	285	9736030
11325	17294	445	50	285	9736040
11289	17307	445	50	285	9736050
11248	17307	446	50	285	9736060
11209	17307	443	50	285	9736070
11182	17299	423	50	285	9736080
11168	17284	365	50	285	9736090
11168	17265	103	50	285	9736110
19
11529	17223	195	50	286	9736216
11470	17230	237	49	285	9736226
11439	17238	357	49	284	9736236
11413	17238	446	49	284	9736246
11396	17250	501	49	284	9736256
11387	17250	525	49	283.5	9736276
11398	17250	557	49	283	9736286
11427	17250	575	49	282	9736296
11482	17250	579	49	282	9736306
11564	17250	588	50	281	9736316
11669	17250	589	50	281	9736326
11787	17250	594	50	280	9736336
11904	17250	602	50	280	9736346
12011	17250	604	50	280	9736356
12098	17250	601	50	280	9736366
12161	17250	601	50	280	9736376
12201	17260	604	50	280	9736386
12221	17260	577	50	280	9736406
12212	17266	215	50	280	9736426
19
9955	16196	298	48	288	9736820
9904	16175	367	48	287	9736830
9885	16175	479	48	286	9736840
9861	16181	557	48	286	9736850
9854	16181	580	49	287	9736860
9854	16189	588	49	287	9736870
9877	16189	603	49	287	9736880
9928	16189	620	49	287	9736890
10010	16198	642	49	287	9736900
10121	16198	656	49	287	9736910
10246	16206	665	50	287	9736920
10368	16206	673	50	287	9736930
10470	16206	672	50	286	9736940
10547	16206	674	50	286	9736950
10596	16206	670	50	285	9736960
10621	16206	668	50	285	9736970
10633	16206	625	50	285	9737000
10616	16206	444	50	285	9737010
10593	16197	70	50	284	9737030
20
10125	16066	220	50	285	9737128
9988	16014	258	51	286	9737138
9937	15996	319	51	286	9737148
9907	15987	355	51	288	9737158
9898	15981	375	51	288	9737168
9913	15981	429	51	288	9737178
9950	15981	478	51	288	9737188
10008	15973	534	51	290	9737198
10088	15973	580	51	290	9737208
10191	15973	596	51	291	9737218
10309	15973	617	51	290	9737228
10433	15986	626	52	290	9737238
10549	15986	629	52	289	9737248
10647	15996	630	52	289	9737258
10721	15996	628	52	289	9737268
10771	16002	620	52	289	9737278
10799	16002	602	52	289	9737288
10807	16002	555	52	289	9737298
10800	16002	490	52	289	9737308
10784	16002	171	53	288	9737328
17
10751	16294	294	50	287	9737444
10733	16343	335	50	287	9737454
10726	16364	446	49	287	9737464
10726	16381	557	49	287	9737474
10718	16393	575	48	285.333	9737504
10726	16380	577	47	283	9737514
10740	16351	616	47	283	9737524
10758	16301	650	47	283	9737534
10779	16231	677	48	284	9737544
10800	16150	696	48	284	9737554
10813	16066	722	48	284	9737564
10819	15991	726	48	283	9737574
10819	15924	729	48	283	9737584
10819	15867	732	49	282	9737594
10819	15825	728	49	282	9737604
10819	15796	726	49	282	9737614
10819	15782	522	50.5	282.667	9737674
31
10769	16360	276	48	286	9737812
10723	16385	333	47	285	9737822
10723	16391	372	47	285	9737842
10738	16391	390	46	285	9737852
10772	16391	430	46	285	9737862
10824	16377	466	46	285	9737872
10891	16362	512	46	285	9737882
10972	16343	522	47	285	9737892
11056	16319	533	47	285	9737902
11140	16294	539	47	285	9737912
11220	16265	543	47	285	9737922
11290	16236	545	47	284	9737932
11347	16201	543	47	284	9737942
11390	16168	545	48	284	9737952
11416	16132	546	48	284	9737962
11426	16094	544	48	284	9737972
11419	16059	551	49	284	9737982
11393	16021	552	49	284	9737992
11351	15987	555	49	284	9738002
11295	15955	554	50	285	9738012
11229	15925	557	50	285	9738022
11160	15898	558	50	285	9738032
11086	15875	561	51	285	9738042
11011	15856	563	51	285	9738052
10940	15841	563	51	285	9738062
10875	15828	565	51	284	9738072
10823	15818	566	52	284	9738082
10790	15810	561	52	284	9738092
10773	15810	553	52	284	9738102
10773	15804	515	52	284	9738112
10794	15804	190	52	286	9738132
25
11534	16169	158	48	283	9738308
11495	16169	217	48	283	9738318
11480	16169	284	48	281	9738328
11468	16157	307	48	281	9738338
11459	16143	350	49	282	9738348
11452	16124	372	49	282	9738358
11452	16104	401	50	281	9738368
11452	16081	420	50	281	9738378
11452	16062	429	52	280	9738388
11470	16047	435	52	280	9738398
11488	16036	441	53	281	9738408
11511	16036	449	53	281	9738418
11540	16036	453	53	281	9738428
11574	16036	453	53	281	9738438
11607	16046	456	53	281	9738448
11636	16062	455	53	281	9738458
11656	16080	454	53	281	9738468
11664	16103	454	53	281	9738478
11657	16127	454	53	281	9738488
11636	16148	452	53	281	9738498
11602	16163	449	53	281	9738508
11563	16163	448	53	281	9738518
11524	16163	436	53	281	9738528
11491	16154	393	53	281	9738538
11472	16140	150	53	281	9738558
15
11764	16081	191	52	280	9738696
11679	16075	287	51	280	9738706
11648	16075	374	51	280	9738716
11630	16075	455	51	280	9738726
11630	16082	494	52	280	9738736
11643	16082	520	52	280	9738746
11685	16082	533	52	280	9738756
11755	16082	549	52	280	9738766
11850	16082	555	53	281	9738776
11958	16089	560	53	281	9738786
12072	16089	561	53	281	9738796
12178	16089	564	53	281	9738806
12270	16089	558	53	281	9738816
12346	16096	515	54	280	9738826
12402	16096	199	54	279	9738846
18
9918	15045	184	46	284	9739300
9877	15027	257	47	283	9739310
9864	15027	347	47	283	9739320
9848	15027	465	47.6667	283.667	9739350
9855	15027	530	49	284	9739360
9890	15027	551	49	284	9739370
9959	15035	587	49	284	9739380
10062	15035	602	50	285	9739390
10201	15044	617	50	285	9739400
10350	15044	627	50	283	9739410
10494	15054	630	50	283	9739420
10619	15054	629	50	282	9739430
10712	15062	627	50	282	9739440
10776	15062	621	50	282	9739450
10813	15062	607	50	282	9739460
10827	15062	551	50	282	9739480
10814	15062	453	50	282	9739490
10788	15062	155	50	282	9739510
19
10263	14937	230	50	283	9739608
10133	14870	234	49	283	9739618
10083	14846	278	49	284	9739628
10047	14830	355	49	284	9739638
10023	14822	397	49	284	9739648
10013	14822	455	49	284	9739668
10044	14822	527	49	285	9739678
10095	14822	560	49	285	9739688
10170	14831	577	49	287	9739698
10274	14840	580	50	287	9739708
10392	14851	582	50	287	9739718
10514	14861	588	50	287	9739728
10625	14870	581	50	286	9739738
10715	14870	581	50	286	9739748
10784	14879	574	50	285	9739758
10828	14879	568	50	285	9739768
10852	14879	556	50	285	9739778
10862	14886	457	50	285	9739798
10853	14893	46	50	285	9739818
17
10853	15236	341	48	284	9739924
10817	15290	399	48	284	9739934
10800	15313	461	48	284	9739944
10786	15333	493	47	283	9739954
10778	15342	496	47	283	9739974
10778	15318	501	47	283	9739984
10778	15279	517	46	283	9739994
10785	15215	556	47	282	9740004
10785	15136	581	47	282	9740014
10798	15048	600	47	281	9740024
10798	14963	606	48	281	9740034
10804	14887	608	48	281	9740044
10804	14823	608	48	281	9740054
10804	14777	610	48	281	9740064
10804	14747	602	49	282	9740074
10804	14732	582	49	282	9740084
10812	14726	288	49.3333	282	9740114
35
10774	15194	253	48	284	9740244
10729	15227	287	48	284	9740254
10719	15239	350	48	284	9740264
10719	15252	390	47	283	9740274
10738	15258	416	47	283	9740284
10768	15258	446	47	283	9740294
10808	15258	460	47	283	9740304
10859	15249	502	47	283	9740314
10920	15237	534	47	283	9740324
10987	15222	549	47	283	9740334
11059	15204	566	48	284	9740344
11132	15182	563	48	284	9740354
11201	15159	573	48	284	9740364
11266	15134	567	48	283	9740374
11322	15109	568	49	283	9740384
11367	15085	572	49	282	9740394
11400	15058	568	49	282	9740404
11417	15032	570	49	282	9740414
11425	15006	570	49	282	9740424
11425	14977	573	50	282	9740434
11401	14948	572	50	282	9740444
11373	14919	569	50	282	9740454
11331	14890	567	50	282	9740464
11280	14865	561	50	282	9740474
11221	14844	556	50	282	9740484
11153	14824	550	50	282	9740494
11080	14808	549	50	282	9740504
11004	14795	552	50	281	9740514
10933	14784	552	50	281	9740524
10871	14774	556	51	280	9740534
10824	14774	557	51	280	9740544
10795	14764	553	50	281	9740554
10779	14764	543	50	281.5	9740574
10794	14764	467	50	282	9740584
10827	14764	121	50	282	9740604
27
11540	15059	133	47	281	9740760
11492	15059	184	47	281	9740770
11470	15059	245	48	280	9740780
11453	15059	328	48	280	9740790
11439	15059	372	49	279	9740800
11428	15059	395	49	279	9740810
11419	15050	406	49	279	9740820
11419	15038	423	50	280	9740830
11413	15024	430	50	280	9740840
11413	15008	449	51	280	9740850
11421	14992	461	51	280	9740860
11431	14978	472	51	279	9740870
11448	14966	477	52	279	9740880
11471	14957	480	52	278	9740890
11500	14957	481	52	278	9740900
11531	14957	481	52	278	9740910
11561	14957	483	52	278	9740920
11584	14972	483	52	278	9740930
11598	14989	471	52	278	9740940
11598	15009	465	52	278	9740950
11598	15029	454	52	278	9740960
11576	15048	445	52	278	9740970
11552	15060	437	52	278	9740980
11524	15060	432	52	278	9740990
11498	15060	405	52	278	9741000
11475	15060	314	52	278	9741010
11461	15044	25	52	278	9741030
17
11687	14985	315	51	280	9741144
11615	14985	344	51	280	9741154
11586	14994	460	51	280	9741164
11568	15000	534	51	280	9741174
11559	15000	551	51	280	9741184
11559	15008	566	51	279	9741194
11584	15008	574	51	279	9741204
11626	15008	592	51	277	9741214
11695	15008	597	51	277	9741224
11784	15008	598	51	277	9741234
11888	15008	598	52	278	9741244
11994	15008	601	52	278	9741254
12090	15001	599	52	278	9741264
12173	15001	602	52	278	9741274
12234	15001	597	52	278	9741284
12274	15010	580	52	278	9741294
12294	15010	306	52	278	9741324
17
10027	14064	315	45	284	9741712
10000	14056	376	45	284	9741722
9987	14056	445	46	285	9741732
9978	14056	491	46	285	9741752
10006	14056	546	47	285	9741762
10051	14056	587	47	285	9741772
10126	14064	615	47	285	9741782
10234	14064	625	48	286	9741792
10360	14073	628	48	285	9741802
10493	14073	627	49	285	9741812
10615	14084	626	49	284	9741822
10710	14084	624	49	284	9741832
10780	14084	611	50	285	9741842
10822	14084	573	50	285	9741852
10840	14084	492	50	283	9741872
10817	14084	347	50	282	9741882
10782	14077	18	50	282	9741902
18
10260	13932	142	48	283	9742000
10140	13877	152	48	284	9742010
10094	13859	236	48	284	9742020
10059	13852	321	48	284	9742030
10038	13852	386	48	284.5	9742050
10052	13852	449	48	285	9742060
10094	13852	468	48	286	9742070
10157	13852	500	49	287	9742080
10248	13860	528	49	287	9742090
10352	13860	541	49	287	9742100
10465	13868	545	49	287	9742110
10576	13868	546	49	287	9742120
10675	13875	541	49	285	9742130
10763	13875	534	49	285	9742140
10830	13883	512	49	284	9742150
10875	13883	493	49	284	9742160
10899	13883	461	49	284	9742170
10907	13883	226	49	283.667	9742200
18
10901	14170	334	47	281	9742316
10870	14214	326	47	281	9742326
10856	14237	406	47	281	9742336
10844	14261	488	47	281	9742346
10834	14282	522	47	281	9742356
10834	14295	527	46.3333	281	9742386
10834	14277	529	46	281	9742396
10847	14241	543	46	281	9742406
10859	14186	568	46	281	9742416
10869	14115	581	46	281	9742426
10877	14037	603	47	281	9742436
10884	13956	615	47	281	9742446
10884	13881	621	47	281	9742456
10892	13815	620	47	281	9742466
10892	13761	621	47	281	9742476
10892	13722	613	47	281	9742486
10892	13698	583	48	281	9742496
10892	13684	263	48.5	281.5	9742536
34
10812	14197	247	46	283	9742672
10770	14215	257	46	283	9742682
10762	14223	287	46	283	9742692
10769	14233	319	45	282	9742702
10787	14241	340	45	282	9742712
10828	14241	359	45	282	9742722
10883	14241	394	46	283	9742732
10950	14224	423	46	283	9742742
11025	14207	460	46	283	9742752
11105	14188	484	47	283	9742762
11188	14168	489	47	283	9742772
11265	14147	493	48	283	9742782
11336	14124	495	48	283	9742792
11394	14098	496	49	282	9742802
11438	14071	495	49	282	9742812
11467	14043	495	50	281	9742822
11484	14016	497	50	281	9742832
11484	13988	497	50	280	9742842
11484	13958	497	50	280	9742852
11458	13928	497	50	280	9742862
11424	13896	495	50	280	9742872
11380	13865	490	50	280	9742882
11328	13839	488	50	280	9742892
11269	13814	481	50	280	9742902
11204	13794	476	50	280	9742912
11133	13775	482	50	278	9742922
11063	13757	488	50	278	9742932
10998	13741	489	50	278	9742942
10943	13728	494	50	278	9742952
10904	13718	493	50	278	9742962
10880	13710	488	50	280	9742972
10870	13710	473	50	280	9742982
10870	13704	440	50	280	9742992
10886	13704	172	50	280.5	9743012
26
11564	14052	124	46	280	9743220
11545	14042	190	46	280	9743230
11536	14042	265	47	280	9743240
11525	14034	322	47	280	9743250
11514	14025	357	48	279	9743260
11505	14014	380	48	278	9743270
11505	14001	391	49	278	9743280
11497	13986	401	49	277	9743290
11497	13972	423	50	277	9743300
11513	13959	440	50	277	9743310
11532	13947	449	51	277	9743320
11556	13941	456	51	277	9743330
11582	13941	457	51	277	9743340
11606	13941	460	51	276	9743350
11625	13941	458	51	276	9743360
11640	13955	454	51	275	9743370
11650	13969	444	51	275	9743380
11650	13987	436	51	275	9743390
11650	14006	429	51	275	9743400
11650	14024	422	51	275	9743410
11632	14039	416	51	276	9743420
11609	14050	404	51	276	9743430
11578	14050	386	51	277	9743440
11543	14050	374	51	277	9743450
11511	14050	327	51	277	9743460
11489	14037	99	51	277	9743480
18
11872	13972	237	49	277	9743624
11805	13991	277	49	277	9743634
11770	13997	381	49	277	9743644
11737	14006	441	49	277	9743654
11718	14006	473	49	277	9743664
11710	14012	489	49.5	277	9743684
11716	14012	518	50	277	9743694
11738	14012	533	50	277	9743704
11782	14003	542	51	277	9743714
11848	14003	548	51	277	9743724
11930	13991	552	51	277	9743734
12023	13983	563	51	277	9743744
12115	13977	562	51	277	9743754
12199	13977	561	51	277	9743764
12271	13970	565	51	277	9743774
12322	13970	561	51	277	9743784
12351	13970	555	51	277	9743794
12363	13979	271	51	277	9743824
17
10235	13055	287	42	287	9746216
10201	13055	300	43	286	9746226
10189	13062	384	44.6667	287	9746256
10225	13062	429	46	287	9746266
10286	13062	470	47	287	9746276
10377	13062	519	47	287	9746286
10495	13055	543	48	286	9746296
10636	13055	557	49	285	9746306
10785	13045	575	49	284	9746316
10927	13038	581	50	283	9746326
11046	13032	585	50	283	9746336
11130	13024	579	50	282	9746346
11182	13017	568	50	282	9746356
11206	13017	525	50	282	9746366
11213	13010	460	51	281	9746376
11205	13010	326	51	281	9746386
11182	13010	32	52	280	9746406
19
10434	12897	151	50	282	9746492
10304	12827	245	50	282	9746502
10258	12802	286	50	282	9746512
10227	12785	340	50	282	9746522
10210	12776	379	49	283	9746532
10210	12768	428	49	283	9746542
10222	12768	473	49	284	9746552
10262	12768	518	49	284	9746562
10331	12768	557	49	284	9746572
10429	12768	591	49	284	9746582
10557	12777	617	49	284	9746592
10699	12784	638	49	284	9746602
10843	12784	644	49	284	9746612
10977	12784	650	50	283	9746622
11080	12784	650	50	283	9746632
11151	12784	644	50	282	9746642
11192	12784	623	50	282	9746652
11209	12777	534	50	282	9746682
11197	12784	114	50	281	9746702
20
11167	13137	116	49	282	9746812
11140	13158	281	49	283	9746822
11133	13170	364	49	283	9746832
11133	13184	486	49	284	9746842
11133	13197	538	49	284	9746852
11133	13205	555	49	284	9746882
11133	13189	567	49	284	9746892
11144	13154	603	50	285	9746902
11153	13102	612	50	285	9746912
11166	13029	629	50	285	9746922
11184	12942	643	50	285	9746932
11198	12854	650	51	285	9746942
11213	12775	650	51	285	9746952
11226	12710	653	51	285	9746962
11233	12662	656	51	285	9746972
11233	12633	652	51	285	9746982
11239	12617	653	51	284	9746992
11239	12611	593	51	283.5	9747012
11239	12631	418	51	283	9747022
11239	12657	0	51	283	9747042
32
11231	13075	48	50	285	9747128
11196	13106	249	50	285	9747138
11185	13120	374	50	285	9747148
11185	13134	422	50	285	9747158
11185	13148	448	50	285	9747168
11191	13157	472	50	285	9747178
11212	13164	495	50	285	9747188
11248	13164	529	50	285	9747198
11301	13164	552	50	285	9747208
11370	13164	580	50	285	9747218
11453	13146	596	51	285	9747228
11537	13126	598	51	285	9747238
11617	13098	596	51	284	9747248
11685	13065	595	51	284	9747258
11736	13028	595	51	283	9747268
11775	12989	591	51	283	9747278
11805	12952	591	51	281	9747288
11826	12915	590	51	281	9747298
11838	12882	587	52	280	9747308
11838	12852	591	52	280	9747318
11825	12825	592	52	279	9747328
11792	12802	590	52	279	9747338
11741	12782	583	52	278	9747348
11671	12765	580	52	278	9747358
11593	12749	582	52	278	9747368
11507	12733	569	52	278	9747378
11425	12718	568	52	278	9747388
11355	12703	567	52	278	9747398
11303	12691	565	52	278	9747408
11273	12682	554	52	279	9747418
11260	12675	488	52	279.5	9747438
11278	12675	122	52	280	9747458
26
11869	12999	159	49	282	9747604
11869	13006	186	49	282	9747614
11861	13006	297	49	282	9747624
11854	13013	354	49	282	9747634
11847	13013	380	50	282	9747644
11839	13013	417	50	282	9747654
11833	13001	439	50	281	9747664
11833	12986	458	51	281	9747674
11826	12967	486	52	280	9747684
11826	12947	493	52	280	9747694
11839	12930	502	52	280	9747704
11854	12916	517	52	280	9747714
11876	12907	525	53	281	9747724
11901	12907	528	53	281	9747734
11930	12907	528	53	281	9747744
11956	12907	528	53	281	9747754
11978	12923	526	53	281	9747764
11994	12937	528	53	281	9747774
12002	12953	523	53	281	9747784
12002	12969	522	53	281	9747794
11989	12985	522	52	280	9747804
11966	12998	519	52	280	9747814
11935	13006	505	52	280	9747824
11898	13006	477	52	280	9747834
11865	13006	429	52	280	9747844
11841	12998	124	52	280	9747864
18
12162	12969	69	50	277	9748032
12084	12969	237	51	277	9748042
12053	12969	339	51	277	9748052
12032	12969	430	51	277	9748062
12022	12969	464	51	277	9748082
12032	12969	478	51	277	9748092
12060	12969	484	52	278	9748102
12105	12969	493	52	279	9748112
12170	12969	509	52	279	9748122
12252	12962	542	52	279	9748132
12344	12962	572	52	279	9748142
12438	12962	583	52	278	9748152
12524	12962	582	52	278	9748162
12592	12962	583	52	278	9748172
12641	12962	581	52	276	9748182
12671	12962	571	52	276	9748192
12690	12962	549	52	275	9748202
12700	12962	261	52	274.667	9748232
21
10537	12071	245	49	282	9748564
10459	12071	333	49	282	9748574
10414	12071	467	49	282	9748584
10375	12071	551	49	282	9748594
10350	12071	592	49	282	9748604
10341	12071	603	50	282	9748614
10352	12071	614	50	282	9748624
10392	12071	637	50	282	9748634
10463	12079	660	50	282	9748644
10567	12079	679	50	281	9748654
10699	12079	694	50	281	9748664
10848	12086	702	51	280	9748674
10993	12086	704	52	280	9748684
11121	12086	705	52	280	9748694
11224	12086	701	52	280	9748704
11295	12086	695	52	280	9748714
11336	12086	679	52	280	9748724
11356	12086	621	52	280	9748744
11339	12079	554	52	279	9748754
11309	12079	450	52	279	9748764
11266	12068	88	52	278	9748784
19
10610	11904	214	51	280	9748884
10478	11853	270	51	280	9748894
10438	11839	356	50	281	9748904
10416	11839	410	50	281	9748914
10416	11832	436	50	281	9748924
10434	11832	497	50	281	9748934
10474	11832	529	51	280	9748944
10538	11832	569	51	280	9748954
10631	11832	585	51	280	9748964
10745	11841	610	51	280	9748974
10875	11841	623	51	280	9748984
11009	11853	630	51	280	9748994
11129	11862	633	51	280	9749004
11230	11868	627	51	280	9749014
11305	11868	624	51	280	9749024
11352	11876	602	51	280	9749034
11377	11876	565	51	280	9749044
11385	11876	489	51	279	9749054
11385	11882	159	51	278	9749074
18
11335	12187	76	50	280	9749172
11325	12229	244	50	280	9749182
11325	12249	367	50	280	9749192
11325	12268	466	50	280	9749202
11325	12286	527	50	280	9749212
11325	12299	560	50	280.25	9749252
11325	12272	570	50	281	9749262
11333	12234	579	49	282	9749272
11333	12176	602	50	281	9749282
11347	12100	621	50	281	9749292
11358	12012	641	51	280	9749302
11370	11921	646	51	280	9749312
11380	11840	652	51	280	9749322
11388	11775	655	51	279	9749332
11388	11730	655	51	279	9749342
11388	11706	655	51	277	9749352
11388	11694	566	51.3333	277.333	9749382
11388	11705	29	52	278	9749402
36
11385	12169	152	51	279	9749520
11339	12198	184	51	279	9749530
11322	12214	281	51	280	9749540
11312	12230	339	51	280	9749550
11312	12242	368	51	280	9749560
11312	12250	383	50	280	9749570
11333	12250	407	50	280	9749580
11363	12250	437	51	280	9749590
11409	12250	469	51	280	9749600
11468	12240	533	51	280	9749610
11539	12230	542	52	279	9749620
11621	12216	563	52	279	9749630
11708	12196	575	52	278	9749640
11793	12174	582	52	278	9749650
11870	12150	578	52	278	9749660
11934	12124	573	52	278	9749670
11979	12099	575	52	276	9749680
12011	12072	570	52	276	9749690
12030	12043	570	52	275	9749700
12040	12015	568	52	275	9749710
12040	11985	567	52	275	9749720
12029	11957	567	53	274	9749730
12005	11928	565	53	274	9749740
11968	11899	561	53	273	9749750
11919	11872	555	53	273	9749760
11856	11846	545	52	273	9749770
11786	11822	543	52	273	9749780
11713	11801	543	52	273	9749790
11642	11781	543	52	273	9749800
11582	11763	543	52	273	9749810
11534	11749	543	52	273	9749820
11494	11740	541	52	273	9749830
11464	11733	541	52	273	9749840
11441	11733	528	52	273	9749850
11426	11733	489	52	273	9749860
11418	11733	223	52	273	9749890
28
12049	12008	165	50	277	9750064
12033	12014	194	50	277	9750074
12027	12014	335	50	277	9750094
12015	12014	393	50	277	9750104
12008	12014	398	51	277	9750114
12000	12014	428	51	276	9750124
11994	12000	448	51	276	9750134
11994	11986	479	52	275	9750144
11994	11969	505	52	275	9750154
11994	11953	517	52	275	9750164
12011	11940	536	52	275	9750174
12030	11930	547	52	275	9750184
12058	11930	566	52	275	9750194
12089	11923	576	52	275	9750204
12120	11923	579	52	275	9750214
12147	11940	582	52	275	9750224
12164	11955	579	52	275	9750234
12171	11975	576	52	275	9750244
12171	11997	572	52	275	9750254
12162	12018	568	52	275	9750264
12148	12039	563	52	275	9750274
12129	12056	553	52	275	9750284
12108	12066	545	52	275	9750294
12085	12066	539	52	275	9750304
12060	12066	524	52	276	9750314
12037	12056	486	52	276	9750324
12019	12042	419	52	278	9750334
12012	12023	137	52	278	9750354
18
12255	11978	271	51	275	9750480
12203	11978	390	51	275	9750490
12182	11984	486	51	275	9750500
12166	11991	543	51	275	9750510
12157	11991	572	52	275	9750530
12165	11991	611	52	275	9750540
12190	11991	616	52	275	9750550
12240	11991	626	52	275	9750560
12312	11991	633	52	275	9750570
12404	11982	641	52	275	9750580
12507	11982	645	52	274	9750590
12608	11982	647	52	274	9750600
12701	11973	650	52	273	9750610
12778	11973	649	52	273	9750620
12831	11973	642	52	273	9750630
12861	11973	597	52	273	9750640
12871	11973	460	52	271	9750650
12863	11973	0	52	270.5	9750670
20
10574	11124	144	49	279	9751076
10493	11124	228	50	280	9751086
10454	11124	346	50	278	9751096
10423	11124	462	50	278	9751106
10402	11131	530	50	277	9751116
10394	11131	566	51	277	9751136
10423	11131	587	51	277	9751146
10470	11131	612	51	277	9751156
10545	11131	628	51	276	9751166
10647	11131	642	51	276	9751176
10772	11131	643	52	275	9751186
10908	11131	652	52	275	9751196
11040	11125	650	52	275	9751206
11156	11125	650	52	275	9751216
11244	11125	642	52	275	9751226
11301	11116	631	52	275	9751236
11331	11116	591	52	275	9751246
11340	11110	546	52	275	9751256
11326	11110	464	52	275	9751266
11298	11103	139	52	275	9751286
16
10587	10956	227	51	277	9751384
10472	10903	316	51	277	9751394
10447	10888	423	51	277	9751414
10447	10882	513	51	277	9751424
10485	10882	557	50	277	9751434
10539	10882	599	50	277	9751444
10623	10893	642	50	277	9751454
10727	10893	672	50	276	9751464
10845	10903	679	51	276	9751474
10961	10903	686	51	275	9751484
11061	10910	688	51	275	9751494
11145	10910	686	51	275	9751504
11204	10910	673	51	275	9751514
11240	10910	638	51	275	9751524
11259	10910	517	51	275	9751544
11259	10917	45	51	275	9751564
18
11367	11276	255	49	277	9751680
11350	11325	290	49	277	9751690
11343	11348	396	49	277	9751700
11343	11367	471	49	277	9751710
11335	11379	487	48	277	9751740
11335	11353	501	48	277	9751750
11335	11315	509	48	277	9751760
11343	11260	548	48	277	9751770
11343	11190	579	49	277	9751780
11343	11112	598	49	277	9751790
11343	11031	606	49	277	9751800
11351	10958	606	50	277	9751810
11351	10895	607	50	277	9751820
11359	10844	611	50	277	9751830
11359	10807	590	50	277	9751840
11359	10781	520	51	277	9751850
11359	10764	362	51	276	9751860
11359	10757	9	51.5	275.5	9751880
38
11289	11215	183	48	279	9752028
11261	11236	228	48	280	9752038
11261	11247	322	48	280	9752048
11261	11257	350	47	281	9752058
11271	11264	381	47	281	9752068
11293	11264	409	48	281	9752078
11326	11264	445	49	280	9752088
11370	11264	490	49	280	9752098
11426	11254	526	50	280	9752108
11490	11246	557	50	278	9752118
11561	11232	577	51	277	9752128
11640	11216	592	51	276	9752138
11721	11196	598	52	276	9752148
11801	11173	604	52	275	9752158
11874	11150	606	52	275	9752168
11932	11126	607	52	274	9752178
11975	11102	602	52	274	9752188
12002	11077	601	52	273	9752198
12016	11052	603	52	273	9752208
12023	11029	599	52	273	9752218
12023	11006	595	52	271	9752228
12005	10982	602	52	271	9752238
11980	10959	601	52	270	9752248
11943	10933	600	52	270	9752258
11898	10908	594	52	270	9752268
11845	10884	591	52	270	9752278
11785	10860	588	52	270	9752288
11722	10839	583	52	270	9752298
11655	10819	575	52	270	9752308
11588	10802	579	52	270	9752318
11524	10789	573	52	270	9752328
11466	10777	579	52	270	9752338
11415	10767	580	52	270	9752348
11374	10760	579	52	270	9752358
11342	10753	579	52	271	9752368
11320	10753	574	52	271	9752378
11306	10747	547	52	273	9752388
11297	10747	222	52	273.5	9752428
29
12051	11045	168	49	275	9752624
12051	11052	309	49.5	275	9752644
12042	11052	424	50	275	9752654
12030	11052	455	50	275	9752664
12017	11052	470	51	275	9752674
12007	11046	472	51	275	9752684
12000	11037	481	51	275	9752694
12000	11023	502	52	274	9752704
12000	11009	526	52	274	9752714
12008	10993	533	52	273	9752724
12020	10979	568	52	273	9752734
12042	10968	589	52	273	9752744
12070	10961	603	52	273	9752754
12104	10961	614	52	273	9752764
12138	10961	620	52	273	9752774
12167	10967	624	52	273	9752784
12189	10979	625	52	273	9752794
12203	10994	621	52	273	9752804
12203	11012	621	52	273	9752814
12203	11033	619	52	273	9752824
12196	11052	617	52	273	9752834
12179	11068	614	52	273	9752844
12155	11082	611	52	273	9752854
12128	11091	597	52	274	9752864
12102	11091	581	52	274	9752874
12076	11091	552	52	275	9752884
12053	11091	501	52	275	9752894
12033	11079	432	52	275	9752904
12021	11064	112	52	275	9752924
15
12269	11024	300	51	272	9753060
12206	11024	349	51	272	9753070
12186	11031	449	51	272	9753080
12175	11031	528	51	272	9753100
12181	11031	551	51	272	9753110
12207	11031	566	51	272	9753120
12253	11031	580	51	272	9753130
12317	11031	579	52	273	9753140
12396	11031	588	52	273	9753150
12479	11031	603	52	273	9753160
12556	11031	604	52	273	9753170
12626	11031	602	52	271	9753180
12681	11031	597	52	271	9753190
12719	11023	574	52	270	9753200
12737	11023	231	52	270	9753230
