40
43
3645	20002	103	49	304	9915448
3652	20002	269	50	304.5	9915468
3652	20008	455	50.3333	302.667	9915528
3652	19998	538	51	303	9915538
3652	19987	575	51	303	9915548
3641	19968	582	51	303	9915558
3631	19940	600	51	303	9915568
3620	19903	625	51	303	9915578
3606	19861	637	51	303	9915588
3592	19816	659	51	303	9915598
3581	19774	665	51	303	9915608
3572	19740	671	51	303	9915618
3572	19717	674	51	303	9915628
3565	19701	683	51	303	9915638
3565	19691	702	51	303	9915658
3565	19685	733	51	303	9915678
3565	19691	742	51	303	9915688
3565	19702	746	51	303	9915698
3574	19722	742	51	303	9915708
3574	19754	743	51	303	9915718
3592	19795	740	51	303	9915728
3604	19841	738	51	303	9915738
3617	19887	735	51	303	9915748
3631	19929	733	51	303	9915758
3641	19962	735	51	303	9915768
3641	19986	738	51	303	9915778
3649	20002	739	51	303	9915788
3649	20013	735	51	303	9915808
3649	20020	727	51	303	9915828
3649	20001	726	51	303	9915838
3657	19977	727	51	303	9915848
3663	19945	726	51	303	9915858
3675	19905	727	51	303	9915868
3691	19861	731	51	303	9915878
3711	19820	732	50	302	9915888
3731	19781	734	50	302	9915898
3748	19749	737	50	302	9915908
3760	19723	738	50	302	9915917
3769	19702	738	50	302	9915927
3769	19688	740	50	302	9915937
3778	19679	711	51.6	301.4	9915987
3769	19696	490	52	301	9915997
3761	19714	151	51	302	9916017
9
3636	19825	192	51	303	9916094
3597	19818	273	51	303	9916104
3581	19808	396	51	303	9916114
3571	19808	521	51	303	9916144
3582	19808	560	51	303	9916154
3602	19818	564	51	303	9916164
3637	19827	557	51	303	9916174
3685	19841	529	51	303	9916184
3738	19853	186	51	303	9916204
87
5525	19965	34	49	297	9918958
5518	19965	107	49	298	9918978
5518	19972	219	49.75	297.75	9919018
5518	19978	513	51	297	9919468
5518	19972	545	51	297	9919478
5518	19961	545	51	297	9919488
5518	19945	546	51	297	9919498
5518	19922	551	51	297	9919508
5518	19894	553	51	297	9919518
5527	19861	558	52	297	9919528
5527	19826	558	52	297	9919538
5535	19794	572	52	297	9919548
5535	19766	572	52	297	9919558
5535	19743	574	52	297	9919568
5535	19725	576	52	297	9919578
5543	19712	577	52	296	9919588
5543	19704	580	52	295.5	9919608
5543	19696	609	52	295	9919658
5543	19706	627	52	295	9919668
5543	19714	629	52	295	9919678
5543	19722	630	52	295	9919688
5536	19732	633	52	295	9919698
5536	19742	632	52	295	9919708
5527	19754	631	52	295	9919718
5520	19767	630	52	295	9919728
5512	19782	630	52	295	9919738
5505	19798	628	52	295	9919748
5505	19817	624	52	295	9919758
5499	19840	624	52	295	9919768
5499	19864	622	52	296	9919778
5499	19890	621	52	296	9919788
5509	19916	621	52	297	9919798
5509	19934	620	52	297	9919808
5520	19951	616	52	297	9919818
5520	19963	614	52	297	9919828
5528	19974	615	52	297	9919838
5536	19986	613	52	297	9919848
5548	19997	614	52	297	9919858
5560	20009	611	52	297	9919868
5573	20021	611	52	297	9919878
5586	20031	611	52	297	9919888
5600	20040	611	52	297	9919898
5615	20049	611	52	296	9919908
5628	20049	611	52	296	9919918
5640	20057	611	51	294	9919928
5651	20057	608	51	294	9919938
5657	20057	607	51	294	9919948
5664	20057	607	51	294	9919958
5664	20047	608	51	294	9919968
5675	20039	606	51	294	9919978
5675	20030	606	51	294	9919988
5685	20018	604	51	294	9919997
5685	20006	601	51	294	9920007
5685	19993	603	51	294	9920017
5674	19977	604	51	294	9920027
5658	19960	602	51	294	9920037
5637	19940	600	51	294	9920047
5612	19922	602	51	294	9920057
5588	19907	599	51	294	9920067
5565	19892	601	52	295	9920077
5545	19881	603	52	295	9920087
5532	19871	602	52	295	9920097
5525	19871	602	52	295	9920107
5525	19864	599	52	295	9920137
5535	19864	598	52	295	9920147
5547	19864	603	52	296	9920157
5566	19864	606	52	296	9920167
5595	19873	608	52	297	9920177
5627	19873	607	52	297	9920187
5665	19873	608	52	297	9920197
5700	19873	606	52	297	9920207
5731	19862	605	52	297	9920217
5757	19850	606	52	297	9920227
5775	19834	608	52	297	9920237
5789	19816	606	52	296	9920247
5796	19798	606	52	296	9920257
5796	19781	608	52	295	9920267
5796	19765	606	52	295	9920277
5796	19747	608	52	295	9920287
5785	19730	610	52	295	9920297
5765	19714	607	52	295	9920307
5736	19700	608	52	295	9920317
5700	19689	608	52	295	9920327
5667	19679	608	52	295	9920337
5639	19679	608	52	295	9920347
5618	19670	603	52	295	9920357
5608	19670	284	52	295	9920387
25
7817	19950	158	47	299	9920794
7817	19970	177	47	299	9920804
7807	19979	276	47	299	9920814
7797	19991	349	48	299	9920824
7783	20002	391	48	299	9920834
7770	20014	412	49	297	9920844
7755	20025	444	49	297	9920854
7741	20036	478	49	297	9920864
7725	20048	506	49	297	9920874
7706	20055	521	49	298	9920884
7684	20055	541	49	298	9920894
7659	20041	548	49	298	9920904
7634	20017	557	49	298	9920914
7612	19980	567	49	298	9920924
7598	19939	569	49	298	9920934
7591	19898	575	49	298	9920944
7591	19856	587	49	298	9920954
7605	19820	592	50	299	9920964
7623	19789	596	50	299	9920974
7651	19764	611	50	299	9920984
7691	19747	629	50	299	9920994
7739	19738	638	50	299	9921004
7790	19738	641	50	299	9921014
7841	19745	634	50	299	9921024
7880	19754	264	50	299	9921044
28
3908	19401	197	51	345	9928126
3908	19407	250	51	345	9928136
3908	19419	382	51	345	9928156
3900	19419	462	51	344	9928176
3900	19405	498	51	344	9928186
3900	19390	533	51	344	9928196
3900	19362	552	51	344	9928206
3900	19318	568	51	344	9928216
3911	19255	583	51	344	9928226
3911	19170	597	51	344	9928236
3922	19068	627	51	344	9928246
3922	18956	654	51	345	9928256
3935	18843	668	51	345	9928266
3943	18734	678	51	345	9928276
3950	18628	686	51	346	9928286
3958	18530	700	51	347	9928296
3958	18436	705	51	347	9928306
3967	18346	715	51	349	9928316
3967	18266	717	52	350	9928326
3975	18194	717	52	351	9928336
3975	18128	725	52	352	9928346
3982	18071	726	52	354	9928356
3982	18021	727	52	355	9928366
3982	17978	729	52	356	9928376
3982	17945	727	52	357	9928386
3982	17920	728	52	359	9928396
3982	17903	725	52	0	9928406
3982	17894	522	52	2.85714	9928476
28
5577	19375	79	51	327	9929090
5577	19384	205	51	327	9929110
5577	19392	400	51	327	9929190
5577	19376	507	51	327	9929200
5577	19355	520	51	327	9929210
5577	19316	529	51	327	9929220
5577	19258	530	51	327	9929230
5577	19177	538	51	327	9929240
5577	19082	543	51	328	9929250
5568	18976	563	51	328	9929260
5568	18866	575	51	328	9929270
5562	18759	588	52	329	9929280
5562	18650	612	52	329	9929290
5562	18545	628	52	330	9929300
5554	18443	643	52	330	9929310
5554	18342	651	53	332	9929320
5546	18242	663	53	332	9929330
5546	18149	665	53	333	9929340
5535	18063	668	53	334	9929350
5535	17993	670	53	336	9929360
5528	17936	672	54	337	9929370
5528	17889	672	54	338	9929380
5528	17850	674	54	340	9929390
5528	17816	675	55	341	9929400
5528	17791	675	55	343	9929410
5528	17772	675	55	344	9929420
5528	17759	673	55	344	9929430
5528	17752	439	55	346.25	9929470
25
3765	17623	60	50	293	9936678
3747	17615	142	50	291	9936688
3738	17615	186	50	291	9936698
3732	17615	245	50	290	9936708
3724	17615	308	50	290	9936728
3735	17615	345	50	290	9936738
3755	17615	356	50	290	9936748
3791	17622	382	50	290	9936758
3849	17622	422	50	290	9936768
3932	17632	440	50	290	9936778
4043	17632	461	50	290	9936788
4176	17632	488	50	290	9936798
4329	17632	496	51	290	9936808
4488	17632	515	51	290	9936818
4650	17632	528	52	288	9936828
4812	17621	541	52	288	9936838
4965	17621	544	52	288	9936848
5111	17614	551	52	288	9936858
5247	17614	552	52	288	9936868
5368	17614	558	52	287	9936878
5465	17614	558	52	287	9936888
5538	17614	552	52	286	9936898
5582	17614	537	52	286	9936908
5600	17614	453	52	285	9936928
5573	17614	63	52	283.5	9936948
63
3821	17543	183	50	300	9937222
3812	17543	197	50	300	9937232
3802	17543	263	50	299	9937252
3802	17534	312	49	298	9937262
3802	17526	340	50	297	9937272
3802	17511	390	50	297	9937282
3812	17488	416	50	296	9937292
3821	17456	444	50	296	9937302
3829	17412	480	50	296	9937312
3838	17359	496	50	296	9937322
3844	17298	531	50	296	9937332
3854	17230	563	51	297	9937342
3865	17163	582	51	297	9937352
3881	17101	607	51	297	9937362
3901	17046	632	51	297	9937372
3926	17001	640	51	297	9937382
3954	16961	657	51	297	9937392
3985	16923	661	52	297	9937402
4018	16889	667	52	297	9937412
4051	16856	668	51	299	9937422
4085	16826	673	51	299	9937432
4121	16796	676	52	301	9937442
4156	16768	680	52	301	9937452
4192	16744	683	52	301	9937462
4230	16723	690	52	301	9937472
4269	16708	693	53	302	9937482
4310	16697	702	53	302	9937492
4352	16690	705	53	302	9937502
4400	16690	707	53	302	9937512
4454	16681	709	53	301	9937522
4513	16681	710	53	301	9937532
4577	16681	713	53	299	9937542
4646	16681	713	54	298	9937552
4716	16691	714	54	298	9937562
4790	16701	715	54	297	9937572
4864	16712	718	54	297	9937582
4938	16726	716	54	295	9937592
5011	16740	715	54	295	9937602
5079	16757	716	55	294	9937612
5140	16775	714	55	294	9937622
5191	16793	715	55	294	9937632
5237	16810	714	55	294	9937642
5278	16826	717	55	292	9937652
5315	16844	720	55	292	9937662
5350	16864	717	55	291	9937672
5384	16887	718	55	291	9937682
5417	16916	718	55	291	9937692
5453	16950	716	55	291	9937702
5488	16989	718	55	291	9937712
5520	17031	712	55	291	9937722
5546	17075	713	55	291	9937732
5565	17123	709	55	291	9937742
5578	17172	706	55	291	9937752
5585	17225	707	55	291	9937762
5585	17277	704	55	290	9937772
5592	17327	702	55	290	9937782
5592	17373	704	56	288	9937792
5600	17411	704	56	288	9937802
5600	17441	705	55	287	9937812
5610	17466	704	55	287	9937822
5610	17484	704	55	287	9937832
5610	17500	700	55	287	9937842
5610	17509	363	54	287	9937882
45
7505	19350	41	47	300	9938474
7512	19357	132	47	299.5	9938494
7512	19366	241	47	299	9938504
7504	19366	300	46	298	9938514
7504	19376	375	46	297.75	9938554
7504	19363	408	46	297	9938564
7504	19342	429	46	297	9938574
7504	19304	445	45	295	9938584
7504	19247	479	45	295	9938594
7504	19166	514	46	295	9938604
7504	19071	543	46	295	9938614
7504	18965	556	46	295	9938624
7504	18857	574	47	296	9938634
7504	18755	597	47	296	9938644
7504	18656	613	47	296	9938654
7504	18561	626	48	297	9938664
7504	18470	638	48	297	9938674
7504	18379	654	48	297	9938684
7504	18288	659	49	297	9938694
7504	18199	666	49	297	9938704
7504	18113	676	49	298	9938714
7504	18033	683	50	299	9938724
7504	17963	688	51	299	9938734
7504	17892	693	51	299	9938744
7504	17825	700	53	298	9938754
7504	17757	703	53	299	9938764
7504	17685	707	53	299	9938774
7498	17616	709	54	300	9938784
7498	17547	712	54	300	9938794
7498	17477	715	55	301	9938804
7491	17408	716	55	301	9938814
7491	17336	716	55	301	9938824
7491	17260	716	56	302	9938834
7491	17185	718	56	302	9938844
7491	17112	722	56	303	9938854
7491	17046	724	56	303	9938864
7491	16987	724	57	304	9938874
7500	16932	725	57	304	9938884
7500	16884	727	57	304	9938894
7507	16838	726	58	306	9938904
7507	16797	725	58	306	9938914
7515	16761	725	57	307	9938924
7515	16729	709	58	308	9938934
7515	16702	628	58	310	9938944
7515	16683	149	58	310	9938964
57
4948	16626	76	48	300	9939522
4956	16616	297	48	300	9939562
4956	16625	457	48	300	9939572
4950	16625	464	48	300	9939582
4950	16617	471	48	300	9939592
4950	16601	491	48	300	9939602
4950	16572	517	48	300	9939612
4950	16528	555	48	300	9939622
4950	16467	573	48	299	9939632
4950	16401	588	48	299	9939642
4950	16327	599	49	298	9939652
4956	16260	611	49	298	9939662
4956	16205	627	49	298	9939672
4967	16159	639	49	298	9939682
4974	16130	644	49	298	9939692
4982	16109	650	50	299	9939702
4991	16098	658	50	299	9939712
5000	16098	664	50	299	9939722
5013	16089	672	50	299	9939732
5029	16089	678	50	299	9939742
5054	16089	679	51	300	9939752
5085	16089	685	51	300	9939762
5129	16089	687	51	300	9939772
5188	16089	692	51	300	9939782
5264	16089	691	51	300	9939792
5358	16089	691	51	300	9939802
5463	16098	694	52	301	9939812
5573	16098	690	52	301	9939822
5684	16105	690	52	300	9939832
5788	16105	691	52	300	9939842
5886	16105	689	53	298	9939852
5976	16105	689	53	298	9939862
6054	16105	687	53	298	9939872
6117	16105	689	53	298	9939882
6163	16105	689	53	298	9939892
6194	16105	690	53	298	9939902
6211	16105	690	53	298	9939912
6220	16111	692	53	297.5	9939932
6226	16111	694	53	296.2	9939982
6233	16111	696	53	296	9940022
6233	16104	702	53	296	9940032
6241	16091	711	53	296	9940042
6249	16070	720	53	296	9940052
6260	16038	725	53	296	9940062
6271	15997	733	53	296	9940072
6283	15945	740	54	297	9940082
6292	15888	746	54	297	9940092
6300	15830	750	54	297	9940102
6308	15772	755	54	297	9940112
6316	15723	756	54	297	9940122
6326	15686	759	54	297	9940132
6334	15659	758	54	297	9940142
6334	15643	757	54	297	9940152
6345	15632	756	54	297	9940162
6345	15624	747	54	297	9940172
6345	15615	734	54	297	9940182
6352	15608	364	54.5	297	9940222
23
7494	16832	135	49	298	9940626
7483	16832	260	49	298	9940646
7473	16832	295	49	298	9940666
7473	16816	339	49	298	9940676
7473	16791	370	49	298	9940686
7473	16746	391	49	298	9940696
7473	16680	424	49	298	9940706
7481	16601	468	49	298	9940716
7481	16512	502	50	299	9940726
7481	16421	533	51	298	9940736
7481	16330	565	51	298	9940746
7481	16239	588	51	297	9940756
7481	16153	598	51	297	9940766
7481	16073	607	52	297	9940776
7481	16002	615	52	297	9940786
7481	15933	624	52	297	9940796
7481	15869	630	53	298	9940806
7481	15811	633	53	298	9940816
7481	15761	637	53	298	9940826
7481	15720	638	54	298	9940836
7481	15690	640	54	298	9940846
7481	15671	641	54	297	9940856
7481	15660	464	55.3333	297.333	9940916
48
6178	15592	82	49.3333	295.333	9942082
6178	15598	417	49.25	295.25	9942322
6187	15592	507	49	295	9942342
6202	15579	519	49	295	9942352
6214	15570	520	49	295	9942362
6229	15561	524	49	295	9942372
6246	15551	529	49	295	9942382
6266	15540	533	49	295	9942392
6288	15529	539	49	295	9942402
6314	15518	544	49	295	9942412
6343	15506	545	49	295	9942422
6374	15494	548	49	295	9942432
6406	15483	553	50	294	9942442
6442	15474	554	50	294	9942452
6478	15463	560	50	293	9942462
6515	15454	558	50	293	9942472
6553	15447	560	50	293	9942482
6589	15447	561	50	291	9942492
6623	15436	561	50	291	9942502
6655	15436	563	50	290	9942512
6688	15436	565	50	290	9942522
6722	15429	563	50	290	9942532
6759	15429	564	50	289	9942542
6797	15429	568	50	289	9942552
6838	15429	561	51	288	9942562
6879	15429	568	51	288	9942572
6925	15429	566	51	288	9942582
6974	15440	568	51	288	9942592
7024	15440	567	51	288	9942602
7077	15451	566	51	288	9942612
7127	15458	563	51	288	9942622
7176	15458	563	51	288	9942632
7223	15470	564	51	288	9942642
7266	15470	564	51	288	9942652
7306	15482	561	51	288	9942662
7342	15489	557	51	288	9942672
7375	15498	556	51	288	9942682
7407	15507	556	51	288	9942692
7440	15519	556	51	288	9942702
7475	15531	557	51	288	9942712
7512	15544	555	52	287	9942722
7548	15556	550	52	287	9942732
7584	15567	549	52	286	9942742
7613	15577	550	52	286	9942752
7634	15584	548	52	286	9942762
7646	15584	549	52	286	9942772
7646	15593	549	52	284	9942792
7646	15599	376	52	283	9942842
91
6140	15543	16	49	297	9943354
6140	15552	43	49	297	9943374
6140	15558	165	49	297	9943414
6140	15565	397	48.1818	297	9943524
6147	15556	432	48	297	9943534
6147	15550	440	48	297	9943554
6154	15534	468	48	297	9943564
6154	15522	472	48	297	9943574
6165	15510	476	48	297	9943584
6173	15492	490	48	297	9943594
6183	15470	504	48	297	9943604
6194	15439	518	48	297	9943614
6206	15400	528	48	297	9943624
6219	15352	536	48	297	9943634
6232	15299	549	49	297	9943644
6248	15246	553	49	297	9943654
6266	15197	564	49	297	9943664
6283	15152	565	49	297	9943674
6300	15114	570	49	298	9943684
6318	15078	577	49	298	9943694
6337	15042	587	49	298	9943704
6358	15011	592	50	297	9943714
6377	14978	602	51	298	9943724
6397	14944	606	51	297	9943734
6415	14914	607	51	297	9943744
6433	14885	612	51	297	9943754
6450	14858	613	52	297	9943764
6466	14834	615	52	297	9943774
6482	14812	619	52	296	9943784
6498	14789	624	52	296	9943794
6515	14770	626	53	296	9943804
6530	14749	628	53	296	9943814
6546	14729	629	53	296	9943824
6563	14710	634	53	296	9943834
6578	14691	638	53	294	9943844
6594	14675	638	53	294	9943854
6611	14661	642	54	293	9943864
6627	14649	644	54	293	9943874
6645	14637	646	54	293	9943884
6661	14627	646	54	293	9943894
6679	14617	653	54	293	9943904
6698	14607	654	54	293	9943914
6718	14598	654	54	293	9943924
6739	14591	657	54	293	9943934
6763	14584	660	54	293	9943944
6787	14584	661	54	293	9943954
6812	14576	663	54	293	9943964
6840	14576	664	54	293	9943974
6871	14576	665	54	293	9943984
6900	14576	665	54	293	9943994
6929	14576	666	54	293	9944004
6955	14576	666	54	293	9944014
6975	14576	667	54	293	9944024
6996	14582	675	54	293	9944034
7014	14582	672	54	293	9944044
7032	14596	672	54	293	9944054
7051	14607	675	54	293	9944064
7072	14620	674	54	293	9944074
7095	14635	675	54	293	9944084
7118	14652	674	54	293	9944094
7140	14671	678	54	293	9944104
7162	14692	678	54	293	9944114
7182	14713	678	54	293	9944124
7200	14736	679	54	293	9944134
7217	14760	681	54	293	9944144
7233	14787	682	54	293	9944154
7252	14817	682	54	293	9944164
7272	14850	683	54	293	9944174
7295	14884	683	54	293	9944184
7320	14917	684	54	293	9944194
7344	14947	681	54	293	9944204
7365	14973	681	54	293	9944214
7385	14997	681	54	293	9944224
7403	15021	681	54	293	9944234
7418	15045	679	54	293	9944244
7434	15071	681	54	293	9944254
7451	15099	682	54	293	9944264
7470	15134	682	54	293	9944274
7493	15176	682	54	293	9944284
7516	15222	682	54	292	9944294
7542	15267	682	54	292	9944304
7566	15308	681	54	290	9944314
7584	15341	681	54	290	9944324
7598	15367	683	53	290	9944334
7606	15388	682	53	290	9944344
7606	15409	679	53	290	9944354
7606	15431	673	53	290	9944364
7606	15454	660	53	290	9944374
7606	15478	637	52	289	9944384
7606	15501	551	53	288	9944394
7606	15522	95	53	288	9944414
21
6919	14565	101	49	298	9945019
6919	14573	225	49	298	9945029
6911	14573	300	49	298	9945099
6911	14562	391	49	298	9945109
6911	14543	429	49	298	9945119
6911	14510	450	49	298	9945129
6911	14462	476	49	298	9945139
6917	14401	495	49	298	9945149
6917	14328	517	49	298	9945159
6926	14252	530	49	298	9945169
6933	14181	538	49	298	9945179
6941	14116	549	50	299	9945189
6947	14065	558	51	298	9945199
6947	14022	560	51	298	9945209
6954	13985	572	51	297	9945219
6954	13956	580	52	297	9945229
6954	13932	595	52	297	9945239
6954	13913	597	52	297	9945249
6954	13901	598	53	298	9945259
6954	13894	596	53	298	9945269
6961	13894	318	53	298.333	9945298
67
6941	14525	91	55	301	9956335
6941	14518	257	55	301	9956355
6941	14529	397	55	301	9956375
6934	14529	467	55	301	9956425
6934	14535	606	55	301	9956485
6934	14542	696	54.8	300.8	9956535
6934	14549	721	54	300	9956555
6928	14562	725	54	300	9956565
6928	14568	742	54	300	9956585
6921	14577	760	54	300	9956605
6915	14577	773	54	300	9956625
6906	14577	778	54	300	9956645
6894	14577	780	54	300	9956655
6884	14577	780	55	301	9956665
6869	14577	784	55	301	9956675
6855	14577	784	55	301	9956685
6844	14577	786	55	301	9956695
6836	14577	788	55	301	9956705
6836	14571	791	55	301	9956715
6828	14571	791	55	301	9956735
6817	14571	793	55	301	9956745
6817	14563	793	55	301	9956755
6807	14563	794	54	300	9956775
6798	14555	794	54	300	9956795
6789	14546	793	54	300	9956815
6782	14539	793	54	300	9956835
6775	14526	795	54	300	9956845
6775	14518	794	54	300	9956855
6768	14510	795	54	300	9956875
6768	14499	797	54	300	9956895
6768	14490	795	54.5	300.5	9956915
6768	14483	794	55	301	9956925
6778	14483	795	55	303	9956935
6778	14470	796	55	303	9956945
6786	14463	797	54	304	9956965
6795	14452	795	54.6667	303.333	9956995
6803	14452	794	55	301	9957005
6803	14444	794	55	301	9957015
6810	14444	795	55	301	9957025
6810	14433	796	55	301	9957035
6823	14425	796	55	301	9957045
6830	14417	797	55	301	9957065
6839	14410	795	55	301	9957095
6845	14410	796	55	301	9957115
6855	14410	796	55	301	9957125
6862	14410	798	54	300	9957135
6870	14410	798	54	300	9957145
6876	14410	800	54	300	9957165
6888	14410	802	54	300	9957185
6900	14410	802	54	300	9957195
6900	14418	802	54	300	9957205
6908	14418	804	54	300	9957245
6915	14426	810	54	300	9957275
6922	14426	816	54	300	9957285
6922	14435	819	54	300	9957305
6931	14447	823	54	300	9957315
6931	14456	824	55	301	9957325
6938	14463	827	55	301	9957335
6938	14472	829	55	301	9957345
6938	14480	828	55	301	9957355
6938	14487	827	55	301	9957365
6945	14494	828	55	301	9957385
6945	14504	830	55	301	9957415
6945	14512	829	55	301	9957435
6937	14524	823	55	301	9957445
6930	14534	802	55	301	9957455
6918	14546	344	55	301	9957475
65
3900	18831	77	45	294	9983284
3875	18824	105	45	294	9983294
3868	18824	185	45	294	9983304
3861	18824	321	46	293.5	9983324
3854	18824	473	47	293	9983384
3854	18818	558	47	293	9983394
3866	18818	602	48	293	9983404
3885	18818	633	48	293	9983414
3924	18811	649	48	293	9983424
3981	18811	675	48	293	9983434
4056	18811	693	48	293	9983444
4147	18821	701	48	293	9983454
4251	18829	703	48	293	9983464
4365	18829	711	48	293	9983474
4485	18837	722	48	292	9983484
4608	18837	727	48	292	9983494
4734	18837	731	48	291	9983504
4867	18837	734	48	291	9983514
5007	18837	741	48	291	9983524
5153	18837	753	48	291	9983534
5311	18844	763	48	290	9983544
5469	18844	773	48	290	9983554
5631	18844	776	48	289	9983564
5798	18844	779	49	288	9983574
5960	18844	784	49	288	9983584
6125	18844	780	49	287	9983594
6296	18844	784	49	285	9983604
6453	18844	783	49	285	9983614
6612	18851	787	49	284	9983624
6771	18851	787	49	284	9983634
6923	18851	787	49	284	9983644
7079	18858	787	49	284	9983654
7232	18858	788	49	283	9983664
7380	18865	788	49	283	9983674
7525	18865	791	49	282	9983684
7665	18865	790	49	282	9983694
7803	18865	791	49	282	9983704
7940	18865	791	49	282	9983714
8072	18871	791	49	282	9983724
8203	18871	788	49	282	9983734
8323	18871	788	50	281	9983744
8431	18880	790	50	281	9983754
8533	18880	793	50	280	9983764
8626	18880	794	50	280	9983774
8718	18880	792	50	280	9983784
8813	18880	793	50	280	9983794
8909	18880	794	50	280	9983804
8997	18880	792	50	280	9983814
9080	18887	792	50	280	9983824
9152	18887	795	50	280	9983834
9212	18887	794	50	280	9983844
9269	18887	793	50	280	9983854
9315	18887	793	50	280	9983864
9357	18887	794	50	278	9983874
9394	18887	795	50	278	9983884
9425	18887	794	50	277	9983894
9449	18887	794	50	277	9983904
9466	18887	795	50	277	9983914
9478	18887	795	50	277	9983924
9484	18887	794	50	276	9983944
9491	18887	816	50	272.441	9984284
9483	18887	862	50	274	9984294
9483	18894	861	50	275.333	9984324
9477	18894	857	50	277	9984354
9477	18900	632	49.6667	280.833	9984414
29
7504	18070	96	49	292	9984920
7520	18070	186	49	291	9984930
7528	18070	337	49	290	9984950
7528	18077	445	50	290	9984960
7534	18077	517	50	290	9984990
7545	18077	553	50	290	9985000
7565	18077	581	50	289	9985010
7602	18077	595	50	289	9985020
7660	18077	619	51	288	9985030
7747	18077	626	51	288	9985040
7857	18077	638	51	288	9985050
7979	18077	650	51	288	9985060
8108	18069	655	52	288	9985070
8231	18069	650	52	288	9985080
8345	18057	652	52	288	9985090
8449	18057	652	52	288	9985100
8539	18048	656	52	288	9985110
8614	18048	657	52	288	9985120
8677	18039	661	52	288	9985130
8730	18039	663	52	287	9985140
8777	18039	669	52	287	9985150
8819	18039	674	52	286	9985160
8853	18039	676	52	286	9985170
8883	18039	677	52	286	9985180
8911	18045	674	52	286	9985190
8938	18045	675	52	286	9985200
8964	18056	663	52	286	9985210
8986	18056	604	52	286	9985220
9000	18056	172	52	286	9985240
43
9090	18033	16	52	350	9985732
9075	18041	32	52	350	9985742
9069	18041	41	52	350	9985752
9062	18041	65	51	349	9985762
9062	18050	75	51	349	9985772
9056	18050	91	51	349	9985782
9056	18060	109	51	347	9985792
9056	18067	143	50	348	9985802
9056	18073	182	50	348	9985812
9056	18080	254	49	348	9985832
9063	18080	316	49	348	9985842
9063	18086	514	49	346.75	9985922
9063	18078	629	49	346	9985932
9063	18065	634	49	346	9985942
9063	18045	643	49	346	9985952
9063	18008	646	49	347	9985962
9063	17953	650	49	347	9985972
9063	17878	651	49	347	9985982
9063	17780	656	49	348	9985992
9063	17666	661	50	348	9986002
9063	17539	667	50	348	9986012
9063	17408	671	51	349	9986022
9063	17280	679	51	349	9986032
9063	17159	686	52	350	9986042
9063	17045	690	52	351	9986052
9063	16940	689	52	352	9986062
9063	16838	689	52	354	9986072
9063	16737	691	52	354	9986082
9070	16642	689	52	355	9986092
9070	16551	685	52	356	9986102
9076	16466	688	52	357	9986112
9076	16391	691	52	359	9986122
9076	16317	690	52	0	9986132
9083	16249	688	52	0	9986142
9083	16184	688	52	1	9986152
9083	16127	690	52	3	9986162
9083	16077	687	52	4	9986172
9083	16036	680	52	5	9986182
9083	16002	679	52	5	9986192
9090	15975	666	52	6	9986202
9090	15955	646	52	8	9986212
9090	15939	588	53	8	9986222
9099	15929	141	53.3333	10	9986252
77
9624	18877	71	50	340	9987924
9630	18896	117	50	340	9987934
9630	18907	140	50	340	9987944
9637	18917	168	50	340	9987954
9637	18926	182	50	340	9987964
9637	18935	190	50	340	9987974
9637	18942	193	50	340	9987984
9637	18949	206	50	340	9988004
9637	18959	248	50	340	9988014
9629	18959	347	50	340	9988064
9622	18966	463	50	340	9988114
9622	18954	496	50	340	9988124
9622	18936	512	50	340	9988134
9622	18904	514	50	340	9988144
9622	18859	516	50	340	9988154
9622	18798	518	50	340	9988164
9629	18722	519	50	340	9988174
9629	18635	522	50	340	9988184
9638	18543	527	50	341	9988194
9638	18455	536	50	341	9988204
9645	18371	552	50	341	9988214
9645	18293	567	50	341	9988224
9645	18216	575	51	342	9988234
9652	18136	582	51	342	9988244
9652	18059	588	51	344	9988254
9652	17983	596	51	345	9988264
9662	17905	613	52	346	9988274
9662	17824	620	52	346	9988284
9662	17741	629	53	346	9988294
9670	17651	644	53	348	9988304
9670	17564	657	53	349	9988314
9670	17477	659	54	350	9988324
9670	17387	666	54	352	9988334
9670	17305	667	54	353	9988344
9670	17222	671	54	355	9988354
9679	17142	673	54	356	9988364
9679	17067	675	54	357	9988374
9688	16994	675	54	359	9988384
9688	16928	675	54	0	9988394
9688	16865	678	54	0	9988404
9694	16806	677	54	1	9988414
9694	16750	680	54	3	9988424
9694	16689	682	54	3	9988434
9694	16628	680	54	4	9988444
9694	16567	680	54	4	9988454
9694	16507	681	54	5	9988464
9694	16448	683	54	5	9988474
9701	16393	687	54	7	9988484
9701	16346	687	54	8	9988494
9707	16298	686	54	8	9988504
9707	16257	688	54	8	9988514
9707	16220	687	54	10	9988524
9707	16184	690	54	10	9988534
9714	16156	691	54	10	9988544
9714	16127	691	53	11	9988554
9720	16097	692	53	11	9988564
9720	16069	692	53	11	9988574
9720	16041	695	53	12	9988584
9729	16014	691	53	12	9988594
9729	15991	694	54	14	9988604
9729	15970	695	54	14	9988614
9729	15951	694	55	16	9988624
9729	15938	695	55	16	9988634
9729	15927	694	55	16	9988644
9729	15921	693	55	17	9988654
9735	15912	695	55	17	9988664
9735	15902	694	55	17	9988674
9735	15892	696	55	19	9988684
9735	15879	696	55	19	9988694
9735	15865	696	55	19	9988704
9735	15851	694	54	20	9988714
9735	15837	695	54	20	9988724
9735	15826	692	54	20	9988744
9735	15820	683	54	20	9988764
9735	15829	667	54	20	9988774
9735	15846	546	54	20	9988784
9728	15874	52	54	20	9988804
36
8742	15856	43	51	288	9990924
8717	15856	78	51	288	9990934
8707	15856	157	51	288	9990944
8698	15856	235	51	288	9990954
8689	15856	309	51	288	9990964
8681	15856	359	51	288	9990974
8674	15856	435	51	288	9990994
8664	15850	523	51	286.667	9991024
8656	15850	625	51	285	9991144
8666	15843	664	51	285	9991154
8672	15843	691	51	285	9991164
8686	15837	712	51	285	9991174
8719	15837	735	51	285	9991184
8778	15830	740	51	285	9991194
8859	15830	744	51	285	9991204
8959	15830	746	51	285	9991214
9067	15830	746	51	285	9991224
9180	15830	749	51	285	9991234
9298	15830	747	51	285	9991244
9413	15830	749	51	285	9991254
9525	15830	749	51	285	9991264
9627	15830	750	51	285	9991274
9722	15821	751	52	286	9991284
9810	15821	752	52	286	9991294
9888	15814	753	52	284	9991304
9957	15814	753	52	284	9991314
10012	15814	751	52	283	9991324
10053	15814	751	52	283	9991334
10080	15814	749	52	283	9991344
10095	15814	748	52	283	9991354
10103	15814	748	52	283	9991364
10110	15814	743	52	283	9991374
10121	15814	741	52	283	9991384
10138	15814	732	52	283	9991394
10158	15821	697	52	283	9991404
10173	15821	303	52	283	9991434
104
8662	15724	44	50	295	9991808
8672	15739	113	50	295	9991818
8672	15749	194	51	293	9991828
8684	15762	261	51	293	9991838
8684	15774	307	51	293	9991848
8692	15784	348	51	293	9991858
8692	15792	445	51	293	9991908
8692	15785	484	51	293	9991918
8692	15771	513	51	293	9991928
8700	15748	533	51	293	9991938
8700	15717	556	51	293	9991948
8711	15680	577	51	293	9991958
8719	15634	604	51	293	9991968
8730	15584	612	51	293	9991978
8739	15537	634	51	293	9991988
8748	15482	658	51	293	9991998
8758	15432	674	51	293	9992008
8767	15382	683	51	293	9992018
8776	15328	695	51	293	9992028
8788	15283	701	51	293	9992038
8799	15241	705	51	293	9992048
8810	15199	714	51	293	9992058
8822	15162	725	51	293	9992068
8835	15129	731	51	294	9992078
8847	15096	734	51	294	9992088
8861	15071	739	51	294	9992098
8874	15045	747	51	294	9992108
8888	15020	747	52	295	9992118
8902	14996	753	52	295	9992128
8918	14970	757	52	295	9992138
8936	14946	763	52	295	9992148
8959	14922	763	53	296	9992158
8983	14901	764	53	296	9992168
9009	14882	766	53	296	9992178
9036	14864	768	53	296	9992188
9061	14847	769	53	296	9992198
9088	14832	768	53	296	9992208
9113	14818	769	53	296	9992218
9139	14806	770	53	296	9992228
9166	14797	769	53	296	9992238
9194	14787	771	54	297	9992248
9222	14779	771	54	297	9992258
9250	14772	771	54	297	9992268
9278	14765	772	54	297	9992278
9307	14765	773	54	297	9992288
9338	14758	773	54	297	9992298
9370	14758	776	54	295	9992308
9401	14758	776	54	295	9992318
9431	14758	776	55	294	9992328
9457	14767	776	55	294	9992338
9481	14775	777	55	294	9992348
9508	14783	780	55	294	9992358
9534	14794	779	55	294	9992368
9562	14805	780	55	294	9992378
9590	14817	781	55	294	9992388
9618	14830	779	55	292	9992398
9647	14843	779	55	292	9992408
9677	14856	780	55	291	9992418
9705	14867	780	55	291	9992428
9731	14880	780	55	291	9992438
9752	14892	779	55	291	9992448
9772	14905	783	55	291	9992458
9794	14922	784	55	291	9992468
9813	14939	780	55	291	9992478
9834	14959	780	55	291	9992488
9855	14980	780	55	291	9992498
9874	14998	779	55	291	9992508
9890	15014	780	55	291	9992518
9903	15030	778	55	291	9992528
9915	15044	780	55	291	9992538
9927	15061	780	55	291	9992548
9938	15080	780	55	291	9992558
9949	15100	780	55	291	9992568
9962	15122	778	55	291	9992578
9976	15145	776	55	291	9992588
9990	15168	775	55	291	9992598
10001	15191	776	55	291	9992608
10009	15212	776	55	291	9992618
10016	15233	775	55	291	9992628
10016	15253	775	54	290	9992638
10026	15276	773	54	290	9992648
10026	15299	774	54	290	9992658
10037	15323	775	54	290	9992668
10037	15347	777	54	290	9992678
10047	15371	775	54	290	9992688
10053	15397	778	54	290	9992698
10060	15427	777	53	290	9992708
10067	15462	775	53	290	9992718
10077	15499	775	53	291	9992728
10083	15537	774	53	291	9992738
10090	15572	775	53	292	9992748
10090	15603	773	52	292	9992758
10090	15627	777	52	292	9992768
10090	15644	779	52	292	9992778
10090	15658	783	52	292	9992788
10090	15672	784	52	292	9992798
10090	15687	784	52	292	9992808
10083	15703	777	52	292	9992818
10083	15723	777	52	292	9992828
10076	15745	778	52	292	9992838
10076	15766	771	52	292	9992848
10068	15785	749	51	291	9992858
10068	15799	701	51	291	9992868
10061	15799	264	51	291	9992898
29
9283	14748	167	49	298	9994156
9289	14748	259	49	298	9994166
9289	14757	385	49	298	9994186
9283	14757	469	49	298	9994236
9283	14746	513	49	298	9994246
9283	14732	539	49	298	9994256
9273	14709	555	49	298	9994266
9273	14672	571	49	298	9994276
9263	14622	590	49	298	9994286
9256	14559	606	49	298	9994296
9250	14483	630	49	298	9994306
9240	14397	645	49	298	9994316
9234	14309	656	49	298	9994326
9234	14222	663	51	298	9994336
9226	14143	670	51	298	9994346
9226	14073	675	51	297	9994356
9226	14007	683	51	297	9994366
9233	13949	687	52	297	9994376
9233	13893	689	52	297	9994386
9240	13842	696	52	297	9994396
9240	13796	698	53	298	9994406
9240	13754	701	53	298	9994416
9240	13719	707	53	298	9994426
9240	13690	704	53	299	9994436
9240	13670	708	53	299	9994446
9240	13657	708	53	299	9994456
9240	13649	712	53.8333	299.833	9994516
9240	13643	687	54	300	9994546
9240	13651	158	54	300	9994566
52
6977	13828	118	49	292	9995436
6977	13837	194	49	292	9995446
6965	13837	301	49	292	9995476
6975	13837	357	50	293	9995486
6988	13837	388	50	293	9995496
7005	13829	461	50	293	9995506
7033	13829	497	50	293	9995516
7074	13823	520	50	293	9995526
7129	13823	530	50	293	9995536
7195	13823	545	50	293	9995546
7266	13823	550	50	293	9995556
7340	13829	553	50	293	9995566
7410	13829	558	50	293	9995576
7473	13829	560	50	291	9995586
7529	13820	561	50	291	9995596
7573	13813	570	50	290	9995606
7608	13813	570	50	290	9995616
7636	13804	570	50	290	9995626
7656	13804	572	50	290	9995636
7668	13797	587	50	289.5	9995656
7676	13797	617	50.8	288.2	9995706
7676	13790	625	51	288	9995726
7682	13790	626	51	288	9995736
7682	13783	636	51	288	9995746
7690	13783	653	51	288	9995756
7690	13774	665	51	288	9995766
7703	13774	671	51	288	9995776
7710	13766	673	51	288	9995796
7718	13766	678	51	288	9995806
7718	13758	688	51	288	9995826
7718	13748	703	51	288	9995836
7718	13734	726	51	288	9995846
7718	13710	734	51	288	9995856
7711	13676	757	51	288	9995866
7711	13627	772	51	288	9995876
7711	13571	783	51	288	9995886
7711	13507	792	51	288	9995896
7711	13437	795	51	288	9995906
7718	13367	802	52	288	9995916
7718	13294	812	52	288	9995926
7727	13223	823	52	288	9995936
7737	13155	828	52	289	9995946
7737	13090	842	52	289	9995956
7737	13028	847	52	289	9995966
7737	12971	855	52	289	9995976
7737	12916	858	53	290	9995986
7737	12870	861	53	290	9995996
7730	12833	861	53	290	9996006
7730	12807	863	54	290	9996016
7730	12792	864	54	290	9996026
7730	12785	838	54	290	9996046
7737	12785	315	55	291	9996076
43
9246	13675	117	48	294	9996488
9254	13685	181	48	294	9996498
9254	13692	259	49	293	9996508
9254	13698	337	49	292.5	9996528
9254	13707	383	49	292	9996548
9261	13707	406	49	292	9996578
9270	13707	433	49	292	9996588
9270	13689	444	49	292	9996598
9270	13664	462	49	292	9996608
9270	13626	469	49	292	9996618
9270	13578	472	49	292	9996628
9270	13516	488	49	292	9996638
9270	13448	502	49	292	9996648
9270	13377	524	49	292	9996658
9270	13303	544	49	292	9996668
9270	13236	565	50	293	9996678
9262	13173	589	50	293	9996688
9262	13118	596	50	293	9996698
9262	13069	604	51	293	9996708
9262	13028	612	51	293	9996718
9262	12991	615	51	293	9996728
9262	12958	615	51	294	9996738
9262	12933	619	52	293	9996748
9262	12912	622	52	293	9996758
9262	12901	625	53	292	9996778
9262	12890	626	53.3333	292.333	9996808
9262	12882	627	54	293	9996828
9262	12869	629	54	293	9996838
9262	12861	628	54	293	9996848
9262	12853	629	54	293	9996868
9262	12845	629	54	293	9996878
9255	12845	631	54	293	9996898
9255	12838	634	54	293	9996918
9255	12827	634	54	293	9996928
9255	12820	637	54	293	9996938
9255	12813	646	54	293	9996958
9255	12804	660	54	293	9996988
9255	12796	669	54	293	9996998
9249	12796	679	54	293	9997008
9249	12783	683	54	293	9997018
9249	12776	684	54	293	9997038
9249	12767	694	54	293	9997148
9249	12761	310	55	294	9997178
39
7534	12804	117	49	289	9998004
7507	12810	155	49	289	9998014
7493	12810	235	49	289	9998024
7482	12821	302	49	289	9998034
7474	12828	367	49	289	9998044
7474	12835	427	48	289	9998084
7484	12828	454	49	288	9998094
7497	12814	505	49	288	9998104
7517	12794	520	49	287	9998114
7546	12768	556	50	287	9998124
7586	12740	574	50	287	9998134
7636	12709	598	50	287	9998144
7701	12677	616	50	287	9998154
7782	12648	633	50	287	9998164
7870	12622	657	50	287	9998174
7965	12599	673	50	287	9998184
8066	12582	684	50	287	9998194
8166	12566	690	50	287	9998204
8269	12552	697	50	287	9998214
8374	12541	700	50	287	9998224
8476	12532	703	50	286	9998234
8576	12525	711	50	286	9998244
8674	12525	717	50	285	9998254
8771	12519	720	50	285	9998264
8865	12519	725	50	285	9998274
8957	12525	727	50	285	9998284
9043	12535	728	50	285	9998294
9121	12547	728	50	285	9998304
9192	12563	726	50	283	9998314
9256	12582	727	50	283	9998324
9312	12601	726	50	282	9998334
9361	12620	724	50	282	9998344
9405	12638	725	50	282	9998354
9441	12654	726	50	281	9998364
9469	12668	727	50	281	9998374
9488	12677	726	51	280	9998384
9497	12677	725	51	280	9998394
9497	12684	653	51	279.5	9998434
9486	12676	122	51	277	9998454
47
7590	12408	33	51	292	9998768
7564	12417	65	50	290	9998778
7556	12424	155	50	290	9998798
7547	12424	374	50	289.714	9998868
7547	12416	484	51	288	9998878
7560	12406	506	51	288	9998888
7575	12393	546	51	288	9998898
7600	12372	575	50	287	9998908
7634	12349	590	50	287	9998918
7679	12322	606	50	287	9998928
7732	12296	620	51	288	9998938
7791	12272	625	51	288	9998948
7853	12250	632	51	288	9998958
7915	12230	642	51	288	9998968
7977	12210	650	51	288	9998978
8040	12193	650	51	288	9998988
8102	12181	651	51	288	9998998
8162	12166	653	51	288	9999008
8223	12157	654	52	288	9999018
8285	12149	656	52	288	9999028
8350	12142	659	52	288	9999038
8412	12142	659	52	288	9999048
8470	12134	663	52	289	9999058
8522	12134	668	52	289	9999068
8568	12134	668	52	289	9999078
8611	12134	671	52	289	9999088
8652	12134	671	53	288	9999098
8691	12144	673	53	288	9999108
8731	12150	674	53	286	9999118
8776	12157	677	53	286	9999128
8827	12166	679	53	286	9999138
8881	12176	677	53	286	9999148
8936	12183	676	53	285	9999158
8989	12191	677	53	285	9999168
9036	12191	678	53	284	9999178
9076	12199	680	53	284	9999188
9112	12199	682	53	284	9999198
9143	12209	678	53	284	9999208
9173	12216	676	53	284	9999218
9202	12224	678	53	284	9999228
9232	12234	677	53	284	9999238
9257	12241	680	53	284	9999248
9277	12248	677	53	284	9999258
9292	12248	677	53	284	9999268
9300	12255	679	53	284	9999288
9307	12255	629	53	284	9999318
9300	12255	87	53	284	9999338
114
7599	12355	58	50	297	9999832
7599	12365	118	50	297	9999842
7591	12365	207	50	296	9999852
7591	12376	282	49	295	9999862
7585	12386	371	49	295	9999882
7585	12397	412	49	295	9999902
7585	12390	437	49	295	9999912
7585	12378	470	49	295	9999922
7585	12360	489	49	295	9999932
7597	12329	497	49	295	9999942
7605	12288	519	49	295	9999952
7613	12239	544	49	295	9999962
7621	12183	580	49	295	9999972
7631	12129	592	50	294	9999982
7640	12073	621	50	294	9999992
7649	12023	629	51	293	10000002
7662	11975	649	51	293	10000012
7671	11929	652	51	293	10000022
7681	11889	663	51	293	10000032
7695	11848	673	51	293	10000042
7695	11812	677	51	294	10000052
7710	11776	688	51	294	10000062
7718	11742	696	51	294	10000072
7725	11711	702	52	295	10000082
7740	11677	716	52	295	10000092
7751	11644	718	52	295	10000102
7765	11609	724	52	295	10000112
7776	11575	726	52	295	10000122
7789	11543	732	52	295	10000132
7801	11511	738	52	295	10000142
7814	11484	739	53	296	10000152
7830	11458	744	53	296	10000162
7847	11434	746	53	296	10000172
7867	11410	747	53	296	10000182
7889	11381	750	53	296	10000192
7909	11351	752	54	297	10000202
7930	11319	755	54	297	10000212
7952	11288	756	54	297	10000222
7973	11262	757	54	297	10000232
7994	11239	757	55	297	10000242
8011	11220	761	55	297	10000252
8027	11206	763	55	297	10000262
8044	11192	772	55	297	10000272
8061	11182	775	55	297	10000282
8080	11169	778	56	298	10000292
8100	11157	778	56	298	10000302
8122	11145	783	56	298	10000312
8148	11134	785	56	298	10000322
8176	11125	787	56	298	10000332
8206	11116	790	56	298	10000342
8237	11106	795	56	298	10000352
8267	11098	795	56	298	10000362
8299	11090	794	56	298	10000372
8333	11090	795	56	298	10000382
8367	11081	794	56	298	10000392
8402	11081	797	56	298	10000402
8436	11081	797	56	297	10000412
8468	11074	799	56	297	10000422
8502	11074	800	56	296	10000432
8532	11074	802	56	296	10000442
8560	11074	802	56	296	10000452
8588	11074	803	56	296	10000462
8615	11082	801	56	296	10000472
8643	11082	801	57	294	10000482
8673	11095	802	57	294	10000492
8702	11103	803	57	293	10000502
8731	11112	803	57	293	10000512
8760	11124	803	57	293	10000522
8786	11136	804	57	293	10000532
8810	11148	803	57	293	10000542
8836	11163	803	57	293	10000552
8861	11177	805	57	293	10000562
8886	11193	804	57	293	10000572
8912	11212	804	57	293	10000582
8935	11228	804	57	293	10000592
8958	11246	804	57	291	10000602
8978	11264	803	57	291	10000612
8997	11285	803	57	289	10000622
9014	11307	803	57	289	10000632
9028	11332	804	57	291	10000642
9040	11356	803	57	291	10000652
9052	11382	803	57	293	10000662
9063	11409	801	57	293	10000672
9075	11436	802	57	293	10000682
9087	11463	802	57	293	10000692
9098	11491	802	56	292	10000702
9110	11520	803	56	292	10000712
9120	11550	803	56	292	10000722
9133	11581	803	56	292	10000732
9145	11612	803	56	292	10000742
9157	11644	803	56	292	10000752
9168	11676	803	55	291	10000762
9180	11709	800	55	291	10000772
9190	11742	802	55	291	10000782
9199	11775	801	55	291	10000792
9210	11811	800	55	291	10000802
9223	11848	800	55	291	10000812
9235	11884	801	54	290	10000822
9248	11920	801	54	290	10000832
9261	11952	802	54	290	10000842
9270	11980	801	54	290	10000852
9279	12006	801	54	290	10000862
9288	12032	801	54	290	10000872
9296	12057	801	54	290	10000882
9296	12081	800	54	290	10000892
9307	12107	798	54	290	10000902
9307	12136	799	53	290	10000912
9319	12167	798	53	290	10000922
9319	12193	798	53	290	10000932
9329	12210	796	53	290	10000942
9329	12218	773	53	290.5	10000962
9329	12210	682	53	291	10000972
9318	12201	362	53	292	10000982
9318	12188	0	52.5	292	10001002
41
8542	11142	17	54	352	10002872
8550	11142	212	54	352	10002892
8550	11148	545	55.6667	353	10003012
8550	11142	675	56	353	10003052
8550	11135	703	56	353	10003062
8550	11127	709	56	353	10003072
8550	11117	715	56	353	10003082
8550	11098	718	56	353	10003092
8550	11069	723	56	353	10003102
8558	11029	728	56	353	10003112
8567	10975	728	56	353	10003122
8580	10906	732	56	354	10003132
8595	10829	733	56	354	10003142
8608	10748	738	56	354	10003152
8619	10669	746	57	354	10003162
8627	10601	753	57	355	10003172
8636	10535	756	58	355	10003182
8636	10472	763	58	355	10003192
8648	10409	768	58	357	10003202
8655	10344	773	58	357	10003212
8655	10280	776	58	358	10003222
8666	10222	778	58	0	10003232
8666	10168	775	58	0	10003242
8675	10123	779	58	2	10003252
8675	10087	780	58	2	10003262
8682	10059	786	58	3	10003272
8682	10035	785	58	5	10003282
8682	10015	786	58	6	10003292
8690	9996	786	58	6	10003302
8690	9977	783	58	8	10003312
8690	9963	784	58	8	10003322
8697	9953	783	58	10	10003332
8697	9944	786	58	11	10003352
8697	9938	787	57.5	12	10003372
8697	9921	787	57	13	10003382
8697	9902	785	57	13	10003392
8697	9876	788	57	13	10003402
8697	9847	786	57	13	10003412
8697	9824	772	57	13	10003422
8697	9809	736	57	13	10003432
8697	9803	321	57	13	10003462
32
5505	19406	9	45	293	10013909
5512	19421	13	45	292	10013919
5526	19430	17	45	292	10013929
5534	19439	24	45	291	10013939
5540	19448	40	45	291	10013949
5540	19455	61	45	291	10013959
5549	19455	78	45	291	10013969
5549	19466	103	45	291	10013989
5549	19476	178	45	291	10014009
5549	19484	267	45	291	10014029
5549	19491	333	45	291	10014059
5549	19501	377	45	291	10014079
5549	19510	409	45	291	10014099
5549	19516	428	45.5	291.5	10014119
5549	19526	436	46	292	10014129
5549	19533	445	46	292	10014139
5549	19540	460	46	292	10014149
5542	19546	475	46	292	10014169
5542	19556	486	46	292	10014179
5535	19556	490	46	292	10014239
5535	19545	485	46	292	10014249
5535	19530	488	46	292	10014259
5535	19511	485	46	292	10014269
5535	19486	485	46	292	10014279
5535	19459	488	46	292	10014289
5535	19432	486	46	292	10014299
5535	19404	481	45	291	10014309
5535	19376	477	46	292	10014319
5535	19348	470	46	292	10014329
5535	19321	444	46	292	10014339
5535	19295	415	46	292	10014349
5535	19270	140	46	292	10014369
20
7600	19465	6	47	293	10014901
7600	19491	48	47	293	10014911
7591	19503	85	47	293	10014921
7591	19515	112	47	293	10014931
7580	19526	155	47	293	10014941
7573	19533	183	47	293	10014951
7565	19541	200	47	293	10014961
7559	19548	257	47	293	10014971
7559	19555	290	47	293	10014981
7551	19563	306	47	293	10014991
7551	19572	333	47	293	10015001
7551	19583	361	47	293	10015011
7545	19591	398	46	292	10015021
7545	19599	426	46	292	10015041
7536	19607	438	46	292	10015081
7530	19607	427	46	292	10015091
7530	19596	428	46	292	10015101
7530	19577	424	46	292	10015111
7530	19548	414	46	292	10015121
7530	19512	175	46	292	10015141
86
5505	18472	59	45	288	10017529
5490	18472	147	44	289	10017539
5484	18472	202	44	289	10017549
5484	18481	328	44	289	10017609
5490	18481	397	44	289	10017619
5505	18481	429	44	289	10017629
5529	18481	468	44	289	10017639
5570	18481	489	44	289	10017649
5624	18481	524	44	289	10017659
5699	18481	550	44	289	10017669
5779	18481	556	44	289	10017679
5869	18490	569	44	289	10017689
5971	18490	575	44	289	10017699
6073	18502	574	45	288	10017709
6186	18508	579	45	288	10017719
6303	18508	588	45	287	10017729
6423	18515	590	45	287	10017739
6542	18515	608	45	287	10017749
6663	18515	615	45	287	10017759
6783	18515	617	44	286	10017769
6903	18515	621	44	286	10017779
7021	18507	622	44	286	10017789
7136	18507	624	44	286	10017799
7247	18507	626	44	286	10017809
7356	18499	630	44	285	10017819
7464	18499	638	44	285	10017829
7568	18492	641	44	284	10017839
7666	18492	640	44	284	10017849
7760	18484	638	44	284	10017859
7854	18476	647	44	284	10017869
7949	18476	648	44	284	10017879
8044	18466	653	44	284	10017889
8138	18466	657	44	284	10017899
8232	18466	656	44	284	10017909
8322	18466	657	44	284	10017919
8410	18466	659	44	283	10017929
8494	18466	660	44	283	10017939
8574	18466	660	44	282	10017949
8649	18466	663	44	282	10017959
8724	18466	664	44	281	10017969
8799	18466	666	44	281	10017979
8871	18474	671	45	280	10017989
8945	18474	671	45	280	10017999
9015	18474	672	45	280	10018009
9084	18474	673	45	280	10018019
9151	18480	673	45	280	10018029
9218	18480	672	45	280	10018039
9285	18480	672	45	280	10018049
9353	18480	672	45	280	10018059
9420	18480	673	45	279	10018069
9483	18480	676	45	279	10018079
9543	18480	680	45	278	10018089
9598	18480	682	45	278	10018099
9649	18480	681	45	278	10018109
9701	18487	683	45	278	10018119
9751	18487	682	45	278	10018129
9804	18487	684	45	278	10018139
9859	18487	687	45	277	10018149
9915	18487	686	45	277	10018159
9970	18487	686	45	276	10018169
10020	18493	686	45	276	10018179
10069	18493	685	45	276	10018189
10118	18493	686	45	276	10018199
10160	18501	686	45	276	10018209
10205	18501	686	45	276	10018219
10245	18501	686	45	276	10018229
10282	18507	687	45	276	10018239
10320	18507	686	45	276	10018249
10353	18507	683	45	276	10018259
10389	18507	685	45	276	10018269
10423	18507	685	45	276	10018279
10459	18507	687	45	276	10018289
10495	18507	687	45	276	10018299
10529	18507	687	45	275	10018309
10561	18507	686	45	275	10018319
10587	18507	687	45	274	10018329
10608	18514	688	44	274	10018339
10624	18514	688	44	274	10018349
10639	18514	690	45	273	10018359
10655	18514	690	45	273	10018369
10670	18521	689	45	272	10018379
10686	18521	689	45	272	10018389
10697	18521	690	45	272	10018399
10704	18521	687	45	272	10018409
10704	18528	642	45	271	10018449
10697	18528	120	45	272	10018469
60
7596	17561	60	49	289	10019197
7588	17561	102	49	289	10019207
7579	17561	207	49.6667	288.333	10019237
7579	17568	290	50	287	10019247
7572	17568	366	50	287	10019297
7585	17568	448	50	287	10019307
7606	17568	489	50	287	10019317
7640	17559	521	50	287	10019327
7698	17559	529	50	287	10019337
7769	17559	550	50	287	10019347
7856	17559	572	50	287	10019357
7954	17559	580	50	287	10019367
8055	17559	603	50	287	10019377
8166	17559	607	50	287	10019387
8282	17559	615	50	287	10019397
8400	17559	623	50	287	10019407
8517	17559	623	50	287	10019417
8634	17559	627	50	287	10019427
8749	17559	637	50	287	10019437
8865	17559	640	50	287	10019447
8980	17559	641	50	287	10019457
9089	17559	644	50	287	10019467
9191	17559	647	50	287	10019477
9286	17552	645	50	287	10019487
9377	17552	646	50	286	10019497
9464	17552	648	50	286	10019507
9545	17552	650	50	285	10019517
9622	17552	653	50	285	10019527
9696	17552	653	50	283	10019537
9768	17552	653	50	283	10019547
9840	17552	657	50	282	10019557
9910	17552	657	50	282	10019567
9979	17552	656	50	282	10019577
10046	17552	656	51	283	10019587
10109	17559	653	51	283	10019597
10169	17559	656	51	283	10019607
10226	17559	653	51	283	10019617
10277	17559	653	51	283	10019627
10329	17559	657	51	281	10019637
10376	17559	659	51	281	10019647
10419	17559	658	52	280	10019657
10457	17565	658	52	280	10019667
10491	17565	660	52	280	10019677
10521	17565	664	52	280	10019687
10550	17565	665	52	280	10019697
10579	17572	668	52	280	10019707
10608	17572	667	52	280	10019717
10639	17572	667	52	279	10019727
10669	17572	667	52	279	10019737
10700	17579	668	52	278	10019747
10730	17579	675	52	278	10019757
10759	17579	676	52	278	10019767
10786	17579	680	51	277	10019777
10808	17579	679	51	276	10019787
10828	17586	681	51	276	10019797
10845	17586	683	51	276	10019807
10860	17586	686	51	276	10019817
10875	17586	683	51	276	10019827
10884	17586	670	51	277	10019847
10890	17586	340	51.6667	277.667	10019877
85
10914	17673	19	50	0	10020549
10929	17689	249	50	0	10020599
10929	17678	465	50	0	10020609
10922	17667	500	50	0	10020619
10922	17648	537	50	0	10020629
10922	17621	568	50	0	10020639
10922	17578	590	50	0	10020649
10922	17518	602	50	0	10020659
10922	17443	599	50	0	10020669
10922	17353	619	50	0	10020679
10922	17250	620	50	1	10020689
10930	17141	633	50	1	10020699
10936	17030	640	50	1	10020709
10944	16919	645	51	2	10020719
10952	16810	656	51	2	10020729
10961	16694	658	52	3	10020739
10969	16578	662	52	4	10020749
10979	16458	663	52	4	10020759
10988	16333	666	52	4	10020769
10998	16210	668	52	5	10020779
11010	16089	670	52	6	10020789
11022	15969	672	52	6	10020799
11035	15855	676	52	8	10020809
11049	15746	675	52	9	10020819
11063	15635	677	52	9	10020829
11076	15525	681	52	10	10020839
11091	15416	679	52	10	10020849
11104	15302	679	52	10	10020859
11119	15190	683	51	11	10020869
11134	15075	686	51	11	10020879
11148	14959	688	51	11	10020889
11163	14844	691	51	13	10020899
11176	14728	695	51	13	10020909
11188	14611	701	51	13	10020919
11198	14497	708	51	14	10020929
11205	14383	708	51	14	10020939
11213	14271	717	51	14	10020949
11213	14161	725	51	14	10020959
11225	14052	728	51	14	10020969
11225	13943	733	51	14	10020979
11235	13835	736	51	14	10020989
11235	13723	739	51	14	10020999
11235	13612	746	51	14	10021009
11235	13500	745	51	14	10021019
11235	13389	749	51	14	10021029
11235	13277	749	51	15	10021039
11235	13168	752	51	15	10021049
11235	13062	753	51	15	10021059
11228	12958	758	51	15	10021069
11228	12861	764	51	15	10021079
11221	12762	769	51	15	10021089
11221	12660	770	52	16	10021099
11221	12564	773	52	16	10021109
11212	12467	774	53	16	10021119
11212	12372	775	53	16	10021129
11205	12277	778	53	16	10021139
11205	12180	778	53	18	10021149
11205	12084	784	53	18	10021159
11199	11992	783	53	18	10021169
11199	11899	783	52	19	10021179
11191	11808	786	52	19	10021189
11191	11717	786	52	19	10021199
11182	11626	786	52	19	10021209
11175	11537	787	52	19	10021219
11175	11451	787	52	19	10021229
11165	11365	789	52	19	10021239
11165	11278	789	52	19	10021249
11157	11196	792	52	19	10021259
11157	11117	791	52	19	10021269
11147	11043	792	52	19	10021279
11147	10972	793	52	19	10021289
11140	10899	795	52	19	10021299
11140	10823	794	52	19	10021309
11132	10744	794	52	19	10021319
11132	10664	797	52	19	10021329
11120	10586	797	52	19	10021339
11114	10509	796	52	19	10021349
11105	10438	800	52	19	10021359
11096	10368	796	52	19	10021369
11089	10299	797	52	19	10021379
11082	10237	798	52	19	10021389
11082	10182	795	52	20	10021399
11074	10138	776	52	20	10021409
11074	10112	688	52	20	10021419
11074	10103	217	52	20	10021439
33
10575	18517	1	46	287	10022153
10552	18517	65	46	287	10022163
10540	18523	120	46	287	10022173
10527	18523	170	46	287	10022183
10515	18523	241	46	287	10022193
10509	18523	269	46	287	10022203
10509	18532	284	46	287	10022243
10519	18532	314	46	287	10022253
10531	18532	335	46	287	10022263
10554	18532	370	46	287	10022273
10588	18522	436	46	287	10022283
10634	18522	473	46	287	10022293
10691	18522	493	46	287	10022303
10757	18522	521	46	287	10022313
10829	18522	539	46	287	10022323
10904	18522	562	46	287	10022333
10980	18530	567	46	287	10022343
11054	18530	575	46	287	10022353
11129	18530	575	46	287	10022363
11207	18536	589	46	287	10022373
11289	18536	595	46	287	10022383
11374	18536	610	46	287	10022393
11459	18536	614	46	287	10022403
11541	18536	629	46	287	10022413
11620	18536	654	46	287	10022423
11694	18536	656	46	287	10022433
11762	18546	663	46	287	10022443
11823	18546	672	46	287	10022453
11875	18546	671	46	287	10022463
11916	18552	670	46	287	10022473
11948	18552	673	46	287	10022483
11970	18552	674	46	287	10022493
11982	18552	543	46	285.571	10022563
120
12239	18693	59	49	342	10023721
12229	18701	178	48.5	341.5	10023741
12229	18711	311	48	341	10023751
12222	18711	443	48	341	10023781
12222	18698	517	48	341	10023791
12222	18678	539	48	341	10023801
12222	18647	556	48	341	10023811
12222	18607	560	48	341	10023821
12222	18552	580	48	341	10023831
12232	18479	601	48	341	10023841
12240	18391	616	48	340	10023851
12250	18281	633	48	340	10023861
12259	18157	663	48	341	10023871
12270	18029	679	48	341	10023881
12278	17896	692	48	341	10023891
12278	17763	713	49	342	10023901
12287	17631	721	50	342	10023911
12287	17492	731	50	343	10023921
12287	17350	740	51	342	10023931
12287	17212	740	51	344	10023941
12280	17074	743	51	345	10023951
12280	16940	745	51	346	10023961
12270	16805	747	51	347	10023971
12270	16668	749	51	349	10023981
12259	16534	748	52	350	10023991
12251	16404	749	52	351	10024001
12241	16280	749	52	352	10024011
12232	16167	749	52	354	10024021
12225	16062	753	52	354	10024031
12225	15961	748	52	355	10024041
12219	15866	752	52	356	10024051
12219	15766	754	52	357	10024061
12219	15664	752	52	357	10024071
12219	15559	754	51	359	10024081
12219	15453	753	51	0	10024091
12219	15346	751	50	0	10024101
12219	15241	749	50	0	10024111
12219	15141	753	50	0	10024121
12219	15042	754	50	1	10024131
12219	14952	755	51	1	10024141
12219	14862	755	51	2	10024151
12219	14772	756	52	3	10024161
12228	14678	758	52	3	10024171
12228	14581	760	52	4	10024181
12228	14486	761	52	4	10024191
12228	14391	760	52	4	10024201
12228	14297	762	52	4	10024211
12222	14203	762	52	4	10024221
12222	14111	763	52	5	10024231
12215	14018	766	52	5	10024241
12215	13929	769	52	5	10024251
12215	13841	768	52	6	10024261
12207	13751	770	52	6	10024271
12207	13664	770	52	6	10024281
12198	13576	773	52	6	10024291
12198	13489	773	52	6	10024301
12191	13406	772	52	6	10024311
12191	13324	775	52	6	10024321
12191	13246	777	52	6	10024331
12182	13170	777	52	6	10024341
12182	13096	780	52	8	10024351
12182	13022	786	52	8	10024361
12182	12954	791	52	8	10024371
12176	12883	793	52	9	10024381
12176	12811	794	52	9	10024391
12176	12740	796	52	9	10024401
12176	12666	799	52	9	10024411
12176	12593	800	52	9	10024421
12176	12526	800	52	9	10024431
12176	12460	802	52	9	10024441
12176	12393	800	52	10	10024451
12169	12327	800	53	11	10024461
12169	12262	803	53	11	10024471
12169	12196	807	53	11	10024481
12169	12132	807	53	12	10024491
12169	12068	807	53	12	10024501
12169	11999	808	53	12	10024511
12162	11932	812	53	12	10024521
12162	11867	810	53	12	10024531
12162	11800	814	53	14	10024541
12154	11734	817	53	14	10024551
12154	11668	818	53	14	10024561
12154	11599	817	53	14	10024571
12145	11534	818	53	14	10024581
12145	11469	818	53	14	10024591
12137	11403	818	53	14	10024601
12137	11339	816	53	15	10024611
12129	11275	817	53	15	10024621
12129	11212	818	53	15	10024631
12122	11151	820	53	15	10024641
12122	11089	823	53	16	10024651
12122	11029	822	53	16	10024661
12114	10966	822	53	16	10024671
12114	10901	822	53	16	10024681
12106	10834	824	53	16	10024691
12106	10765	825	53	16	10024701
12099	10696	822	53	16	10024711
12099	10629	822	53	16	10024721
12090	10562	823	53	16	10024731
12090	10498	822	53	16	10024741
12090	10432	822	53	16	10024751
12090	10363	822	53	16	10024761
12090	10295	821	53	16	10024771
12076	10225	823	53	16	10024781
12076	10158	824	53	16	10024791
12076	10093	823	53	18	10024801
12076	10032	824	53	18	10024811
12076	9972	824	53	18	10024821
12076	9913	822	53	18	10024831
12076	9855	824	53	18	10024841
12070	9799	823	53	18	10024851
12070	9748	823	53	18	10024861
12070	9696	823	53	18	10024871
12070	9652	824	52	19	10024881
12063	9614	818	52	19	10024891
12063	9585	817	52	19	10024901
12063	9569	788	52	19	10024911
12063	9562	705	52	19	10024921
12063	9568	517	52	19	10024931
12051	9594	25	52.5	18.5	10024951
92
7690	9885	344	46	298	10027353
7690	9898	389	46	298	10027363
7675	9898	473	47	299	10027373
7664	9898	569	48.3333	297.667	10027403
7664	9890	597	49	296	10027423
7664	9878	612	49	295	10027433
7674	9867	621	49	295	10027443
7685	9850	650	49	295	10027453
7701	9829	662	50	294	10027463
7722	9807	680	50	294	10027473
7751	9780	696	50	293	10027483
7782	9754	711	50	293	10027493
7819	9725	724	50	293	10027503
7860	9696	731	50	293	10027513
7901	9667	734	50	293	10027523
7944	9639	739	50	293	10027533
7986	9610	759	50	293	10027543
8028	9579	768	50	293	10027553
8070	9550	775	50	293	10027563
8114	9521	779	50	293	10027573
8159	9493	783	50	293	10027583
8206	9470	785	50	294	10027593
8258	9446	786	50	294	10027603
8311	9421	792	49	295	10027613
8367	9397	796	49	295	10027623
8424	9373	802	50	294	10027633
8479	9347	808	50	295	10027643
8535	9326	810	51	293	10027653
8595	9302	815	51	293	10027663
8655	9281	818	51	294	10027673
8723	9263	822	51	294	10027683
8797	9244	824	51	294	10027693
8874	9230	827	52	295	10027703
8953	9215	827	52	295	10027713
9029	9198	830	52	295	10027723
9103	9182	834	53	294	10027733
9175	9165	839	53	294	10027743
9253	9150	839	54	293	10027753
9333	9137	843	54	293	10027763
9415	9125	849	54	293	10027773
9499	9117	851	54	293	10027783
9583	9108	855	54	292	10027793
9665	9100	857	54	292	10027803
9751	9091	862	54	290	10027813
9840	9082	866	54	290	10027823
9927	9073	868	54	290	10027833
10016	9065	873	54	290	10027843
10103	9058	877	54	290	10027853
10188	9051	881	54	290	10027863
10277	9051	884	54	290	10027873
10363	9041	889	55	289	10027883
10448	9041	898	55	289	10027893
10530	9041	898	55	287	10027903
10605	9034	903	55	287	10027913
10681	9034	905	55	287	10027923
10759	9034	905	55	287	10027933
10839	9034	906	54	287	10027943
10921	9042	907	54	287	10027953
11004	9042	907	54	286	10027963
11085	9052	908	54	286	10027973
11165	9052	907	54	284	10027983
11244	9065	907	54	284	10027993
11323	9073	907	54	284	10028003
11399	9085	911	54	284	10028013
11473	9096	912	54	283	10028023
11545	9112	913	54	283	10028033
11615	9129	913	54	281	10028043
11685	9147	912	54	281	10028053
11758	9165	914	54	281	10028063
11828	9185	912	54	281	10028073
11898	9204	912	54	281	10028083
11969	9223	912	54	281	10028093
12038	9242	911	54	281	10028103
12109	9262	911	55	280	10028113
12180	9283	910	55	280	10028123
12253	9308	905	55	279	10028133
12324	9334	907	55	279	10028143
12394	9362	908	55	279	10028153
12465	9394	908	55	279	10028163
12536	9426	910	55	277	10028173
12605	9459	913	55	277	10028183
12673	9492	913	54	275	10028193
12739	9526	910	54	275	10028203
12807	9563	907	54	275	10028213
12875	9601	911	53	275	10028223
12942	9640	907	53	275	10028233
13003	9678	905	53	275	10028243
13055	9712	901	52	275	10028253
13098	9740	888	52	275	10028263
13127	9763	853	52	275	10028273
13144	9777	769	51	275	10028283
13151	9785	229	51	275	10028303
27
11065	10186	55	53	348	10028929
11065	10199	86	53	348	10028939
11065	10206	131	53	348	10028949
11065	10213	166	53	348	10028969
11065	10221	270	53	346.333	10029029
11065	10213	391	53	346	10029039
11065	10205	428	53	348	10029049
11065	10190	455	53	348	10029059
11065	10166	477	53	348	10029069
11071	10131	494	53	348	10029079
11071	10084	502	53	348	10029089
11081	10027	513	53	348	10029099
11081	9962	515	53	348	10029109
11090	9890	530	53	348	10029119
11090	9817	545	53	349	10029129
11100	9748	567	53	349	10029139
11100	9679	580	53	349	10029149
11108	9613	587	53	349	10029159
11108	9555	591	53	349	10029169
11108	9500	590	54	350	10029179
11115	9455	593	54	350	10029189
11115	9418	595	54	350	10029199
11115	9390	602	54	350	10029209
11124	9372	606	54	352	10029219
11124	9360	606	54	352	10029239
11124	9354	577	55.3333	351	10029269
11130	9363	149	56	352	10029289
162
7794	9793	8	45	308	10029841
7762	9769	96	45	308	10029851
7753	9769	275	46	306	10029891
7753	9763	398	46	306	10029911
7753	9744	481	46	306	10029921
7753	9721	491	46	305	10029931
7762	9686	505	46	305	10029941
7775	9632	554	47	304	10029951
7792	9562	580	47	304	10029961
7815	9475	596	47	304	10029971
7844	9376	616	47	304	10029981
7873	9278	650	47	304	10029991
7905	9178	672	47	305	10030001
7937	9082	686	47	305	10030011
7965	8992	708	47	305	10030021
7992	8898	718	48	306	10030031
8019	8813	732	48	306	10030041
8046	8728	741	49	307	10030051
8077	8645	747	49	307	10030061
8111	8566	755	49	307	10030071
8145	8488	760	49	308	10030081
8179	8413	765	49	308	10030091
8214	8339	772	50	309	10030101
8245	8275	779	51	310	10030111
8275	8213	785	51	310	10030121
8304	8153	789	51	312	10030131
8332	8090	792	51	312	10030141
8362	8024	797	52	311	10030151
8394	7958	798	52	311	10030161
8426	7893	800	53	310	10030171
8460	7833	809	53	310	10030181
8493	7770	810	54	311	10030191
8527	7709	814	54	311	10030201
8565	7650	817	54	311	10030211
8601	7588	819	54	311	10030221
8638	7529	823	54	310	10030231
8676	7471	820	54	310	10030241
8715	7412	823	55	310	10030251
8756	7362	824	55	310	10030261
8797	7311	827	55	310	10030271
8838	7264	827	55	310	10030281
8877	7220	828	55	310	10030291
8916	7177	829	55	310	10030301
8955	7136	830	55	310	10030311
8993	7095	832	55	310	10030321
9031	7055	831	56	311	10030331
9068	7006	833	56	311	10030341
9103	6960	831	56	311	10030351
9139	6913	833	56	311	10030361
9175	6868	832	56	311	10030371
9212	6832	833	56	311	10030381
9252	6799	833	56	311	10030391
9293	6771	835	56	311	10030401
9336	6744	834	56	311	10030411
9380	6715	836	56	311	10030421
9425	6683	837	56	311	10030431
9470	6652	842	56	311	10030441
9517	6620	840	56	311	10030451
9564	6592	842	56	311	10030461
9613	6568	843	56	311	10030471
9660	6542	846	56	311	10030481
9706	6517	848	56	311	10030491
9752	6490	847	56	311	10030501
9798	6465	848	56	311	10030511
9845	6440	851	56	311	10030521
9891	6419	852	55	310	10030531
9938	6403	856	55	310	10030541
9983	6389	863	55	310	10030551
10027	6380	864	55	310	10030561
10070	6380	868	56	311	10030571
10115	6371	870	56	311	10030581
10159	6371	872	56	311	10030591
10202	6371	872	56	311	10030601
10246	6371	874	56	311	10030611
10289	6377	876	56	311	10030621
10331	6387	881	56	311	10030631
10374	6401	882	56	311	10030641
10416	6417	882	56	310	10030651
10457	6436	886	56	310	10030661
10499	6457	890	57	308	10030671
10537	6476	891	57	308	10030681
10576	6495	892	57	308	10030691
10617	6515	895	57	308	10030701
10656	6535	896	57	308	10030711
10696	6555	896	57	308	10030721
10738	6576	897	57	308	10030731
10779	6598	897	56	307	10030741
10819	6621	899	56	307	10030751
10859	6645	899	56	307	10030761
10896	6671	901	56	307	10030771
10928	6695	903	56	307	10030781
10959	6718	904	56	307	10030791
10987	6743	904	56	306	10030801
11015	6768	905	56	306	10030811
11044	6796	907	56	306	10030821
11074	6824	908	56	306	10030831
11105	6853	910	56	306	10030841
11136	6883	906	56	306	10030851
11167	6912	906	56	306	10030861
11198	6940	908	56	306	10030871
11228	6969	907	56	306	10030881
11259	6997	906	56	306	10030891
11291	7030	908	56	305	10030901
11325	7063	907	56	305	10030911
11359	7097	910	56	303	10030921
11395	7135	911	56	303	10030931
11431	7170	910	56	303	10030941
11471	7208	909	56	303	10030951
11509	7245	911	56	303	10030961
11548	7282	910	56	303	10030971
11586	7323	912	56	302	10030981
11622	7368	909	56	302	10030991
11662	7419	911	56	301	10031001
11706	7478	911	56	301	10031011
11754	7539	910	56	299	10031021
11804	7599	912	56	299	10031031
11850	7655	913	56	298	10031041
11893	7706	912	56	298	10031051
11930	7753	912	56	298	10031061
11965	7799	912	56	298	10031071
12000	7846	913	56	298	10031081
12037	7898	912	55	297	10031091
12076	7951	911	55	297	10031101
12117	8004	913	55	297	10031111
12155	8054	912	55	297	10031121
12191	8100	914	54	297	10031131
12221	8141	914	54	297	10031141
12249	8181	913	54	297	10031151
12277	8221	912	54	297	10031161
12303	8260	910	54	297	10031171
12332	8301	913	54	297	10031181
12360	8339	913	54	297	10031191
12386	8381	914	53	296	10031201
12410	8422	916	53	296	10031211
12432	8462	919	53	296	10031221
12453	8503	919	53	296	10031231
12474	8543	920	53	296	10031241
12495	8582	924	53	294	10031251
12520	8625	923	53	294	10031261
12548	8669	921	53	292	10031271
12582	8715	923	53	292	10031281
12619	8762	925	53	292	10031291
12657	8809	924	53	292	10031301
12694	8861	925	52	292	10031311
12730	8912	925	52	292	10031321
12764	8964	925	52	292	10031331
12795	9013	926	52	292	10031341
12823	9058	929	52	292	10031351
12847	9101	928	52	292	10031361
12871	9145	929	52	292	10031371
12897	9192	929	52	292	10031381
12924	9242	926	52	292	10031391
12953	9298	925	52	293	10031401
12983	9360	923	51	292	10031411
13011	9418	926	51	293	10031421
13035	9477	923	51	293	10031431
13058	9527	924	51	293	10031441
13077	9568	921	51	293	10031451
13094	9602	922	51	293	10031461
13106	9624	922	50	293	10031471
13113	9636	914	50	293	10031481
13113	9643	417	49.4	292.6	10031531
30
10030	6152	173	49	309	10031945
10050	6174	210	49	309	10031955
10050	6190	265	48	311	10031965
10062	6216	286	48	311	10031975
10062	6234	314	49	309	10031985
10071	6251	318	50	310	10031995
10079	6264	328	50	309	10032005
10086	6274	349	50	309	10032015
10086	6281	388	50	309	10032025
10097	6281	440	50	309	10032035
10097	6287	601	50	309	10032095
10091	6287	666	50	309	10032105
10091	6278	677	50	309	10032115
10091	6263	683	50	309	10032125
10091	6238	715	50	309	10032135
10091	6197	741	50	309	10032145
10091	6134	771	49	308	10032155
10091	6048	801	50	309	10032165
10091	5933	817	50	309	10032175
10091	5800	824	50	309	10032185
10091	5644	827	50	309	10032195
10091	5480	836	50	308	10032205
10101	5322	839	51	309	10032215
10101	5169	843	52	308	10032225
10111	5037	847	52	308	10032235
10111	4915	847	52	309	10032245
10111	4800	838	52	309	10032255
10111	4690	807	52	309	10032265
10111	4583	696	53	310	10032275
10111	4490	200	53.5	310.5	10032295
36
10215	4095	506	74	318	10051274
10145	4136	527	74	318	10051284
10109	4156	574	74	318	10051294
10079	4171	663	67	320	10051304
10054	4182	700	61	324	10051314
10035	4189	727	55	325	10051324
10028	4189	785	49	326	10051334
10028	4169	810	50	326	10051344
10053	4131	839	51	325	10051354
10092	4066	864	52	326	10051364
10134	3988	880	53	326	10051374
10174	3899	883	54	325	10051384
10212	3815	884	55	325	10051394
10242	3745	877	57	324	10051404
10261	3694	845	57	323	10051414
10275	3671	772	59	323	10051424
10285	3671	664	60	324	10051434
10301	3698	542	61	322	10051444
10323	3749	458	62	323	10051454
10352	3820	423	62	324	10051464
10383	3899	447	63	323	10051474
10409	3975	505	63	323	10051484
10429	4038	579	63	323	10051494
10443	4085	663	63	323	10051504
10451	4113	727	63	321	10051514
10451	4125	794	63	321	10051534
10451	4099	857	63	321	10051544
10440	4054	882	63	321	10051554
10416	3976	897	63	321	10051564
10375	3867	901	63	321	10051574
10322	3735	898	62	323	10051584
10267	3598	893	62	324	10051594
10220	3475	880	62	326	10051604
10183	3368	840	62	326	10051614
10161	3287	756	62	327	10051624
10149	3231	275	63	329	10051644
