61
40
3832	19628	112	50.5	302.5	10092917
3823	19628	501	51.5	301.857	10093057
3815	19618	596	52	301	10093067
3815	19604	604	52	301	10093077
3806	19582	605	52	301	10093087
3798	19549	608	52	301	10093097
3786	19507	616	52	301	10093107
3771	19459	615	52	301	10093117
3755	19410	627	52	301	10093127
3743	19367	633	52	301	10093137
3734	19331	640	52	301	10093147
3734	19301	641	53	302	10093157
3734	19284	641	53	302	10093167
3727	19270	643	53	302	10093177
3727	19262	648	53	302	10093217
3727	19281	649	53	302	10093227
3740	19309	642	53	302	10093237
3750	19350	632	53	302	10093247
3765	19400	636	53	302	10093257
3782	19453	630	53	302	10093267
3798	19504	631	53	302	10093277
3810	19546	630	53	302	10093287
3820	19581	629	53	302	10093297
3820	19605	630	53	302	10093307
3820	19620	631	53	302	10093317
3820	19630	629	53	302	10093347
3826	19630	628	53	302	10093357
3826	19616	627	53	302	10093367
3833	19594	633	52	301	10093377
3842	19563	634	52	301	10093387
3854	19524	637	52	301	10093397
3867	19479	642	52	301	10093407
3882	19432	646	52	301	10093417
3897	19384	650	52	301	10093427
3912	19344	651	52	301	10093437
3927	19308	649	52	301	10093447
3939	19281	652	52	301	10093457
3947	19264	654	53	302	10093467
3954	19252	612	53	301.75	10093507
3954	19267	103	53	301	10093527
7
3835	19395	414	52	303	10093631
3795	19374	498	52	303	10093641
3783	19374	581	52	304	10093651
3777	19374	600	52	303.333	10093681
3799	19374	599	53	302	10093691
3827	19374	554	53	302	10093701
3873	19381	216	53	302	10093721
5
5888	19639	72	50	299	10096371
5869	19651	81	51	298	10096381
5859	19651	108	51	298	10096391
5859	19659	104	51	297	10096401
5850	19659	38	51	297	10096421
74
5786	19645	40	52	297	10097483
5786	19653	215	52	297	10097503
5778	19663	388	52	297	10097523
5772	19671	481	52	297	10097563
5772	19658	502	52	297	10097573
5772	19639	521	52	297	10097583
5772	19607	536	52	297	10097593
5772	19562	557	52	297	10097603
5772	19509	583	53	298	10097613
5772	19452	592	53	298	10097623
5772	19400	602	53	298	10097633
5780	19356	611	53	298	10097643
5780	19320	620	53	298	10097653
5790	19294	622	53	298	10097663
5790	19279	622	53	298	10097673
5796	19271	627	53	298	10097713
5796	19282	617	53	298	10097723
5796	19298	593	53	298	10097733
5787	19319	572	53	298	10097743
5787	19346	554	53	298	10097753
5779	19376	548	53	298	10097763
5779	19407	538	53	298	10097773
5779	19442	533	53	298	10097783
5772	19478	518	53	298	10097793
5772	19513	508	53	298	10097803
5772	19548	504	53	298	10097813
5772	19578	502	53	298	10097823
5772	19601	504	53	298	10097833
5765	19621	506	53	298	10097843
5765	19635	509	53	298	10097853
5765	19646	513	53	298	10097863
5765	19655	515	52.5	297.5	10097883
5772	19661	519	52	297	10097893
5779	19661	519	52	297	10097903
5790	19661	519	52	297	10097913
5807	19661	519	52	297	10097923
5826	19653	519	52	297	10097933
5845	19646	520	52	297	10097943
5863	19634	519	52	297	10097953
5875	19621	521	52	297	10097963
5883	19605	525	52	297	10097973
5883	19586	527	52	297	10097983
5883	19564	543	52	297	10097993
5868	19539	546	52	297	10098003
5848	19513	545	52	297	10098013
5821	19488	552	52	297	10098023
5794	19467	564	52	297	10098033
5772	19451	570	52	297	10098043
5758	19441	572	52	297	10098053
5750	19441	576	52	297	10098063
5750	19434	588	52	297	10098083
5757	19434	603	52	297	10098093
5766	19434	615	52	297	10098103
5783	19440	629	52	297	10098113
5808	19440	633	52	297	10098123
5840	19440	631	52	297	10098133
5879	19440	633	52	297	10098143
5917	19440	632	52	297	10098153
5950	19430	634	52	297	10098163
5979	19420	629	52	297	10098173
6000	19406	629	52	297	10098183
6013	19390	628	52	297	10098193
6020	19374	629	52	297	10098203
6020	19358	630	52	297	10098213
6020	19340	634	52	297	10098223
6013	19322	643	52	297	10098233
6000	19304	651	52	297	10098243
5980	19286	653	52	297	10098253
5955	19274	653	52	297	10098263
5925	19267	654	53	298	10098273
5897	19267	657	53	298	10098283
5873	19267	652	53	298	10098293
5854	19276	643	53	298	10098303
5845	19284	337	53	298	10098333
36
7895	19645	158	49	298	10099040
7888	19645	228	49	298	10099050
7888	19654	353	49	298	10099060
7880	19661	416	49	298	10099070
7880	19667	478	49	298	10099100
7880	19661	496	49	298	10099110
7880	19646	510	49	298	10099120
7880	19626	521	49	298	10099130
7890	19605	537	50	299	10099140
7890	19588	548	50	299	10099150
7901	19575	552	50	299	10099160
7901	19566	565	50	299	10099170
7907	19566	611	50	299	10099210
7907	19583	630	50	299	10099220
7900	19600	630	50	299	10099230
7892	19625	633	50	299	10099240
7884	19652	636	50	299	10099250
7873	19676	641	50	299	10099260
7860	19698	641	50	299	10099269
7845	19711	646	50	299	10099279
7826	19711	646	50	299	10099289
7805	19711	646	50	299	10099299
7782	19690	646	50	299	10099309
7758	19661	649	50	299	10099319
7739	19626	652	50	299	10099329
7722	19584	656	50	299	10099339
7710	19540	660	50	299	10099349
7702	19493	665	50	299	10099359
7702	19446	674	50	299	10099369
7702	19403	675	50	299	10099379
7710	19361	684	50	299	10099389
7726	19327	683	50	299	10099399
7751	19301	687	50	299	10099409
7783	19284	687	50	299	10099419
7821	19277	661	50	299	10099429
7866	19277	278	50	299	10099449
12
3956	19163	113	52	350	10100528
3956	19189	168	52	350	10100538
3945	19197	229	52	350	10100548
3939	19197	269	52	350	10100558
3939	19206	278	52	350	10100568
3930	19206	280	52.5	349.5	10100588
3930	19212	300	53	349	10100608
3930	19220	395	53	349	10100638
3930	19227	502	53	348.091	10100748
3923	19227	528	53	348	10100778
3923	19221	536	53	348	10100888
3923	19213	443	53	348	10101008
8
3893	19056	66	48	356	10102860
3893	19064	115	48	356	10102870
3893	19071	216	48	354	10102890
3885	19071	523	49.8235	354	10103230
3885	19063	577	50	354.5	10103250
3878	19055	578	50	355	10103270
3878	19043	576	50	355	10103290
3871	19036	516	50	355	10103500
85
3912	19085	82	49	358	10104820
3912	19114	366	50.1111	355	10104910
3912	19100	520	52	352	10104920
3912	19087	544	52	352	10104930
3912	19065	552	52	352	10104940
3912	19032	568	52	352	10104950
3912	18985	576	52	352	10104960
3912	18923	587	52	354	10104970
3912	18850	600	52	354	10104980
3919	18765	604	52	354	10104990
3919	18674	606	52	355	10105000
3931	18580	613	52	355	10105010
3931	18484	617	52	356	10105020
3943	18389	628	52	357	10105030
3943	18295	628	52	359	10105040
3951	18196	632	52	359	10105050
3951	18098	643	52	0	10105060
3960	17997	644	52	1	10105070
3960	17894	645	52	3	10105080
3960	17790	650	52	4	10105090
3969	17685	652	52	5	10105100
3969	17581	649	52	5	10105110
3975	17483	654	52	6	10105120
3975	17392	653	52	8	10105130
3975	17306	658	52	9	10105140
3983	17227	658	52	10	10105150
3983	17148	659	51	11	10105160
3983	17069	662	51	11	10105170
3983	16991	665	51	13	10105180
3983	16914	672	51	14	10105190
3983	16840	672	51	15	10105200
3983	16764	675	51	16	10105210
3983	16683	676	51	16	10105220
3976	16599	679	51	18	10105230
3976	16509	679	51	18	10105240
3976	16420	679	50	19	10105250
3976	16331	678	50	19	10105260
3976	16241	679	50	20	10105270
3976	16151	682	50	20	10105280
3976	16058	682	50	21	10105290
3976	15964	687	50	21	10105300
3976	15869	687	50	21	10105310
3970	15772	686	51	23	10105320
3970	15672	693	51	23	10105330
3959	15567	696	51	24	10105340
3952	15462	701	51	24	10105350
3945	15354	700	51	24	10105360
3938	15242	700	51	24	10105370
3928	15128	703	51	25	10105380
3918	15010	708	51	25	10105390
3908	14891	707	51	25	10105400
3897	14770	705	51	25	10105410
3887	14648	712	51	27	10105420
3879	14527	714	51	27	10105430
3872	14408	715	51	27	10105440
3872	14288	712	51	27	10105450
3864	14166	720	52	27	10105460
3864	14045	721	52	27	10105470
3864	13919	722	53	28	10105480
3857	13794	726	53	28	10105490
3857	13666	727	53	28	10105500
3849	13536	724	53	28	10105510
3849	13404	726	53	28	10105520
3837	13270	725	53	28	10105530
3828	13139	728	53	28	10105540
3820	13008	729	53	28	10105550
3811	12880	731	52	30	10105560
3803	12752	734	52	30	10105570
3795	12625	734	52	30	10105580
3787	12499	731	52	30	10105590
3780	12372	732	53	31	10105600
3773	12245	734	53	31	10105610
3766	12118	732	54	32	10105620
3760	11992	734	53	33	10105630
3753	11866	736	53	33	10105640
3745	11742	733	53	33	10105650
3736	11619	733	53	33	10105660
3727	11497	727	53	33	10105670
3718	11376	730	53	33	10105680
3709	11262	728	53	34	10105690
3701	11153	716	53	34	10105700
3694	11052	694	53	34	10105710
3694	10961	648	53	34	10105720
3686	10874	577	53	34	10105730
3686	10794	227	53	34	10105750
84
5850	19058	6	51	358	10107648
5850	19081	175	51	358	10107658
5859	19081	247	52	356	10107668
5859	19089	375	52	355	10107698
5859	19078	448	52	354	10107708
5859	19060	468	52	354	10107718
5866	19030	502	53	353	10107728
5866	18985	516	53	353	10107738
5879	18923	537	54	355	10107748
5888	18846	551	54	355	10107758
5897	18752	561	54	355	10107768
5907	18641	571	54	356	10107778
5914	18518	573	54	356	10107788
5914	18385	581	54	356	10107798
5921	18243	586	54	357	10107808
5921	18100	594	54	359	10107818
5921	17958	596	54	0	10107828
5914	17821	602	54	0	10107838
5914	17687	612	54	1	10107848
5903	17557	626	54	3	10107858
5896	17429	625	54	4	10107868
5888	17303	636	54	5	10107878
5877	17182	638	54	7	10107888
5867	17063	640	54	7	10107898
5857	16948	644	54	8	10107908
5848	16839	647	54	10	10107918
5840	16729	643	53	11	10107928
5832	16622	650	53	12	10107938
5825	16517	649	53	14	10107948
5818	16415	656	53	15	10107958
5810	16317	656	54	16	10107968
5804	16222	659	54	17	10107978
5804	16128	658	55	17	10107988
5796	16036	661	55	19	10107998
5796	15946	662	54	20	10108008
5796	15855	664	54	20	10108018
5786	15766	664	54	22	10108028
5786	15673	668	54	22	10108038
5786	15577	671	54	23	10108048
5786	15482	672	54	23	10108058
5778	15387	671	54	23	10108068
5778	15292	673	53	24	10108078
5768	15197	674	53	24	10108088
5768	15102	675	53	24	10108098
5759	15009	676	53	26	10108108
5759	14916	684	53	26	10108118
5752	14825	683	53	26	10108128
5752	14731	683	53	27	10108138
5745	14638	687	53	27	10108148
5745	14547	685	54	28	10108158
5745	14456	689	54	28	10108168
5738	14367	689	54	29	10108178
5738	14275	689	54	29	10108188
5738	14180	693	54	29	10108198
5738	14084	690	54	29	10108208
5738	13988	695	54	30	10108218
5731	13895	696	54	30	10108228
5731	13800	701	54	30	10108238
5731	13707	705	54	30	10108248
5720	13613	712	54	30	10108258
5720	13520	711	54	30	10108268
5711	13425	712	54	30	10108278
5711	13331	712	54	30	10108288
5701	13232	709	54	30	10108298
5701	13132	712	54	32	10108308
5690	13032	711	54	32	10108318
5690	12932	712	55	33	10108328
5681	12832	714	54	34	10108338
5681	12731	713	55	35	10108348
5673	12628	713	55	35	10108358
5673	12526	712	55	35	10108368
5662	12426	711	55	35	10108378
5655	12326	710	55	35	10108388
5646	12225	712	55	35	10108398
5639	12123	711	55	35	10108408
5629	12021	711	54	36	10108418
5620	11919	707	54	36	10108428
5610	11813	703	54	36	10108438
5597	11706	702	55	37	10108448
5587	11597	689	55	39	10108458
5577	11493	680	55	40	10108468
5567	11394	659	55	40	10108478
5561	11301	574	55	40	10108488
5554	11218	90	55	40	10108508
37
3862	18745	52	49	297	10109276
3854	18737	137	49	296	10109286
3841	18737	281	49	295.5	10109306
3831	18737	483	49	295	10109376
3839	18737	553	50	294	10109396
3856	18737	576	50	293	10109406
3880	18737	593	50	293	10109416
3917	18737	607	50	293	10109426
3968	18737	615	50	293	10109436
4023	18746	620	50	293	10109446
4082	18752	618	50	293	10109456
4138	18752	622	50	293	10109466
4185	18759	620	50	293	10109476
4224	18759	622	50	294	10109486
4256	18759	622	50	294	10109496
4282	18759	623	49	295	10109506
4305	18759	622	49	295	10109516
4321	18759	625	49	295	10109526
4335	18759	626	49	295	10109536
4344	18759	632	49	295	10109556
4352	18759	685	49	295	10109776
4352	18746	740	49	295	10109786
4352	18723	741	49	295	10109796
4352	18685	742	50	296	10109806
4352	18628	750	50	296	10109816
4352	18563	759	50	296	10109826
4352	18491	766	50	296	10109836
4352	18422	776	50	295	10109846
4352	18363	783	50	295	10109856
4352	18309	795	51	293	10109866
4352	18265	800	51	293	10109876
4352	18229	807	51	293	10109886
4352	18198	809	51	293	10109896
4352	18176	814	51	294	10109906
4352	18160	816	51	294	10109916
4352	18148	817	51	294	10109936
4352	18141	589	51.8	294.8	10109986
16
4103	18101	227	50	296	10110328
4095	18094	324	50	296	10110338
4081	18094	412	50.5	296.5	10110358
4099	18094	493	51	295	10110368
4127	18094	523	51	295	10110378
4174	18094	549	51	294	10110388
4239	18094	586	52	295	10110398
4319	18101	608	52	295	10110408
4407	18101	611	52	295	10110418
4493	18114	618	53	294	10110428
4570	18121	618	53	294	10110438
4630	18121	616	53	292	10110448
4671	18131	611	53	292	10110458
4695	18131	595	53	291	10110468
4707	18131	539	53	290.5	10110488
4698	18131	175	53.5	289	10110508
16
4090	18102	254	48	294	10110694
4073	18102	538	48.5	296.75	10110734
4073	18089	621	50	299	10110744
4093	18071	644	50	299	10110754
4112	18044	674	51	300	10110764
4137	18005	696	51	300	10110774
4166	17961	704	52	301	10110784
4195	17916	714	52	301	10110794
4226	17871	721	53	302	10110804
4253	17832	724	53	302	10110814
4276	17799	726	53	302	10110824
4295	17772	726	53	302	10110834
4307	17752	718	53	301	10110844
4317	17738	693	53	301	10110854
4323	17728	584	53	299	10110874
4332	17718	112	54	300	10110894
15
4585	18041	58	53	298	10111020
4602	18061	334	53	298	10111030
4602	18069	486	53	297.5	10111050
4602	18077	567	54	297.5	10111070
4592	18066	587	54	297	10111080
4581	18048	599	54	297	10111090
4563	18017	604	54	297	10111100
4540	17977	614	54	297	10111110
4511	17928	619	55	297	10111120
4479	17876	627	55	297	10111130
4448	17826	630	55	297	10111140
4420	17782	629	55	297	10111150
4398	17748	627	56	298	10111160
4383	17726	613	56	298	10111170
4375	17711	307	55.5	299	10111210
26
4366	17612	93	53	303	10111548
4366	17633	165	53	302	10111558
4366	17642	287	53	302	10111568
4358	17650	383	53	302	10111578
4351	17650	465	52	303	10111588
4345	17656	522	52	303	10111598
4338	17656	555	52	304	10111608
4331	17647	590	52	304	10111618
4323	17635	619	52	304	10111628
4317	17616	626	52	304	10111638
4317	17594	633	52	304	10111648
4317	17570	650	52	304	10111658
4317	17548	656	52	304	10111668
4324	17531	677	51	303	10111678
4338	17515	688	51	303	10111688
4354	17505	702	51	303	10111698
4372	17505	725	51	303	10111708
4393	17505	733	51	303	10111718
4412	17514	740	51	303	10111728
4431	17530	746	51	303	10111738
4444	17548	744	51	303	10111748
4444	17568	743	51	303	10111758
4444	17590	728	51	303	10111768
4425	17611	698	51	303	10111778
4404	17631	650	51	303	10111788
4380	17646	253	51	303	10111808
19
5836	18823	90	50	293	10112320
5823	18823	175	50	291	10112330
5817	18831	325	50	290.5	10112350
5808	18837	495	50	290	10112390
5824	18837	596	50	290	10112400
5849	18837	637	50	289	10112410
5894	18837	673	50	289	10112420
5960	18845	695	51	288	10112430
6041	18845	708	51	288	10112440
6123	18854	716	51	288	10112450
6204	18854	716	51	288	10112460
6276	18854	724	51	288	10112470
6340	18861	722	51	288	10112480
6395	18861	722	51	288	10112490
6436	18861	721	51	288	10112500
6465	18861	721	51	288	10112510
6479	18861	718	51	288	10112520
6485	18854	665	51.5	288	10112560
6476	18854	125	51.5	289	10112580
26
6499	18761	9	51	297	10112916
6499	18767	62	51	297	10112936
6499	18776	151	51	297	10112956
6499	18785	321	51	297	10112986
6499	18792	568	51	297	10113046
6499	18799	697	51	297	10113136
6499	18791	708	51	297	10113156
6499	18775	710	51	297	10113166
6499	18758	712	51	295	10113176
6499	18734	715	51	295	10113186
6499	18704	714	51	294	10113196
6499	18670	718	51	294	10113206
6499	18627	721	51	294	10113216
6499	18579	721	51	294	10113226
6499	18526	729	51	294	10113236
6499	18470	734	51	294	10113246
6499	18421	739	51	294	10113256
6499	18378	741	51	294	10113266
6499	18341	746	51	294	10113276
6499	18310	748	51	294	10113286
6499	18281	759	51	294	10113296
6499	18254	761	51	294	10113306
6499	18232	768	52	295	10113316
6499	18212	768	52	295	10113326
6499	18199	765	52	295	10113336
6499	18190	700	52.7857	295.786	10113476
19
6243	18144	135	51	291	10114184
6230	18135	207	51	291	10114194
6223	18126	333	51	291	10114204
6215	18126	416	51	291	10114214
6205	18126	499	51	291	10114244
6216	18126	556	51	291	10114254
6247	18126	574	51	291	10114264
6301	18126	583	51	291	10114274
6379	18126	601	52	290	10114284
6471	18133	618	52	290	10114294
6566	18133	626	52	289	10114304
6655	18133	628	52	289	10114314
6729	18141	629	52	289	10114324
6787	18141	618	52	289	10114334
6826	18141	602	52	289	10114344
6845	18141	591	53	288	10114354
6845	18133	554	53	287	10114374
6828	18133	428	53	286	10114384
6803	18133	41	53	286	10114404
20
6232	18076	85	48	294	10114592
6216	18076	176	48	294	10114602
6216	18086	317	48	294	10114612
6201	18092	449	49.5	294.5	10114632
6195	18101	538	50.3333	295	10114662
6202	18093	562	51	295	10114672
6211	18075	589	52	296	10114682
6228	18045	615	52	295	10114692
6251	18002	643	52	295	10114702
6282	17945	660	52	295	10114712
6316	17882	674	53	296	10114722
6353	17819	687	53	296	10114732
6387	17762	688	53	296	10114742
6415	17716	691	53	296	10114752
6435	17681	691	53	296	10114762
6448	17658	693	53	296	10114772
6454	17643	692	53	296	10114782
6454	17635	664	53	296	10114802
6454	17628	493	53	294	10114822
6461	17628	17	55	294	10114842
16
6826	18085	134	51	297	10114988
6834	18094	229	51	297	10115008
6834	18103	302	51.5	296.5	10115028
6840	18103	362	52	295.5	10115048
6840	18097	442	53	296	10115058
6828	18085	480	53	294	10115068
6811	18063	531	53	294	10115078
6783	18029	561	55	294	10115088
6745	17981	581	55	294	10115098
6696	17921	598	55	294	10115108
6645	17851	605	55	294	10115118
6595	17780	613	55	294	10115128
6555	17717	613	55	294	10115138
6527	17669	618	55	294	10115148
6511	17638	618	55	294	10115158
6504	17623	353	55	294.8	10115208
24
6443	17581	74	53	305	10115524
6443	17597	195	53	305	10115534
6443	17605	353	53	304.5	10115554
6443	17614	469	53.5	302.5	10115574
6443	17606	498	54	300	10115584
6435	17596	509	54	300	10115594
6435	17580	536	54	300	10115604
6435	17562	548	54	300	10115614
6435	17544	557	54	300	10115624
6448	17528	557	54	300	10115634
6461	17516	568	54	300	10115644
6477	17508	575	54	300	10115654
6494	17508	592	54	300	10115664
6512	17508	604	54	300	10115674
6531	17516	607	54	300	10115684
6549	17527	618	54	299	10115694
6566	17543	621	54	299	10115704
6577	17560	615	55	297	10115714
6577	17577	620	55	297	10115724
6577	17596	613	54	297	10115734
6562	17612	603	54	297	10115744
6543	17623	585	54	297	10115754
6520	17623	529	54	297	10115764
6494	17623	121	54.5	297	10115784
94
4443	17477	8	51	346	10116820
4443	17486	20	51	346	10116840
4443	17498	22	51	346	10116850
4443	17506	14	51	346	10116860
4443	17516	13	51	346	10116870
4452	17525	26	51	346	10116880
4452	17535	52	51	346	10116890
4452	17545	103	51	346	10116900
4452	17552	246	51	346	10116950
4444	17552	316	51	346	10116960
4444	17541	355	51	346	10116970
4444	17527	384	51	346	10116980
4436	17505	404	51	346	10116990
4436	17474	440	51	346	10117000
4436	17432	471	51	346	10117010
4436	17380	488	51	346	10117020
4436	17312	501	51	346	10117030
4436	17231	515	51	347	10117040
4436	17144	531	50	348	10117050
4436	17056	539	50	348	10117060
4436	16973	551	50	349	10117070
4436	16894	561	50	349	10117080
4436	16817	573	50	350	10117090
4436	16741	574	50	350	10117100
4436	16662	577	50	352	10117110
4436	16585	582	50	353	10117120
4436	16512	587	50	353	10117130
4429	16441	591	50	354	10117140
4429	16374	599	50	355	10117150
4429	16309	600	50	355	10117160
4429	16241	606	50	356	10117170
4429	16176	613	50	358	10117180
4429	16111	616	50	359	10117190
4429	16046	620	50	0	10117200
4429	15983	620	50	0	10117210
4429	15920	628	50	1	10117220
4429	15859	636	50	2	10117230
4437	15793	642	50	2	10117240
4437	15721	646	50	4	10117250
4444	15647	653	50	4	10117260
4444	15569	659	50	5	10117270
4455	15492	658	50	5	10117280
4455	15417	664	50	6	10117290
4464	15345	666	50	6	10117300
4464	15276	667	50	7	10117310
4464	15207	670	51	9	10117320
4464	15136	670	51	9	10117330
4470	15067	672	52	10	10117340
4470	14996	672	52	10	10117350
4470	14922	674	51	11	10117360
4477	14847	672	51	11	10117370
4477	14765	679	51	13	10117380
4485	14684	677	52	13	10117390
4485	14606	679	52	14	10117400
4485	14532	681	53	15	10117410
4485	14465	681	53	16	10117420
4485	14402	682	53	16	10117430
4485	14339	681	53	18	10117440
4485	14274	681	52	19	10117450
4485	14206	684	52	19	10117460
4485	14136	682	52	19	10117470
4485	14064	683	52	20	10117480
4485	13995	683	53	21	10117490
4485	13926	686	53	22	10117500
4485	13858	687	54	23	10117510
4476	13795	686	54	23	10117520
4476	13730	689	53	24	10117530
4467	13664	689	53	24	10117540
4467	13598	691	53	24	10117550
4456	13531	695	53	26	10117560
4456	13466	697	53	26	10117570
4449	13402	697	53	26	10117580
4449	13339	697	53	27	10117590
4442	13275	699	53	27	10117600
4442	13215	706	53	27	10117610
4429	13163	711	53	28	10117620
4422	13108	705	53	28	10117630
4414	13051	718	53	28	10117640
4407	12991	715	52	30	10117650
4407	12921	717	51	29	10117660
4395	12852	717	51	29	10117670
4389	12784	718	50	29	10117680
4389	12712	717	50	29	10117690
4380	12639	716	50	29	10117700
4380	12566	716	51	30	10117710
4372	12494	712	51	31	10117720
4372	12425	715	51	32	10117730
4372	12356	708	51	32	10117740
4365	12283	701	51	33	10117750
4365	12211	702	51	33	10117760
4365	12142	689	51	33	10117770
4365	12075	634	51	33	10117780
4365	12016	489	51	35	10117790
4355	11969	18	51	35	10117810
89
6545	17558	17	51	342	10118408
6552	17558	277	51.8571	341.429	10118478
6552	17547	481	52	341	10118488
6552	17539	501	52	341	10118498
6552	17528	520	52	341	10118508
6552	17509	551	52	341	10118518
6552	17481	577	52	341	10118528
6552	17446	597	52	341	10118538
6552	17401	608	52	341	10118548
6552	17344	621	52	341	10118558
6552	17274	636	52	341	10118568
6552	17192	642	52	341	10118578
6552	17102	648	53	342	10118588
6543	17008	656	53	342	10118598
6543	16916	668	53	342	10118608
6531	16827	670	53	344	10118618
6523	16735	675	53	344	10118628
6515	16646	681	53	345	10118638
6508	16557	690	53	345	10118648
6499	16466	692	53	346	10118658
6491	16377	693	53	348	10118668
6481	16286	697	53	348	10118678
6472	16196	700	53	349	10118688
6463	16104	697	54	350	10118698
6455	16015	702	54	352	10118708
6455	15926	703	54	355	10118718
6447	15835	703	54	356	10118728
6447	15743	704	54	357	10118738
6447	15648	707	54	357	10118748
6435	15555	706	54	359	10118758
6435	15464	706	54	0	10118768
6423	15376	709	54	0	10118778
6423	15289	708	53	0	10118788
6414	15202	705	53	1	10118798
6414	15116	707	52	3	10118808
6407	15028	708	52	4	10118818
6407	14946	709	52	5	10118828
6407	14862	708	52	6	10118838
6407	14776	708	52	8	10118848
6407	14692	709	52	8	10118858
6401	14608	709	52	9	10118868
6401	14530	709	52	9	10118878
6394	14455	707	52	10	10118888
6394	14384	712	51	11	10118898
6394	14315	709	51	11	10118908
6388	14246	710	51	13	10118918
6388	14177	712	51	13	10118928
6388	14109	710	52	14	10118938
6388	14038	715	52	16	10118948
6388	13969	712	53	18	10118958
6388	13899	715	53	18	10118968
6388	13827	714	52	19	10118978
6381	13757	715	52	19	10118988
6381	13690	714	52	19	10118998
6381	13624	715	52	20	10119008
6381	13562	716	52	20	10119018
6381	13501	714	52	22	10119028
6381	13442	716	52	22	10119038
6381	13383	716	52	23	10119048
6381	13325	716	52	23	10119058
6381	13264	717	52	25	10119068
6381	13204	720	52	25	10119078
6381	13144	716	53	26	10119088
6381	13085	718	53	27	10119098
6381	13031	721	53	27	10119108
6388	12975	721	53	27	10119118
6388	12924	725	53	28	10119128
6388	12873	726	53	28	10119138
6388	12822	726	52	30	10119148
6388	12773	728	52	30	10119158
6388	12725	729	52	30	10119168
6388	12676	728	52	31	10119178
6388	12628	728	52	31	10119188
6394	12581	732	52	31	10119198
6394	12534	731	51	32	10119208
6394	12489	736	51	32	10119218
6394	12441	735	51	32	10119228
6401	12394	734	51	32	10119238
6401	12345	734	51	33	10119248
6401	12294	733	51	33	10119258
6401	12243	734	51	33	10119268
6412	12177	727	51	33	10119278
6419	12120	731	52	34	10119288
6426	12069	729	51	36	10119298
6434	12022	732	52	37	10119308
6434	11996	727	52	37	10119318
6440	11967	724	52	37	10119328
6440	11948	674	52	38	10119338
6440	11937	249	52	38	10119358
97
7856	19122	99	46	341	10123072
7865	19115	190	46	341	10123082
7865	19104	287	46	341	10123092
7865	19092	372	46	341	10123102
7865	19077	425	48	342	10123112
7865	19054	473	48	342	10123122
7865	19019	506	48	341	10123132
7865	18973	546	49	342	10123142
7865	18915	567	49	342	10123152
7865	18846	579	49	342	10123162
7872	18765	590	49	343	10123172
7881	18672	599	49	343	10123182
7890	18571	614	49	343	10123192
7901	18461	626	49	345	10123202
7910	18350	645	49	346	10123212
7910	18236	664	49	346	10123222
7919	18120	675	50	347	10123232
7919	18009	680	50	348	10123242
7919	17895	684	51	349	10123252
7909	17780	683	52	350	10123262
7909	17660	688	52	351	10123272
7909	17536	689	52	352	10123282
7903	17410	690	52	354	10123292
7903	17283	688	52	355	10123302
7903	17160	690	52	356	10123312
7903	17045	694	52	357	10123322
7903	16934	696	52	359	10123332
7895	16829	696	52	0	10123342
7895	16724	696	52	0	10123352
7889	16614	692	52	1	10123362
7889	16500	692	52	3	10123372
7889	16387	691	52	4	10123382
7889	16276	691	52	5	10123392
7889	16166	695	52	6	10123402
7881	16063	693	52	8	10123412
7881	15965	691	52	9	10123422
7881	15872	692	52	10	10123432
7881	15786	694	52	10	10123442
7881	15702	695	51	11	10123452
7881	15619	693	52	13	10123462
7881	15537	695	52	14	10123472
7881	15458	701	53	15	10123482
7881	15382	702	53	16	10123492
7874	15306	705	53	16	10123502
7874	15227	708	53	18	10123512
7866	15146	712	53	18	10123522
7866	15064	718	52	19	10123532
7866	14982	721	52	19	10123542
7866	14902	721	52	19	10123552
7866	14824	725	52	20	10123562
7859	14744	726	52	20	10123572
7859	14664	727	52	20	10123582
7851	14583	732	52	20	10123592
7851	14504	735	52	20	10123602
7843	14428	739	52	22	10123612
7843	14355	741	52	22	10123622
7835	14283	740	52	22	10123632
7835	14209	743	52	23	10123642
7828	14136	743	52	23	10123652
7828	14063	746	52	23	10123662
7828	13990	749	51	24	10123672
7818	13917	750	51	24	10123682
7818	13844	750	51	24	10123692
7812	13772	752	51	24	10123702
7812	13699	757	51	24	10123712
7812	13628	758	51	25	10123722
7805	13559	758	51	25	10123732
7805	13494	758	51	25	10123742
7798	13431	763	51	25	10123752
7798	13368	763	51	25	10123762
7786	13302	764	51	25	10123772
7786	13233	766	51	25	10123782
7778	13163	765	51	27	10123792
7778	13091	769	51	27	10123802
7778	13019	766	51	27	10123812
7771	12949	769	51	27	10123822
7771	12879	765	51	28	10123832
7771	12807	768	51	28	10123842
7771	12733	770	51	28	10123852
7765	12658	769	51	28	10123862
7765	12582	770	51	28	10123872
7765	12507	769	51	28	10123882
7758	12432	767	51	28	10123892
7758	12361	770	50	29	10123902
7751	12287	769	50	29	10123912
7751	12212	770	50	29	10123922
7743	12140	771	51	30	10123932
7743	12069	771	51	31	10123942
7736	12001	771	51	32	10123952
7736	11939	771	51	32	10123962
7729	11883	771	51	32	10123972
7729	11832	769	51	32	10123982
7729	11792	769	51	32	10123992
7721	11761	761	51	32	10124002
7721	11741	752	51	32	10124012
7721	11728	681	51	32	10124022
7713	11728	238	51	32	10124042
86
4436	17144	14	49	301	10129433
4436	17138	43	49	301	10129443
4422	17138	82	49	301	10129453
4413	17138	124	49	301	10129463
4406	17138	175	49	301	10129473
4398	17130	256	49	301	10129493
4391	17130	401	49	301	10129563
4391	17124	473	49	301	10129583
4405	17116	512	49	301	10129593
4419	17116	522	49	301	10129602
4440	17109	533	49	301	10129612
4471	17109	544	49	301	10129622
4509	17109	560	49	301	10129632
4554	17109	576	49	299	10129642
4605	17109	579	49	299	10129652
4661	17117	582	49	298	10129662
4730	17117	593	49	298	10129672
4797	17117	596	50	297	10129682
4870	17117	601	50	297	10129692
4945	17117	604	50	296	10129702
5014	17117	606	50	296	10129712
5089	17117	607	50	296	10129722
5164	17117	611	50	296	10129732
5240	17117	615	50	295	10129742
5317	17117	615	50	295	10129752
5398	17117	619	51	293	10129762
5476	17117	627	52	293	10129772
5553	17117	633	52	293	10129782
5628	17117	634	52	292	10129792
5703	17117	641	52	292	10129802
5780	17111	642	52	292	10129812
5861	17111	644	52	292	10129822
5942	17111	646	52	292	10129832
6021	17111	645	52	292	10129842
6097	17111	646	52	292	10129852
6165	17111	646	52	292	10129862
6230	17104	647	52	292	10129872
6294	17104	648	52	292	10129882
6360	17104	650	52	292	10129892
6427	17104	648	52	290	10129902
6494	17104	652	53	291	10129912
6561	17104	653	53	290	10129922
6627	17111	653	53	290	10129932
6690	17111	654	53	290	10129942
6754	17111	657	53	290	10129952
6819	17111	653	53	290	10129962
6884	17111	657	53	290	10129972
6951	17111	659	53	290	10129982
7019	17111	659	53	290	10129992
7088	17111	658	53	290	10130002
7158	17121	659	53	290	10130012
7227	17121	661	54	288	10130022
7296	17131	659	54	288	10130032
7365	17131	656	54	287	10130042
7433	17140	659	54	287	10130052
7500	17140	660	54	287	10130062
7565	17140	658	54	287	10130072
7628	17140	660	54	287	10130082
7691	17140	662	54	287	10130092
7754	17147	663	54	287	10130102
7817	17147	663	54	286	10130112
7880	17147	662	54	286	10130122
7943	17147	663	53	284	10130132
8001	17147	664	53	284	10130142
8059	17147	664	53	284	10130152
8115	17154	663	53	284	10130162
8170	17154	663	53	284	10130172
8224	17154	664	53	284	10130182
8275	17161	665	53	284	10130192
8324	17161	664	53	284	10130202
8371	17161	664	53	284	10130212
8417	17161	663	53	284	10130222
8465	17161	664	53	284	10130232
8509	17171	664	53	284	10130242
8549	17171	666	53	282	10130252
8586	17171	665	53	282	10130262
8621	17178	665	53	281	10130272
8653	17178	664	53	281	10130282
8679	17178	666	53	281	10130292
8700	17178	665	53	281	10130302
8715	17178	666	54	280	10130312
8727	17185	665	54	280	10130322
8735	17185	668	54	278	10130332
8742	17185	675	54	278	10130352
8750	17185	680	54	276.4	10130402
8757	17185	491	54	275.571	10130472
77
5768	16461	34	51	288	10136595
5760	16461	206	51	288	10136635
5753	16461	444	51	286.813	10136795
5761	16461	538	51	285	10136815
5779	16461	551	51	285	10136825
5799	16461	552	51	286	10136835
5826	16461	554	51	286	10136845
5862	16461	555	51	288	10136855
5906	16461	558	51	288	10136865
5959	16461	562	51	288	10136875
6019	16461	570	51	288	10136885
6087	16461	575	51	288	10136895
6160	16461	577	51	288	10136905
6237	16461	583	51	288	10136915
6321	16461	592	51	288	10136925
6410	16461	596	51	288	10136935
6498	16461	602	51	286	10136945
6585	16461	604	51	286	10136955
6668	16461	606	51	285	10136965
6748	16461	607	51	285	10136975
6827	16461	612	51	285	10136985
6905	16461	612	51	285	10136995
6979	16461	610	51	285	10137005
7050	16467	616	51	285	10137015
7117	16467	616	51	285	10137025
7179	16467	617	51	285	10137035
7240	16467	614	51	285	10137045
7298	16467	615	51	285	10137055
7357	16467	615	52	284	10137065
7415	16467	615	52	284	10137075
7471	16467	614	52	283	10137085
7524	16467	615	52	283	10137095
7575	16467	615	52	283	10137105
7625	16467	616	52	283	10137115
7678	16467	618	52	283	10137125
7731	16474	617	52	283	10137135
7786	16474	618	52	282	10137145
7840	16474	618	52	282	10137155
7894	16474	618	53	281	10137165
7946	16474	619	53	281	10137175
7995	16474	617	53	281	10137185
8042	16474	618	53	281	10137195
8088	16481	619	53	281	10137205
8134	16481	620	53	281	10137215
8180	16481	622	53	281	10137225
8225	16481	621	53	281	10137235
8268	16481	620	53	281	10137245
8309	16481	618	53	281	10137255
8345	16481	620	53	281	10137265
8379	16481	618	53	281	10137275
8409	16488	618	53	281	10137285
8438	16488	620	53	281	10137295
8462	16488	619	53	281	10137305
8483	16488	620	53	279	10137315
8501	16488	620	53	279	10137325
8514	16488	620	53	278	10137335
8528	16488	622	53	278	10137345
8543	16488	622	53	278	10137355
8558	16488	623	53	278	10137365
8577	16488	622	53	278	10137375
8593	16488	621	53	277	10137385
8609	16495	622	53	277	10137395
8623	16495	621	53	275	10137405
8633	16495	623	53	275	10137415
8641	16495	622	53	275	10137425
8649	16495	622	53	275	10137435
8656	16495	623	53	275	10137445
8666	16495	622	53	275	10137455
8675	16502	622	52	275	10137465
8685	16502	622	52	275	10137475
8697	16502	623	52	275	10137485
8707	16502	621	52	275	10137495
8715	16502	620	52	275	10137515
8723	16502	621	52	275	10137575
8730	16502	622	52	275	10137615
8736	16502	631	52	275	10137785
8736	16509	639	52.7037	275.148	10138054
28
7821	16029	25	51	294	10140365
7794	16029	67	52	295	10140375
7785	16029	153	52	295	10140395
7785	16022	236	52	295	10140405
7779	16022	427	53.5	293.5	10140485
7785	16022	551	54	293	10140535
7795	16022	587	54	293	10140555
7805	16022	592	54	293	10140565
7813	16022	604	54	293	10140575
7829	16022	614	54	293	10140585
7853	16022	630	54	293	10140595
7891	16022	641	54	293	10140605
7943	16022	651	54	293	10140615
8007	16022	659	54	293	10140625
8081	16031	666	54	293	10140635
8162	16031	673	54	293	10140645
8249	16031	673	54	293	10140655
8335	16031	680	54	293	10140665
8414	16031	681	54	293	10140675
8483	16031	684	54	293	10140685
8540	16031	685	54	292	10140695
8586	16031	689	54	292	10140705
8623	16031	688	54	290	10140715
8648	16031	690	54	290	10140725
8667	16031	690	54	290	10140735
8679	16031	693	54	290	10140745
8685	16031	695	55	289	10140765
8693	16031	564	55	287	10140855
21
8691	16650	102	50	296	10141169
8691	16661	236	50	296	10141179
8691	16672	335	50	296	10141189
8685	16672	414	50	296	10141219
8685	16663	465	50	296	10141229
8685	16648	492	50	295	10141239
8685	16629	527	50	295	10141249
8695	16597	548	51	293	10141259
8701	16553	562	51	293	10141269
8709	16493	585	51	293	10141279
8715	16414	610	51	293	10141289
8715	16326	623	51	294	10141299
8722	16235	644	51	294	10141309
8722	16152	665	51	294	10141319
8722	16082	687	51	294	10141329
8722	16028	702	52	295	10141339
8730	15988	703	53	294	10141349
8730	15959	709	53	294	10141359
8736	15941	712	53	292	10141369
8736	15929	711	54	293	10141379
8736	15923	474	54.6	293.6	10141429
57
8700	16660	82	50	291	10141773
8676	16660	129	50	290	10141783
8663	16667	235	50	290	10141793
8649	16667	316	50	290	10141803
8637	16667	381	50	290	10141813
8628	16674	478	50.4	288.8	10141863
8640	16674	528	51	288	10141873
8656	16674	558	51	288	10141883
8685	16674	574	51	288	10141893
8724	16667	589	51	288	10141903
8772	16667	606	51	288	10141913
8826	16655	625	51	288	10141923
8882	16646	631	51	288	10141933
8937	16637	645	51	288	10141943
8992	16626	649	51	288	10141953
9042	16614	654	51	288	10141963
9087	16600	656	51	288	10141973
9125	16584	657	51	288	10141983
9154	16567	655	51	288	10141993
9180	16550	657	51	288	10142003
9201	16530	665	51	288	10142013
9220	16509	668	51	288	10142023
9238	16485	670	51	288	10142033
9253	16457	677	51	288	10142043
9268	16430	680	51	288	10142053
9285	16399	681	51	288	10142063
9300	16368	682	51	288	10142073
9314	16339	687	51	288	10142083
9324	16310	689	51	288	10142093
9330	16282	693	51	288	10142103
9330	16253	701	52	288	10142113
9330	16225	708	52	288	10142123
9330	16195	707	52	288	10142133
9320	16166	710	52	288	10142143
9314	16139	715	52	289	10142153
9302	16112	718	52	289	10142163
9289	16087	721	52	289	10142173
9271	16062	727	53	290	10142183
9250	16038	732	53	290	10142193
9225	16014	733	53	290	10142203
9200	15993	738	53	290	10142213
9175	15972	740	54	290	10142223
9147	15954	740	54	290	10142233
9118	15939	741	54	290	10142243
9084	15924	743	54	290	10142253
9047	15910	745	54	290	10142263
9008	15896	750	54	290	10142273
8968	15885	753	54	290	10142283
8928	15878	753	54	290	10142293
8890	15878	754	54	290	10142303
8855	15878	756	54	290	10142313
8826	15878	757	54	290	10142323
8802	15878	759	54	290	10142333
8782	15878	756	54	290	10142343
8765	15878	756	54	290	10142353
8753	15878	756	54	290	10142363
8745	15878	563	54	290	10142423
26
9349	16385	94	51	294	10143699
9343	16385	263	51	294	10143719
9332	16385	339	51	294	10143739
9326	16385	461	51	293.667	10143799
9333	16385	524	51	293	10143809
9345	16385	529	51	293	10143819
9365	16385	538	51	293	10143829
9394	16385	551	51	293	10143839
9434	16385	558	51	293	10143849
9479	16394	566	51	293	10143859
9529	16394	581	51	293	10143869
9591	16403	590	51	292	10143879
9650	16403	597	51	292	10143889
9713	16412	599	51	291	10143899
9779	16412	602	51	291	10143909
9836	16420	599	51	291	10143919
9892	16420	599	51	291	10143929
9942	16420	602	51	290	10143939
9983	16420	603	51	290	10143949
10019	16420	604	52	288	10143959
10048	16426	605	52	288	10143969
10070	16426	607	52	289	10143979
10085	16426	607	52	289	10143989
10094	16426	617	52	289	10144019
10100	16426	591	52	289	10144079
10090	16426	86	52	290	10144099
48
8658	17205	84	50	290	10145295
8658	17212	273	50	290	10145335
8671	17212	384	50	290	10145345
8685	17212	417	50	290	10145355
8704	17212	431	50	290	10145365
8727	17212	441	50	290	10145375
8753	17212	456	50	290	10145385
8784	17212	469	50	290	10145395
8820	17212	509	50	290	10145405
8867	17212	521	50	290	10145415
8925	17212	542	50	290	10145425
8989	17212	553	50	290	10145435
9060	17212	558	50	290	10145445
9135	17212	566	50	290	10145455
9210	17212	568	50	290	10145465
9284	17219	572	50	289	10145475
9353	17219	576	50	289	10145485
9417	17219	577	51	288	10145495
9475	17219	581	51	288	10145505
9525	17226	591	51	288	10145515
9570	17226	598	51	288	10145525
9608	17226	605	51	288	10145535
9639	17226	614	51	286	10145545
9666	17233	620	51	286	10145555
9692	17233	628	51	285	10145565
9717	17233	626	51	285	10145575
9739	17242	634	51	285	10145585
9762	17242	638	51	285	10145595
9783	17242	643	51	285	10145605
9805	17248	647	51	285	10145615
9830	17248	650	51	285	10145625
9854	17248	651	51	285	10145635
9878	17248	652	51	285	10145645
9902	17248	653	51	285	10145655
9926	17248	654	51	285	10145665
9947	17248	654	51	285	10145675
9965	17248	655	51	285	10145685
9978	17248	658	51	285	10145695
9988	17248	661	51	285	10145715
9996	17248	664	51	285	10145755
10004	17248	666	51	285	10145775
10017	17248	669	51	285	10145785
10027	17248	671	51	285	10145795
10038	17248	671	51	285	10145805
10050	17248	671	51	285	10145815
10062	17248	670	51	285	10145825
10069	17248	661	51	285	10145845
10076	17248	385	51.3333	285.333	10145905
43
9984	17423	84	51	303	10147101
9975	17423	176	51	303	10147111
9975	17429	340	51	303	10147161
9982	17429	444	51	303	10147171
9989	17421	469	51	303	10147181
9996	17411	486	51	303	10147191
10007	17397	513	51	303	10147201
10021	17380	519	51	303	10147211
10038	17358	530	50	302	10147221
10058	17334	538	51	303	10147231
10078	17305	545	51	303	10147241
10096	17274	557	51	303	10147251
10115	17241	572	51	303	10147261
10131	17204	597	51	303	10147271
10144	17165	611	51	303	10147281
10155	17126	626	52	304	10147291
10163	17084	630	52	304	10147301
10163	17042	642	52	304	10147311
10173	17003	650	52	304	10147321
10173	16962	652	53	305	10147331
10181	16920	665	53	305	10147341
10181	16880	680	53	305	10147351
10181	16841	688	53	307	10147361
10181	16803	692	53	307	10147371
10181	16766	698	53	307	10147381
10181	16731	703	53	307	10147391
10181	16697	708	54	308	10147401
10170	16662	712	54	308	10147411
10162	16631	712	54	308	10147421
10154	16600	722	54	308	10147431
10144	16570	729	54	308	10147441
10134	16541	736	54	306	10147451
10120	16511	743	54	306	10147461
10104	16481	748	55	305	10147471
10089	16452	750	55	305	10147481
10073	16424	755	55	305	10147491
10059	16400	755	55	305	10147501
10046	16378	761	55	305	10147511
10033	16359	763	55	305	10147521
10020	16344	765	55	305	10147531
10012	16333	767	55	305	10147551
10004	16327	728	55	305	10147611
10004	16336	45	55	305	10147631
104
10013	17429	388	52.125	296.125	10148043
10013	17422	609	51	294	10148063
10025	17422	636	51	294	10148073
10038	17411	656	51	294	10148083
10056	17411	678	51	294	10148093
10080	17398	691	51	294	10148103
10110	17390	708	51	294	10148113
10145	17381	718	52	293	10148123
10187	17373	725	52	293	10148133
10234	17366	728	52	292	10148143
10289	17359	738	52	292	10148153
10345	17349	742	51	291	10148163
10400	17334	747	51	291	10148173
10454	17315	752	51	291	10148183
10502	17294	755	52	290	10148193
10545	17272	756	52	290	10148203
10584	17252	758	52	289	10148213
10619	17233	764	52	289	10148223
10651	17217	769	52	289	10148233
10687	17201	778	52	289	10148243
10721	17186	787	53	288	10148253
10754	17171	795	54	288	10148263
10785	17155	797	54	287	10148273
10812	17140	799	54	287	10148283
10836	17125	802	55	287	10148293
10861	17111	804	55	287	10148303
10884	17098	804	55	287	10148313
10904	17087	809	55	287	10148323
10923	17077	808	55	287	10148333
10943	17065	816	56	288	10148343
10963	17051	820	56	288	10148353
10983	17038	821	56	288	10148363
11000	17025	823	56	288	10148373
11014	17013	824	56	288	10148383
11027	17000	824	56	288	10148393
11041	16985	829	57	289	10148403
11057	16970	832	57	289	10148413
11070	16955	831	57	289	10148423
11085	16940	833	57	289	10148433
11096	16927	833	57	289	10148443
11103	16915	834	57	289	10148453
11111	16901	833	56	288	10148463
11117	16889	836	56	288	10148473
11117	16879	837	56	288	10148483
11125	16867	839	56	288	10148493
11125	16855	844	56	288	10148503
11132	16840	848	56	288	10148513
11132	16822	847	56	288	10148523
11132	16805	850	56	288	10148533
11140	16788	849	56	288	10148543
11140	16772	852	57	289	10148553
11140	16758	851	57	289	10148563
11140	16744	851	57	289	10148573
11140	16728	854	56	290	10148583
11140	16713	852	56	290	10148593
11133	16700	853	56	292	10148603
11133	16687	854	56	292	10148613
11121	16674	855	56	290	10148623
11113	16662	858	56	290	10148633
11101	16648	858	57	289	10148643
11089	16634	860	57	289	10148653
11077	16622	861	57	289	10148663
11068	16608	862	57	289	10148673
11055	16594	863	57	289	10148683
11041	16581	864	57	289	10148693
11027	16567	864	57	289	10148703
11007	16554	865	57	289	10148713
10985	16541	866	57	289	10148723
10962	16528	866	57	289	10148733
10935	16515	866	57	289	10148743
10908	16504	866	57	289	10148753
10883	16494	868	56	288	10148763
10858	16482	868	56	288	10148773
10831	16471	869	56	288	10148783
10802	16458	868	56	288	10148793
10773	16445	869	56	288	10148803
10740	16432	869	56	288	10148813
10706	16418	869	56	288	10148823
10675	16406	869	56	288	10148833
10643	16395	870	56	288	10148843
10616	16386	872	56	288	10148853
10591	16376	873	56	288	10148863
10567	16366	870	56	288	10148873
10545	16358	870	56	288	10148883
10518	16350	869	56	288	10148893
10490	16342	869	56	288	10148903
10457	16332	869	56	288	10148913
10422	16323	868	56	288	10148923
10385	16313	869	56	288	10148933
10348	16301	869	56	288	10148943
10314	16291	871	56	288	10148953
10280	16281	871	56	288	10148963
10249	16271	869	56	288	10148973
10218	16261	871	55	290	10148983
10185	16253	870	55	290	10148993
10153	16244	868	55	291	10149003
10120	16237	869	55	291	10149013
10090	16230	870	55	291	10149023
10065	16230	869	55	291	10149033
10048	16230	868	55	292	10149043
10035	16230	869	55	292	10149053
10027	16230	823	55	294	10149093
10027	16239	464	55	294	10149103
10027	16247	9	55	295	10149123
34
11177	16849	90	48	297	10158065
11170	16841	144	48	297	10158075
11161	16841	241	48	297	10158095
11154	16841	349	48	297	10158115
11161	16835	391	48	297	10158125
11170	16835	418	48	297	10158135
11182	16835	460	48	297	10158145
11198	16835	480	49	297	10158155
11219	16828	494	49	297	10158165
11248	16828	520	49	297	10158175
11290	16828	546	49	297	10158185
11347	16828	564	49	297	10158195
11424	16828	576	49	296	10158205
11524	16828	585	49	296	10158215
11646	16828	596	49	295	10158225
11789	16837	601	49	295	10158235
11945	16837	611	49	295	10158245
12116	16837	614	50	294	10158255
12285	16837	623	50	294	10158265
12460	16837	628	50	293	10158275
12645	16837	640	49	292	10158285
12831	16837	651	49	292	10158295
13030	16837	655	49	291	10158305
13226	16830	660	49	289	10158315
13415	16830	664	50	288	10158325
13600	16823	666	50	287	10158335
13773	16815	665	50	286	10158345
13938	16809	666	50	286	10158355
14090	16801	667	50	285	10158365
14222	16793	667	50	283	10158375
14336	16786	665	50	283	10158385
14427	16778	626	50	282	10158395
14490	16778	480	50	281	10158405
14525	16766	0	50.5	280.5	10158425
75
3865	14877	48	46	297	10161686
3857	14868	141	46	297	10161706
3847	14868	277	46	297	10161726
3840	14862	395	46.5	296	10161766
3840	14855	466	47	296	10161786
3847	14855	489	47	296	10161796
3847	14848	509	47	296	10161806
3855	14848	537	47	296	10161816
3864	14848	566	47	296	10161826
3878	14839	579	47	296	10161836
3899	14839	602	47	296	10161846
3932	14832	619	47	296	10161856
3978	14832	628	46	295	10161866
4035	14832	640	46	295	10161876
4104	14832	649	46	295	10161886
4176	14832	654	46	295	10161896
4255	14832	661	46	295	10161906
4339	14832	667	46	295	10161916
4429	14839	668	46	295	10161926
4522	14839	670	47	296	10161936
4617	14850	673	47	295	10161946
4711	14850	678	47	295	10161956
4807	14858	682	48	293	10161966
4907	14858	684	48	293	10161976
5009	14866	686	48	293	10161986
5114	14866	686	48	292	10161996
5214	14875	686	48	292	10162006
5319	14875	692	48	291	10162016
5428	14875	693	48	291	10162026
5534	14883	695	48	290	10162036
5643	14883	697	48	290	10162046
5750	14883	699	48	289	10162056
5857	14892	700	49	288	10162066
5966	14892	699	49	288	10162076
6074	14892	700	50	287	10162086
6182	14902	702	50	287	10162096
6289	14902	702	50	287	10162105
6395	14912	705	50	287	10162115
6496	14919	708	50	287	10162125
6591	14919	708	50	286	10162135
6681	14928	709	50	286	10162145
6766	14928	708	50	285	10162155
6855	14936	710	50	285	10162165
6944	14936	709	50	283	10162175
7032	14942	709	50	283	10162185
7118	14942	710	50	282	10162195
7197	14942	709	50	282	10162205
7272	14942	707	50	282	10162215
7344	14950	709	50	282	10162225
7409	14950	710	50	282	10162235
7470	14950	709	50	282	10162245
7528	14950	710	50	281	10162255
7580	14950	711	50	281	10162265
7632	14959	711	51	280	10162275
7685	14959	715	51	280	10162285
7738	14959	712	51	280	10162295
7790	14967	712	51	280	10162305
7846	14967	714	51	279	10162315
7898	14967	714	51	279	10162325
7952	14974	715	51	277	10162335
8004	14974	714	51	277	10162345
8055	14974	712	51	277	10162355
8107	14982	712	51	277	10162365
8152	14982	715	51	277	10162375
8199	14982	714	51	277	10162385
8245	14989	714	51	277	10162395
8284	14989	712	51	277	10162405
8327	14989	713	51	277	10162415
8365	14997	715	51	277	10162425
8398	14997	714	51	277	10162435
8431	14997	715	51	277	10162445
8457	14997	715	51	276	10162455
8475	15004	711	51	276	10162465
8486	15004	634	51	275	10162505
8471	15004	2	51	275	10162525
40
6345	14411	99	49	295	10163464
6345	14417	193	49	295	10163474
6337	14417	323	49	295	10163494
6326	14417	525	48.2222	294.222	10163584
6343	14417	620	48	294	10163594
6363	14417	638	48	294	10163604
6392	14417	644	48	294	10163614
6434	14417	658	49	293	10163624
6484	14417	667	49	293	10163634
6540	14417	675	49	292	10163644
6608	14424	688	48	291	10163654
6680	14424	693	48	291	10163664
6761	14424	698	48	291	10163674
6846	14431	703	48	291	10163684
6938	14431	707	48	290	10163694
7034	14431	708	48	290	10163704
7132	14440	709	48	289	10163714
7234	14446	710	48	289	10163724
7336	14446	710	48	289	10163734
7437	14457	711	48	289	10163744
7532	14457	711	50	288	10163754
7621	14468	715	50	288	10163764
7706	14468	718	50	287	10163774
7791	14478	718	50	287	10163784
7875	14478	721	50	287	10163794
7955	14488	721	50	287	10163804
8029	14488	721	50	287	10163814
8095	14499	721	50	287	10163824
8153	14499	722	50	287	10163834
8205	14507	722	50	286	10163844
8253	14507	721	50	286	10163854
8300	14514	721	50	285	10163864
8343	14514	722	50	285	10163874
8384	14514	724	50	285	10163884
8421	14521	724	50	285	10163894
8451	14521	725	50	285	10163904
8475	14521	727	50	285	10163914
8494	14521	728	50	283	10163924
8506	14521	731	50	283	10163934
8514	14521	582	50.4545	280.909	10164044
26
8505	15164	156	51	293	10166458
8513	15164	242	51	293	10166468
8513	15172	434	51	292.5	10166488
8513	15178	527	51	291.5	10166508
8506	15178	544	51	291	10166518
8506	15172	549	51	291	10166528
8506	15163	553	52	292	10166538
8506	15149	560	52	292	10166548
8506	15127	569	52	292	10166558
8515	15094	588	52	290	10166568
8522	15048	613	52	290	10166578
8529	14989	628	52	289	10166588
8529	14921	642	52	289	10166598
8539	14845	658	52	289	10166608
8539	14770	672	52	289	10166618
8546	14701	682	52	289	10166628
8546	14642	701	52	289	10166638
8546	14593	705	52	289	10166648
8546	14555	707	52	289	10166658
8552	14525	710	53	290	10166668
8552	14502	711	53	290	10166678
8552	14487	715	53	290	10166688
8552	14478	714	53	290	10166698
8552	14472	716	53	290	10166718
8552	14465	717	53	290	10166748
8559	14465	441	53	290	10166808
71
8551	15132	64	51.5	288	10167152
8545	15138	279	52	288	10167192
8537	15138	450	52	287	10167212
8530	15138	562	52	286	10167312
8542	15138	602	52	286	10167322
8552	15138	610	52	286	10167332
8569	15138	615	52	286	10167342
8591	15138	622	52	286	10167352
8620	15138	625	52	286	10167362
8653	15138	628	52	286	10167372
8687	15138	630	52	286	10167382
8723	15138	630	52	286	10167392
8762	15138	630	52	286	10167402
8796	15138	630	52	286	10167412
8830	15131	633	52	286	10167422
8865	15131	634	52	286	10167432
8894	15124	636	52	286	10167442
8926	15124	633	52	286	10167452
8956	15112	634	52	286	10167462
8985	15102	636	52	286	10167472
9010	15091	636	52	286	10167482
9034	15080	636	52	286	10167492
9056	15068	637	52	286	10167502
9075	15055	641	52	286	10167512
9091	15041	642	52	286	10167522
9105	15027	642	52	286	10167532
9117	15012	642	52	287	10167542
9125	14997	643	52	287	10167552
9133	14983	644	52	288	10167562
9142	14966	646	52	288	10167572
9150	14947	653	52	288	10167582
9159	14926	656	52	288	10167592
9167	14904	660	52	288	10167602
9167	14880	663	52	288	10167612
9178	14858	665	52	288	10167622
9178	14835	667	52	288	10167632
9178	14811	672	52	288	10167642
9178	14788	674	52	288	10167652
9178	14767	674	52	288	10167662
9166	14746	677	52	289	10167672
9159	14727	686	53	288	10167682
9151	14707	689	53	288	10167692
9143	14685	690	53	286	10167702
9134	14667	694	53	286	10167712
9121	14649	694	53	286	10167722
9107	14633	697	53	286	10167732
9091	14617	701	53	286	10167742
9072	14601	702	53	286	10167752
9051	14587	702	53	286	10167762
9027	14572	704	53	286	10167772
9000	14558	704	53	286	10167782
8970	14544	708	53	286	10167792
8942	14531	709	53	286	10167802
8915	14520	712	53	286	10167812
8887	14511	716	53	286	10167822
8859	14503	715	53	286	10167832
8829	14503	716	53	286	10167842
8798	14491	715	53	286	10167852
8769	14491	716	53	286	10167862
8744	14484	714	53	286	10167872
8722	14484	715	53	286	10167882
8705	14484	717	53	286	10167892
8691	14484	716	53	286	10167902
8676	14484	715	53	286	10167912
8662	14476	716	53	286	10167922
8650	14476	715	53	286	10167932
8640	14476	716	53	288	10167952
8633	14476	682	52	289	10167992
8640	14476	504	52	289	10168012
8651	14476	208	53	290	10168022
8657	14476	13	53	290	10168042
81
3819	13178	81	48	294	10170306
3809	13170	140	48	294	10170316
3799	13170	281	48	294	10170336
3791	13164	438	48.25	293.75	10170376
3791	13157	545	49.7143	292.857	10170446
3802	13157	581	50	293	10170456
3812	13151	599	50	293	10170466
3829	13151	622	50	293	10170476
3855	13144	636	50	293	10170486
3893	13144	649	50	293	10170496
3944	13144	669	50	293	10170506
4005	13144	671	50	293	10170516
4080	13144	678	50	293	10170526
4162	13144	682	50	293	10170536
4250	13144	684	50	293	10170546
4344	13144	690	50	293	10170556
4442	13144	694	50	293	10170566
4541	13151	697	50	293	10170576
4640	13151	700	50	293	10170586
4742	13151	707	50	293	10170596
4848	13151	724	50	291	10170606
4961	13151	729	50	291	10170616
5078	13157	733	50	290	10170626
5194	13157	734	51	291	10170636
5308	13167	738	51	291	10170646
5418	13173	741	51	290	10170656
5526	13173	746	51	290	10170666
5633	13173	748	52	288	10170676
5739	13173	747	52	287	10170686
5847	13173	748	52	287	10170696
5956	13182	748	52	286	10170706
6066	13182	750	52	286	10170716
6172	13190	750	53	286	10170726
6270	13190	750	53	286	10170736
6362	13190	750	53	286	10170746
6450	13190	753	53	285	10170756
6533	13190	752	53	285	10170766
6614	13190	754	53	284	10170776
6688	13197	756	53	284	10170786
6759	13197	757	53	284	10170796
6828	13197	756	53	284	10170806
6897	13197	757	53	284	10170816
6964	13197	756	53	284	10170826
7028	13206	757	53	284	10170836
7090	13206	756	53	284	10170846
7151	13206	756	53	284	10170856
7212	13212	756	53	284	10170866
7276	13212	754	53	284	10170876
7343	13212	755	53	284	10170886
7409	13212	755	53	282	10170896
7475	13221	754	53	282	10170906
7539	13221	756	53	281	10170916
7598	13221	757	53	281	10170926
7654	13228	756	53	281	10170936
7709	13228	755	53	281	10170946
7763	13236	757	53	281	10170956
7818	13236	757	53	281	10170966
7872	13242	757	54	280	10170976
7925	13242	756	54	280	10170986
7977	13242	756	54	278	10170996
8028	13252	756	53	278	10171006
8078	13252	756	53	278	10171016
8124	13252	755	53	278	10171026
8165	13252	756	53	278	10171036
8205	13252	757	53	278	10171046
8240	13252	755	53	278	10171056
8272	13252	756	52	278	10171066
8303	13252	755	52	278	10171076
8331	13259	755	52	278	10171086
8358	13259	754	52	278	10171096
8384	13259	754	52	278	10171106
8407	13267	754	52	278	10171116
8426	13267	754	52	278	10171126
8439	13267	754	51	277	10171136
8449	13267	753	51	277	10171146
8456	13273	753	51	276	10171166
8464	13273	754	51	274	10171246
8472	13273	756	52	273	10171286
8478	13273	756	52	273	10171336
8485	13273	741	52	273	10171516
8475	13273	150	52	273	10171536
25
7768	12806	173	53	290	10173330
7742	12797	209	53	290	10173340
7730	12790	287	53	290	10173350
7717	12790	343	53	290	10173360
7706	12790	394	53	290	10173370
7698	12790	459	53	290	10173400
7698	12783	529	53	290	10173410
7716	12783	552	54	288	10173420
7742	12783	577	54	288	10173430
7785	12783	604	54	287	10173440
7845	12792	625	54	287	10173450
7920	12792	641	54	287	10173460
8006	12801	649	54	287	10173470
8100	12801	657	54	287	10173480
8195	12801	664	54	287	10173490
8295	12801	667	54	287	10173500
8394	12801	673	54	287	10173510
8488	12801	674	53	286	10173520
8573	12807	678	53	285	10173530
8642	12807	680	53	285	10173540
8695	12807	678	53	284	10173550
8730	12807	679	53	284	10173560
8746	12807	676	53	284	10173570
8754	12807	601	54	283.75	10173610
8745	12807	16	54	282	10173630
21
8592	13372	202	48	292	10173886
8585	13372	276	49	292	10173896
8585	13379	388	49	292	10173906
8578	13386	470	50	291	10173916
8578	13397	553	50.25	290.5	10173956
8584	13397	585	51	291	10173966
8592	13377	605	51	290	10173976
8600	13346	638	51	290	10173986
8610	13297	656	52	288	10173996
8622	13228	684	52	288	10174006
8631	13142	704	52	288	10174016
8640	13048	728	52	288	10174026
8647	12951	749	52	288	10174036
8647	12858	764	52	288	10174046
8655	12777	776	52	289	10174056
8655	12711	785	52	289	10174066
8663	12663	791	52	289	10174076
8663	12629	796	53	288	10174086
8670	12609	797	54	288	10174096
8670	12597	699	54.25	287	10174136
8670	12608	21	55	288	10174156
59
8612	13300	88	48	294	10174322
8606	13329	108	49	293	10174332
8606	13339	188	48	292	10174342
8606	13347	343	48.4	290.4	10174392
8617	13347	481	50	288	10174402
8628	13347	515	50	288	10174412
8648	13347	566	50	287	10174422
8678	13347	598	50	287	10174432
8718	13337	617	50	287	10174442
8778	13329	640	50	286	10174452
8840	13317	657	51	286	10174462
8906	13305	676	51	285	10174472
8972	13290	685	51	285	10174482
9028	13275	690	51	285	10174492
9085	13258	697	51	285	10174502
9135	13240	700	51	285	10174512
9180	13219	707	51	285	10174522
9220	13201	707	52	286	10174532
9253	13184	710	52	286	10174542
9281	13168	714	52	286	10174552
9304	13152	717	52	286	10174562
9324	13133	726	52	286	10174572
9341	13111	728	52	286	10174582
9355	13090	734	53	286	10174592
9367	13067	735	53	286	10174602
9376	13044	736	53	286	10174612
9384	13019	740	53	286	10174622
9392	12994	742	53	286	10174632
9392	12969	745	54	287	10174642
9403	12945	748	54	287	10174652
9403	12924	748	54	287	10174662
9403	12902	752	54	287	10174672
9391	12881	755	54	287	10174682
9377	12855	762	54	287	10174692
9359	12830	763	54	287	10174702
9337	12805	766	54	287	10174712
9312	12778	769	54	287	10174722
9286	12755	770	54	287	10174732
9259	12732	775	54	287	10174742
9232	12713	775	54	287	10174752
9203	12696	775	54	287	10174762
9169	12681	780	54	287	10174772
9133	12667	778	54	287	10174782
9090	12654	780	54	287	10174792
9047	12641	785	54	287	10174802
9005	12628	786	54	287	10174812
8963	12617	791	54	287	10174822
8921	12607	793	54	287	10174832
8877	12600	793	54	287	10174842
8831	12600	791	54	287	10174852
8786	12592	791	54	287	10174862
8744	12592	790	54	287	10174872
8707	12592	790	54	287	10174882
8680	12585	790	54	287	10174892
8659	12585	789	54	287	10174902
8645	12585	788	54	287	10174912
8637	12585	767	54	287	10174932
8630	12585	623	55	287	10174952
8639	12585	58	55	289	10174972
70
5624	11787	54	48	297	10184182
5624	11779	112	48	295	10184192
5617	11779	436	49.8235	291.882	10184362
5626	11779	585	50	290	10184372
5642	11779	602	50	290	10184382
5667	11779	608	50	290	10184392
5700	11779	611	49	289	10184402
5740	11786	620	49	289	10184412
5786	11786	630	49	289	10184422
5840	11796	638	49	289	10184432
5904	11796	641	49	289	10184442
5976	11808	650	49	289	10184452
6054	11808	656	50	290	10184462
6136	11817	671	50	290	10184472
6220	11817	672	50	290	10184482
6306	11825	678	50	290	10184492
6397	11832	682	50	290	10184502
6488	11840	689	50	290	10184512
6579	11848	699	50	290	10184522
6670	11856	703	50	290	10184532
6758	11856	711	50	290	10184542
6851	11866	715	50	290	10184552
6947	11874	721	50	290	10184562
7044	11882	727	50	290	10184572
7143	11892	731	50	290	10184582
7241	11903	731	50	290	10184592
7337	11911	734	50	290	10184602
7433	11919	739	50	290	10184612
7528	11926	742	50	290	10184622
7617	11934	746	50	290	10184632
7706	11942	750	50	290	10184642
7796	11949	754	50	289	10184652
7886	11949	759	50	289	10184662
7977	11956	761	50	289	10184672
8069	11956	763	51	288	10184682
8158	11956	765	51	288	10184692
8246	11966	763	51	288	10184702
8334	11966	766	51	288	10184712
8419	11976	768	51	288	10184722
8503	11976	769	51	288	10184732
8581	11987	774	51	286	10184742
8656	11987	777	51	286	10184752
8732	11997	778	52	286	10184762
8807	11997	779	52	286	10184772
8885	12006	779	52	286	10184782
8965	12006	783	52	286	10184792
9042	12017	781	52	286	10184802
9115	12024	780	52	286	10184812
9181	12024	784	52	284	10184822
9244	12030	781	52	284	10184832
9304	12030	783	52	283	10184842
9362	12037	783	52	283	10184852
9420	12037	785	52	282	10184862
9474	12045	786	52	282	10184872
9526	12045	792	53	281	10184882
9576	12045	792	53	281	10184892
9622	12054	794	53	281	10184902
9667	12054	795	53	281	10184912
9709	12061	795	53	281	10184922
9750	12061	794	53	279	10184932
9792	12071	798	53	279	10184942
9832	12071	799	53	278	10184952
9871	12071	801	53	278	10184962
9908	12078	799	53	278	10184972
9941	12078	800	53	278	10184982
9967	12078	801	53	277	10184992
9986	12078	802	53	277	10185002
9997	12086	804	53	275	10185022
10004	12086	790	53	277.286	10185092
9994	12094	259	53	278	10185112
29
6502	12034	40	55	344	10185906
6502	12044	101	55	344	10185916
6502	12051	365	56.8182	343	10186026
6502	12040	522	57	343	10186036
6502	12029	543	57	343	10186046
6502	12013	561	57	343	10186056
6502	11993	572	57	343	10186066
6510	11967	580	57	343	10186076
6510	11933	585	57	343	10186086
6510	11890	596	57	344	10186096
6516	11834	613	57	344	10186106
6516	11768	616	57	344	10186116
6516	11695	621	57	344	10186126
6516	11618	639	57	344	10186136
6516	11543	649	57	344	10186146
6516	11472	659	57	344	10186156
6516	11406	664	57	344	10186166
6516	11340	666	57	344	10186176
6516	11277	670	57	346	10186186
6525	11217	674	57	346	10186196
6525	11156	674	57	346	10186206
6531	11098	672	57	347	10186216
6531	11046	672	57	347	10186226
6538	11000	674	57	347	10186236
6538	10962	675	58	349	10186246
6538	10932	671	58	349	10186256
6545	10909	645	58	350	10186266
6545	10892	574	58	350	10186276
6545	10881	171	58	352	10186296
27
4405	12000	114	54.6667	340.667	10187086
4405	11993	239	55	341	10187106
4405	11985	301	55	341	10187116
4405	11978	333	55	341	10187126
4405	11966	357	55	341	10187136
4405	11948	379	54	342	10187146
4405	11922	390	54	342	10187156
4397	11887	404	54	342	10187166
4397	11842	416	54	342	10187176
4397	11787	428	55	341	10187186
4397	11726	437	55	341	10187196
4397	11655	444	55	341	10187206
4397	11583	449	55	341	10187216
4397	11507	462	55	341	10187226
4397	11427	471	55	341	10187236
4397	11349	473	55	343	10187246
4397	11270	476	55	343	10187256
4397	11193	471	55	343	10187266
4407	11120	472	55	344	10187276
4407	11047	473	55	344	10187286
4417	10976	473	55	345	10187296
4417	10906	477	55	345	10187306
4424	10841	479	55	345	10187316
4424	10782	478	55	347	10187326
4424	10731	461	55	347	10187336
4424	10689	424	55	348	10187346
4424	10659	154	55.5	349	10187366
20
7760	11821	180	52	338	10188060
7760	11813	277	52	338	10188070
7760	11806	301	52	338	10188080
7760	11797	328	52	338	10188090
7760	11780	364	52	338	10188100
7760	11755	395	52	338	10188110
7760	11717	420	52	338	10188120
7760	11667	437	52	338	10188130
7760	11605	452	52	340	10188140
7760	11532	465	52	340	10188150
7760	11453	471	52	340	10188160
7760	11367	480	52	340	10188170
7760	11286	489	52	340	10188180
7760	11211	495	52	341	10188190
7760	11147	504	52	341	10188200
7760	11093	505	52	341	10188210
7760	11045	505	53	342	10188220
7760	11005	490	54	342	10188230
7760	10969	447	54	343	10188240
7760	10939	145	55	343.5	10188260
4
9144	14840	40	49	295	10193895
9144	14825	202	49	295	10193935
9150	14825	380	49	295	10193965
9150	14832	399	49	295	10194115
93
9153	14886	219	49	295	10196107
9146	14886	379	49	295	10196147
9157	14879	444	49	295	10196157
9171	14879	468	49	295	10196167
9193	14879	490	49	295	10196177
9225	14879	518	49	295	10196187
9266	14879	537	49	295	10196197
9316	14879	552	49	295	10196207
9374	14888	560	49	295	10196217
9432	14888	567	50	294	10196227
9490	14898	575	50	294	10196237
9545	14898	581	50	293	10196247
9600	14907	590	50	293	10196257
9653	14907	592	50	293	10196267
9705	14907	592	50	293	10196277
9754	14914	597	50	291	10196287
9803	14914	603	50	291	10196297
9848	14914	605	50	290	10196307
9891	14914	608	50	290	10196317
9929	14914	611	50	290	10196327
9959	14914	610	50	290	10196337
9983	14914	613	51	291	10196347
10000	14914	613	51	291	10196357
10010	14914	616	51	291	10196367
10017	14914	624	51	291	10196597
10017	14907	620	51	291	10196657
10017	14901	621	51	291	10196667
10017	14894	622	51	291	10196677
10017	14883	626	51	291	10196687
10017	14869	627	51	291	10196697
10017	14851	622	51	291	10196707
10017	14828	627	51	291	10196717
10017	14799	626	50	290	10196727
10017	14760	628	50	290	10196737
10017	14719	628	50	290	10196747
10017	14677	630	50	290	10196757
10017	14634	628	50	290	10196767
10017	14593	627	50	290	10196777
10017	14556	630	50	290	10196787
10017	14519	632	50	289	10196797
10010	14485	637	51	290	10196807
10010	14450	640	52	288	10196817
10010	14414	642	52	288	10196827
10010	14381	643	52	288	10196837
10010	14345	653	52	288	10196847
10010	14313	653	52	288	10196857
10010	14279	658	52	288	10196867
10002	14246	658	52	288	10196877
10002	14217	664	52	288	10196887
10002	14187	671	52	288	10196897
10002	14160	678	52	289	10196907
10002	14138	687	52	289	10196917
10002	14115	689	52	289	10196927
9995	14096	691	52	289	10196937
9995	14078	696	52	289	10196947
9995	14061	701	53	290	10196957
9995	14046	703	53	290	10196967
9995	14032	703	53	290	10196977
9988	14018	706	53	290	10196987
9988	14007	708	53	290	10196997
9988	13997	709	53	290	10197007
9981	13986	710	53	290	10197017
9981	13972	715	53	290	10197027
9981	13958	717	53	290	10197037
9981	13944	716	53	290	10197047
9975	13929	718	53	290	10197056
9975	13916	721	53	290	10197066
9975	13902	721	53	290	10197076
9975	13892	720	54	288	10197086
9975	13886	722	54	287.333	10197116
9975	13878	724	54	287	10197156
9975	13872	723	54	287	10197206
9975	13864	723	54	287	10197216
9981	13864	724	54	287	10197286
9989	13864	728	54	287	10197296
9997	13864	734	54	287	10197306
10014	13864	736	54	287	10197316
10040	13864	738	54	288	10197326
10076	13864	741	54	288	10197336
10119	13864	743	53	290	10197346
10166	13864	743	53	290	10197356
10215	13864	741	54	288	10197366
10271	13864	743	54	288	10197376
10328	13864	743	54	287	10197386
10387	13864	743	54	287	10197396
10442	13871	746	54	287	10197406
10493	13871	746	54	287	10197416
10537	13871	747	54	287	10197426
10576	13871	747	54	287	10197436
10609	13871	746	54	287	10197446
10635	13871	742	54	287	10197456
10651	13871	717	54	287	10197466
10660	13871	388	54	286.333	10197496
45
9432	12985	18	52	292	10198003
9423	12985	76	52	290	10198023
9411	12992	197	53	290	10198043
9400	12992	291	53	290	10198063
9393	12992	448	53	290	10198113
9393	12999	587	53	290	10198173
9404	12999	626	52	289	10198183
9416	12999	638	52	289	10198193
9437	12999	650	52	289	10198203
9468	12999	654	52	289	10198213
9509	13008	659	52	289	10198223
9556	13008	665	52	289	10198233
9613	13016	671	52	289	10198243
9669	13016	670	53	288	10198253
9728	13016	671	53	288	10198263
9790	13024	675	53	286	10198273
9848	13024	675	53	286	10198283
9911	13024	678	53	286	10198293
9972	13024	681	53	286	10198303
10031	13033	680	53	286	10198313
10088	13033	682	53	286	10198323
10144	13042	683	53	286	10198333
10199	13042	687	53	286	10198343
10249	13049	691	53	286	10198353
10297	13049	690	53	286	10198363
10342	13049	690	54	287	10198373
10383	13056	690	54	287	10198383
10423	13056	690	54	287	10198393
10456	13056	693	54	287	10198403
10487	13062	697	54	287	10198413
10515	13062	700	54	286	10198423
10539	13062	699	54	286	10198433
10559	13062	701	54	284	10198443
10574	13069	701	54	284	10198453
10584	13069	702	54	284	10198473
10594	13069	704	54	283.333	10198503
10603	13069	704	54	281	10198523
10613	13076	704	54	281	10198533
10624	13076	706	54	281	10198543
10638	13076	708	54	281	10198553
10655	13082	708	54	281	10198563
10672	13082	704	54	281	10198573
10685	13082	703	54	281	10198583
10694	13082	660	54	281	10198603
10700	13082	187	54	281	10198633
40
10011	12142	255	51.6	298.6	10199263
10011	12148	457	53	298	10199283
10005	12148	558	53	298	10199313
10005	12158	616	53	298	10199333
10005	12172	645	53	298	10199343
10005	12183	658	53	298	10199353
10005	12196	668	53	298	10199363
10005	12211	685	53	298	10199373
10005	12230	691	53	298	10199383
10005	12253	695	53	298	10199393
10005	12284	703	53	298	10199403
10005	12322	705	53	298	10199413
9995	12362	707	53	298	10199423
9995	12401	708	53	298	10199433
9989	12432	710	51	299	10199443
9989	12455	711	51	299	10199453
9989	12469	712	51	300	10199463
9989	12477	713	50	299	10199473
9981	12477	714	50	299	10199493
9981	12485	712	49	297.5	10199593
9990	12485	706	48	297	10199603
10006	12492	703	48	297	10199613
10032	12492	705	48	297	10199623
10067	12503	705	48	297	10199633
10116	12510	704	48	297	10199643
10171	12519	708	48	297	10199653
10230	12525	706	49	297	10199663
10292	12532	706	49	296	10199673
10350	12532	706	49	296	10199683
10404	12539	709	49	295	10199693
10453	12539	708	49	295	10199703
10496	12539	709	49	295	10199713
10536	12547	710	50	294	10199723
10573	12547	709	50	294	10199733
10606	12547	710	50	293	10199743
10637	12555	709	50	293	10199753
10663	12555	708	50	293	10199763
10684	12555	707	50	293	10199773
10699	12563	705	50	291	10199783
10709	12563	472	50	290.125	10199863
41
10560	14019	66	46	292	10200315
10554	14026	183	46	292	10200335
10547	14035	351	46.8333	291.5	10200395
10556	14025	439	47	290	10200405
10566	14014	453	48	291	10200415
10581	13997	485	48	291	10200425
10601	13974	504	48	291	10200435
10623	13945	520	48	291	10200445
10652	13904	538	48	291	10200455
10686	13854	556	47	290	10200465
10722	13796	566	47	290	10200475
10758	13728	577	47	290	10200485
10794	13660	586	47	290	10200495
10823	13590	592	47	290	10200505
10846	13519	602	47	290	10200515
10862	13446	612	47	290	10200525
10871	13369	624	47	290	10200535
10871	13293	633	47	290	10200545
10877	13219	644	47	290	10200555
10877	13151	645	47	290	10200565
10877	13091	658	48	291	10200575
10862	13032	670	48	291	10200585
10854	12979	670	48	291	10200595
10845	12926	672	49	292	10200605
10830	12871	674	49	292	10200615
10817	12822	680	49	292	10200625
10800	12770	682	50	293	10200635
10783	12720	689	50	293	10200645
10767	12674	695	51	293	10200655
10750	12627	698	51	293	10200665
10734	12587	704	51	294	10200675
10719	12551	708	51	294	10200685
10702	12516	705	51	294	10200695
10685	12484	710	51	294	10200705
10667	12455	709	51	294	10200715
10650	12429	711	52	293	10200725
10635	12405	714	53	294	10200735
10622	12388	718	53	292	10200745
10613	12377	720	53	292	10200755
10613	12370	718	53	292	10200765
10605	12370	489	53.1667	292.167	10200825
109
10654	14010	34	48	286	10201287
10646	14010	100	48	286	10201297
10638	14010	183	49	287	10201307
10638	14020	320	49	287	10201337
10638	14026	449	49	286.667	10201397
10646	14020	504	49	285	10201407
10655	14020	534	49	284	10201417
10673	14009	546	49	284	10201427
10701	14002	567	49	284	10201437
10740	13992	573	49	284	10201447
10786	13983	590	49	284	10201457
10838	13973	598	49	284	10201467
10891	13962	603	49	284	10201477
10948	13953	607	48	284	10201487
11001	13943	623	48	285	10201497
11054	13932	626	48	285	10201507
11105	13917	633	48	286	10201517
11154	13898	630	48	286	10201527
11202	13878	632	48	286	10201537
11247	13857	633	48	286	10201547
11288	13838	636	48	286	10201557
11326	13818	641	48	286	10201567
11361	13799	647	48	286	10201577
11392	13783	649	48	286	10201587
11418	13768	659	48	286	10201597
11445	13753	661	48	285	10201607
11469	13739	660	48	285	10201617
11494	13725	658	48	284	10201627
11517	13713	658	48	284	10201637
11537	13702	661	48	284	10201647
11558	13687	668	48	283	10201657
11577	13671	667	48	283	10201667
11595	13654	666	48	281	10201677
11611	13634	671	48	281	10201687
11627	13616	672	48	281	10201697
11642	13594	673	49	280	10201707
11659	13571	676	49	280	10201717
11673	13548	674	50	280	10201727
11686	13527	678	50	280	10201737
11699	13508	679	50	280	10201747
11707	13491	678	50	280	10201757
11715	13471	679	50	280	10201767
11715	13451	682	50	280	10201777
11727	13431	685	50	280	10201787
11733	13408	686	50	280	10201797
11733	13388	691	50	280	10201807
11744	13366	690	50	280	10201817
11744	13341	693	50	280	10201827
11744	13314	694	50	280	10201837
11744	13287	696	51	280	10201847
11744	13260	702	51	280	10201857
11744	13238	703	50	281	10201867
11744	13217	703	51	281	10201877
11744	13198	705	51	283	10201887
11744	13182	712	51	283	10201897
11735	13162	711	52	283	10201907
11729	13141	711	52	283	10201917
11721	13120	715	52	283	10201927
11710	13095	715	52	283	10201937
11698	13073	718	53	284	10201947
11686	13050	718	53	284	10201957
11675	13031	722	53	284	10201967
11664	13014	725	53	284	10201977
11652	12996	724	54	284	10201987
11638	12977	726	54	284	10201997
11624	12959	727	54	284	10202007
11608	12939	731	54	284	10202017
11594	12918	730	54	284	10202027
11579	12898	729	54	284	10202037
11562	12878	731	54	284	10202047
11546	12857	734	53	284	10202057
11529	12838	734	53	284	10202067
11512	12821	739	53	284	10202077
11493	12802	739	53	284	10202087
11475	12785	741	53	284	10202097
11457	12767	743	53	284	10202107
11434	12750	740	53	284	10202117
11412	12734	742	53	284	10202127
11385	12719	741	53	284	10202137
11357	12703	743	53	284	10202147
11327	12688	747	53	284	10202157
11296	12672	747	53	284	10202167
11267	12657	750	53	284	10202177
11239	12642	750	53	284	10202187
11213	12627	752	53	284	10202197
11185	12613	752	53	285	10202207
11156	12598	753	53	285	10202217
11127	12584	753	53	286	10202227
11099	12570	755	53	286	10202237
11072	12558	755	54	287	10202247
11046	12546	754	54	287	10202257
11021	12536	755	54	288	10202267
10993	12526	754	54	288	10202277
10962	12515	754	53	290	10202287
10928	12504	755	53	290	10202297
10892	12492	755	53	290	10202307
10857	12480	754	53	290	10202317
10825	12469	755	53	290	10202327
10795	12461	754	53	290	10202337
10769	12452	755	53	290	10202347
10750	12446	754	53	290	10202357
10736	12446	755	53	290	10202367
10728	12446	753	53	290	10202377
10728	12439	746	53	290	10202387
10718	12439	733	53	290	10202397
10711	12439	693	53	290	10202407
10701	12439	621	53	290	10202417
10687	12431	496	53	290	10202427
10673	12431	103	53	290	10202447
106
11863	13277	132	51	291	10202863
11843	13277	194	51	290	10202873
11832	13277	282	51	290	10202883
11820	13287	345	52	288	10202893
11810	13287	392	52	288	10202903
11803	13287	440	52	288	10202923
11796	13287	524	52	288	10202963
11805	13287	575	52	288	10202973
11817	13287	597	52	288	10202983
11835	13287	616	52	288	10202993
11864	13287	630	52	288	10203003
11902	13287	643	52	288	10203013
11948	13287	645	51	288	10203023
11999	13287	650	51	288	10203033
12051	13287	656	51	288	10203043
12105	13287	660	51	288	10203053
12157	13287	659	51	288	10203063
12213	13287	659	51	288	10203073
12270	13287	659	51	286	10203083
12327	13287	658	51	286	10203093
12382	13287	662	51	285	10203103
12435	13287	660	51	285	10203113
12483	13287	664	51	285	10203123
12530	13293	664	52	284	10203133
12571	13293	666	52	284	10203143
12609	13293	665	52	283	10203153
12642	13293	666	52	283	10203163
12670	13293	667	52	283	10203173
12695	13293	663	52	283	10203183
12718	13293	665	52	282	10203193
12739	13293	666	52	282	10203203
12762	13293	668	53	281	10203213
12785	13293	667	53	281	10203223
12807	13300	668	53	281	10203233
12825	13300	668	53	281	10203243
12837	13300	668	53	281	10203253
12844	13300	782	51.5714	280.857	10204093
12856	13300	805	50	282	10204103
12875	13300	804	50	282	10204113
12898	13307	804	50	282	10204123
12926	13307	806	50	282	10204133
12957	13307	804	50	282	10204143
12988	13307	803	50	282	10204153
13021	13307	802	50	282	10204163
13058	13315	802	50	282	10204173
13093	13315	802	50	282	10204183
13127	13315	801	50	282	10204193
13163	13321	802	50	282	10204203
13200	13321	802	50	282	10204213
13238	13321	800	50	282	10204223
13275	13330	802	50	281	10204233
13311	13330	802	50	281	10204243
13347	13330	801	51	280	10204253
13381	13336	801	51	280	10204263
13418	13336	802	51	280	10204273
13455	13336	802	51	280	10204283
13493	13343	802	51	280	10204293
13530	13343	801	51	280	10204303
13565	13343	802	51	279	10204313
13600	13343	803	51	279	10204323
13632	13343	803	51	277	10204333
13664	13343	802	51	277	10204343
13694	13349	801	51	277	10204353
13725	13349	801	51	277	10204363
13757	13349	802	51	277	10204373
13788	13349	799	51	277	10204383
13819	13357	800	51	277	10204393
13846	13357	800	51	277	10204403
13872	13357	800	51	277	10204413
13896	13357	801	51	277	10204423
13921	13357	800	51	277	10204433
13948	13357	801	51	277	10204443
13975	13357	799	51	277	10204453
14002	13357	799	52	278	10204463
14029	13357	798	52	278	10204473
14057	13357	798	52	278	10204483
14085	13363	797	52	278	10204493
14110	13363	798	52	278	10204503
14135	13363	798	52	278	10204513
14159	13363	797	52	278	10204523
14180	13363	797	52	278	10204533
14202	13363	795	52	278	10204543
14220	13371	793	52	278	10204553
14239	13371	793	52	278	10204563
14258	13371	793	52	278	10204573
14277	13371	793	52	278	10204583
14298	13377	794	52	278	10204593
14318	13377	793	52	278	10204603
14335	13377	792	52	278	10204613
14348	13377	792	52	276	10204623
14355	13377	793	52	275	10204683
14362	13377	792	52	273.167	10204743
14370	13377	794	52	273	10204763
14381	13377	794	52	273	10204773
14387	13377	793	52	273	10204783
14394	13377	793	52	273	10204793
14401	13377	793	52	273	10204803
14409	13377	793	52	273	10204813
14419	13377	794	52	273	10204823
14430	13377	793	52	273	10204833
14441	13377	794	52	273	10204843
14451	13377	794	52	273	10204853
14459	13377	793	52	273	10204863
14466	13377	778	52	273	10204883
14473	13377	661	52	273	10204923
14463	13377	70	52	273	10204943
37
14649	16791	8	56	351	10208891
14657	16797	90	56	351	10208911
14666	16807	289	56	351	10208941
14666	16813	486	56	350	10209001
14666	16807	578	56	350	10209021
14666	16786	596	56	350	10209031
14666	16763	612	56	350	10209041
14666	16728	615	56	350	10209051
14666	16681	629	56	350	10209061
14666	16631	637	56	350	10209071
14666	16572	644	56	350	10209081
14666	16514	657	56	350	10209091
14666	16460	657	56	350	10209101
14676	16402	667	56	350	10209111
14676	16345	671	56	350	10209121
14683	16284	674	56	350	10209131
14683	16219	680	56	350	10209141
14683	16156	684	56	351	10209151
14683	16097	683	56	351	10209161
14689	16045	683	56	351	10209171
14689	15998	686	56	353	10209181
14689	15955	689	56	353	10209191
14689	15912	688	56	354	10209201
14697	15870	689	56	354	10209211
14697	15825	686	56	356	10209221
14705	15779	688	56	356	10209231
14705	15735	687	56	357	10209241
14705	15691	689	56	357	10209251
14705	15655	689	56	359	10209261
14705	15623	689	56	359	10209271
14705	15594	689	56	0	10209281
14705	15569	687	56	0	10209291
14705	15546	688	56	0	10209301
14705	15526	677	56	0	10209311
14705	15507	641	56	1	10209321
14705	15492	529	56	1	10209331
14705	15479	123	56	2	10209351
28
14607	15360	30	48	279	10210019
14599	15370	83	48	279	10210029
14599	15380	123	48	279	10210039
14587	15380	172	48	279	10210049
14578	15388	242	48	279	10210059
14568	15388	294	48	279	10210069
14562	15388	454	47.625	276.875	10210149
14581	15388	582	47	276	10210159
14613	15388	589	47	276	10210169
14667	15388	602	47	276	10210179
14740	15388	615	47	276	10210189
14831	15388	627	47	276	10210199
14936	15382	636	47	276	10210209
15053	15382	640	47	276	10210219
15180	15372	650	47	276	10210229
15307	15372	656	47	276	10210239
15429	15365	661	47	276	10210249
15541	15365	662	47	276	10210259
15644	15365	666	47	276	10210269
15736	15356	667	47	276	10210279
15818	15356	668	47	276	10210289
15889	15356	673	47	276	10210299
15949	15356	673	47	276	10210309
16000	15356	675	47	276	10210319
16039	15356	674	47	276	10210329
16064	15356	666	47	276	10210339
16078	15356	591	47	276	10210359
16070	15356	176	48	277	10210379
32
14655	14709	19	53	336	10211003
14655	14716	241	53	336	10211053
14648	14716	444	53	335	10211093
14640	14701	505	53	334	10211103
14640	14678	529	53	334	10211113
14640	14644	541	53	334	10211123
14631	14601	544	53	334	10211133
14631	14546	548	53	336	10211143
14631	14484	550	53	336	10211153
14620	14410	551	53	336	10211163
14620	14326	564	53	336	10211173
14611	14239	577	53	336	10211183
14611	14156	597	54	337	10211193
14605	14079	605	54	337	10211203
14605	14014	614	54	337	10211213
14605	13954	619	54	338	10211223
14595	13896	628	54	338	10211233
14595	13841	628	54	340	10211243
14595	13782	630	54	340	10211253
14588	13723	630	55	341	10211263
14588	13665	628	55	341	10211273
14588	13611	632	55	343	10211283
14580	13561	634	55	343	10211293
14580	13520	638	55	344	10211303
14580	13488	640	55	344	10211313
14574	13460	641	55	345	10211323
14574	13438	643	55	345	10211333
14574	13421	643	55	345	10211343
14574	13406	644	55	345	10211353
14574	13397	643	55	345	10211363
14574	13391	596	55	345	10211413
14574	13403	36	55	347	10211433
32
14595	14608	128	52	288	10213283
14551	14608	134	52	288	10213293
14542	14624	241	52	288	10213303
14542	14637	325	52	288	10213313
14542	14649	399	52	288	10213323
14542	14657	444	52	288	10213333
14550	14657	479	52	288	10213343
14561	14664	509	52	288	10213353
14577	14664	525	52	288	10213363
14603	14664	572	52	287	10213373
14644	14664	590	52	287	10213383
14704	14656	616	52	286	10213393
14782	14656	639	52	286	10213403
14877	14656	660	52	286	10213413
14982	14650	670	52	286	10213423
15091	14650	678	52	286	10213433
15204	14650	681	52	286	10213443
15315	14643	695	52	286	10213453
15428	14643	701	52	284	10213463
15540	14643	706	52	284	10213473
15653	14643	709	52	283	10213483
15762	14651	714	52	283	10213493
15860	14651	716	52	283	10213503
15942	14657	716	52	283	10213513
16003	14657	717	52	283	10213523
16049	14666	718	52	283	10213533
16080	14666	721	52	283	10213543
16101	14673	721	52	283	10213553
16118	14673	726	52	283	10213563
16130	14673	726	52	283	10213573
16138	14680	682	52	284	10213623
16130	14680	121	52	286	10213643
20
16162	15552	235	48	294	10213939
16153	15571	306	48	294	10213949
16146	15571	390	48	294	10213969
16134	15562	434	48	294	10213979
16134	15536	468	48	294	10213989
16134	15491	501	48	294	10213999
16145	15421	537	48	294	10214009
16159	15325	572	48	294	10214019
16174	15211	613	48	294	10214029
16188	15087	639	48	294	10214039
16199	14960	659	49	295	10214049
16199	14844	682	50	294	10214059
16199	14743	690	50	294	10214069
16199	14660	696	50	293	10214079
16199	14599	709	51	293	10214089
16191	14555	713	51	293	10214099
16191	14528	713	51	293	10214109
16191	14513	717	51	294	10214119
16191	14505	694	51	294	10214139
16191	14513	247	52.5	293.5	10214159
53
16141	15372	175	45	296	10214347
16141	15421	246	45	295	10214357
16141	15434	315	44	294	10214367
16141	15451	374	45	294	10214377
16134	15451	477	47	292	10214427
16140	15451	583	49	291	10214437
16149	15451	605	49	291	10214447
16168	15451	626	49	289	10214457
16200	15451	643	48	289	10214467
16247	15451	660	48	289	10214477
16309	15439	675	49	288	10214487
16375	15427	687	49	288	10214497
16441	15413	702	49	287	10214507
16510	15400	710	48	286	10214517
16583	15383	722	48	285	10214527
16647	15365	721	48	285	10214537
16709	15342	725	48	284	10214547
16769	15309	730	48	283	10214557
16818	15272	726	48	283	10214567
16872	15230	728	49	282	10214577
16920	15186	732	49	282	10214587
16958	15147	735	49	282	10214597
16990	15107	738	49	282	10214607
17016	15070	741	50	281	10214617
17035	15038	741	50	281	10214627
17048	14999	750	51	280	10214637
17056	14966	750	52	280	10214647
17056	14927	753	52	280	10214657
17056	14887	755	52	280	10214667
17056	14848	756	52	280	10214677
17056	14810	756	53	281	10214687
17040	14775	762	53	281	10214697
17021	14737	761	53	281	10214707
16996	14704	761	53	281	10214717
16968	14673	761	53	281	10214727
16936	14645	764	53	281	10214737
16902	14619	763	53	281	10214747
16861	14594	764	53	281	10214757
16812	14569	764	53	281	10214767
16754	14544	763	53	281	10214777
16692	14524	763	53	281	10214787
16627	14506	762	53	281	10214797
16560	14492	763	53	281	10214807
16490	14480	764	53	281	10214817
16420	14470	765	53	281	10214827
16349	14460	763	53	281	10214837
16280	14454	763	53	281	10214847
16221	14454	763	53	282	10214857
16177	14445	761	53	282	10214867
16151	14445	763	53	284	10214877
16140	14445	738	53	284	10214897
16152	14445	628	53	284	10214907
16172	14452	191	53	284.5	10214927
24
17031	14925	202	51	288	10215239
17047	14934	225	51	288	10215249
17047	14943	355	52	288	10215259
17047	14950	472	52	288	10215279
17054	14957	578	52	288	10215339
17054	14951	651	52	288	10215359
17063	14951	668	52	288	10215369
17075	14951	689	52	288	10215379
17099	14951	704	52	288	10215389
17139	14944	728	52	287	10215399
17198	14944	741	52	287	10215409
17273	14935	755	52	286	10215419
17361	14935	764	52	286	10215429
17464	14926	765	52	286	10215439
17569	14926	764	52	284	10215449
17676	14926	768	52	284	10215459
17780	14920	769	52	283	10215469
17871	14920	770	52	283	10215479
17953	14913	770	52	283	10215489
18021	14913	772	52	283	10215499
18074	14906	770	52	283	10215509
18109	14906	769	52	283	10215519
18132	14906	769	52	282	10215529
18141	14906	524	52.8	281.2	10215579
17
18385	15117	389	48	284	10215723
18374	15126	410	48	284	10215733
18364	15132	525	48	284	10215743
18364	15140	605	48	284	10215753
18364	15150	647	48.6667	283.333	10215783
18364	15137	673	50	282	10215793
18381	15114	698	50	281	10215803
18402	15077	724	52	280	10215813
18427	15031	732	52	279	10215823
18456	14981	740	53	279	10215833
18489	14934	745	53	278	10215843
18514	14894	746	54	278	10215853
18534	14867	742	54	278	10215863
18546	14850	733	54	278	10215873
18546	14844	681	54	278	10215893
18546	14852	534	54	278	10215903
18557	14867	140	54	278	10215923
18
18631	14959	62	54	278	10215951
18687	15036	231	54	278	10215961
18705	15069	388	54	278	10215971
18717	15095	512	54	278	10215981
18717	15114	620	54	280	10215991
18724	15123	699	53.3333	280.667	10216021
18712	15112	738	53	281	10216031
18698	15085	756	53	281	10216041
18675	15040	771	54	280	10216051
18645	14972	784	54	280	10216061
18611	14889	791	54	278	10216071
18578	14800	793	54	278	10216081
18549	14715	795	54	278	10216091
18527	14647	799	54	278	10216101
18513	14595	796	54	278	10216111
18504	14562	792	54	278	10216121
18504	14541	770	54	278	10216131
18495	14529	380	54	278	10216161
