60
21
21668	20374	295	42	285	9835195
21586	20363	316	42	285	9835205
21536	20372	422	42	285	9835215
21490	20372	502	42	284	9835225
21462	20379	568	42	284	9835235
21447	20379	609	42	283	9835255
21456	20379	657	41	283	9835265
21493	20379	698	41	283	9835275
21561	20371	724	42	283	9835285
21663	20371	738	42	282	9835295
21795	20371	757	42	282	9835305
21949	20371	774	42	281	9835315
22105	20364	788	42	281	9835325
22251	20364	796	43	280	9835335
22371	20364	799	43	280	9835345
22451	20364	800	43	279	9835355
22495	20364	797	42	279	9835365
22512	20364	748	42	279	9835395
22489	20364	590	42	278	9835405
22458	20364	408	42	278	9835415
22416	20356	5	42	277	9835435
16
21656	20121	405	45	284	9835555
21602	20096	516	45.3333	284.333	9835585
21625	20103	616	46	285	9835595
21671	20103	649	46	285	9835605
21743	20103	680	47	285	9835615
21846	20103	696	47	285	9835625
21977	20094	716	47	285	9835635
22123	20087	732	48	286	9835645
22267	20087	742	48	285	9835655
22389	20087	747	48	285	9835665
22478	20087	747	48	284	9835675
22531	20087	749	48	284	9835685
22558	20087	748	49	284	9835695
22567	20087	711	49	283	9835715
22560	20087	602	49	282	9835725
22548	20087	194	49	282	9835745
25
22305	20531	127	39	284	9835991
22287	20531	225	39	283	9836001
22275	20538	382	39	282.5	9836021
22265	20538	462	40	281.5	9836041
22274	20538	505	40	281	9836051
22291	20520	546	41	280	9836061
22324	20501	589	41	280	9836071
22375	20473	628	41	280	9836081
22442	20439	650	41	280	9836091
22516	20399	666	41	280	9836101
22593	20353	675	42	280	9836111
22658	20303	683	42	279	9836121
22705	20251	689	42	279	9836131
22732	20196	695	42	279	9836141
22732	20140	700	43	279	9836151
22721	20086	703	43	279	9836161
22690	20036	705	44	280	9836171
22647	19991	709	44	280	9836181
22600	19957	704	45	280	9836191
22555	19927	700	45	280	9836201
22520	19906	690	46	280	9836211
22500	19892	677	46	281	9836221
22491	19885	642	46.5	281	9836241
22504	19891	512	48	281	9836251
22524	19903	85	48.5	281.5	9836271
22
22837	20414	301	42	280	9836427
22804	20440	412	41	279	9836437
22793	20465	495	41	279	9836447
22783	20474	553	41	279	9836477
22796	20465	589	42	279	9836487
22818	20446	626	42	279	9836497
22851	20417	664	42	279	9836507
22894	20377	678	42	279	9836517
22942	20324	688	42	279	9836527
22992	20263	694	42	279	9836537
23037	20201	697	43	279	9836547
23070	20137	710	43	279	9836557
23086	20081	717	44	280	9836567
23086	20032	718	44	280	9836577
23052	19989	727	45	280	9836587
23011	19957	727	45	280	9836597
22969	19928	733	46	280	9836607
22931	19907	730	46	281	9836617
22908	19893	726	46	281	9836627
22897	19886	668	47.3333	281	9836657
22904	19892	441	48	281	9836667
22919	19904	17	49	282	9836687
39
23035	20411	188	43	282	9836831
22971	20430	239	43	282	9836841
22947	20439	347	42	281	9836851
22933	20446	401	42	281	9836861
22924	20446	439	42	281	9836871
22924	20456	469	42	280	9836881
22937	20456	491	42	280	9836891
22956	20456	521	42	279	9836901
22985	20456	561	41	279	9836911
23026	20456	582	41	278	9836921
23076	20447	602	41	278	9836931
23135	20437	625	41	277	9836941
23203	20421	649	41	277	9836951
23272	20399	670	41	277	9836961
23343	20371	677	41	276	9836971
23414	20338	682	41	276	9836981
23481	20304	684	41	275	9836991
23546	20265	686	42	275	9837001
23599	20226	683	42	275	9837011
23642	20185	685	42	275	9837021
23671	20143	682	43	276	9837031
23686	20104	680	43	276	9837041
23686	20066	687	43	276	9837051
23686	20036	681	44	276	9837061
23669	20008	686	44	276	9837071
23641	19985	686	45	276	9837081
23598	19963	685	46	276	9837091
23543	19943	677	46	276	9837101
23475	19926	673	47	276	9837111
23395	19911	657	48	277	9837121
23311	19900	654	48	277	9837131
23231	19891	651	49	277	9837141
23160	19883	652	49	277	9837151
23106	19875	651	50	277	9837161
23070	19875	650	50	277	9837171
23049	19866	636	51	277	9837181
23037	19866	548	51	277	9837211
23045	19866	340	51	279	9837221
23068	19866	6	51	279.5	9837241
18
23771	20051	338	46	278	9837367
23734	20051	358	46	278	9837377
23714	20058	485	46	278	9837387
23698	20058	572	46	277	9837397
23689	20067	657	46.6667	276.333	9837427
23708	20067	717	47	276	9837437
23734	20067	731	48	277	9837447
23774	20061	741	48	277	9837457
23830	20061	741	49	277	9837467
23902	20054	740	49	277	9837477
23985	20054	739	50	277	9837487
24075	20044	717	50	277	9837497
24165	20044	697	51	276	9837507
24245	20034	670	51	276	9837517
24308	20034	646	51	275	9837527
24351	20034	604	51	275	9837537
24375	20034	549	51	275	9837547
24384	20034	195	51	275	9837567
18
21655	19241	220	42	282	9838043
21592	19266	285	42	282	9838053
21572	19266	415	42	282	9838063
21551	19283	491	42	282	9838073
21540	19283	614	43	284	9838103
21553	19283	704	43	284	9838113
21591	19283	742	43	284	9838123
21661	19283	768	44	283	9838133
21761	19275	784	44	283	9838143
21881	19275	789	44	282	9838153
22009	19266	793	44	282	9838163
22129	19266	794	43	282	9838173
22234	19258	796	43	282	9838183
22313	19258	795	44	281	9838193
22361	19258	780	44	281	9838203
22383	19258	703	44	280	9838223
22377	19258	504	44	280	9838233
22353	19258	64	44.5	279	9838253
16
21799	19060	341	46	281	9838339
21767	19012	447	46	282	9838349
21767	19003	528	46	282	9838359
21777	19003	597	47	283	9838369
21795	19003	627	47	283	9838379
21827	19003	656	48	285	9838389
21880	19003	675	48	285	9838399
21952	19010	684	48	286	9838409
22038	19010	688	48	286	9838419
22126	19010	690	49	287	9838429
22210	19010	693	49	285	9838439
22282	19010	690	49	285	9838449
22339	19010	675	50	285	9838459
22382	19010	637	50	285	9838469
22410	19010	570	50	285	9838479
22425	19017	227	50	284.333	9838509
24
22345	19360	177	44	285	9838727
22328	19378	296	44	284	9838737
22328	19390	405	44	284	9838757
22328	19399	513	44	283	9838797
22335	19386	569	44	282	9838807
22343	19370	601	44	282	9838817
22354	19348	625	44	282	9838827
22368	19318	666	44	281	9838837
22383	19285	670	44	281	9838847
22404	19243	674	44	280	9838857
22424	19196	679	45	280	9838867
22440	19149	682	45	280	9838877
22451	19099	688	45	280	9838887
22451	19052	698	46	280	9838897
22436	19011	701	46	280	9838907
22414	18973	697	46	281	9838917
22387	18939	700	46	281	9838927
22360	18908	702	46	281	9838937
22334	18881	701	47	281	9838947
22314	18860	697	47	281	9838957
22301	18845	695	48	281	9838967
22292	18835	677	48.5	281.5	9838987
22286	18828	597	49.6667	282	9839017
22299	18840	165	51	283	9839037
33
22566	19282	43	44	284	9839271
22551	19304	82	44	284	9839281
22551	19314	143	44	283	9839291
22541	19320	248	44	282.25	9839331
22534	19320	531	43.875	282	9839411
22541	19320	611	43	282	9839421
22547	19307	633	43	282	9839431
22556	19296	638	43	282	9839441
22566	19284	649	43	282	9839451
22578	19268	665	43	282	9839461
22590	19246	680	43	282	9839471
22605	19220	683	43	282	9839481
22620	19188	700	43	282	9839491
22635	19150	703	44	282	9839501
22648	19110	711	44	282	9839511
22655	19070	717	44	282	9839521
22655	19031	723	45	282	9839531
22655	18998	728	45	282	9839541
22648	18968	732	46	283	9839551
22633	18936	740	46	283	9839561
22613	18906	743	47	283	9839571
22590	18877	747	47	283	9839581
22566	18850	753	48	284	9839591
22541	18826	761	48	283	9839601
22518	18806	762	49	283	9839611
22502	18790	770	49	282	9839621
22489	18779	773	50	282	9839631
22481	18772	778	50	282	9839641
22474	18772	784	50	282	9839651
22474	18763	784	50	282	9839661
22466	18763	758	50	282.25	9839701
22481	18774	558	50	283	9839711
22498	18786	72	50	285	9839731
66
22622	19272	40	43	282	9839919
22608	19292	123	43	282	9839929
22601	19299	280	43	282	9839949
22590	19308	453	44	282	9840009
22604	19308	544	44	282	9840019
22618	19308	562	44	282	9840029
22635	19308	573	44	282	9840039
22654	19308	580	44	282	9840049
22674	19308	591	44	281	9840059
22697	19298	605	44	281	9840069
22727	19298	615	44	280	9840079
22767	19288	634	44	280	9840089
22810	19282	645	44	280	9840099
22855	19282	652	44	280	9840109
22899	19267	664	44	280	9840119
22939	19256	664	45	280	9840129
22980	19245	667	45	280	9840139
23016	19234	671	45	280	9840149
23048	19222	673	45	280	9840159
23079	19209	670	45	280	9840169
23104	19196	673	45	280	9840179
23126	19185	672	45	280	9840189
23145	19175	673	46	279	9840199
23160	19166	673	46	279	9840209
23172	19158	674	46	278	9840219
23180	19149	672	46	278	9840229
23188	19136	677	47	279	9840239
23196	19120	675	47	278	9840249
23204	19103	674	47	278	9840259
23211	19084	673	48	277	9840269
23218	19067	674	48	277	9840279
23218	19050	673	49	277	9840289
23225	19032	679	49	277	9840299
23225	19016	673	49	277	9840309
23225	19001	673	50	277	9840319
23219	18988	672	50	277	9840329
23219	18975	671	50	277	9840339
23206	18961	670	51	277	9840349
23200	18947	673	51	277	9840359
23192	18930	672	51	277	9840369
23183	18915	672	51	277	9840379
23172	18900	672	51	277	9840389
23156	18884	674	52	278	9840399
23136	18870	670	52	278	9840409
23115	18857	670	52	278	9840419
23092	18844	671	52	278	9840429
23069	18831	670	52	278	9840439
23040	18821	668	52	278	9840449
23009	18811	668	52	278	9840459
22974	18801	667	52	279	9840469
22935	18791	673	52	279	9840479
22897	18780	672	52	280	9840489
22859	18772	670	52	280	9840499
22820	18765	671	52	280	9840509
22785	18765	671	52	280	9840519
22748	18755	673	50	281	9840529
22710	18755	670	50	281	9840539
22674	18746	668	50	282	9840549
22640	18746	668	50	282	9840559
22609	18740	663	50	282	9840569
22581	18740	661	50	282	9840579
22556	18740	663	50	282	9840589
22535	18740	658	50	283	9840599
22519	18740	640	50	283	9840609
22511	18733	520	50	285	9840649
22520	18733	50	50	285	9840669
20
23207	19019	56	49	283	9841019
23219	19019	176	49	283	9841029
23226	19019	386	49	282	9841059
23226	19027	587	50	281.833	9841119
23246	19027	653	50	281	9841129
23272	19018	666	52	280	9841139
23313	19018	667	52	280	9841149
23371	19018	672	52	280	9841159
23450	19018	673	52	280	9841169
23543	19018	675	52	280	9841179
23642	19018	674	52	280	9841189
23738	19018	673	52	280	9841199
23819	19018	678	52	280	9841209
23885	19018	684	51	280	9841219
23940	19029	684	51	280	9841229
23982	19029	687	51	280	9841239
24012	19029	687	51	280	9841249
24030	19029	687	51	280	9841259
24037	19029	647	51	280	9841289
24029	19029	201	51	279	9841309
21
21648	18350	113	46	287	9841823
21597	18350	214	46	287	9841833
21571	18350	359	46	287	9841843
21556	18350	485	46	287	9841853
21548	18357	601	45.25	287	9841893
21555	18357	670	45	287	9841903
21576	18357	697	45	287	9841913
21613	18357	729	45	287	9841923
21673	18357	755	45	286	9841933
21758	18357	790	45	286	9841943
21859	18357	808	44	284	9841953
21974	18347	817	44	284	9841963
22081	18347	824	44	284	9841973
22166	18347	824	44	283	9841983
22222	18347	825	44	283	9841993
22248	18347	825	44	282	9842003
22256	18347	802	44	281.333	9842033
22245	18347	724	45	280	9842043
22229	18341	630	46	280	9842053
22204	18341	502	46	280	9842063
22170	18326	82	46	279	9842083
17
21677	18133	215	48	284	9842179
21610	18089	277	48	285	9842189
21588	18078	431	48	285	9842199
21576	18078	546	49	287	9842229
21589	18078	632	50	287	9842239
21622	18071	657	50	287	9842249
21677	18071	683	50	287	9842259
21758	18071	698	50	287	9842269
21858	18065	712	51	288	9842279
21969	18065	731	51	288	9842289
22077	18056	745	51	288	9842299
22169	18056	749	51	288	9842309
22235	18056	751	51	286	9842319
22281	18048	749	51	286	9842329
22305	18048	752	51	285	9842339
22318	18048	648	51	284.75	9842379
22301	18048	51	51	283.5	9842399
25
22199	18408	131	47	285	9842567
22189	18433	232	46	285	9842577
22189	18443	336	46	285	9842587
22189	18450	420	46	285	9842597
22183	18450	491	46	284	9842607
22183	18458	619	45.8333	282.667	9842667
22191	18442	664	46	280	9842677
22203	18420	679	46	280	9842687
22223	18387	700	46	280	9842697
22250	18345	709	46	280	9842707
22280	18291	716	46	280	9842717
22310	18229	721	46	281	9842727
22334	18167	724	46	281	9842737
22349	18105	727	46	281	9842747
22349	18051	729	48	280	9842757
22334	18002	728	48	280	9842767
22301	17958	736	48	279	9842777
22255	17920	735	49	279	9842787
22207	17886	733	49	279	9842797
22166	17858	732	49	280	9842807
22136	17837	732	50	281	9842817
22116	17822	726	49	282	9842827
22105	17815	693	50.3333	282.333	9842857
22105	17823	589	51	283	9842867
22127	17836	199	51	283	9842887
28
22473	18322	90	46	285	9843043
22453	18354	192	46	285	9843053
22453	18371	348	46	285	9843063
22445	18389	445	45	284	9843073
22445	18404	526	45	284	9843083
22445	18413	572	46	284	9843093
22439	18413	595	46	283.333	9843123
22439	18401	603	46	283	9843133
22445	18384	617	46	283	9843143
22456	18361	644	46	283	9843153
22476	18331	661	46	283	9843163
22503	18292	681	46	282	9843173
22531	18250	691	46	282	9843183
22561	18197	705	46	281	9843193
22587	18142	716	47	281	9843203
22602	18091	722	47	281	9843213
22602	18040	726	47	281	9843223
22590	17996	733	48	281	9843233
22563	17956	735	48	281	9843243
22527	17919	740	48	281	9843253
22489	17886	741	49	282	9843263
22455	17858	741	49	282	9843273
22428	17836	739	49	282	9843283
22411	17822	738	50	282	9843293
22403	17816	724	50.3333	282.333	9843323
22410	17816	647	51	283	9843333
22421	17830	505	52	283	9843343
22440	17846	36	52	283	9843363
53
22552	18332	65	45	282	9843559
22525	18350	115	46	283	9843569
22511	18358	235	46	283	9843579
22496	18365	309	46	283	9843589
22483	18372	392	46	282	9843599
22472	18372	454	46	282	9843609
22466	18382	543	46	281	9843649
22476	18382	582	46	281	9843659
22492	18382	593	46	281	9843669
22517	18373	619	46	281	9843679
22550	18366	653	46	281	9843689
22590	18356	667	46	281	9843699
22634	18345	679	46	281	9843709
22680	18333	693	46	281	9843719
22729	18320	703	46	281	9843729
22775	18306	705	46	281	9843739
22819	18291	710	46	281	9843749
22863	18276	709	46	281	9843759
22905	18260	713	46	281	9843769
22948	18244	716	46	281	9843779
22992	18227	717	46	281	9843789
23030	18210	716	46	281	9843799
23065	18192	718	47	280	9843809
23093	18175	717	47	280	9843819
23114	18159	718	47	279	9843829
23127	18144	718	48	279	9843839
23136	18131	717	48	279	9843849
23143	18120	716	48	279	9843859
23143	18106	718	49	278	9843869
23143	18091	714	49	278	9843879
23143	18077	709	50	277	9843889
23143	18059	713	50	277	9843899
23135	18041	712	50	277	9843909
23126	18022	710	51	276	9843919
23113	17997	710	51	276	9843929
23090	17973	708	52	275	9843939
23060	17951	705	52	275	9843949
23023	17930	702	52	275	9843959
22975	17911	698	52	275	9843969
22921	17891	695	53	277	9843979
22863	17874	689	53	277	9843989
22800	17857	687	53	278	9843999
22735	17839	687	53	278	9844009
22672	17823	686	53	278	9844019
22612	17807	687	53	279	9844029
22557	17793	688	53	279	9844039
22509	17782	687	53	281	9844049
22467	17773	688	52	280	9844059
22432	17773	689	52	280	9844069
22409	17764	686	51	281	9844079
22394	17764	658	51	282.333	9844109
22409	17764	534	51	283	9844119
22439	17771	121	51	283	9844139
22
23205	18064	160	48	280	9844343
23177	18064	285	48	280	9844353
23163	18064	429	49	279	9844363
23154	18064	562	49.5	279.5	9844383
23146	18064	655	51	279	9844393
23146	18071	683	51	279	9844403
23153	18071	699	52	278	9844413
23168	18071	708	52	278	9844423
23198	18080	706	53	278	9844433
23245	18080	710	53	278	9844443
23309	18080	718	53	278	9844453
23387	18087	720	53	278	9844463
23469	18087	722	53	278	9844473
23550	18087	726	53	278	9844483
23625	18095	728	53	278	9844493
23686	18102	727	53	278	9844503
23742	18112	727	53	278	9844513
23786	18122	728	53	278	9844523
23817	18131	726	53	278	9844533
23836	18131	706	53	278	9844543
23850	18139	631	53	278	9844553
23859	18139	216	52.5	278	9844573
18
21692	17419	261	48	289	9844967
21599	17396	366	48	289	9844977
21566	17396	483	48	289	9844987
21555	17396	599	48	287.667	9845017
21569	17396	665	48	287	9845027
21599	17396	682	48	286	9845037
21649	17396	703	48	286	9845047
21724	17396	712	48	286	9845057
21821	17396	725	48	286	9845067
21935	17396	729	48	286	9845077
22051	17386	733	48	286	9845087
22154	17386	735	48	286	9845097
22230	17375	732	48	285	9845107
22273	17375	705	48	285	9845117
22291	17375	632	48	284	9845137
22282	17368	517	48	284	9845147
22262	17368	404	48	284	9845157
22233	17359	85	48	283	9845177
20
21765	17209	53	49	285	9845275
21694	17189	165	49	285	9845285
21664	17189	282	49	287	9845295
21643	17189	375	50	287	9845305
21629	17189	446	50	287	9845315
21622	17189	501	50	288	9845325
21622	17183	575	49.5	288.5	9845345
21630	17183	637	49	289	9845355
21647	17175	672	49	289	9845365
21686	17175	690	49	289	9845375
21748	17175	704	49	289	9845385
21836	17165	718	49	289	9845395
21945	17158	731	50	288	9845405
22058	17158	737	50	288	9845415
22162	17146	740	50	287	9845425
22246	17146	741	50	287	9845435
22305	17146	743	50	287	9845445
22337	17146	735	50	286	9845455
22354	17146	652	50.6667	285.333	9845485
22346	17146	175	51	285	9845505
26
22192	17444	105	50	287	9845659
22192	17477	163	49	287	9845669
22192	17489	307	49	287	9845679
22192	17500	391	49	287	9845689
22185	17500	477	49	286	9845729
22185	17483	557	49	284	9845739
22198	17464	608	48	284	9845749
22210	17441	643	48	284	9845759
22227	17410	653	48	283	9845769
22246	17372	664	48	283	9845779
22268	17327	663	48	281	9845789
22284	17276	667	48	281	9845799
22290	17218	677	49	282	9845809
22290	17160	681	49	282	9845819
22268	17108	679	49	282	9845829
22246	17061	681	49	282	9845839
22222	17027	687	49	282	9845849
22198	16999	680	50	282	9845859
22171	16976	680	50	282	9845869
22146	16961	673	50	282	9845879
22124	16949	660	51	283	9845889
22108	16943	650	51	283	9845899
22100	16943	622	51	283	9845919
22108	16950	556	52	283	9845929
22122	16962	446	52	283	9845939
22143	16978	64	52	283	9845959
24
22414	17402	173	49	287	9846107
22383	17426	216	49	287	9846117
22372	17438	298	49	287	9846127
22365	17448	382	48	286	9846137
22365	17456	474	49	285.25	9846177
22380	17444	566	49	284	9846187
22395	17431	595	49	284	9846197
22422	17410	633	49	284	9846207
22455	17383	651	49	284	9846217
22489	17350	668	49	284	9846227
22524	17310	674	49	283	9846237
22548	17264	679	49	283	9846247
22564	17215	684	49	282	9846257
22564	17163	682	49	282	9846267
22550	17110	686	49	282	9846277
22526	17061	694	49	282	9846287
22491	17015	694	50	282	9846297
22456	16978	694	50	282	9846307
22422	16949	694	50	282	9846317
22395	16929	697	50	282	9846327
22377	16916	695	51	283	9846337
22366	16908	647	51.3333	283	9846367
22376	16918	448	52	283	9846377
22392	16931	36	52	283	9846397
49
22455	17396	126	48	284	9846583
22419	17414	268	48	284	9846593
22410	17421	353	49	284	9846603
22410	17427	472	49	284	9846643
22418	17427	531	49	283	9846653
22431	17427	553	49	283	9846663
22455	17427	572	49	282	9846673
22491	17419	611	49	282	9846683
22542	17410	622	49	282	9846693
22603	17397	644	49	282	9846703
22671	17384	668	48	281	9846713
22743	17369	675	48	281	9846723
22811	17353	679	48	281	9846733
22873	17336	682	48	281	9846743
22926	17321	683	48	281	9846753
22967	17306	682	48	281	9846763
23005	17291	683	48	281	9846773
23037	17276	683	49	282	9846783
23065	17261	682	49	282	9846793
23091	17242	684	49	282	9846803
23112	17225	682	49	282	9846813
23127	17208	686	50	281	9846823
23136	17192	689	50	281	9846833
23136	17178	684	50	280	9846843
23144	17165	681	51	280	9846853
23144	17154	682	51	280	9846863
23144	17141	687	51	280	9846873
23135	17127	687	51	279	9846883
23135	17112	687	52	279	9846893
23124	17096	685	52	278	9846903
23115	17077	682	52	278	9846913
23100	17059	683	52	278	9846923
23076	17040	683	52	278	9846933
23044	17022	686	53	278	9846943
23007	17007	683	53	278	9846953
22963	16993	687	53	278	9846963
22914	16979	689	53	278	9846973
22861	16967	681	53	278	9846983
22800	16954	687	53	279	9846993
22733	16941	679	53	279	9847003
22662	16930	678	53	281	9847013
22590	16917	679	53	281	9847023
22526	16905	681	53	281	9847033
22472	16895	680	53	281	9847043
22436	16886	680	52	282	9847053
22414	16886	678	52	282	9847063
22405	16879	642	52	283	9847093
22417	16879	507	52	283	9847103
22435	16886	103	52	283	9847123
19
23233	17177	133	48	279	9847355
23188	17167	210	49	279	9847365
23167	17167	374	49	279	9847375
23152	17167	468	50	280	9847385
23144	17167	614	50.75	278.75	9847425
23153	17167	682	51	277	9847435
23172	17167	697	51	277	9847445
23209	17174	703	51	277	9847455
23266	17174	712	51	277	9847465
23342	17174	714	51	277	9847475
23431	17174	722	51	277	9847485
23523	17174	731	51	277	9847495
23612	17174	734	51	277	9847505
23692	17174	733	51	277	9847515
23757	17174	733	51	277	9847525
23805	17174	736	51	277	9847535
23838	17182	735	51	277	9847545
23859	17182	731	51	277	9847555
23869	17182	410	51	277	9847615
19
21530	16346	244	48	289	9848179
21490	16340	372	48	289	9848189
21476	16340	461	48	289	9848199
21476	16354	525	48	289	9848219
21491	16361	572	48	289	9848229
21524	16361	612	48	289	9848239
21579	16361	642	48	288	9848249
21654	16361	679	48	288	9848259
21746	16361	692	48	288	9848269
21844	16361	715	48	288	9848279
21941	16361	722	48	287	9848289
22030	16361	725	48	287	9848299
22103	16361	729	48	286	9848309
22155	16361	733	48	286	9848319
22183	16368	728	48	286	9848329
22195	16368	706	48	284.667	9848359
22185	16368	602	48	284	9848369
22168	16368	489	48	284	9848379
22140	16359	139	48	284	9848399
18
21582	16174	211	50	288	9848499
21517	16128	278	50	288	9848509
21501	16119	439	50	290	9848519
21494	16119	543	50	290	9848539
21506	16119	604	50	290	9848549
21526	16119	643	50	291	9848559
21564	16119	686	50	291	9848569
21620	16119	710	51	293	9848579
21698	16119	729	51	292	9848589
21795	16125	738	51	292	9848599
21900	16125	741	51	291	9848609
22002	16135	746	51	291	9848619
22087	16135	750	51	291	9848629
22151	16142	751	51	291	9848639
22192	16142	747	51	290	9848649
22213	16151	748	51	290	9848659
22221	16151	624	52	288	9848699
22209	16151	32	52	288	9848719
26
22074	16449	173	48	290	9848863
22066	16466	253	48	290	9848873
22066	16477	368	48	291	9848883
22066	16487	449	48	291	9848893
22066	16496	533	48	289.667	9848923
22080	16496	583	48	289	9848933
22094	16487	626	48	289	9848943
22113	16470	651	49	288	9848953
22140	16446	672	48	287	9848963
22171	16411	690	48	286	9848973
22209	16371	701	48	286	9848983
22246	16319	710	48	285	9848993
22277	16264	717	49	285	9849003
22299	16206	728	49	284	9849013
22299	16149	732	49	284	9849023
22284	16096	738	49	284	9849033
22255	16047	738	50	285	9849043
22214	16004	739	50	285	9849053
22171	15964	738	50	285	9849063
22133	15930	738	50	285	9849073
22102	15903	736	51	285	9849083
22082	15883	736	51	285	9849093
22073	15872	722	51.6667	285.667	9849123
22083	15872	647	52	286	9849133
22097	15892	522	52	286	9849143
22117	15911	75	52	286	9849163
29
22312	16437	1	49	287	9849471
22292	16437	127	49	287	9849491
22284	16447	303	49	287	9849511
22284	16457	408	49	287	9849531
22291	16465	495	49	287	9849581
22298	16465	524	49	287	9849591
22298	16453	553	49	287	9849601
22310	16445	588	49	287	9849611
22319	16433	607	49	287	9849621
22331	16418	620	49	287	9849631
22345	16398	638	49	287	9849641
22362	16370	661	48	286	9849651
22379	16335	678	48	286	9849661
22397	16292	679	49	287	9849671
22411	16241	686	49	287	9849681
22418	16190	688	49	287	9849691
22418	16137	688	49	287	9849701
22410	16085	688	50	287	9849711
22395	16037	687	50	287	9849721
22377	15990	688	50	287	9849731
22351	15946	681	50	287	9849741
22324	15906	666	51	286	9849751
22295	15871	661	51	286	9849761
22270	15846	656	51	286	9849771
22252	15829	641	52	287	9849781
22239	15822	632	52	287	9849791
22232	15822	583	52	288	9849811
22232	15832	472	52	289	9849821
22232	15841	115	52	289	9849841
40
22423	16403	139	49	287	9850343
22384	16403	215	49	287	9850353
22369	16409	325	49	287	9850363
22355	16416	423	49	285	9850373
22344	16416	470	49	285	9850383
22336	16425	528	49	284	9850423
22344	16425	549	49	284	9850433
22361	16425	560	49	284	9850443
22388	16416	600	48	284	9850453
22428	16408	615	48	284	9850463
22484	16398	634	48	284	9850473
22551	16384	660	48	284	9850483
22625	16369	678	48	284	9850493
22697	16352	686	48	284	9850503
22760	16332	686	48	284	9850513
22813	16316	693	48	284	9850523
22856	16298	690	48	284	9850533
22892	16277	688	48	284	9850543
22922	16255	693	48	284	9850553
22948	16227	691	49	284	9850563
22965	16202	688	49	284	9850573
22976	16177	690	49	284	9850583
22976	16150	695	49	284	9850593
22976	16124	696	50	285	9850603
22958	16098	700	50	285	9850613
22933	16073	697	50	285	9850623
22894	16048	693	50	285	9850633
22844	16026	688	51	285	9850643
22781	16003	679	51	285	9850653
22709	15983	680	51	285	9850663
22635	15963	680	51	285	9850673
22562	15944	681	51	285	9850683
22499	15926	681	52	286	9850693
22448	15910	682	52	284	9850703
22413	15898	682	52	284	9850713
22395	15891	686	52	283	9850723
22386	15891	677	52	283	9850753
22395	15891	657	52	284	9850763
22404	15891	589	52	284	9850773
22420	15900	190	52	286	9850793
20
23041	16139	165	46	283	9851056
22983	16139	190	47	283	9851066
22959	16139	296	48	284	9851076
22942	16151	380	49	284	9851085
22932	16159	499	49.5	284.5	9851105
22932	16167	562	50	285	9851115
22943	16167	589	50	285	9851125
22972	16175	604	51	285	9851135
23018	16175	627	51	285	9851145
23081	16182	644	51	285	9851155
23155	16182	661	51	285	9851165
23235	16189	668	51	285	9851175
23321	16189	669	51	285	9851185
23406	16197	667	51	284	9851195
23490	16197	671	51	284	9851205
23570	16209	670	51	283	9851215
23640	16209	664	51	283	9851225
23698	16218	630	50	282	9851235
23735	16218	560	50	282	9851245
23756	16218	162	50	281	9851265
23
21525	15305	188	51	291	9851820
21510	15312	266	51	291	9851830
21496	15318	339	51	291	9851840
21476	15326	384	51	291	9851850
21463	15326	424	51	291	9851860
21450	15335	465	51	291	9851870
21439	15335	506	51	291	9851880
21430	15335	568	51	290	9851900
21421	15335	634	51.6667	288	9851930
21430	15335	671	51	288	9851940
21449	15335	689	51	288	9851950
21485	15335	697	51	288	9851960
21543	15335	704	51	288	9851969
21619	15335	715	51	288	9851979
21708	15335	718	51	288	9851989
21799	15343	717	51	288	9851999
21882	15343	716	51	288	9852009
21949	15343	717	51	288	9852019
21995	15343	712	51	288	9852029
22021	15343	711	51	288	9852039
22034	15343	654	51	288	9852099
22020	15343	399	51	288	9852109
22006	15333	36	51	288	9852129
20
21402	15160	118	51	291	9852296
21373	15137	265	51	291	9852306
21364	15137	374	51	291	9852316
21364	15130	424	51	291	9852326
21357	15130	466	51	291	9852346
21369	15123	519	51	291	9852356
21390	15123	546	51	291	9852366
21426	15117	569	51	291	9852376
21480	15117	599	52	292	9852386
21549	15117	605	52	290	9852396
21629	15117	621	52	290	9852406
21714	15117	630	52	289	9852416
21798	15125	631	52	289	9852426
21876	15125	632	52	289	9852436
21944	15134	630	53	290	9852446
21994	15134	630	53	290	9852456
22028	15134	621	53	290	9852466
22047	15134	597	53	290	9852476
22053	15134	523	52.5	289.5	9852496
22042	15134	172	52	289	9852516
23
21898	15391	264	51	288	9852692
21885	15418	341	51	288	9852702
21879	15429	467	51	288	9852712
21879	15444	520	51	288	9852722
21870	15444	561	51	288	9852742
21877	15444	585	51	288	9852752
21887	15429	607	51	288	9852762
21907	15413	629	51	288	9852772
21935	15387	637	51	288	9852782
21969	15356	642	51	288	9852792
22007	15314	649	50	287	9852802
22042	15267	648	51	288	9852812
22069	15217	650	51	288	9852822
22083	15166	652	51	288	9852832
22074	15118	646	51	286	9852842
22045	15074	642	51	286	9852852
22004	15036	633	52	286	9852862
21959	15003	621	52	286	9852872
21920	14976	604	52	286	9852882
21894	14955	589	52	286	9852892
21878	14941	573	53	286	9852902
21871	14934	502	53	286	9852922
21881	14934	154	53.5	286.5	9852942
23
22067	15357	150	49	289	9853128
22060	15371	260	49	289	9853138
22051	15381	324	49	289	9853148
22051	15390	402	50	290	9853158
22051	15404	496	50.75	289.25	9853198
22061	15386	555	52	288	9853208
22072	15364	580	51	288	9853218
22090	15336	603	51	288	9853228
22114	15298	612	51	286	9853238
22142	15257	621	51	286	9853248
22171	15214	636	51	285	9853258
22197	15171	642	51	285	9853268
22217	15134	651	52	286	9853278
22226	15102	661	52	286	9853288
22226	15069	673	52	286	9853298
22207	15038	670	52	284	9853308
22176	15006	670	53	285	9853318
22138	14975	665	53	284	9853328
22097	14947	653	53	284	9853338
22061	14922	631	53	284	9853348
22033	14903	596	54	284	9853358
22017	14890	553	54	284	9853368
22010	14883	300	54	285.333	9853398
39
22169	15335	11	51	286	9853664
22162	15344	73	51.5	285.5	9853684
22155	15344	157	52	286	9853704
22142	15351	217	52	286	9853714
22136	15358	290	52	284	9853734
22128	15358	445	52	283	9853774
22128	15365	542	52	283	9853784
22136	15365	563	51	283	9853794
22143	15365	585	51	283	9853804
22156	15365	599	51	283	9853814
22178	15356	643	51	283	9853824
22212	15346	668	51	283	9853834
22259	15334	694	51	283	9853844
22315	15319	715	51	283	9853854
22381	15299	727	51	283	9853864
22451	15278	731	51	283	9853874
22515	15253	735	51	283	9853884
22572	15227	740	51	283	9853894
22616	15203	740	51	283	9853904
22646	15180	739	51	283	9853914
22666	15159	744	52	283	9853924
22681	15139	742	52	283	9853934
22691	15119	741	52	283	9853944
22691	15100	737	52	283	9853954
22691	15080	741	52	283	9853964
22682	15060	741	52	283	9853974
22659	15040	738	53	284	9853984
22624	15017	731	53	284	9853994
22576	14997	721	53	284	9854004
22512	14977	714	53	284	9854014
22437	14959	701	53	284	9854024
22355	14942	698	54	284	9854034
22275	14925	697	54	284	9854044
22205	14909	701	54	284	9854054
22148	14895	700	54	284	9854064
22108	14884	696	54	284	9854074
22082	14877	691	54	284	9854084
22070	14877	605	54	284	9854113
22091	14877	133	54	285	9854133
13
22736	15138	318	48	281	9854368
22714	15132	414	49	282	9854378
22708	15124	559	50	282.333	9854408
22730	15124	636	51	283	9854418
22764	15132	651	52	283	9854428
22815	15132	663	52	283	9854438
22883	15139	665	52	283	9854448
22963	15139	672	52	283	9854458
23047	15139	666	53	284	9854468
23125	15139	662	53	284	9854478
23190	15139	619	53	284	9854488
23238	15146	531	53	284	9854498
23273	15146	129	53	282	9854518
20
21508	14300	221	50	280	9861464
21478	14300	290	50	280	9861474
21456	14308	424	51	279	9861484
21437	14308	502	51	279	9861494
21420	14308	549	52	278	9861504
21413	14308	587	52.5	278	9861524
21433	14301	633	53	278	9861534
21469	14301	657	54	277	9861544
21528	14301	680	54	277	9861554
21612	14301	695	54	275	9861564
21708	14301	703	54	275	9861574
21809	14301	718	54	275	9861584
21904	14294	716	54	275	9861594
21992	14294	717	54	275	9861604
22066	14294	721	54	274	9861614
22124	14294	718	54	274	9861624
22166	14294	714	54	273	9861634
22187	14294	696	54	273	9861644
22197	14294	626	54	273	9861664
22185	14282	199	54	273	9861684
15
21405	14048	347	51	280	9861848
21379	14039	439	51	280	9861858
21379	14031	503	52	280	9861878
21397	14031	531	52	280	9861888
21431	14031	564	53	281	9861898
21492	14031	585	53	281	9861908
21585	14031	592	54	281	9861918
21704	14043	597	54	281	9861928
21834	14050	605	55	282	9861938
21960	14056	604	56	280	9861948
22065	14056	606	57	281	9861958
22143	14065	603	57	279	9861968
22192	14065	599	57	279	9861978
22218	14065	587	57	278	9861988
22229	14065	296	58	276.5	9862028
19
22076	14452	276	52	289	9862216
22076	14468	322	53	288	9862226
22083	14468	422	53	288	9862236
22095	14468	449	54	287	9862246
22113	14456	491	54	286	9862256
22137	14437	528	54	286	9862266
22167	14407	566	54	284	9862276
22200	14363	620	54	283	9862286
22237	14306	638	54	281	9862296
22266	14240	651	55	280	9862306
22284	14169	671	55	279	9862316
22284	14091	679	55	277	9862326
22277	14027	683	55	276	9862336
22256	13968	681	56	274	9862346
22230	13916	676	56	274	9862356
22201	13879	654	56	273	9862366
22178	13845	589	56	273	9862376
22161	13823	446	57	273	9862386
22151	13814	7	57	273	9862406
19
22371	14410	207	51	281	9862604
22365	14433	267	52	280	9862614
22365	14441	408	53.6	278	9862664
22376	14418	502	55	276	9862674
22388	14396	541	55	276	9862684
22408	14366	588	55	274	9862694
22432	14325	637	54	274	9862704
22464	14276	665	54	273	9862714
22495	14217	692	55	273	9862724
22519	14157	709	55	271	9862734
22535	14097	717	55	271	9862744
22535	14037	721	55	270	9862754
22521	13981	726	56	270	9862764
22496	13927	728	56	270	9862774
22464	13876	726	56	270	9862784
22434	13834	724	57	270	9862794
22410	13800	718	57	270	9862804
22395	13779	715	57	270	9862814
22389	13769	425	58	270.667	9862844
36
22384	14396	44	55	274	9863200
22384	14402	194	54.3333	273.333	9863230
22395	14402	291	54	273	9863240
22408	14402	344	54	273	9863250
22428	14389	396	54	273	9863260
22460	14380	471	54	271	9863270
22504	14366	513	54	271	9863280
22556	14350	546	54	270	9863290
22612	14331	583	54	270	9863300
22667	14310	602	54	270	9863310
22721	14286	618	54	270	9863320
22770	14262	628	54	270	9863330
22815	14236	638	55	270	9863340
22857	14209	647	55	270	9863350
22894	14182	653	55	270	9863360
22926	14153	659	55	270	9863370
22952	14123	658	56	269	9863380
22971	14096	660	56	269	9863390
22980	14062	664	56	267	9863400
22980	14036	674	56	267	9863410
22967	14010	681	57	267	9863420
22944	13984	688	57	267	9863430
22911	13963	692	57	267	9863440
22868	13936	690	57	267	9863450
22813	13909	686	58	267	9863460
22746	13884	685	58	267	9863470
22668	13859	682	58	267	9863480
22586	13836	682	58	267	9863490
22510	13815	678	58	267	9863500
22448	13798	682	58	268	9863510
22407	13786	682	58	268	9863520
22385	13779	687	58	270	9863530
22377	13779	682	58	270	9863550
22389	13779	650	58	270	9863560
22406	13785	598	58	270	9863570
22430	13793	178	58	270	9863590
17
22935	14099	306	53	278	9863784
22901	14092	443	53	278	9863794
22893	14092	537	53	278	9863814
22900	14092	614	54	277	9863824
22922	14092	659	54	277	9863834
22962	14092	680	54	275	9863844
23021	14092	691	55	274	9863854
23095	14092	696	56	273	9863864
23175	14092	701	56	271	9863874
23251	14092	704	57	270	9863884
23321	14092	709	57	270	9863894
23377	14092	708	57	270	9863904
23423	14092	698	57	270	9863914
23460	14092	680	57	268	9863924
23485	14092	628	57	268	9863934
23502	14092	504	57	267	9863944
23510	14092	33	57	267	9863964
21
21582	13091	275	47	290	9864588
21523	13111	310	48	290	9864598
21495	13119	443	49	289	9864608
21461	13126	518	50	289	9864618
21443	13126	572	51	290	9864628
21434	13135	605	52	288	9864648
21448	13135	627	52	288	9864658
21480	13135	650	52	289	9864668
21535	13135	664	53	288	9864678
21611	13135	681	53	288	9864688
21708	13127	695	53	286	9864698
21814	13127	709	53	286	9864708
21925	13114	716	53	286	9864718
22031	13106	721	53	286	9864728
22124	13096	728	53	285	9864738
22197	13087	727	53	285	9864748
22241	13087	720	53	284	9864758
22265	13077	716	53	284	9864768
22272	13077	673	53	284	9864788
22255	13077	580	53	284	9864798
22230	13077	188	53	284	9864818
19
21585	12940	368	52	287	9864924
21515	12909	398	52	287	9864934
21495	12902	485	52	288	9864944
21486	12902	558	52	288	9864964
21495	12893	591	52	288	9864974
21519	12893	623	52	288	9864984
21561	12882	640	52	288	9864994
21622	12882	667	52	289	9865004
21701	12882	680	52	289	9865014
21788	12882	693	52	289	9865024
21885	12882	702	52	289	9865034
21989	12882	710	52	289	9865044
22083	12882	712	52	289	9865054
22166	12882	716	52	289	9865064
22226	12882	717	53	288	9865074
22264	12882	718	53	288	9865084
22288	12882	721	53	286	9865094
22300	12882	689	53	286	9865134
22291	12882	232	53	286	9865154
23
22137	13236	84	49	292	9865312
22130	13268	241	49	292	9865322
22130	13283	355	48	291	9865332
22130	13293	423	48	290	9865342
22130	13300	485	48	289.5	9865362
22145	13292	519	49	289	9865372
22166	13278	571	50	288	9865382
22196	13256	619	50	288	9865392
22232	13224	646	51	288	9865402
22275	13183	672	51	288	9865412
22314	13136	689	52	287	9865422
22348	13085	704	52	287	9865432
22371	13032	715	52	286	9865442
22381	12978	724	53	286	9865452
22381	12926	735	53	286	9865462
22358	12873	740	53	286	9865472
22331	12825	738	53	286	9865482
22301	12784	740	53	285	9865492
22274	12752	733	53	285	9865502
22256	12730	729	54	284	9865512
22244	12718	701	54	284	9865542
22244	12728	581	54	284	9865552
22254	12745	117	54	284	9865572
23
22472	13220	252	50	290	9865708
22432	13247	299	50	290	9865718
22416	13258	397	50	290	9865728
22397	13269	470	49	289	9865738
22388	13275	522	49.3333	288.667	9865768
22388	13264	553	50	289	9865778
22401	13248	585	51	288	9865788
22417	13223	622	51	288	9865798
22439	13190	644	52	288	9865808
22463	13147	675	52	288	9865818
22489	13096	695	52	289	9865828
22514	13045	707	53	288	9865838
22535	12987	721	53	288	9865848
22548	12934	720	53	286	9865858
22548	12882	726	53	286	9865868
22548	12831	731	53	286	9865878
22529	12787	728	53	286	9865888
22505	12746	732	53	286	9865898
22483	12714	731	54	287	9865908
22462	12692	731	54	287	9865918
22446	12678	727	54	287	9865928
22439	12678	636	54	287	9865958
22439	12695	33	54	287	9865978
43
22533	13250	97	49	287	9866176
22502	13264	200	49	287	9866186
22493	13272	298	49	287	9866196
22485	13280	362	50	287	9866206
22478	13280	417	50	287	9866216
22478	13287	477	50.5	286.5	9866236
22471	13287	529	51	285.5	9866256
22484	13277	556	51	285	9866266
22500	13270	574	51	285	9866276
22529	13257	606	51	285	9866286
22572	13241	629	51	285	9866296
22632	13222	651	51	285	9866306
22704	13198	674	51	285	9866316
22784	13178	680	52	286	9866326
22866	13155	686	52	286	9866336
22950	13132	694	52	284	9866346
23031	13108	700	52	284	9866356
23106	13082	703	52	283	9866366
23173	13056	706	52	283	9866376
23230	13030	705	52	283	9866386
23277	13004	710	52	282	9866396
23314	12980	707	53	282	9866406
23340	12956	705	53	281	9866416
23353	12934	712	53	281	9866426
23353	12913	720	54	280	9866436
23340	12895	718	54	280	9866446
23317	12875	727	54	278	9866456
23280	12854	724	54	278	9866466
23232	12832	718	54	278	9866476
23173	12807	716	54	278	9866486
23101	12783	710	54	278	9866496
23025	12759	710	54	278	9866506
22950	12734	712	54	278	9866516
22880	12713	715	54	278	9866526
22815	12693	715	54	278	9866536
22759	12678	715	54	278	9866546
22710	12668	715	54	280	9866556
22671	12660	716	54	280	9866566
22642	12660	710	53	281	9866576
22625	12660	700	53	281	9866586
22616	12660	652	53	281.5	9866606
22622	12660	569	53	282	9866616
22641	12660	176	53	284	9866636
16
23368	12967	202	51	281	9866880
23350	12967	299	51	281	9866890
23340	12967	453	53	281	9866900
23330	12967	604	53	281	9866940
23355	12967	667	53	281	9866950
23392	12973	673	53	281	9866960
23448	12973	678	53	281	9866970
23523	12973	683	53	281	9866980
23605	12981	681	53	281	9866990
23686	12981	681	54	280	9867000
23761	12981	684	54	280	9867010
23824	12981	684	54	278	9867020
23875	12981	682	54	278	9867030
23912	12981	671	54	278	9867040
23934	12981	653	54	278	9867050
23946	12981	346	54	278	9867080
22
21547	12160	237	51	291	9867544
21479	12152	249	52	292	9867554
21436	12152	396	52	292	9867564
21406	12160	470	52	290	9867574
21382	12160	531	52	290	9867584
21368	12160	566	52	289	9867604
21379	12160	595	52	289	9867614
21414	12160	617	53	290	9867624
21472	12160	640	53	290	9867634
21559	12160	666	53	290	9867644
21666	12160	687	53	290	9867654
21787	12160	698	53	290	9867664
21912	12160	704	54	290	9867674
22026	12160	709	54	290	9867684
22125	12160	710	55	289	9867694
22200	12160	708	55	289	9867704
22247	12160	706	55	287	9867714
22275	12160	702	55	287	9867724
22284	12160	676	55	287	9867744
22269	12160	614	55	287	9867754
22245	12160	530	55	287	9867764
22209	12160	167	55	287	9867784
21
21685	12090	241	54	287	9867852
21534	12048	294	54	288	9867862
21480	12032	358	54	288	9867872
21446	12021	454	53	290	9867882
21427	12021	512	53	290	9867892
21420	12011	558	53	290	9867912
21447	12002	619	53	290	9867922
21492	12002	647	53	290	9867932
21562	12002	679	53	290	9867942
21658	12002	704	53	290	9867952
21769	12002	729	53	290	9867962
21890	12010	747	53	290	9867972
22007	12010	756	53	290	9867982
22111	12010	763	53	290	9867992
22197	12010	764	53	290	9868002
22256	12010	763	54	288	9868012
22293	12010	763	54	288	9868022
22313	12010	763	54	287	9868032
22322	12010	722	54	287	9868062
22309	12010	569	54	287	9868072
22293	12010	118	54	287	9868092
21
22145	12325	279	49	292	9868256
22126	12342	287	48	291	9868266
22116	12342	391	48	291	9868276
22110	12351	463	49	290.333	9868306
22130	12335	558	50	290	9868316
22161	12312	614	50	289	9868326
22200	12283	638	51	290	9868336
22246	12247	680	52	288	9868346
22293	12207	695	53	288	9868356
22334	12167	703	53	288	9868366
22374	12122	710	53	286	9868376
22396	12077	726	54	287	9868386
22404	12029	730	54	287	9868396
22404	11981	741	54	287	9868406
22379	11938	746	54	287	9868416
22358	11902	750	54	286	9868426
22336	11876	752	54	286	9868436
22320	11857	748	55	285	9868446
22308	11843	739	55	285	9868456
22302	11836	640	55	285	9868496
22315	11844	182	55	285	9868516
27
22491	12291	295	49	289	9868672
22442	12300	310	49	289	9868682
22425	12300	408	49	289	9868692
22412	12313	472	49	289	9868702
22405	12313	491	50	288	9868712
22405	12320	509	50.5	288.5	9868732
22405	12313	534	51	288	9868742
22416	12301	577	52	288	9868752
22433	12282	629	52	288	9868762
22457	12254	656	52	289	9868772
22490	12223	681	52	289	9868782
22530	12191	702	53	290	9868792
22569	12155	722	54	288	9868802
22602	12116	731	54	288	9868812
22626	12072	749	54	287	9868822
22635	12025	756	54	287	9868832
22635	11977	762	54	287	9868842
22623	11930	763	54	287	9868852
22604	11888	765	55	287	9868862
22581	11851	769	55	287	9868872
22560	11823	765	55	287	9868882
22543	11804	765	55	287	9868892
22530	11792	761	55	287	9868902
22523	11792	756	55	287	9868912
22523	11786	716	55	287	9868932
22523	11795	568	55	287	9868942
22536	11809	65	55	287	9868962
44
22562	12233	96	51	288	9869140
22513	12233	126	51	288	9869150
22492	12241	227	51	288	9869160
22478	12241	304	52	288	9869170
22469	12248	384	52	288	9869190
22461	12248	460	52.6667	288.667	9869220
22468	12248	504	54	288	9869230
22476	12248	529	55	287	9869240
22493	12239	545	55	287	9869250
22526	12233	575	55	287	9869260
22575	12224	592	55	287	9869270
22644	12213	620	55	287	9869280
22726	12198	645	55	287	9869290
22815	12180	653	55	287	9869300
22904	12159	663	55	287	9869310
22988	12135	672	55	287	9869320
23062	12111	678	55	287	9869330
23126	12088	683	55	286	9869340
23177	12065	686	55	286	9869350
23220	12043	687	55	285	9869360
23253	12024	689	55	285	9869370
23276	12007	687	55	285	9869380
23288	11991	695	55	283	9869390
23288	11975	712	55	283	9869400
23288	11959	720	54	281	9869410
23275	11941	720	54	281	9869420
23255	11922	722	54	281	9869430
23227	11902	721	54	281	9869440
23190	11879	721	55	280	9869450
23145	11857	721	55	280	9869460
23094	11834	717	55	279	9869470
23036	11813	718	55	279	9869480
22972	11793	718	55	279	9869490
22902	11774	712	55	280	9869500
22824	11757	711	55	280	9869510
22744	11740	715	54	281	9869520
22669	11724	711	54	281	9869530
22607	11712	713	54	281	9869540
22566	11704	711	54	281	9869550
22545	11704	710	54	283	9869560
22538	11704	698	54	283	9869570
22545	11704	682	54	284	9869580
22561	11704	620	54	284	9869590
22587	11716	232	54	284	9869610
18
23322	11986	25	52	286	9869804
23276	11980	161	52	284	9869814
23259	11971	299	52	284	9869824
23247	11971	406	53	284	9869834
23239	11971	562	53.6	283.6	9869884
23259	11971	647	54	281	9869894
23280	11971	659	54	281	9869904
23311	11971	665	54	281	9869914
23352	11971	671	54	281	9869924
23409	11971	678	54	281	9869934
23481	11971	678	54	281	9869944
23565	11971	677	54	281	9869954
23653	11971	672	54	281	9869964
23734	11971	659	54	281	9869974
23803	11971	651	54	281	9869984
23856	11971	630	54	281	9869994
23890	11965	596	54	281	9870004
23907	11965	267	54	281	9870034
21
21158	11060	259	46	286	9872968
21091	11072	335	46	286	9872978
21074	11080	490	46	285	9872988
21063	11088	598	47	285	9873008
21056	11096	660	47.6667	285.667	9873038
21072	11096	714	48	286	9873048
21110	11088	758	49	287	9873058
21186	11088	789	49	285	9873068
21295	11078	817	49	285	9873078
21434	11071	829	49	284	9873088
21576	11071	836	49	284	9873098
21705	11060	840	49	284	9873108
21813	11060	850	49	284	9873118
21893	11060	850	49	284	9873128
21945	11052	851	49	284	9873138
21974	11052	847	49	283	9873148
21985	11052	828	49	282.333	9873178
21967	11052	757	49	282	9873188
21942	11044	690	49	282	9873198
21905	11036	555	49	282	9873208
21859	11022	114	49	282.5	9873228
19
21286	10842	90	49	285	9873304
21147	10791	237	49	287	9873314
21087	10778	320	49	287	9873324
21034	10778	448	49	287	9873334
20993	10778	520	49	287	9873344
20966	10778	573	49	287	9873354
20954	10778	629	49	287	9873374
20971	10778	686	49	287	9873384
21013	10778	717	49	287	9873394
21082	10770	728	49	287	9873404
21179	10770	755	49	287	9873414
21297	10764	767	49	287	9873424
21421	10764	775	49	287	9873434
21541	10764	784	49	287	9873444
21648	10764	786	49	287	9873454
21730	10764	784	49	287	9873464
21786	10764	777	49	287	9873474
21819	10764	767	49	287	9873484
21833	10764	533	49	284.4	9873534
23
21775	11177	204	44	284	9873712
21775	11206	280	44	284	9873722
21775	11223	409	44	284	9873732
21775	11233	476	45	284	9873742
21765	11233	526	45	284	9873762
21779	11233	552	46	285	9873772
21794	11218	575	47	285	9873782
21817	11195	626	47	285	9873792
21847	11159	658	48	286	9873802
21883	11112	682	48	286	9873812
21920	11056	696	49	287	9873822
21953	10996	704	49	287	9873832
21978	10932	718	49	287	9873842
21990	10872	724	49	287	9873852
21990	10812	734	50	287	9873862
21969	10758	739	50	287	9873872
21938	10712	740	50	287	9873882
21907	10675	739	50	287	9873892
21880	10648	741	50	287	9873902
21860	10631	741	49	287	9873912
21852	10621	718	49	287	9873962
21859	10632	481	49	287	9873972
21874	10645	1	49	287	9873992
24
22027	11153	59	48	289	9874256
22039	11153	132	48	289	9874266
22039	11160	323	48	289	9874306
22039	11167	500	48	289	9874356
22046	11160	561	48	289	9874366
22057	11149	601	49	288	9874376
22073	11133	626	49	288	9874386
22094	11111	638	49	287	9874396
22119	11077	666	49	287	9874406
22143	11035	675	49	287	9874416
22163	10990	682	49	285	9874426
22177	10934	689	49	285	9874436
22184	10880	697	49	284	9874446
22184	10827	700	49	284	9874456
22171	10774	702	49	284	9874466
22156	10729	700	49	283	9874476
22139	10691	704	49	283	9874486
22122	10660	703	49	282	9874496
22096	10631	704	49	282	9874506
22078	10612	704	49	282	9874516
22063	10597	702	50	282	9874526
22052	10588	670	50	282	9874566
22069	10605	478	50	283	9874576
22088	10622	46	50	284	9874596
41
22148	11109	99	48	284	9874764
22121	11135	139	48	284	9874774
22107	11146	229	48	284	9874784
22094	11155	331	48	284	9874794
22083	11161	397	48	284	9874804
22076	11161	461	48	284	9874814
22076	11168	534	49	283	9874854
22092	11168	585	49	282	9874864
22115	11157	610	49	282	9874874
22154	11146	625	50	282	9874884
22204	11132	652	50	282	9874894
22264	11113	667	50	281	9874904
22329	11093	677	50	281	9874914
22395	11068	686	51	280	9874924
22464	11043	694	50	280	9874934
22530	11017	700	50	280	9874944
22591	10989	705	50	280	9874954
22642	10959	707	50	280	9874964
22685	10930	710	50	280	9874974
22717	10901	711	50	280	9874984
22740	10876	710	50	280	9874994
22753	10855	710	50	278	9875004
22753	10836	713	50	278	9875014
22753	10819	715	50	277	9875024
22740	10798	714	50	277	9875034
22721	10778	717	50	277	9875044
22690	10750	715	50	277	9875054
22654	10723	716	50	278	9875064
22609	10695	710	50	278	9875074
22553	10666	709	50	280	9875084
22490	10641	710	50	280	9875094
22418	10617	707	50	280	9875104
22347	10597	709	50	278	9875114
22279	10580	710	50	278	9875124
22219	10567	709	50	278	9875134
22169	10558	709	50	278	9875144
22130	10550	709	50	280	9875154
22105	10550	704	50	280	9875164
22093	10550	640	50	280	9875194
22115	10550	453	50	280	9875204
22143	10550	25	50	280	9875224
16
22772	10864	153	48	279	9875460
22748	10852	238	48	280	9875470
22737	10852	524	48.25	280.75	9875510
22752	10859	630	49	282	9875520
22776	10859	659	49	282	9875530
22815	10859	675	49	282	9875540
22876	10859	708	49	282	9875550
22964	10859	717	49	282	9875560
23068	10859	739	49	282	9875570
23180	10859	746	50	281	9875580
23289	10859	755	50	281	9875590
23384	10867	756	50	280	9875600
23460	10867	757	50	280	9875610
23511	10873	757	50	280	9875620
23541	10873	746	50	278	9875630
23551	10873	415	50	277.333	9875660
