4
56
4540	9586	447	67	343	10226412
4555	9662	428	59	348	10226422
4555	9703	455	53	351	10226432
4533	9741	519	45	353	10226442
4514	9769	568	46	352	10226452
4503	9783	586	47.5	350	10226472
4503	9763	606	48	349	10226482
4503	9718	623	49	348	10226492
4514	9655	634	50	347	10226502
4520	9571	653	51	346	10226512
4528	9482	659	52	344	10226522
4528	9404	663	53	344	10226532
4540	9336	670	54	343	10226542
4540	9291	672	55	341	10226552
4548	9267	673	55	340	10226562
4548	9254	678	56.5	339.5	10226582
4555	9281	678	58	338	10226592
4555	9323	672	58	338	10226602
4566	9386	660	58	338	10226612
4574	9469	644	58	338	10226622
4574	9567	633	58	338	10226632
4582	9673	625	58	338	10226642
4582	9788	620	58	338	10226652
4582	9889	622	58	338	10226662
4582	9965	632	58	338	10226672
4589	10008	634	58	338	10226682
4589	10019	642	58	337	10226692
4589	10002	642	58	337	10226702
4595	9963	649	58	335	10226712
4605	9901	653	58	335	10226722
4621	9817	653	57	334	10226732
4644	9725	656	57	334	10226742
4670	9631	657	57	334	10226752
4698	9548	657	58	331	10226762
4722	9483	658	58	331	10226772
4739	9435	658	58	330	10226782
4747	9406	658	58	330	10226792
4747	9390	654	58	330	10226802
4747	9384	638	58	330	10226812
4733	9384	603	58	330	10226822
4713	9395	552	58	330	10226832
4684	9411	534	58	330	10226842
4643	9430	504	58	330	10226852
4590	9448	493	58	331	10226862
4530	9461	493	58	333	10226872
4465	9461	508	57	334	10226882
4404	9461	519	57	334	10226892
4355	9451	527	57	334	10226902
4324	9441	533	57	334	10226912
4314	9433	532	57	334	10226922
4327	9433	553	57	334	10226932
4364	9433	567	57	334	10226942
4425	9433	574	57	334	10226952
4499	9442	566	57	334	10226962
4581	9452	518	57	334	10226972
4659	9464	194	57	334	10226992
7
5002	9500	605	56	337	10227096
5040	9462	625	56	337	10227106
5032	9454	622	56	337	10227116
5021	9454	626	56	337	10227126
5006	9454	625	56	337	10227136
4988	9454	535	56	337	10227156
4996	9454	121	56	337	10227176
42
5266	9741	521	57	332	10227296
5283	9790	531	57	332	10227306
5283	9802	589	57	332	10227316
5277	9809	632	57	332	10227336
5277	9798	646	57	332	10227346
5277	9773	649	57	332	10227356
5283	9733	652	57	332	10227366
5292	9679	652	57	332	10227376
5299	9616	650	57	332	10227386
5299	9555	653	56	331	10227396
5306	9503	654	56	331	10227406
5306	9463	655	56	331	10227416
5299	9437	651	56	331	10227426
5299	9425	645	56	331	10227436
5292	9425	629	56	331	10227446
5292	9436	602	56	331	10227456
5282	9461	583	56	331	10227466
5282	9500	565	56	331	10227476
5270	9553	553	56	331	10227486
5270	9619	557	56	331	10227496
5270	9692	564	56	331	10227506
5270	9767	564	56	331	10227516
5270	9838	564	56	331	10227526
5291	9896	567	56	331	10227536
5310	9934	574	56	331	10227546
5330	9954	588	56	331	10227556
5353	9954	603	56	331	10227566
5377	9941	612	56	331	10227576
5405	9913	617	56	331	10227586
5435	9872	623	56	331	10227596
5461	9829	630	56	331	10227606
5479	9788	637	56	331	10227616
5479	9756	641	56	331	10227626
5479	9731	641	57	330	10227636
5456	9713	638	57	330	10227646
5427	9703	622	58	329	10227656
5394	9703	601	58	329	10227666
5360	9713	585	58	329	10227676
5328	9734	548	58	329	10227686
5303	9764	520	58	329	10227696
5287	9797	445	58	329	10227706
5287	9828	159	58	329	10227726
94
5594	9704	471	56	331	10227820
5611	9628	498	56	331	10227830
5611	9597	527	56	331	10227840
5597	9571	550	56	331	10227850
5586	9553	560	56	331	10227860
5586	9538	556	56	331	10227870
5586	9524	554	57	330	10227880
5586	9518	553	57	330	10227890
5604	9518	551	58	329	10227900
5621	9527	548	58	329	10227910
5640	9548	529	58	329	10227920
5657	9579	525	58	329	10227930
5668	9618	513	58	329	10227940
5668	9659	510	58	329	10227950
5668	9696	518	58	329	10227960
5652	9720	536	58	329	10227970
5636	9728	546	58	329	10227980
5619	9718	557	58	329	10227990
5602	9692	564	58	329	10228000
5584	9657	573	58	329	10228010
5570	9615	577	58	329	10228020
5561	9574	581	58	329	10228030
5561	9541	579	58	329	10228040
5561	9516	580	58	329	10228050
5569	9500	579	58	329	10228060
5582	9500	574	58	329	10228070
5601	9500	564	58	329	10228080
5620	9514	549	58	329	10228090
5640	9539	544	58	329	10228100
5656	9573	539	58	329	10228110
5668	9608	542	58	329	10228120
5674	9640	550	58	329	10228130
5674	9662	562	58	329	10228140
5674	9671	579	58	329	10228150
5674	9662	589	58	329	10228160
5681	9641	599	58	329	10228170
5681	9613	603	58	329	10228180
5690	9582	605	58	329	10228190
5701	9557	604	58	329	10228200
5716	9540	601	58	329	10228210
5737	9533	599	58	329	10228220
5760	9533	594	58	329	10228230
5786	9548	590	58	329	10228240
5814	9571	571	58	329	10228250
5839	9602	563	58	329	10228260
5861	9643	551	58	329	10228270
5877	9691	542	58	329	10228280
5883	9744	545	58	329	10228290
5883	9798	545	58	329	10228300
5883	9848	567	58	329	10228310
5883	9883	596	58	329	10228320
5874	9899	612	58	329	10228340
5864	9867	629	58	329	10228350
5864	9826	639	58	329	10228360
5864	9778	645	58	329	10228370
5864	9729	646	58	329	10228380
5880	9684	646	58	329	10228390
5893	9647	645	58	329	10228400
5910	9618	646	58	329	10228410
5929	9599	636	58	329	10228420
5948	9592	624	58	329	10228430
5968	9592	608	58	329	10228440
5986	9606	602	58	329	10228450
6005	9627	591	58	329	10228460
6025	9651	590	58	329	10228470
6045	9677	589	58	329	10228480
6062	9697	591	58	329	10228490
6080	9708	596	58	329	10228500
6096	9708	607	58	329	10228510
6112	9701	613	58	329	10228520
6131	9687	618	58	329	10228530
6155	9671	625	58	329	10228540
6186	9657	627	58	329	10228550
6229	9649	629	58	329	10228560
6285	9649	633	58	329	10228570
6358	9649	634	58	329	10228580
6443	9666	642	58	329	10228590
6537	9679	643	58	329	10228600
6640	9692	644	58	329	10228610
6747	9704	644	58	329	10228620
6862	9716	642	58	329	10228630
6987	9728	643	58	327	10228640
7122	9740	645	58	327	10228650
7267	9753	668	58	327	10228660
7413	9765	695	58	327	10228670
7556	9777	717	58	326	10228680
7686	9784	734	58	326	10228690
7795	9784	743	59	325	10228700
7882	9791	753	59	325	10228710
7943	9791	754	59	325	10228720
7979	9791	756	59	325	10228730
7995	9782	730	59	324	10228750
7987	9782	610	59	323	10228760
7967	9782	128	59	323	10228780
