58
55
1526	11149	109	50	306	9480878
1526	11142	295	51.2857	307.286	9480948
1526	11135	382	52	308	9480958
1526	11127	392	52	308	9480968
1526	11113	412	52	308	9480978
1517	11096	420	52	309	9480988
1517	11074	428	52	309	9480998
1517	11049	439	52	309	9481008
1517	11022	449	52	309	9481018
1511	10992	456	52	309	9481028
1511	10960	459	52	309	9481038
1503	10927	462	52	309	9481048
1503	10896	466	52	309	9481058
1503	10870	467	52	309	9481068
1496	10851	468	52	309	9481078
1496	10837	469	52	309	9481088
1496	10827	471	52	309	9481098
1496	10820	470	52	309	9481118
1496	10812	472	52.5	309.5	9481157
1496	10819	457	52	311	9481167
1496	10831	440	52	311	9481177
1496	10851	418	52	311	9481187
1496	10878	384	52	311	9481197
1506	10912	334	53	310	9481207
1506	10947	318	53	310	9481217
1515	10984	316	53	310	9481227
1515	11016	317	53	310	9481237
1515	11043	318	53	310	9481247
1524	11066	320	53	310	9481257
1524	11087	320	53	310	9481267
1535	11107	321	53	310	9481277
1535	11124	326	53	310	9481287
1547	11140	331	53	310	9481297
1547	11152	348	52	309	9481307
1556	11162	364	52	309	9481317
1556	11171	388	52	309	9481337
1556	11180	406	52	309	9481367
1562	11180	409	52	309	9481387
1570	11162	424	52	309	9481397
1576	11143	428	52	309	9481407
1587	11121	433	53	308	9481417
1599	11096	437	52	307	9481427
1610	11067	443	53	307	9481437
1621	11039	454	53	307	9481447
1633	11012	457	54	305	9481457
1642	10983	465	54	305	9481467
1651	10956	470	54	304	9481477
1659	10928	473	55	303	9481487
1665	10902	473	55	303	9481497
1665	10876	476	55	301	9481507
1675	10853	474	55	300	9481517
1675	10833	474	55	300	9481527
1675	10815	472	56	299	9481537
1675	10804	468	57	298	9481547
1681	10796	328	57.25	296	9481627
7
1553	10920	175	55	303	9481760
1536	10920	263	53.75	305.25	9481800
1549	10927	304	53	307	9481810
1572	10927	305	53	307	9481820
1600	10936	301	53	307	9481830
1631	10936	265	54	305	9481840
1661	10944	61	54	304.5	9481860
61
1982	11022	17	43	290	9488252
1935	11014	56	43	290	9488262
1922	11026	115	43.5	290.5	9488282
1915	11026	136	44	290	9488302
1924	11026	159	44	289	9488312
1937	11026	171	44	289	9488322
1959	11019	197	44	289	9488332
1990	11019	207	44	289	9488342
2028	11011	215	44	289	9488352
2078	11011	234	45	289	9488362
2139	11011	259	45	289	9488372
2208	11011	281	45	289	9488382
2285	11011	300	45	289	9488392
2369	11018	308	45	289	9488402
2452	11018	318	45	289	9488412
2535	11024	335	44	290	9488422
2619	11024	344	44	290	9488432
2701	11024	352	44	290	9488442
2788	11033	350	44	289	9488452
2881	11033	368	45	289	9488462
2982	11033	381	45	289	9488472
3089	11039	396	45	289	9488482
3195	11039	397	45	289	9488492
3301	11046	405	45	290	9488502
3407	11046	414	45	290	9488512
3511	11056	421	45	290	9488522
3616	11064	429	45	289	9488532
3720	11064	430	45	289	9488542
3819	11075	431	45	289	9488552
3921	11075	436	45	289	9488562
4024	11075	441	45	289	9488572
4125	11082	439	45	289	9488582
4226	11082	439	45	289	9488592
4319	11082	442	45	289	9488602
4410	11082	443	45	289	9488612
4501	11082	445	46	288	9488622
4591	11082	448	46	288	9488632
4682	11082	447	46	287	9488642
4771	11091	449	46	287	9488652
4861	11091	455	46	286	9488662
4956	11097	453	46	286	9488672
5052	11097	453	46	285	9488682
5148	11106	457	46	285	9488692
5249	11106	457	46	285	9488702
5354	11118	458	46	285	9488712
5460	11125	459	46	284	9488722
5565	11131	469	46	284	9488732
5672	11139	470	46	283	9488742
5776	11145	472	46	282	9488752
5882	11154	472	46	282	9488762
5988	11163	473	46	281	9488772
6084	11172	476	46	281	9488782
6170	11178	473	46	281	9488792
6244	11185	473	46	282	9488802
6307	11185	473	46	282	9488812
6360	11194	471	46	283	9488822
6402	11194	471	46	283	9488832
6432	11194	468	46	283	9488842
6452	11194	469	46	283	9488852
6465	11201	457	46	283	9488862
6471	11201	248	46	283	9488902
70
1501	10238	32	47	305	9490096
1501	10244	113	47.5	305.5	9490116
1501	10251	191	48	306	9490126
1495	10251	261	48	306	9490166
1488	10251	284	48	306	9490186
1488	10237	309	48	306	9490196
1488	10224	334	49	307	9490206
1488	10203	352	49	307	9490216
1488	10179	358	49	307	9490226
1499	10150	374	48	308	9490236
1499	10119	376	48	308	9490246
1505	10091	380	48	310	9490256
1505	10061	383	48	310	9490266
1513	10035	388	48	310	9490276
1513	10015	388	48	310	9490286
1521	9998	386	48	310	9490296
1521	9989	390	48	310	9490316
1521	9983	435	48	310	9490346
1521	9994	450	48	310	9490356
1514	10007	447	48	310	9490366
1504	10028	448	48	310	9490376
1496	10053	439	48	310	9490386
1487	10081	433	48	310	9490396
1487	10112	432	48	310	9490406
1481	10141	428	48	310	9490416
1481	10168	424	48	310	9490426
1481	10192	420	48	310	9490436
1490	10213	415	48	310	9490446
1490	10231	416	48	310	9490456
1498	10247	415	48	310	9490466
1504	10263	416	48	310	9490476
1515	10276	412	48	310	9490486
1528	10287	415	48	310	9490496
1541	10287	414	48	307	9490506
1554	10287	409	48	307	9490516
1567	10287	406	48	306	9490526
1577	10274	404	48	306	9490536
1577	10258	399	48	306	9490546
1577	10238	402	48	306	9490556
1577	10213	403	48	306	9490566
1559	10189	401	48	306	9490576
1542	10166	397	48	306	9490586
1525	10146	397	48	306	9490596
1508	10129	398	48	306	9490606
1494	10117	398	48	306	9490616
1483	10107	399	48	306	9490626
1476	10107	399	48	306	9490636
1476	10100	398	48	306	9490666
1484	10100	398	49	307	9490676
1496	10100	399	49	307	9490686
1514	10100	399	48	308	9490696
1539	10100	399	48	308	9490706
1568	10100	398	48	308	9490716
1595	10100	401	49	307	9490726
1620	10100	398	49	307	9490736
1639	10086	401	49	306	9490746
1652	10074	399	49	306	9490756
1660	10061	404	49	304	9490766
1660	10046	406	49	303	9490776
1660	10031	406	49	303	9490786
1652	10015	407	50	302	9490796
1639	10000	409	50	302	9490806
1619	9987	418	50	302	9490816
1593	9975	421	50	302	9490826
1563	9969	423	50	302	9490836
1534	9969	424	50	302	9490846
1508	9969	425	50	302	9490856
1486	9979	425	50	302	9490866
1473	9988	424	50	302	9490876
1467	9994	198	49.25	303	9490916
40
1872	10147	147	49.8	295.8	9491328
1872	10153	290	50	295	9491338
1885	10153	314	50	295	9491348
1903	10153	333	51	293	9491358
1928	10153	343	51	294	9491368
1965	10160	361	51	294	9491378
2014	10160	388	51	294	9491388
2075	10160	407	51	294	9491398
2145	10160	412	51	294	9491408
2224	10160	415	51	294	9491418
2307	10167	417	51	294	9491428
2393	10167	421	51	294	9491438
2482	10167	420	51	294	9491448
2569	10167	417	51	293	9491458
2655	10167	417	51	293	9491468
2738	10167	418	51	293	9491478
2813	10167	421	51	293	9491488
2886	10167	422	51	293	9491498
2954	10167	422	51	293	9491508
3016	10167	421	51	292	9491518
3072	10167	423	51	292	9491528
3117	10167	422	51	291	9491538
3154	10167	423	51	291	9491548
3183	10167	421	51	291	9491558
3207	10167	421	51	291	9491568
3229	10167	420	51	291	9491578
3251	10167	420	51	291	9491588
3276	10167	423	51	291	9491598
3300	10167	422	51	291	9491608
3325	10160	422	51	291	9491618
3346	10160	423	51	291	9491628
3364	10160	422	51	291	9491638
3379	10160	427	51	291	9491648
3392	10160	434	51	291	9491658
3408	10160	436	51	291	9491668
3426	10160	432	51	291	9491678
3445	10160	436	51	291	9491688
3463	10167	436	51	291	9491698
3475	10167	436	51	291	9491708
3482	10167	317	51	291	9491788
20
3452	10463	74	48	300	9492556
3462	10496	123	48	300	9492566
3462	10508	210	47	299	9492576
3462	10517	284	47	299	9492586
3462	10524	323	47	299	9492616
3462	10509	329	47	299	9492626
3462	10487	333	47	299	9492636
3462	10452	339	47	299	9492646
3462	10401	340	47	299	9492656
3473	10339	352	48	300	9492666
3480	10271	359	48	300	9492676
3486	10198	373	48	300	9492686
3494	10129	390	48	300	9492696
3501	10067	417	49	301	9492706
3501	10015	429	49	301	9492716
3512	9973	441	49	301	9492726
3512	9943	442	49	301	9492736
3519	9925	445	49	301	9492746
3519	9913	420	50	302	9492776
3519	9923	78	50	302	9492796
23
3402	10468	157	47	299	9492964
3402	10484	179	47	299	9492974
3402	10491	213	47	299	9492984
3402	10498	248	46.5	298.5	9493004
3420	10498	277	46	298	9493014
3444	10498	291	46	298	9493024
3479	10498	329	46	298	9493034
3526	10490	373	46	298	9493044
3590	10483	408	46	298	9493054
3672	10474	439	46	298	9493064
3777	10465	456	47	297	9493074
3886	10455	469	47	297	9493084
4005	10446	479	47	296	9493094
4119	10438	478	47	296	9493104
4215	10431	480	47	296	9493114
4305	10431	481	47	296	9493124
4377	10422	484	46	295	9493134
4433	10422	481	46	295	9493144
4475	10414	476	47	295	9493154
4500	10414	471	47	295	9493164
4514	10414	455	48	293	9493174
4514	10408	390	48	292	9493184
4504	10408	104	48	292	9493204
21
3598	9931	33	49	301	9493472
3584	9921	156	49	301	9493512
3601	9935	258	50	300	9493522
3621	9948	294	50	300	9493532
3650	9965	335	50	299	9493542
3682	9987	363	50	299	9493552
3720	10012	399	50	299	9493562
3768	10042	420	50	299	9493572
3827	10078	430	50	299	9493582
3901	10117	436	50	299	9493592
3985	10157	439	50	299	9493602
4072	10198	439	50	299	9493612
4153	10235	436	50	299	9493622
4225	10271	436	50	299	9493632
4287	10302	432	50	299	9493642
4335	10328	431	50	299	9493652
4372	10348	434	50	299	9493662
4399	10360	433	49	298	9493672
4415	10367	435	49	298	9493682
4425	10367	437	49	298.5	9493702
4433	10367	288	47.75	299.5	9493782
33
4492	10393	85	48	297	9493968
4477	10393	144	48	297	9493978
4470	10393	271	48	297	9493998
4463	10399	310	48	297	9494038
4463	10389	327	48	297	9494048
4456	10378	344	48	297	9494058
4456	10363	361	48	297	9494068
4456	10345	368	48	297	9494078
4456	10327	377	48	297	9494088
4470	10309	389	48	297	9494098
4483	10293	411	48	297	9494108
4500	10280	423	49	297	9494118
4522	10272	428	49	297	9494128
4545	10272	435	49	296	9494138
4567	10272	441	49	296	9494148
4587	10272	457	49	295	9494158
4604	10272	462	50	296	9494168
4620	10287	465	50	296	9494178
4634	10298	466	50	295	9494188
4643	10313	469	50	295	9494198
4650	10330	469	51	293	9494208
4650	10348	469	51	293	9494218
4650	10367	472	51	292	9494228
4650	10387	473	51	292	9494238
4650	10406	477	50	290	9494248
4635	10423	476	50	289	9494258
4620	10436	472	50	289	9494268
4601	10444	469	51	288	9494278
4578	10444	471	51	288	9494288
4552	10444	454	51	288	9494298
4522	10434	406	50	288	9494308
4492	10416	301	50	288	9494318
4466	10394	17	49	289	9494338
40
4688	10354	40	49	287	9495572
4678	10345	65	49	287	9495582
4678	10337	149	49	287	9495632
4678	10328	250	49	287	9495642
4696	10328	279	49	285	9495652
4720	10318	316	49	285	9495662
4757	10318	341	49	284	9495672
4815	10318	366	49	284	9495682
4880	10318	404	49	284	9495692
4959	10318	412	49	284	9495702
5049	10329	418	49	284	9495712
5139	10337	431	49	284	9495722
5239	10346	433	49	285	9495732
5342	10354	437	49	285	9495742
5444	10354	443	49	287	9495752
5546	10363	449	49	287	9495762
5649	10363	453	49	287	9495772
5750	10372	456	49	287	9495782
5850	10372	456	49	287	9495792
5944	10382	458	49	287	9495802
6029	10382	457	49	287	9495812
6103	10392	458	49	287	9495822
6165	10392	460	49	287	9495832
6218	10398	460	49	287	9495842
6261	10398	461	49	285	9495852
6299	10398	462	49	285	9495862
6331	10398	462	49	284	9495872
6360	10398	466	49	284	9495882
6385	10398	469	49	284	9495892
6408	10398	470	49	284	9495902
6428	10398	472	49	284	9495912
6445	10398	476	49	284	9495922
6457	10405	477	49	284	9495932
6465	10405	478	47.5	283.5	9495952
6471	10405	474	46.3333	283	9495982
6471	10412	455	47	283	9495992
6480	10412	418	47	283	9496012
6487	10412	383	47.5	283.5	9496032
6495	10412	373	48	284	9496072
6495	10419	263	48.4	284	9496122
27
6599	11401	72	52	333	9496932
6599	11422	132	53	332	9496942
6599	11431	213	52	330	9496952
6590	11442	277	52	330	9496962
6590	11451	324	52	330	9496972
6590	11458	364	52	330	9496992
6590	11470	392	52	330	9497012
6590	11476	422	52	330	9497062
6590	11459	453	52	330	9497072
6590	11440	469	52	330	9497082
6590	11407	489	52	329	9497092
6597	11362	497	52	330	9497102
6603	11306	505	52	330	9497112
6613	11237	509	52	330	9497122
6624	11157	522	53	332	9497132
6636	11062	529	53	332	9497142
6650	10955	536	53	332	9497152
6666	10843	540	53	333	9497162
6680	10731	544	53	333	9497172
6692	10627	544	53	333	9497182
6701	10536	545	53	334	9497192
6701	10457	549	53	334	9497202
6708	10396	549	53	336	9497212
6708	10354	550	53	336	9497222
6708	10325	551	54	337	9497232
6717	10312	542	54	338	9497252
6717	10304	252	54.3333	340.333	9497282
90
6499	11391	45	46	290	9497824
6488	11391	113	46	290	9497834
6481	11391	176	46	290	9497844
6481	11399	218	46	290	9497864
6495	11399	265	46	289	9497874
6514	11399	287	46	288	9497884
6539	11399	309	46	287	9497894
6567	11399	345	46	287	9497904
6598	11399	370	46	287	9497914
6633	11399	389	46	287	9497924
6669	11399	396	45	287	9497934
6705	11399	401	45	287	9497944
6747	11399	403	45	287	9497954
6787	11391	414	45	286	9497964
6836	11391	412	45	286	9497974
6890	11383	420	45	284	9497984
6945	11377	430	45	284	9497994
7000	11369	439	45	284	9498004
7052	11362	440	45	284	9498014
7101	11352	448	45	284	9498024
7147	11339	464	45	284	9498034
7188	11326	473	46	285	9498044
7226	11310	479	46	285	9498054
7260	11295	480	46	286	9498064
7289	11281	484	47	287	9498074
7315	11267	485	47	288	9498084
7340	11253	494	47	288	9498094
7364	11238	497	48	288	9498104
7390	11221	515	48	288	9498114
7418	11203	518	48	288	9498124
7445	11186	518	48	288	9498134
7473	11167	516	48	289	9498144
7499	11146	522	48	289	9498154
7521	11127	525	48	289	9498164
7541	11107	526	49	288	9498174
7558	11086	531	50	288	9498184
7572	11066	530	50	287	9498194
7585	11045	534	50	287	9498204
7597	11020	540	50	287	9498214
7610	10991	544	50	287	9498224
7623	10961	545	50	286	9498234
7636	10926	547	50	286	9498244
7648	10893	548	50	285	9498254
7658	10862	546	50	285	9498264
7665	10830	544	50	285	9498274
7665	10800	548	50	285	9498284
7665	10771	548	50	285	9498294
7665	10743	545	50	285	9498304
7665	10716	544	50	285	9498314
7665	10692	549	50	285	9498324
7657	10665	548	50	283	9498334
7648	10638	546	50	283	9498344
7637	10614	546	50	282	9498354
7625	10588	546	50	282	9498364
7611	10565	546	50	282	9498374
7598	10543	545	50	282	9498384
7582	10520	547	50	282	9498394
7566	10498	545	50	282	9498404
7550	10480	548	50	282	9498414
7531	10462	545	50	282	9498424
7510	10445	545	50	282	9498434
7486	10429	549	50	283	9498444
7460	10413	545	50	283	9498454
7433	10397	549	50	285	9498464
7406	10379	548	51	285	9498474
7380	10363	549	51	285	9498484
7354	10348	549	51	285	9498494
7331	10335	550	51	285	9498504
7305	10324	549	51	285	9498514
7275	10313	551	51	285	9498524
7242	10303	551	51	286	9498534
7202	10293	551	52	287	9498544
7161	10285	550	52	288	9498554
7120	10277	552	52	288	9498564
7081	10277	551	52	288	9498574
7048	10267	550	52	288	9498584
7021	10267	551	52	288	9498594
6990	10260	552	52	288	9498604
6959	10260	551	52	289	9498614
6925	10260	553	52	289	9498624
6885	10260	553	52	289	9498634
6849	10254	553	52	289	9498644
6812	10254	553	52	289	9498654
6778	10254	552	52	289	9498664
6746	10254	553	52	289	9498674
6719	10246	554	52	289	9498684
6699	10246	555	52	289	9498694
6685	10246	552	52	289	9498714
6678	10246	537	52	289	9498744
6689	10246	190	52	289	9498764
111
2915	10098	54	45.6667	298.333	9501760
2922	10098	132	46	298	9501770
2922	10080	209	46	298	9501780
2930	10058	223	46	298	9501790
2939	10025	280	47	299	9501800
2949	9979	306	47	299	9501810
2960	9925	319	47	299	9501820
2970	9856	344	47	299	9501830
2978	9779	375	47	299	9501840
2985	9697	398	47	299	9501850
2985	9607	422	47	299	9501860
2985	9513	439	47	299	9501870
2985	9415	455	47	299	9501880
2985	9320	467	48	300	9501890
2976	9228	473	48	300	9501900
2976	9146	496	48	300	9501910
2976	9073	507	49	301	9501920
2976	9010	518	49	301	9501930
2987	8954	529	49	301	9501940
2987	8909	538	50	302	9501950
2998	8872	542	50	302	9501960
2998	8838	545	50	302	9501970
2998	8809	548	50	302	9501980
2998	8783	553	50	302	9501990
2998	8758	558	51	303	9502000
2998	8735	558	51	303	9502010
2998	8715	557	51	303	9502020
2998	8702	558	51	303	9502030
2998	8694	658	50.85	302.65	9502230
2991	8694	746	50.8333	299.833	9502290
2991	8700	756	50	299	9502330
2985	8700	755	49.0556	297.5	9502510
2978	8700	748	48.0667	297	9502660
2985	8700	734	48	297	9502670
2992	8700	732	48	297	9502680
3011	8700	732	48	297	9502690
3045	8700	728	48	297	9502700
3092	8700	726	48	297	9502710
3153	8709	726	48	297	9502720
3227	8718	725	48	297	9502730
3312	8729	720	48	297	9502740
3401	8741	716	48	297	9502750
3488	8750	709	48	297	9502760
3561	8750	708	48	297	9502770
3623	8750	704	48	297	9502780
3678	8750	703	48	295	9502790
3735	8750	700	48	295	9502800
3795	8757	699	48	294	9502810
3857	8757	697	48	294	9502820
3920	8767	698	48	294	9502830
3982	8767	696	48	294	9502840
4040	8776	697	49	293	9502850
4094	8776	696	49	293	9502860
4140	8784	696	49	292	9502870
4179	8784	694	49	292	9502880
4214	8784	694	49	292	9502890
4249	8784	694	49	291	9502900
4285	8784	693	49	291	9502910
4322	8792	691	49	289	9502920
4359	8792	689	49	289	9502930
4395	8800	689	49	291	9502940
4434	8800	688	49	291	9502950
4475	8808	688	50	291	9502960
4524	8808	689	50	291	9502970
4576	8818	689	50	290	9502980
4632	8818	689	50	290	9502990
4692	8826	688	50	290	9503000
4755	8826	686	50	289	9503010
4821	8837	686	50	289	9503020
4892	8837	686	51	288	9503030
4963	8848	686	51	288	9503040
5031	8848	685	51	286	9503050
5096	8858	684	51	286	9503060
5155	8858	681	51	285	9503070
5209	8858	679	51	285	9503080
5259	8864	675	51	285	9503090
5309	8864	673	51	285	9503100
5360	8872	672	50	285	9503110
5413	8872	672	50	285	9503120
5465	8883	672	50	283	9503130
5519	8883	672	50	283	9503140
5570	8895	672	50	282	9503150
5620	8895	672	50	282	9503160
5668	8907	672	50	282	9503170
5715	8913	673	50	282	9503180
5760	8913	673	50	282	9503190
5808	8922	672	50	282	9503200
5861	8922	672	50	282	9503210
5914	8930	672	50	282	9503220
5968	8930	672	50	281	9503230
6019	8938	671	50	281	9503240
6064	8938	671	51	280	9503250
6104	8938	672	51	280	9503260
6142	8938	671	51	280	9503270
6179	8944	669	51	280	9503280
6216	8944	667	51	280	9503290
6254	8944	666	51	280	9503300
6286	8953	663	51	280	9503310
6315	8953	662	51	280	9503320
6339	8961	661	51	280	9503330
6355	8961	661	51	280	9503340
6366	8961	661	51	280	9503350
6375	8969	660	51	280	9503360
6385	8969	661	50	281	9503370
6394	8969	659	50	281	9503380
6405	8969	659	50	282	9503390
6417	8977	659	50	282	9503400
6429	8977	659	50	282	9503410
6439	8977	658	50	282	9503420
6447	8977	657	50	282	9503440
6453	8977	531	50.2	282.2	9503540
21
6488	9199	77	49	301	9504440
6488	9216	182	49	301	9504460
6488	9225	267	49	301	9504470
6481	9225	295	49	301	9504500
6481	9209	320	50	302	9504510
6481	9189	327	50	302	9504520
6493	9157	362	50	302	9504530
6500	9111	414	50	302	9504540
6509	9050	425	50	302	9504550
6519	8977	435	50	302	9504560
6528	8895	441	50	302	9504570
6536	8812	453	50	302	9504580
6545	8734	458	50	302	9504590
6552	8664	462	50	302	9504600
6552	8601	465	50	302	9504610
6563	8548	467	50	300	9504620
6563	8503	469	50	300	9504630
6563	8469	469	50	299	9504640
6570	8446	470	50	299	9504650
6570	8433	442	50	299	9504680
6570	8440	46	50	299	9504700
80
6494	9216	88	48	294	9505096
6487	9216	198	48	294	9505106
6487	9224	283	48	294	9505136
6497	9233	329	48	294	9505146
6508	9233	331	48	294	9505156
6525	9239	341	48	294	9505166
6551	9239	353	48	294	9505176
6583	9246	375	49	293	9505186
6623	9246	375	49	293	9505196
6670	9253	384	49	292	9505206
6729	9253	393	49	292	9505216
6789	9253	393	49	292	9505226
6855	9261	396	49	292	9505236
6922	9261	398	49	292	9505246
6984	9261	401	49	292	9505256
7051	9261	404	49	292	9505266
7116	9250	403	49	292	9505276
7177	9239	405	49	292	9505286
7236	9227	405	50	293	9505296
7291	9215	405	50	293	9505306
7344	9202	406	50	293	9505316
7394	9189	406	50	293	9505326
7440	9175	404	50	293	9505336
7481	9159	406	50	293	9505346
7518	9143	403	50	293	9505356
7550	9125	407	50	293	9505366
7577	9105	411	50	293	9505376
7603	9083	412	50	291	9505386
7624	9060	415	50	291	9505396
7643	9034	417	50	290	9505406
7661	9008	417	50	290	9505416
7675	8980	421	50	290	9505426
7689	8952	421	50	290	9505436
7702	8923	425	50	289	9505446
7714	8896	422	50	289	9505456
7726	8870	422	51	288	9505466
7737	8845	424	51	288	9505476
7744	8818	424	51	288	9505486
7752	8793	422	51	288	9505496
7752	8768	427	50	287	9505506
7759	8742	432	50	287	9505516
7759	8717	429	51	288	9505526
7759	8692	429	51	288	9505536
7759	8668	430	51	288	9505546
7759	8643	430	51	288	9505556
7748	8621	431	51	288	9505566
7740	8599	437	51	288	9505576
7728	8577	441	51	288	9505586
7713	8554	442	51	288	9505596
7693	8533	447	51	288	9505606
7669	8509	448	51	288	9505616
7641	8488	450	51	288	9505626
7610	8464	449	51	286	9505636
7579	8442	450	51	286	9505646
7549	8421	456	51	286	9505656
7518	8402	455	52	287	9505666
7485	8384	457	52	287	9505676
7447	8368	464	52	288	9505686
7406	8350	468	52	288	9505696
7360	8334	468	52	288	9505706
7310	8318	469	52	288	9505716
7260	8303	473	52	289	9505726
7211	8291	472	52	289	9505736
7164	8279	479	52	290	9505746
7119	8271	476	52	290	9505756
7073	8263	476	52	292	9505766
7023	8257	479	52	292	9505776
6971	8250	478	52	292	9505786
6915	8244	478	52	292	9505796
6862	8244	477	52	292	9505806
6811	8235	474	52	293	9505816
6765	8235	472	52	293	9505826
6723	8235	469	51	294	9505836
6685	8235	468	51	294	9505846
6652	8235	469	51	294	9505856
6626	8235	469	52	293	9505866
6609	8235	469	52	293	9505876
6600	8235	465	52	292	9505886
6600	8245	382	51	291	9505916
6607	8245	26	51	291	9505936
55
1780	7785	34	50	290	9508388
1773	7778	51	50	289	9508398
1773	7791	175	50.8571	288.143	9508468
1786	7791	294	51	288	9508478
1800	7784	331	51	286	9508488
1823	7784	356	51	286	9508498
1858	7784	384	51	285	9508508
1904	7784	410	50	285	9508518
1960	7791	424	50	285	9508528
2025	7791	439	50	286	9508538
2094	7801	447	50	286	9508548
2164	7801	448	50	287	9508558
2235	7811	449	50	287	9508568
2310	7811	456	50	287	9508578
2385	7819	457	50	287	9508588
2466	7819	460	50	287	9508598
2547	7827	457	50	287	9508608
2625	7827	461	50	287	9508618
2700	7827	461	50	288	9508628
2765	7827	460	50	288	9508638
2826	7827	461	49	289	9508648
2881	7827	461	49	289	9508658
2935	7827	462	49	289	9508668
2986	7827	464	49	289	9508678
3039	7827	465	49	289	9508688
3091	7827	469	49	289	9508698
3142	7827	469	49	289	9508708
3193	7827	469	49	289	9508718
3240	7827	468	49	289	9508728
3287	7835	469	49	289	9508738
3332	7835	471	49	289	9508748
3375	7835	469	49	289	9508758
3417	7835	469	49	289	9508768
3457	7835	468	49	289	9508778
3496	7835	469	49	289	9508788
3536	7835	469	49	289	9508798
3570	7835	470	49	289	9508808
3601	7835	469	49	289	9508818
3628	7835	470	50	288	9508828
3651	7835	471	50	288	9508838
3675	7842	470	50	287	9508848
3698	7842	471	50	287	9508858
3720	7848	470	50	287	9508868
3740	7848	470	50	286	9508878
3759	7848	471	50	286	9508888
3777	7856	470	50	285	9508898
3792	7856	470	50	285	9508908
3807	7856	472	50	285	9508918
3821	7856	471	50	285	9508928
3834	7856	470	50	283	9508938
3849	7856	471	50	283	9508948
3860	7856	471	50	282	9508958
3869	7856	471	50	282	9508998
3875	7856	513	50	283.25	9509198
3868	7856	149	50.5	282.5	9509218
24
3835	8131	33	48	302	9509844
3835	8165	83	49	301	9509854
3835	8182	123	49	301	9509864
3835	8199	182	49	301	9509874
3835	8215	242	49	301	9509884
3835	8227	315	49	301	9509894
3835	8234	379	50	302	9509944
3835	8217	405	50	302	9509954
3841	8194	409	50	302	9509964
3841	8160	425	50	302	9509974
3855	8117	431	50	302	9509984
3861	8063	439	50	302	9509994
3870	8001	442	50	302	9510004
3881	7933	446	50	302	9510014
3891	7863	448	50	302	9510024
3903	7798	447	50	302	9510034
3914	7740	450	49	301	9510044
3922	7693	452	49	301	9510054
3930	7659	453	49	301	9510064
3930	7637	455	49	299	9510074
3938	7625	460	49	298.25	9510114
3938	7632	440	49	298	9510124
3938	7642	354	49	298	9510134
3938	7656	59	49	298	9510154
27
3844	8197	72	48	303	9510321
3829	8209	110	48	303	9510331
3823	8217	170	48	303	9510341
3823	8224	237	48	303	9510351
3814	8224	270	48	303	9510360
3814	8233	279	48	303	9510370
3821	8233	298	48	302	9510380
3831	8233	296	48	302	9510390
3848	8233	311	49	301	9510400
3874	8223	309	49	301	9510410
3913	8214	318	49	301	9510420
3965	8203	340	49	301	9510430
4032	8188	367	49	301	9510440
4117	8176	396	49	301	9510450
4216	8165	409	49	301	9510460
4326	8154	425	49	301	9510470
4442	8144	425	49	299	9510480
4548	8134	428	49	299	9510490
4640	8126	428	49	298	9510500
4715	8117	428	49	298	9510510
4768	8109	424	50	297	9510520
4803	8101	422	50	297	9510530
4824	8094	420	50	296	9510540
4832	8094	417	50	296	9510550
4832	8084	383	50	295	9510570
4825	8084	278	51	293	9510580
4816	8084	29	51	292.5	9510600
22
4059	7604	8	49	301	9510857
4052	7597	146	49	301	9510907
4060	7597	250	49	301	9510917
4072	7609	302	49	301	9510927
4089	7618	322	49	301	9510937
4116	7633	345	49	301	9510947
4155	7652	362	49	301	9510957
4203	7678	367	49	301	9510967
4262	7708	368	49	301	9510976
4327	7741	379	49	301	9510986
4395	7774	380	49	301	9510996
4469	7808	382	49	299	9511006
4542	7843	380	49	299	9511016
4613	7878	373	49	298	9511026
4679	7914	350	49	297	9511036
4734	7947	350	49	297	9511046
4779	7974	344	49	296	9511056
4813	7995	344	49	296	9511066
4834	8009	348	49	295	9511076
4845	8019	350	49	295	9511096
4852	8028	352	50	293.25	9511176
4852	8022	198	51	293	9511216
32
4860	8177	35	49	301	9512205
4853	8177	102	49	301	9512215
4846	8184	184	49.5	300.5	9512235
4839	8184	263	50	299.333	9512265
4831	8173	299	50	299	9512275
4831	8163	315	50	299	9512285
4831	8151	327	50	299	9512295
4838	8136	359	50	299	9512305
4845	8120	368	50	299	9512315
4856	8104	373	50	299	9512325
4867	8090	377	50	299	9512335
4880	8078	394	50	299	9512345
4896	8068	407	50	299	9512355
4915	8061	422	50	299	9512365
4938	8061	437	50	299	9512375
4963	8061	444	50	299	9512385
4986	8061	449	50	299	9512395
5009	8072	455	50	299	9512405
5028	8084	458	50	299	9512415
5046	8099	462	50	299	9512425
5060	8114	462	50	299	9512435
5070	8131	466	50	299	9512445
5070	8148	465	50	299	9512455
5076	8164	471	50	299	9512465
5076	8180	471	50	299	9512475
5057	8194	472	50	300	9512485
5039	8206	469	50	300	9512495
5015	8215	464	50	302	9512505
4991	8215	447	50	300	9512515
4964	8215	407	50	300	9512525
4938	8204	345	50	299	9512535
4914	8187	99	50	299	9512554
26
5244	8172	96	49	297	9512841
5205	8172	134	49	297	9512851
5186	8172	190	49	297	9512861
5175	8172	256	49	298	9512881
5166	8172	274	49	298	9512901
5175	8172	286	49	298	9512911
5189	8172	300	49	298	9512921
5216	8172	318	50	299	9512931
5259	8172	346	50	299	9512941
5320	8172	380	50	299	9512951
5401	8187	397	50	299	9512961
5495	8199	416	50	299	9512971
5600	8211	435	50	299	9512981
5718	8225	446	50	299	9512991
5843	8239	456	51	298	9513001
5970	8252	460	51	298	9513011
6095	8264	464	50	296	9513021
6212	8277	465	50	296	9513031
6318	8289	468	50	296	9513041
6411	8300	467	50	296	9513051
6488	8309	466	50	296	9513061
6547	8317	466	50	295	9513071
6585	8317	467	50	295	9513081
6609	8325	466	51	293	9513091
6620	8325	468	51	292.5	9513111
6627	8325	289	51	291.25	9513151
25
1470	7764	18	49	312	9514237
1512	7783	73	49	312	9514247
1521	7789	152	50	310	9514257
1529	7789	247	50	310	9514267
1529	7798	333	50	309	9514287
1529	7804	417	50	309	9514297
1535	7804	479	50	309	9514317
1535	7812	514	50	309	9514327
1522	7812	522	50	309	9514337
1505	7812	522	50	309	9514347
1479	7812	522	50	309	9514357
1453	7812	524	50	309	9514367
1420	7798	525	50	309	9514377
1388	7783	522	50	309	9514387
1358	7761	520	50	309	9514397
1325	7730	519	50	310	9514407
1302	7693	520	50	310	9514417
1285	7652	520	49	312	9514427
1285	7613	519	49	312	9514437
1285	7578	520	49	312	9514447
1304	7548	519	49	312	9514457
1331	7525	519	48	313	9514467
1366	7511	519	48	313	9514477
1409	7503	514	48	314	9514487
1459	7503	205	48	313.5	9514507
123
2993	7822	20	45	305	9516145
2993	7832	83	45	305	9516155
2993	7855	189	45	305	9516185
2993	7861	527	45.8654	303.192	9516705
2993	7854	562	46	303	9516725
2993	7837	564	45	302	9516735
2993	7823	563	45	302	9516745
3002	7801	564	45	302	9516755
3002	7777	564	45	302	9516765
3013	7748	565	45	302	9516775
3013	7710	566	46	303	9516785
3022	7666	567	46	303	9516795
3022	7612	565	46	303	9516805
3030	7548	564	46	303	9516815
3030	7483	564	46	303	9516825
3040	7417	566	46	303	9516835
3040	7356	565	46	303	9516845
3056	7302	567	47	304	9516855
3064	7246	566	47	304	9516865
3071	7193	566	47	304	9516875
3071	7137	567	47	304	9516885
3077	7078	568	47	304	9516895
3077	7016	569	47	305	9516905
3077	6954	572	47	305	9516915
3077	6898	572	47	305	9516925
3077	6846	569	47	305	9516935
3077	6802	572	47	305	9516945
3086	6762	572	47	305	9516955
3086	6723	571	47	305	9516965
3086	6688	572	47	305	9516975
3086	6656	573	47	305	9516985
3086	6624	572	47	305	9516995
3086	6595	570	47	305	9517005
3086	6568	571	47	305	9517015
3086	6541	570	47	305	9517025
3086	6520	569	47	305	9517035
3086	6498	571	47	305	9517045
3086	6478	571	47	305	9517055
3086	6464	572	47	305	9517065
3086	6454	569	47	305	9517085
3086	6447	572	47.2857	304.524	9517294
3093	6440	573	48	303	9517304
3106	6440	573	48	303	9517314
3129	6440	573	48	303	9517324
3165	6440	572	47	302	9517334
3210	6440	575	47	302	9517344
3266	6440	570	47	302	9517354
3333	6440	572	47	302	9517364
3414	6450	569	47	302	9517374
3503	6450	568	47	302	9517384
3590	6461	568	47	302	9517394
3678	6467	568	47	302	9517404
3760	6467	567	47	302	9517414
3839	6477	564	47	302	9517424
3918	6477	564	47	302	9517434
3999	6483	564	47	302	9517444
4078	6483	563	47	302	9517454
4153	6494	563	48	301	9517464
4227	6494	564	48	301	9517474
4297	6507	563	48	300	9517484
4365	6507	564	48	300	9517494
4430	6515	562	48	300	9517504
4494	6515	564	48	299	9517514
4555	6524	564	48	299	9517524
4610	6524	564	49	297	9517534
4663	6535	565	49	297	9517544
4713	6542	565	49	296	9517554
4763	6549	563	49	296	9517564
4816	6555	563	49	295	9517574
4870	6562	564	50	296	9517584
4925	6562	564	50	296	9517594
4982	6568	564	50	295	9517604
5038	6568	563	50	295	9517614
5094	6568	565	51	293	9517624
5147	6568	564	51	293	9517634
5200	6579	561	51	293	9517644
5255	6579	563	51	293	9517654
5308	6587	562	51	293	9517664
5362	6587	561	51	293	9517674
5415	6594	564	51	293	9517684
5463	6594	563	51	292	9517694
5515	6594	560	51	292	9517704
5562	6602	561	51	291	9517714
5604	6602	561	50	290	9517724
5646	6611	564	50	290	9517734
5687	6611	564	50	290	9517744
5730	6619	564	50	290	9517754
5776	6619	563	50	290	9517764
5823	6628	564	50	290	9517774
5866	6628	561	50	289	9517784
5908	6628	561	50	289	9517794
5945	6628	560	51	288	9517804
5983	6628	560	51	288	9517814
6019	6636	560	51	288	9517824
6053	6636	560	51	288	9517834
6090	6646	561	51	288	9517844
6124	6653	562	51	288	9517854
6156	6653	561	51	288	9517864
6183	6663	561	51	288	9517874
6202	6663	561	51	288	9517884
6217	6663	561	51	288	9517894
6231	6671	562	51	288	9517904
6246	6671	565	51	288	9517914
6264	6671	566	51	288	9517924
6283	6671	561	51	288	9517934
6302	6677	562	51	288	9517944
6322	6677	561	51	288	9517954
6340	6677	564	51	288	9517964
6355	6677	563	51	288	9517974
6371	6684	563	51	288	9517984
6384	6684	563	51	288	9517994
6397	6684	563	51	288	9518004
6409	6693	565	51	288	9518014
6420	6693	565	51	288	9518024
6428	6693	565	51	288	9518034
6435	6700	565	51	288	9518044
6442	6700	565	51	288	9518054
6449	6700	566	51	288	9518064
6456	6700	565	51	288	9518074
6465	6700	567	51	288	9518084
6472	6700	567	51	286	9518094
6479	6700	567	51	286	9518104
6485	6706	419	51	285	9518174
22
6521	7018	75	47	299	9519029
6521	7027	127	47	299	9519049
6514	7019	232	47	299	9519059
6514	6999	280	47	299	9519069
6514	6961	316	47	299	9519079
6514	6908	343	48	298	9519089
6527	6839	363	48	298	9519099
6539	6760	392	48	297	9519109
6553	6673	402	48	297	9519119
6566	6579	417	49	297	9519129
6576	6484	421	49	297	9519139
6586	6393	430	49	297	9519149
6596	6312	435	49	297	9519159
6603	6241	445	49	297	9519169
6603	6181	449	49	297	9519179
6611	6131	454	49	298	9519189
6611	6085	457	49	298	9519199
6611	6047	457	49	298	9519209
6620	6016	459	49	298	9519219
6620	5994	459	49	298	9519229
6620	5981	453	50	299	9519239
6627	5974	222	50	299	9519269
66
6535	6956	37	47	297	9519545
6525	6965	211	47	295.667	9519605
6539	6965	333	48	293	9519615
6556	6973	353	48	293	9519625
6583	6973	374	48	293	9519635
6623	6973	389	48	293	9519645
6668	6980	404	48	293	9519655
6723	6980	420	48	293	9519665
6786	6980	428	48	293	9519675
6853	6980	433	48	293	9519685
6928	6987	432	48	293	9519695
7005	6987	436	48	293	9519705
7081	6987	439	48	293	9519715
7150	6974	439	48	293	9519725
7211	6963	439	48	293	9519735
7261	6949	440	48	293	9519745
7308	6932	440	48	293	9519755
7352	6913	437	48	293	9519765
7393	6893	436	48	293	9519775
7432	6872	437	48	293	9519785
7467	6850	440	48	293	9519795
7496	6828	440	48	293	9519805
7522	6807	439	48	292	9519815
7545	6782	439	48	292	9519825
7568	6759	439	48	291	9519835
7588	6733	440	48	291	9519845
7607	6706	443	48	291	9519855
7625	6679	443	48	291	9519865
7641	6650	441	48	290	9519875
7654	6622	445	48	290	9519885
7665	6593	444	49	289	9519895
7676	6564	444	49	289	9519905
7682	6536	445	49	289	9519915
7682	6506	447	49	289	9519925
7689	6476	445	49	289	9519935
7689	6445	448	49	289	9519945
7689	6414	447	49	289	9519955
7678	6383	448	49	289	9519965
7667	6354	447	50	290	9519975
7655	6326	450	50	290	9519985
7640	6298	453	50	290	9519995
7623	6272	450	50	290	9520005
7605	6247	450	50	290	9520015
7585	6223	456	50	290	9520025
7561	6200	456	51	291	9520035
7534	6178	456	51	291	9520045
7502	6156	455	51	291	9520055
7464	6133	454	51	291	9520065
7420	6111	456	51	291	9520075
7372	6088	459	51	291	9520085
7320	6064	461	51	291	9520095
7269	6042	460	51	291	9520105
7217	6020	459	51	291	9520115
7166	6001	464	51	292	9520125
7114	5984	462	51	292	9520135
7064	5972	462	51	293	9520145
7013	5965	461	51	293	9520155
6960	5965	461	51	293	9520165
6906	5956	457	51	293	9520175
6853	5956	455	51	293	9520185
6799	5950	456	50	295	9520195
6749	5950	456	50	295	9520205
6703	5939	455	50	296	9520215
6664	5939	455	50	296	9520225
6634	5930	449	50	296	9520235
6617	5930	244	50	296	9520265
51
1416	5749	19	47	308	9523113
1410	5758	90	47	310	9523123
1410	5764	220	46.3333	310.667	9523153
1403	5772	302	46	311	9523173
1403	5765	319	46	311	9523183
1403	5753	334	46	311	9523193
1412	5732	347	46	311	9523203
1419	5700	352	46	311	9523213
1425	5659	363	46	311	9523223
1433	5613	364	46	310	9523233
1433	5566	368	46	310	9523243
1442	5522	371	46	310	9523253
1442	5487	373	46	310	9523263
1452	5460	373	46	310	9523273
1452	5445	414	46	310	9523303
1452	5464	425	46	310	9523313
1452	5490	427	46	310	9523323
1452	5524	423	46	310	9523333
1441	5563	424	46	310	9523343
1441	5607	422	46	310	9523353
1428	5653	421	46	310	9523363
1420	5696	421	46	310	9523373
1412	5733	422	46	310	9523383
1404	5760	423	46	310	9523393
1397	5775	422	46	310	9523403
1397	5782	421	46	310	9523433
1397	5769	421	46	310	9523443
1408	5757	420	46	310	9523453
1420	5741	422	46	310	9523463
1437	5723	423	46	310	9523473
1459	5702	422	46	310	9523483
1486	5680	424	46	310	9523493
1518	5656	428	46	310	9523503
1554	5631	430	46	309	9523513
1588	5608	431	46	309	9523523
1616	5585	431	46	307	9523533
1636	5564	431	47	306	9523543
1647	5545	433	47	305	9523553
1647	5526	432	48	304	9523563
1647	5508	435	48	304	9523573
1640	5489	443	48	303	9523583
1621	5471	444	48	303	9523593
1592	5451	441	48	303	9523603
1555	5433	450	48	303	9523613
1515	5420	448	48	303	9523623
1479	5413	447	48	303	9523633
1450	5413	454	49	304	9523643
1430	5406	456	49	304	9523653
1420	5406	452	48.4	304.8	9523703
1430	5398	417	48	307	9523713
1439	5398	147	47.5	307.5	9523733
32
1905	5638	22	48	297	9524797
1863	5628	61	48	297	9524807
1844	5628	109	48	297	9524817
1828	5620	140	48	297	9524827
1818	5620	191	48	295.667	9524857
1818	5613	240	48	294	9524877
1838	5613	281	48	294	9524887
1861	5613	309	48	294	9524897
1900	5613	324	48	294	9524907
1959	5613	334	48	294	9524917
2038	5613	349	48	294	9524927
2136	5629	365	48	294	9524937
2247	5641	363	48	295	9524947
2367	5654	372	47	295	9524957
2495	5668	374	47	296	9524967
2625	5681	377	47	296	9524977
2756	5693	374	47	296	9524987
2886	5704	376	47	296	9524997
3013	5716	377	47	296	9525007
3133	5727	382	47	296	9525017
3242	5735	380	47	296	9525027
3335	5743	381	47	296	9525037
3412	5743	380	47	296	9525047
3476	5753	380	47	296	9525057
3528	5753	376	47	296	9525067
3570	5753	377	47	296	9525077
3601	5760	376	47	295	9525087
3623	5760	374	47	295	9525097
3635	5760	365	48	293	9525107
3642	5760	359	48	292.667	9525137
3648	5760	353	48	291.5	9525157
3655	5760	194	48	291	9525187
19
3675	6028	94	46	297	9525373
3669	6042	139	46	297	9525383
3660	6048	219	46.5	297	9525403
3653	6058	275	47	296.5	9525423
3653	6050	281	47	296	9525433
3653	6036	300	47	296	9525443
3660	6012	336	47	295	9525453
3660	5979	347	47	295	9525463
3667	5932	376	48	294	9525473
3667	5875	383	48	294	9525483
3676	5812	392	49	293	9525493
3684	5745	406	49	293	9525503
3693	5683	412	49	292	9525513
3703	5629	420	49	292	9525523
3711	5586	424	49	292	9525533
3719	5554	424	49	292	9525543
3719	5533	427	49	292	9525553
3725	5522	398	49	292	9525583
3725	5529	57	49.5	292.5	9525603
23
3649	6030	30	47	296	9525841
3628	6030	51	47	296	9525851
3620	6030	112	47	296	9525861
3614	6038	207	47	296	9525901
3620	6038	254	47	295	9525911
3633	6031	275	47	295	9525921
3656	6024	291	48	293	9525931
3694	6014	318	48	293	9525941
3743	6005	358	48	293	9525951
3809	5995	384	48	293	9525961
3894	5983	406	48	293	9525971
3990	5972	410	48	293	9525981
4099	5960	416	48	292	9525991
4212	5948	416	48	292	9526001
4320	5936	417	48	291	9526011
4422	5924	418	48	291	9526021
4510	5914	421	48	291	9526031
4581	5906	423	48	290	9526041
4635	5906	428	48	290	9526051
4667	5895	428	48	289	9526061
4686	5895	430	48	289	9526071
4695	5895	417	49	287.667	9526101
4695	5902	91	49.5	287	9526121
22
3829	5479	65	48	294	9526317
3804	5457	81	48	294	9526327
3792	5457	244	48.8571	295.714	9526397
3801	5457	350	49	297	9526407
3814	5457	366	49	297	9526417
3837	5466	390	49	297	9526427
3870	5479	398	49	297	9526437
3916	5500	406	48	295	9526447
3978	5524	409	48	295	9526457
4052	5554	412	48	294	9526467
4137	5588	414	48	294	9526477
4228	5624	412	48	294	9526487
4318	5661	410	48	294	9526497
4405	5698	406	48	294	9526507
4484	5730	408	48	294	9526517
4549	5758	408	49	293	9526527
4602	5782	408	49	293	9526537
4641	5802	407	49	292	9526547
4669	5817	410	49	292	9526557
4688	5828	410	49	291	9526567
4699	5834	413	49	290	9526587
4706	5834	299	49.8333	287.667	9526647
27
4745	5984	216	48	291	9526841
4731	5991	254	48	290	9526851
4724	5991	302	48	290	9526861
4716	5991	336	48	289	9526871
4709	5983	345	48	289	9526881
4709	5969	354	48	289	9526891
4701	5951	373	49	288	9526901
4701	5930	397	49	288	9526911
4701	5907	409	50	287	9526921
4715	5884	422	50	287	9526931
4730	5864	437	50	287	9526941
4750	5849	449	50	287	9526951
4771	5838	460	50	287	9526961
4797	5838	469	50	287	9526971
4824	5838	473	50	287	9526981
4852	5838	471	50	287	9526991
4880	5851	477	50	287	9527001
4905	5868	479	50	287	9527011
4920	5889	477	50	287	9527021
4927	5912	480	50	287	9527031
4927	5937	486	50	287	9527041
4908	5960	489	50	287	9527051
4884	5981	489	50	287	9527061
4851	5995	485	50	287	9527071
4815	5995	472	50	287	9527081
4773	5995	407	50	287	9527091
4735	5987	91	50	287	9527111
74
4977	5882	43	49	295	9527587
4969	5882	124	49	295	9527617
4969	5889	282	49	295	9527707
4976	5889	358	49	295	9527727
4984	5889	366	49	295	9527737
4993	5889	376	49	293	9527747
5004	5889	393	49	293	9527757
5017	5895	404	49	292	9527767
5032	5895	409	49	292	9527777
5048	5895	416	49	292	9527787
5068	5895	423	49	292	9527797
5091	5904	423	49	292	9527807
5119	5904	422	49	292	9527817
5155	5911	428	49	292	9527827
5198	5911	428	49	292	9527837
5246	5919	429	49	292	9527847
5299	5919	428	49	292	9527857
5354	5925	424	49	292	9527867
5408	5925	427	49	292	9527877
5462	5934	424	49	292	9527887
5512	5934	425	49	292	9527897
5558	5942	425	49	292	9527907
5598	5942	424	49	292	9527917
5633	5951	425	49	291	9527927
5665	5951	424	49	291	9527937
5692	5960	425	49	289	9527947
5718	5960	424	49	289	9527957
5744	5970	427	49	289	9527967
5771	5970	428	49	289	9527977
5800	5982	428	50	288	9527987
5831	5982	428	50	288	9527997
5863	5992	429	50	287	9528007
5897	5992	428	50	287	9528017
5934	6000	428	50	287	9528027
5971	6000	429	50	287	9528037
6010	6000	429	50	287	9528047
6047	6009	431	50	287	9528057
6081	6009	430	50	287	9528067
6113	6018	430	50	287	9528077
6142	6025	432	50	287	9528087
6169	6031	432	50	287	9528097
6196	6038	433	50	287	9528107
6222	6038	432	50	287	9528117
6244	6048	433	50	287	9528127
6265	6048	433	50	287	9528137
6281	6048	432	50	287	9528147
6295	6056	433	50	287	9528157
6304	6056	434	50	287	9528167
6311	6056	436	50	287	9528187
6319	6062	435	50	287	9528207
6329	6062	435	50	287	9528217
6335	6069	435	50	287	9528227
6343	6069	436	50	287	9528237
6351	6069	435	50	287	9528247
6360	6069	436	50	287	9528257
6368	6076	438	50	287	9528277
6376	6076	429	50	287	9528347
6388	6076	415	50	287	9528357
6395	6076	416	50	287	9528367
6404	6076	416	50	287	9528377
6411	6084	417	50	287	9528387
6419	6084	417	50	287	9528397
6425	6084	417	50	287	9528407
6433	6091	418	50	287	9528417
6441	6091	418	50	287	9528427
6450	6098	417	50	287	9528437
6463	6098	419	50	287	9528447
6475	6098	421	50	287	9528457
6487	6104	422	50	287	9528467
6499	6104	425	50	287	9528477
6510	6104	430	50	286	9528487
6519	6104	429	50	286	9528497
6527	6104	421	50	285	9528507
6534	6112	148	50	285	9528527
71
7745	10821	24	45	293	9529873
7725	10788	94	45	293	9529883
7717	10788	196	45	293	9529903
7708	10800	410	45	291.778	9530083
7708	10794	499	45	291	9530143
7717	10794	501	45	291	9530153
7725	10794	508	45	291	9530163
7740	10787	513	45	291	9530173
7770	10787	514	45	291	9530183
7815	10787	515	45	291	9530193
7871	10787	515	45	291	9530203
7939	10787	514	45	291	9530213
8012	10787	514	45	291	9530223
8085	10787	517	45	291	9530233
8155	10787	517	45	291	9530243
8218	10787	517	45	291	9530253
8279	10794	517	45	291	9530263
8339	10794	518	45	291	9530273
8402	10794	518	45	291	9530283
8468	10801	517	45	291	9530293
8535	10801	518	45	291	9530303
8600	10801	518	45	291	9530313
8662	10808	519	45	291	9530323
8722	10808	519	45	290	9530333
8781	10808	518	45	290	9530343
8842	10808	519	45	289	9530353
8906	10808	520	45	289	9530363
8972	10808	518	45	289	9530373
9038	10808	520	45	289	9530383
9102	10808	520	45	289	9530393
9163	10818	517	45	289	9530403
9222	10818	518	46	288	9530413
9283	10826	518	46	288	9530423
9345	10826	520	46	287	9530433
9409	10832	519	46	287	9530443
9472	10832	519	46	287	9530453
9535	10832	520	46	287	9530463
9597	10841	521	46	287	9530473
9661	10841	519	46	286	9530483
9726	10841	520	46	286	9530493
9788	10841	520	46	285	9530503
9846	10841	520	46	285	9530513
9896	10841	519	46	285	9530523
9941	10841	518	46	285	9530533
9979	10841	519	46	284	9530543
10013	10841	518	46	284	9530553
10044	10841	520	46	283	9530563
10071	10841	520	46	283	9530573
10095	10841	519	46	283	9530583
10111	10841	519	46	283	9530593
10122	10841	552	46	284.167	9530713
10128	10841	665	46	285.133	9530863
10128	10827	680	46	287	9530873
10137	10811	678	46	287	9530883
10137	10785	677	46	287	9530893
10143	10749	677	46	287	9530903
10150	10708	677	46	287	9530913
10156	10658	677	46	287	9530923
10164	10605	675	46	287	9530933
10170	10552	675	46	287	9530943
10170	10497	675	46	287	9530953
10170	10441	673	47	288	9530963
10177	10386	673	47	288	9530973
10177	10334	672	47	287	9530983
10177	10289	672	48	287	9530993
10177	10248	674	48	286	9531003
10177	10215	673	48	286	9531013
10185	10190	672	49	287	9531023
10185	10172	672	49	287	9531033
10193	10162	663	49.5	287	9531053
10193	10155	346	50.6	287.6	9531103
3
7753	8711	31	47	290	9531695
7746	8711	173	47	290	9531745
7740	8711	328	47.1176	288.765	9532085
53
7800	8699	71	48	291	9532529
7774	8699	102	47	290	9532539
7768	8699	153	47	290	9532549
7761	8699	270	47	290	9532609
7775	8707	331	47	290	9532619
7799	8707	352	46	289	9532629
7836	8707	368	46	289	9532639
7889	8716	380	47	288	9532649
7952	8716	390	47	288	9532659
8023	8726	409	46	289	9532669
8096	8726	416	46	289	9532679
8175	8734	420	46	290	9532689
8260	8734	424	46	290	9532699
8351	8734	425	46	289	9532709
8441	8741	429	46	289	9532719
8529	8741	431	47	288	9532729
8614	8741	431	47	288	9532739
8697	8750	432	47	288	9532749
8779	8750	433	47	288	9532759
8862	8750	432	47	288	9532769
8940	8759	433	47	288	9532779
9011	8759	432	47	288	9532789
9074	8770	434	48	287	9532799
9129	8770	435	48	287	9532809
9179	8780	436	48	286	9532819
9226	8780	437	48	286	9532829
9274	8788	437	48	286	9532839
9323	8788	435	49	287	9532849
9374	8788	436	49	285	9532859
9424	8788	439	49	285	9532869
9472	8788	439	49	284	9532879
9519	8788	435	49	284	9532889
9563	8794	437	49	284	9532899
9606	8794	437	49	283	9532909
9646	8801	437	49	283	9532919
9685	8801	437	49	282	9532929
9719	8809	439	49	282	9532939
9748	8809	437	49	282	9532949
9776	8816	437	49	282	9532959
9803	8816	439	50	281	9532969
9828	8816	437	50	281	9532979
9855	8823	437	50	280	9532989
9879	8823	439	50	280	9532999
9903	8823	439	50	280	9533009
9927	8823	440	50	280	9533019
9946	8823	441	50	280	9533029
9965	8823	440	50	280	9533039
9983	8823	441	50	280	9533049
10005	8823	442	50	280	9533059
10031	8823	444	50	280	9533069
10058	8823	443	50	280	9533079
10081	8823	433	50	280	9533089
10094	8823	203	50.6667	280	9533119
50
7745	6439	26	45	294	9534297
7724	6439	138	45.5	294.5	9534317
7715	6439	250	46.5	294.5	9534337
7715	6432	315	48	293	9534347
7722	6432	365	48	293	9534357
7732	6432	397	48	293	9534367
7751	6432	428	48	293	9534377
7782	6432	442	48	294	9534387
7825	6432	474	48	294	9534397
7882	6443	493	48	294	9534407
7953	6451	509	49	293	9534417
8033	6461	521	48	292	9534427
8121	6470	528	48	291	9534437
8212	6478	534	48	291	9534447
8305	6485	540	48	291	9534457
8398	6485	549	48	291	9534467
8489	6493	548	48	291	9534477
8576	6493	554	48	291	9534487
8661	6502	561	47	290	9534497
8747	6502	561	47	290	9534507
8835	6510	566	47	289	9534517
8923	6510	572	47	289	9534527
9008	6520	569	48	288	9534537
9088	6520	573	48	288	9534547
9161	6529	572	48	288	9534557
9230	6529	574	48	288	9534567
9298	6529	573	48	287	9534577
9366	6537	574	49	288	9534587
9429	6537	575	49	287	9534597
9490	6537	581	49	285	9534607
9547	6545	578	49	285	9534617
9604	6545	580	50	285	9534627
9661	6553	581	50	285	9534637
9720	6553	582	50	285	9534647
9776	6563	580	50	283	9534657
9831	6563	582	50	283	9534667
9885	6573	581	50	282	9534677
9937	6573	581	50	282	9534687
9983	6573	583	50	282	9534697
10021	6580	582	50	282	9534707
10054	6580	585	50	282	9534717
10080	6580	583	50	281	9534727
10101	6580	585	50	281	9534737
10117	6580	583	50	281	9534747
10129	6580	583	50	281	9534757
10139	6580	586	50	281	9534767
10146	6580	588	50	282	9534777
10153	6580	590	50	282	9534797
10153	6586	596	50	282	9534807
10160	6586	579	50	282	9535067
33
10251	7587	58	56	0	9536051
10251	7595	163	56	0	9536061
10245	7595	350	55.8	143.6	9536111
10245	7580	428	55	359	9536121
10245	7554	432	54	357	9536131
10252	7514	436	54	357	9536141
10259	7465	439	55	357	9536151
10267	7408	439	55	357	9536161
10276	7348	439	56	357	9536171
10286	7285	440	56	357	9536181
10295	7220	444	56	357	9536191
10302	7152	444	56	359	9536201
10308	7085	444	56	359	9536211
10308	7019	444	56	359	9536221
10319	6957	443	56	0	9536231
10319	6902	443	56	0	9536241
10328	6858	444	56	0	9536251
10328	6825	444	56	0	9536261
10328	6804	444	56	1	9536271
10335	6790	444	56	1	9536281
10335	6780	444	56	3	9536291
10335	6772	444	56	3	9536301
10335	6764	441	56	4	9536311
10335	6757	439	56	4	9536321
10335	6749	439	56	4	9536331
10335	6743	436	56	4	9536341
10335	6733	435	56	6	9536351
10335	6719	435	56	6	9536361
10335	6703	431	56	6	9536371
10335	6682	431	56	6	9536381
10335	6662	423	56	6	9536391
10335	6647	395	56	7	9536401
10335	6640	134	56	7	9536431
42
10205	7539	67	50	290	9537597
10185	7539	128	50	290	9537617
10185	7546	360	49.4444	291.111	9537707
10194	7546	466	49	292	9537717
10200	7546	478	49	292	9537727
10211	7546	486	49	291	9537737
10231	7546	491	49	291	9537747
10266	7546	497	49	289	9537757
10314	7555	510	48	289	9537767
10376	7555	519	48	289	9537777
10445	7564	528	48	289	9537787
10521	7564	533	48	289	9537797
10609	7573	538	48	289	9537807
10697	7573	541	49	288	9537817
10787	7582	543	49	288	9537827
10880	7582	545	49	287	9537837
10965	7589	547	49	287	9537847
11051	7589	545	49	287	9537857
11135	7601	545	49	287	9537867
11219	7607	547	49	287	9537877
11301	7614	548	49	287	9537887
11381	7620	550	49	285	9537897
11459	7627	550	49	285	9537907
11531	7633	550	49	284	9537917
11601	7633	551	49	284	9537927
11671	7643	552	49	284	9537937
11740	7643	560	49	284	9537947
11810	7652	555	49	283	9537957
11879	7652	552	49	283	9537967
11946	7661	556	49	282	9537977
12009	7661	551	49	282	9537987
12067	7670	553	49	282	9537997
12122	7670	552	49	282	9538007
12173	7679	553	49	282	9538017
12222	7679	550	49	282	9538027
12269	7686	552	49	282	9538037
12310	7686	552	50	281	9538047
12347	7693	552	50	281	9538057
12379	7693	552	50	280	9538067
12404	7693	552	50	280	9538077
12422	7693	551	50	280	9538087
12434	7700	328	50.4	278.8	9538137
49
10111	9544	22	47	316	9540445
10119	9566	95	47	316	9540465
10112	9577	171	47	316	9540475
10103	9577	232	46.5	315.5	9540495
10103	9585	348	46	315	9540535
10103	9575	389	46	315	9540545
10103	9556	396	46	315	9540555
10103	9525	403	46	315	9540565
10112	9481	406	45	315	9540575
10112	9427	408	46	316	9540585
10121	9362	412	46	316	9540595
10121	9292	417	46	316	9540605
10130	9220	422	47	316	9540615
10138	9149	425	47	316	9540625
10145	9084	429	47	316	9540635
10155	9023	431	47	317	9540645
10166	8966	430	47	317	9540655
10173	8909	430	47	317	9540665
10180	8857	430	48	318	9540675
10180	8806	430	48	318	9540685
10180	8756	431	48	318	9540695
10180	8709	430	48	319	9540705
10180	8666	432	48	319	9540715
10172	8628	431	49	321	9540725
10172	8598	430	49	321	9540735
10172	8572	431	49	321	9540745
10180	8550	432	50	320	9540755
10180	8530	431	50	320	9540765
10186	8509	430	50	318	9540775
10186	8489	430	50	318	9540785
10186	8469	431	51	320	9540795
10186	8446	432	51	320	9540805
10186	8424	431	51	320	9540815
10186	8400	432	51	320	9540825
10186	8376	431	51	320	9540835
10195	8356	432	51	320	9540845
10195	8337	432	51	321	9540855
10195	8319	431	51	321	9540865
10195	8303	432	51	321	9540875
10202	8286	434	51	321	9540885
10202	8270	433	51	321	9540895
10202	8258	432	52	322	9540905
10202	8249	433	52	322	9540915
10202	8242	432	52	322	9540935
10202	8235	435	52	322	9540955
10202	8226	437	52	322	9540965
10209	8218	437	52	322	9540975
10209	8211	437	52	322	9540985
10209	8203	297	52	322	9541025
32
10226	8110	18	46	292	9542262
10204	8117	84	46	292	9542272
10196	8117	166	46	292	9542282
10196	8124	241	47	293	9542292
10187	8124	330	46.2	294.8	9542342
10200	8124	392	47	296	9542352
10212	8124	440	47	296	9542362
10231	8124	456	47	296	9542372
10262	8114	481	47	296	9542382
10307	8114	509	47	296	9542392
10367	8114	528	47	296	9542402
10442	8114	539	47	296	9542412
10540	8114	546	47	295	9542422
10646	8114	556	47	295	9542432
10764	8114	560	48	293	9542442
10892	8114	564	48	293	9542451
11016	8104	568	48	293	9542461
11147	8096	570	48	292	9542471
11272	8087	570	48	292	9542481
11392	8079	572	48	291	9542491
11508	8069	573	48	291	9542501
11618	8062	574	48	290	9542511
11730	8054	573	48	290	9542521
11834	8047	575	48	289	9542531
11929	8047	574	48	289	9542541
12014	8039	575	48	288	9542551
12084	8039	574	48	288	9542561
12143	8039	575	48	288	9542571
12192	8039	573	48	288	9542581
12227	8039	572	48	287	9542591
12251	8039	564	48	287	9542601
12264	8039	373	48	286	9542651
29
10166	9564	93	50	296	9543878
10145	9557	107	50	296	9543888
10127	9564	160	50	296	9543898
10116	9564	224	50	296	9543908
10103	9564	295	49	295	9543928
10110	9564	331	49	295	9543938
10128	9573	355	49	295	9543948
10162	9573	372	48	294	9543958
10216	9586	401	48	294	9543968
10292	9595	414	48	294	9543978
10387	9602	439	48	294	9543988
10498	9611	457	48	294	9543998
10625	9618	470	49	293	9544008
10765	9618	482	49	293	9544018
10915	9628	490	49	292	9544028
11074	9628	498	49	292	9544038
11230	9628	509	49	292	9544048
11380	9628	515	48	290	9544058
11526	9628	521	48	290	9544068
11662	9628	521	48	289	9544078
11789	9635	524	48	289	9544088
11908	9635	527	49	288	9544098
12012	9635	522	49	288	9544108
12101	9635	522	49	287	9544118
12177	9635	519	49	287	9544128
12235	9635	505	49	287	9544138
12276	9635	466	49	287	9544148
12299	9635	382	49	285	9544158
12306	9628	106	50	285.5	9544178
41
10233	10193	9	47	296	9544554
10207	10201	14	47	296	9544564
10197	10213	75	47	296	9544574
10181	10213	129	47	296	9544584
10169	10221	188	47	296	9544594
10161	10221	220	48	297	9544604
10154	10221	251	48	297	9544624
10163	10221	290	48	297	9544634
10176	10221	307	48	297	9544644
10199	10221	324	48	297	9544654
10233	10221	349	48	297	9544664
10287	10213	381	48	297	9544674
10361	10213	399	48	297	9544684
10456	10213	417	48	297	9544694
10574	10213	430	48	297	9544704
10710	10213	448	48	297	9544714
10858	10213	456	48	297	9544724
11011	10213	456	48	297	9544734
11162	10213	458	48	295	9544744
11299	10219	461	48	295	9544754
11428	10219	462	48	294	9544764
11542	10227	468	49	293	9544774
11644	10227	471	49	292	9544784
11743	10238	471	49	292	9544794
11828	10238	473	49	291	9544804
11898	10246	476	49	291	9544814
11953	10246	479	49	289	9544824
11989	10246	480	49	289	9544834
12014	10246	484	49	289	9544844
12030	10237	486	49	289	9544854
12045	10237	489	49	289	9544864
12060	10237	490	49	289	9544874
12073	10237	493	50	288	9544884
12088	10237	494	50	288	9544894
12100	10237	492	50	287	9544904
12113	10237	493	50	287	9544914
12125	10237	493	50	287	9544924
12137	10237	496	50	287	9544934
12150	10237	495	50	287	9544944
12159	10237	486	50	288	9544964
12167	10237	233	49	289	9544994
28
12157	10482	18	47	305	9546694
12150	10492	124	47	305	9546704
12143	10492	207	47	305	9546714
12143	10501	242	47	305	9546724
12143	10508	285	47	305	9546734
12150	10501	322	47	305	9546744
12164	10486	361	47	305	9546754
12184	10462	396	47	304	9546764
12210	10428	409	47	304	9546774
12240	10385	416	47	304	9546784
12273	10339	423	47	304	9546794
12306	10287	429	47	304	9546804
12335	10227	431	47	305	9546814
12361	10164	435	47	305	9546824
12381	10093	433	47	305	9546834
12394	10017	436	48	304	9546844
12404	9941	440	48	305	9546854
12404	9868	441	49	304	9546864
12404	9797	444	49	304	9546874
12391	9735	449	49	304	9546884
12373	9676	453	50	305	9546894
12346	9622	455	50	305	9546904
12316	9572	457	50	305	9546914
12288	9529	461	51	305	9546924
12263	9495	460	51	305	9546934
12246	9472	459	51	303	9546944
12235	9460	448	52	304	9546964
12228	9460	160	51	306	9546984
62
12249	10486	102	49	297	9547430
12234	10486	150	49	297	9547440
12227	10486	262	49	297	9547480
12242	10486	345	48	297	9547490
12266	10479	376	48	297	9547500
12300	10479	404	48	297	9547510
12345	10468	420	48	297	9547520
12400	10468	449	48	297	9547530
12465	10457	461	48	295	9547540
12533	10457	465	48	295	9547550
12606	10442	481	48	294	9547560
12682	10431	486	48	294	9547570
12751	10419	493	48	294	9547580
12821	10405	495	48	293	9547590
12883	10389	502	48	293	9547600
12936	10371	504	48	294	9547610
12981	10351	506	48	294	9547620
13020	10329	506	49	293	9547630
13055	10307	507	49	293	9547640
13088	10287	509	49	292	9547650
13119	10265	510	50	293	9547660
13148	10245	513	50	293	9547670
13173	10226	513	50	293	9547680
13197	10203	513	50	293	9547690
13218	10182	517	50	293	9547700
13240	10158	517	51	293	9547710
13258	10136	514	51	293	9547720
13270	10112	517	51	293	9547730
13270	10087	515	51	293	9547740
13270	10061	518	51	294	9547750
13270	10031	520	51	294	9547760
13270	10001	519	51	294	9547770
13260	9972	521	51	294	9547780
13260	9941	525	51	294	9547790
13245	9912	524	51	294	9547800
13234	9883	520	51	294	9547810
13222	9856	525	51	294	9547820
13207	9831	527	51	294	9547830
13188	9806	526	51	294	9547840
13169	9781	526	51	294	9547850
13147	9758	530	51	294	9547860
13126	9734	531	51	294	9547870
13104	9714	533	51	294	9547880
13080	9693	530	51	294	9547890
13052	9674	530	51	294	9547900
13021	9655	531	51	294	9547910
12985	9635	531	51	294	9547920
12943	9615	529	51	294	9547930
12895	9595	529	51	294	9547940
12840	9573	529	51	294	9547950
12782	9552	529	51	294	9547960
12720	9530	527	51	294	9547970
12657	9508	528	51	294	9547980
12590	9486	525	51	294	9547990
12522	9466	525	51	294	9548000
12454	9447	525	51	294	9548010
12392	9430	522	51	294	9548020
12340	9418	524	51	294	9548030
12302	9410	527	51	294	9548040
12279	9410	523	51	295	9548050
12269	9410	490	51	296	9548070
12276	9410	158	51	297	9548090
30
12099	8291	72	47	302	9549482
12078	8297	181	47	302	9549512
12078	8285	312	47	302	9549522
12094	8276	368	47	302	9549532
12113	8263	407	48	303	9549542
12137	8244	445	48	303	9549552
12170	8221	464	48	303	9549562
12208	8193	481	48	303	9549572
12250	8158	489	48	303	9549582
12293	8116	495	48	303	9549592
12332	8068	502	48	303	9549602
12368	8014	501	48	302	9549612
12399	7957	507	48	302	9549622
12426	7898	509	49	301	9549632
12447	7840	506	49	301	9549642
12461	7782	509	49	301	9549652
12467	7727	510	49	299	9549662
12467	7677	509	49	299	9549672
12461	7630	515	49	298	9549682
12447	7585	518	49	298	9549692
12429	7543	517	49	298	9549702
12407	7502	519	51	298	9549712
12386	7468	520	51	298	9549722
12364	7439	521	51	297	9549732
12344	7418	519	51	297	9549742
12324	7404	517	51	297	9549752
12306	7394	508	51	297	9549762
12292	7394	481	51	299	9549772
12281	7394	433	51	299	9549782
12273	7394	148	51	300	9549802
69
12215	8245	53	48	298	9550126
12205	8259	114	48	297	9550146
12205	8266	205	48.5	297	9550166
12218	8266	254	49	297	9550176
12235	8274	294	49	297	9550186
12256	8274	319	49	297	9550196
12286	8274	361	49	297	9550206
12322	8274	380	49	296	9550216
12368	8274	397	49	296	9550226
12423	8274	418	49	295	9550236
12495	8274	455	49	295	9550246
12570	8274	470	49	295	9550256
12658	8274	481	49	295	9550266
12750	8263	482	50	294	9550276
12835	8257	488	50	294	9550286
12923	8248	489	50	293	9550296
13000	8237	489	50	293	9550306
13071	8226	491	50	293	9550316
13136	8214	494	50	293	9550326
13193	8203	493	50	293	9550336
13248	8189	493	50	291	9550346
13299	8174	489	50	291	9550356
13348	8159	491	50	290	9550366
13389	8142	491	50	290	9550376
13422	8122	495	50	290	9550386
13445	8099	495	50	290	9550396
13463	8076	495	50	290	9550406
13478	8052	493	50	289	9550416
13496	8026	492	50	289	9550426
13514	8002	494	51	288	9550436
13530	7978	494	51	288	9550446
13543	7953	496	51	288	9550456
13552	7927	494	51	288	9550466
13552	7902	498	51	286	9550476
13559	7875	497	51	286	9550486
13559	7849	501	51	285	9550496
13559	7824	504	51	285	9550506
13559	7800	504	51	285	9550516
13548	7778	504	51	285	9550526
13542	7754	504	51	285	9550536
13533	7733	505	51	285	9550546
13524	7710	506	51	285	9550556
13511	7689	509	51	285	9550566
13496	7667	510	51	285	9550576
13478	7646	514	51	285	9550586
13455	7624	517	51	285	9550596
13426	7603	522	51	285	9550606
13393	7580	522	51	285	9550616
13352	7557	521	52	286	9550626
13308	7533	525	52	286	9550636
13260	7509	526	52	286	9550646
13211	7484	527	52	286	9550656
13157	7460	528	52	287	9550666
13102	7435	532	52	287	9550676
13044	7408	536	52	288	9550686
12983	7384	537	52	288	9550696
12920	7362	538	52	288	9550706
12854	7342	538	52	288	9550716
12787	7326	539	52	288	9550726
12722	7311	540	52	290	9550736
12662	7299	536	52	290	9550746
12610	7288	534	52	292	9550756
12564	7280	530	52	292	9550766
12522	7273	524	52	292	9550776
12483	7273	509	52	292	9550786
12450	7266	498	52	292	9550796
12420	7266	473	52	292	9550806
12398	7266	404	52	292	9550816
12387	7266	70	52	292	9550836
27
13593	7858	59	49	293	9551918
13569	7858	150	49	293	9551928
13558	7858	223	49	292	9551938
13547	7858	290	49	292	9551948
13537	7858	408	49	292	9551998
13549	7858	462	49	292	9552008
13571	7858	473	49	292	9552018
13608	7858	481	49	292	9552028
13664	7866	496	49	292	9552038
13738	7873	514	49	291	9552048
13829	7880	519	49	291	9552058
13933	7888	528	49	289	9552068
14048	7895	536	49	289	9552078
14171	7903	533	49	289	9552088
14294	7909	537	50	290	9552098
14414	7917	538	50	290	9552108
14528	7925	541	50	290	9552118
14641	7933	542	50	290	9552128
14749	7942	540	50	290	9552138
14849	7951	536	50	290	9552148
14936	7960	534	50	290	9552158
15005	7966	521	50	290	9552168
15060	7966	517	50	289	9552178
15101	7976	506	50	289	9552188
15127	7976	494	51	288	9552198
15143	7976	452	51	288	9552208
15150	7984	134	51	288	9552228
39
13281	10141	67	50	296	9552848
13275	10150	147	50	296	9552858
13266	10150	201	50	296	9552868
13260	10156	283	51	297	9552888
13249	10163	422	51	297	9552968
13243	10163	491	50.375	298.125	9553048
13250	10163	526	49.5	297.5	9553068
13257	10163	529	50	297	9553078
13271	10163	530	50	296	9553088
13295	10163	533	50	296	9553098
13330	10171	537	50	296	9553108
13374	10171	537	50	296	9553118
13425	10182	538	50	296	9553128
13485	10188	541	50	296	9553138
13551	10195	542	50	295	9553148
13626	10202	543	50	295	9553158
13708	10212	544	51	293	9553168
13789	10220	545	51	293	9553178
13876	10229	546	51	293	9553188
13963	10238	545	51	293	9553198
14046	10244	545	51	293	9553208
14130	10244	547	51	293	9553218
14208	10255	547	51	293	9553228
14282	10255	549	51	292	9553238
14350	10265	551	51	292	9553248
14404	10272	551	51	291	9553258
14449	10272	551	51	291	9553268
14484	10282	551	51	291	9553278
14514	10282	551	51	291	9553288
14540	10290	551	51	291	9553298
14565	10290	553	51	291	9553308
14590	10290	552	51	291	9553318
14610	10290	553	51	291	9553328
14631	10297	554	51	290	9553338
14651	10297	554	51	290	9553348
14673	10297	552	52	288	9553358
14695	10305	553	51	288	9553368
14711	10305	546	51	288	9553378
14721	10305	231	51	288	9553418
21
14796	10219	44	47	299	9553902
14782	10234	118	47	299	9553922
14774	10243	271	47.625	299.625	9554002
14774	10234	345	48	300	9554012
14780	10223	363	48	300	9554022
14780	10201	384	48	300	9554032
14780	10167	403	48	300	9554042
14789	10114	425	48	300	9554052
14789	10048	443	48	299	9554062
14799	9972	454	48	299	9554072
14805	9893	466	49	297	9554082
14815	9818	478	49	297	9554092
14824	9749	491	49	297	9554102
14833	9688	509	49	297	9554112
14840	9639	519	49	297	9554122
14840	9595	528	49	297	9554132
14849	9561	533	49	297	9554142
14849	9537	539	49	297	9554152
14849	9519	544	49	297	9554162
14855	9511	567	49	297	9554222
14855	9519	138	49	297	9554242
26
14847	9460	5	46	292	9554942
14825	9466	35	46	292	9554952
14817	9484	74	46	292	9554962
14810	9484	121	46	292	9554972
14810	9493	177	46	292	9554982
14803	9493	244	45.5	291.5	9555002
14803	9501	308	45	291	9555022
14814	9501	340	45	291	9555032
14828	9501	352	45	291	9555042
14856	9501	374	45	291	9555052
14904	9509	411	45	291	9555062
14976	9509	428	45	291	9555072
15072	9519	437	45	290	9555082
15187	9519	456	45	290	9555092
15316	9531	472	45	289	9555102
15454	9531	474	45	289	9555112
15599	9543	479	45	289	9555122
15739	9543	478	45	289	9555132
15873	9553	479	45	289	9555142
15998	9553	484	45	289	9555152
16105	9560	479	45	289	9555162
16197	9560	478	45	289	9555172
16268	9560	477	46	288	9555182
16320	9560	470	46	288	9555192
16350	9560	430	46	287	9555202
16364	9560	178	46	286.333	9555232
22
14972	8829	90	49	295	9555746
14954	8821	109	49	295	9555756
14940	8821	210	49	295	9555766
14933	8821	291	49	295	9555776
14933	8829	362	49	295	9555806
14944	8829	399	49	295	9555816
14967	8829	424	49	295	9555826
15005	8838	457	49	295	9555836
15063	8846	481	49	295	9555846
15143	8846	509	49	293	9555856
15240	8860	522	49	293	9555866
15355	8868	538	49	292	9555876
15480	8875	543	49	292	9555886
15611	8882	542	50	293	9555896
15746	8890	542	50	293	9555906
15876	8896	539	50	293	9555916
16000	8904	528	50	293	9555926
16111	8912	519	50	293	9555936
16207	8921	506	50	291	9555946
16288	8928	486	50	291	9555956
16349	8928	429	50	290	9555966
16386	8937	140	50	290	9555986
17
15050	8710	71	48	303	9556380
15042	8710	163	48	303	9556400
15034	8710	194	48	303	9556410
15034	8702	225	48	303	9556420
15034	8690	249	47	302	9556430
15034	8666	270	47	302	9556440
15043	8627	302	47	302	9556450
15043	8570	343	47	302	9556460
15055	8495	365	48	303	9556470
15063	8413	380	48	303	9556480
15073	8332	396	48	303	9556490
15081	8263	417	48	303	9556500
15090	8207	433	48	303	9556510
15097	8165	440	49	304	9556520
15097	8136	444	49	304	9556530
15097	8117	444	49	304	9556540
15105	8109	205	50	303.75	9556580
22
16280	9835	61	46	296	9556974
16272	9835	108	45.5	295	9556994
16272	9822	204	45	294	9557004
16280	9799	242	45	294	9557014
16293	9763	282	45	294	9557024
16314	9718	327	46	293	9557034
16343	9661	352	46	293	9557044
16381	9590	367	45	291	9557054
16416	9508	375	46	292	9557064
16446	9418	389	46	292	9557074
16467	9323	396	46	292	9557084
16467	9230	417	47	293	9557094
16458	9139	439	47	292	9557104
16438	9050	437	48	292	9557114
16410	8967	443	48	291	9557124
16380	8893	453	48	291	9557134
16357	8833	464	49	292	9557144
16335	8789	471	49	292	9557154
16320	8763	476	50	293	9557164
16309	8748	480	50	293	9557184
16302	8748	439	51	293	9557204
16314	8761	70	51	293.5	9557224
23
16610	9710	76	46	297	9557462
16584	9717	163	46	297	9557472
16584	9731	232	46	297	9557482
16576	9737	313	46	295.667	9557512
16592	9731	352	46	295	9557522
16608	9712	381	46	295	9557532
16635	9681	407	45	294	9557542
16670	9638	424	45	294	9557552
16713	9581	432	45	294	9557562
16756	9508	445	45	294	9557572
16792	9425	456	46	295	9557582
16815	9334	458	46	294	9557592
16815	9238	469	46	294	9557602
16815	9147	480	48	293	9557612
16799	9058	486	48	293	9557622
16777	8977	491	48	294	9557632
16754	8907	498	48	294	9557642
16726	8848	506	49	295	9557652
16701	8803	515	49	295	9557662
16677	8769	517	49	295	9557672
16656	8746	519	50	296	9557682
16642	8733	518	50	296	9557692
16635	8727	344	51.4	297	9557742
67
16652	9754	8	46	292	9558682
16618	9763	51	46	292	9558692
16606	9763	138	46	292	9558712
16600	9763	279	46.3333	292.333	9558772
16611	9763	366	47	293	9558782
16629	9763	412	47	293	9558792
16659	9763	432	47	293	9558802
16700	9763	456	46	292	9558812
16751	9763	470	46	292	9558822
16811	9763	486	46	292	9558832
16875	9763	491	46	292	9558842
16939	9754	498	46	292	9558852
17006	9748	504	46	292	9558862
17075	9740	508	46	292	9558872
17148	9731	510	46	292	9558882
17220	9719	513	46	291	9558892
17286	9706	515	46	291	9558902
17346	9692	520	46	290	9558912
17398	9676	519	46	290	9558922
17445	9660	519	46	290	9558932
17490	9643	520	46	290	9558942
17531	9628	520	46	289	9558952
17567	9610	520	46	289	9558962
17603	9589	520	47	288	9558972
17637	9569	519	47	288	9558982
17669	9550	519	47	288	9558992
17697	9530	522	47	288	9559002
17722	9510	521	47	287	9559012
17745	9492	522	48	287	9559022
17764	9470	522	48	286	9559032
17782	9448	518	48	286	9559042
17796	9427	515	48	286	9559052
17809	9405	521	48	286	9559062
17820	9382	522	49	287	9559072
17827	9357	522	49	287	9559082
17827	9332	522	49	287	9559092
17827	9307	518	49	287	9559102
17827	9283	520	50	287	9559112
17827	9258	521	50	287	9559122
17816	9235	525	50	287	9559132
17808	9211	522	51	288	9559142
17800	9187	525	51	288	9559152
17790	9166	525	51	288	9559162
17778	9147	526	51	288	9559172
17761	9125	532	52	288	9559182
17743	9105	533	52	288	9559192
17720	9086	534	52	288	9559202
17695	9064	536	52	288	9559212
17668	9043	533	52	289	9559222
17635	9023	536	52	289	9559232
17597	8999	538	52	289	9559242
17556	8978	537	52	289	9559252
17508	8955	534	52	289	9559262
17458	8933	537	52	289	9559272
17403	8912	537	52	289	9559282
17347	8892	537	52	289	9559292
17286	8871	536	52	289	9559302
17221	8850	537	52	289	9559312
17151	8829	536	52	289	9559322
17077	8807	537	52	289	9559332
17002	8787	536	51	290	9559342
16926	8769	538	51	290	9559352
16856	8753	537	51	291	9559362
16794	8742	538	51	291	9559372
16747	8735	537	51	291	9559382
16719	8735	537	51	291	9559392
16704	8735	348	51	292.6	9559442
21
17866	9331	266	51	293	9559884
17874	9331	446	51	293	9559894
17880	9331	479	51	293	9559904
17893	9331	517	51	293	9559914
17914	9331	533	51	293	9559924
17947	9331	552	51	293	9559934
17996	9331	569	51	293	9559944
18061	9331	596	51	293	9559954
18140	9331	606	51	292	9559964
18233	9331	626	51	292	9559974
18332	9331	639	51	291	9559984
18438	9331	643	51	291	9559994
18552	9331	643	51	291	9560004
18663	9331	642	51	290	9560014
18770	9331	644	51	290	9560024
18865	9331	646	52	288	9560034
18939	9331	652	52	288	9560044
18994	9331	653	51	288	9560054
19030	9324	652	51	288	9560064
19046	9324	656	51	285.667	9560094
19046	9317	319	51	285	9560134
16
19443	9572	284	48	295	9560478
19443	9581	430	48	295	9560488
19443	9594	492	48	294	9560498
19435	9594	530	48	294	9560518
19443	9594	551	49	293	9560528
19453	9583	592	49	293	9560538
19465	9565	602	48	291	9560548
19482	9539	621	48	291	9560558
19502	9504	638	48	291	9560568
19523	9466	646	48	291	9560578
19545	9425	656	48	290	9560588
19566	9388	656	48	290	9560598
19584	9361	657	48	289	9560608
19599	9343	620	49	289	9560618
19608	9333	520	49	289	9560628
19615	9333	100	49	289	9560648
13
19710	9499	90	50	293	9560706
19740	9560	335	50	293	9560716
19740	9583	515	50	293	9560726
19740	9600	579	50	293	9560736
19740	9609	608	50	293	9560756
19729	9597	622	49	292	9560766
19723	9571	644	49	292	9560776
19708	9530	661	49	292	9560786
19683	9467	678	49	292	9560796
19648	9391	679	49	292	9560806
19607	9309	678	49	292	9560816
19571	9228	642	50	293	9560826
19540	9159	262	50	293	9560846
