62
18
1438	20602	41	45	286	9610900
1410	20621	110	45	286	9610910
1395	20621	202	45	287	9610920
1382	20621	297	45	287	9610930
1373	20621	402	45	287.667	9610960
1387	20621	471	44	289	9610970
1423	20621	481	44	289	9610980
1485	20621	509	45	288	9610990
1567	20628	524	46	288	9611000
1660	20628	529	46	287	9611010
1754	20635	532	46	286	9611020
1838	20635	532	46	286	9611030
1912	20635	533	46	285	9611040
1972	20635	530	46	285	9611050
2017	20635	521	46	284	9611060
2044	20635	501	46	284	9611070
2057	20635	426	46	282.5	9611090
2045	20635	109	46.5	281.5	9611110
20
1537	20442	115	46	284	9611260
1473	20402	135	46	284	9611270
1452	20390	225	46	285	9611280
1439	20383	282	46	286	9611290
1431	20383	319	46	286	9611300
1431	20375	363	46	287	9611320
1431	20366	404	46	288	9611330
1446	20366	443	46	288	9611340
1464	20357	496	45	289	9611350
1495	20357	521	45	289	9611360
1543	20357	538	45	289	9611370
1605	20357	555	46	288	9611380
1676	20357	563	46	289	9611390
1753	20357	563	47	288	9611400
1825	20357	566	47	287	9611410
1890	20357	561	47	287	9611420
1947	20357	551	47	285	9611430
1990	20357	531	47	284	9611440
2018	20349	496	48	284	9611450
2034	20349	277	48.25	281.75	9611490
20
1955	20844	131	43	285	9611704
1945	20844	290	44	285.5	9611744
1956	20829	397	45	284	9611754
1974	20806	420	46	285	9611764
2001	20771	447	46	285	9611774
2033	20726	457	47	285	9611784
2064	20670	465	47	284	9611794
2092	20608	470	48	285	9611804
2109	20543	479	48	284	9611814
2109	20477	486	48	284	9611824
2109	20415	486	48	284	9611834
2087	20359	493	49	283	9611844
2059	20312	495	49	283	9611854
2027	20276	494	49	282	9611864
1995	20249	495	49	282	9611874
1968	20230	493	49	282	9611884
1949	20218	490	49	282	9611894
1935	20212	481	49	282	9611904
1929	20212	407	49.5	282	9611924
1929	20224	28	50	281	9611944
39
2008	20806	2	45	284	9612140
1985	20813	93	45	284	9612150
1978	20813	244	45.75	284.75	9612190
1987	20813	346	46	284	9612200
2006	20813	381	47	284	9612210
2036	20804	421	47	283	9612220
2075	20797	469	47	283	9612230
2123	20786	489	47	283	9612240
2175	20772	497	47	283	9612250
2228	20756	512	47	283	9612260
2282	20737	514	47	283	9612270
2336	20715	519	47	283	9612280
2388	20690	519	47	283	9612290
2436	20661	520	47	283	9612300
2477	20630	518	47	283	9612310
2510	20597	521	47	283	9612320
2535	20562	519	47	283	9612330
2555	20527	522	47	283	9612340
2567	20492	520	47	283	9612350
2575	20458	527	47	283	9612360
2575	20428	523	47	282	9612370
2575	20401	528	47	282	9612380
2559	20376	530	47	281	9612390
2539	20351	537	47	281	9612400
2514	20328	537	47	281	9612410
2482	20304	534	47	281	9612420
2446	20281	530	47	281	9612430
2405	20261	525	48	281	9612440
2360	20243	527	48	281	9612450
2314	20228	525	48	281	9612460
2266	20216	523	48	281	9612470
2220	20208	524	48	281	9612480
2175	20208	522	49	282	9612490
2134	20201	519	49	282	9612500
2099	20201	512	50	281	9612510
2069	20201	486	50	281	9612520
2044	20201	453	50	281	9612530
2026	20201	376	50	281	9612540
2017	20201	112	50	281.5	9612560
25
2613	20526	82	47	283	9612756
2596	20517	132	47	283	9612766
2587	20508	203	47	283	9612776
2578	20497	266	47	283	9612786
2571	20481	309	47	283	9612796
2571	20463	341	47	283	9612806
2571	20444	388	48	284	9612816
2580	20426	410	48	284	9612826
2592	20409	473	48	284	9612836
2608	20396	484	48	283	9612846
2628	20390	498	48	283	9612856
2654	20390	504	48	281	9612866
2682	20390	506	48	281	9612876
2709	20400	507	48	281	9612886
2733	20412	508	48	281	9612896
2751	20427	509	48	281	9612906
2759	20443	508	48	281	9612916
2759	20460	506	48	281	9612926
2743	20477	500	48	281	9612936
2720	20493	493	48	281	9612946
2690	20504	483	48	281	9612956
2659	20511	468	48	281	9612966
2628	20511	414	48	281	9612976
2602	20511	315	48	281	9612986
2584	20494	9	48	281	9613006
21
2763	20473	11	48	284	9613204
2755	20467	149	48	284	9613224
2747	20467	273	48	282	9613264
2755	20467	366	48	281	9613274
2763	20467	406	48	281	9613284
2774	20467	448	48	281	9613294
2785	20458	479	48	281	9613304
2795	20458	494	48	281	9613314
2806	20458	501	48	281	9613324
2820	20458	504	48	281	9613334
2842	20458	513	48	281	9613344
2882	20458	505	47	281	9613354
2945	20458	504	47	281	9613364
3029	20458	495	47	281	9613374
3124	20458	485	47	281	9613384
3220	20458	469	47	281	9613394
3306	20458	448	47	281	9613404
3374	20458	448	47	281	9613414
3419	20458	449	47	281	9613424
3443	20458	432	47	281	9613454
3428	20458	131	47	281	9613474
17
1342	19543	208	48	288	9614288
1300	19528	218	47	289	9614298
1286	19537	330	47	289	9614308
1273	19537	398	47	290	9614318
1273	19557	430	47	292	9614328
1284	19557	453	47	292	9614338
1317	19557	493	47	293	9614348
1376	19557	515	47	293	9614358
1463	19557	530	48	293	9614368
1566	19557	544	48	292	9614378
1676	19557	548	48	292	9614388
1779	19557	548	48	291	9614398
1866	19557	538	48	290	9614408
1937	19557	504	48	289	9614418
1987	19557	444	49	288	9614428
2016	19557	338	49	288	9614438
2027	19550	92	49.5	286.5	9614458
18
1489	19335	123	50	287	9614596
1400	19295	144	50	288	9614606
1370	19282	250	49	289	9614616
1352	19274	317	49	291	9614626
1343	19274	345	49	292	9614636
1343	19266	408	48.5	292.5	9614656
1365	19258	473	48	293	9614666
1397	19258	506	47	295	9614676
1448	19252	527	48	295	9614686
1516	19252	549	48	295	9614696
1598	19252	556	48	295	9614706
1680	19252	556	48	294	9614716
1760	19252	557	49	293	9614726
1829	19260	550	49	293	9614736
1885	19260	528	49	292	9614746
1928	19270	494	49	291	9614756
1955	19270	433	49	289	9614766
1970	19270	138	50	287.5	9614786
19
1876	19774	155	47	288	9614984
1865	19763	215	47	288	9614994
1857	19751	249	47	288	9615004
1857	19741	333	47	287.5	9615024
1875	19716	412	47	287	9615034
1900	19679	447	48	286	9615044
1933	19633	479	48	286	9615054
1974	19577	495	48	285	9615064
2016	19514	497	49	285	9615074
2051	19450	501	49	284	9615084
2072	19379	498	49	284	9615094
2072	19307	497	49	283	9615104
2061	19237	490	50	283	9615114
2032	19171	490	50	282	9615124
1995	19117	489	51	283	9615134
1957	19076	489	51	283	9615144
1926	19048	488	52	283	9615154
1905	19034	482	52	283	9615164
1894	19034	246	52.6667	283.667	9615194
40
1963	19691	177	49	284	9615360
1926	19707	252	49	284	9615370
1917	19707	322	49	284	9615380
1917	19719	375	49	284	9615400
1927	19719	428	48	284	9615410
1949	19719	470	49	284	9615420
1983	19704	506	49	284	9615430
2031	19691	526	49	284	9615440
2087	19672	550	49	284	9615450
2151	19650	563	49	284	9615460
2217	19626	577	49	284	9615470
2284	19600	589	49	283	9615480
2350	19574	589	49	283	9615490
2411	19548	590	49	282	9615500
2470	19521	589	49	282	9615510
2521	19494	587	49	282	9615520
2563	19467	587	49	282	9615530
2594	19440	587	49	282	9615540
2614	19413	585	49	282	9615550
2623	19386	582	49	282	9615560
2623	19359	580	49	282	9615570
2623	19331	579	50	282	9615580
2605	19303	578	50	282	9615590
2586	19277	575	50	282	9615600
2560	19249	570	50	282	9615610
2529	19222	561	50	282	9615620
2492	19194	552	50	282	9615630
2451	19166	543	50	282	9615640
2408	19138	539	50	282	9615650
2360	19113	534	51	283	9615660
2310	19091	526	51	283	9615670
2256	19074	518	51	283	9615680
2199	19059	513	52	283	9615690
2142	19047	512	52	283	9615700
2088	19040	513	52	283	9615710
2043	19033	513	53	284	9615720
2008	19033	510	53	284	9615730
1984	19026	505	53	284	9615740
1971	19026	466	53	284	9615750
1965	19026	117	54	284.667	9615780
25
2687	19442	67	50	285	9615976
2669	19432	113	50	285	9615986
2660	19419	186	50	285	9615996
2653	19409	241	50	285	9616006
2653	19398	286	50	285	9616016
2645	19384	322	50	283	9616026
2645	19369	350	50	283	9616036
2655	19354	401	50	282	9616046
2670	19342	437	50	282	9616056
2689	19333	447	50	282	9616066
2713	19333	457	50	282	9616076
2738	19333	464	50	281	9616086
2761	19333	470	50	281	9616096
2783	19348	471	51	280	9616106
2796	19361	472	51	280	9616116
2803	19376	473	51	280	9616126
2803	19392	471	51	280	9616136
2789	19410	461	51	280	9616146
2772	19428	453	51	280	9616156
2747	19442	449	51	280	9616166
2719	19451	440	51	280	9616176
2689	19451	434	51	280	9616186
2660	19444	403	51	280	9616196
2636	19434	336	51	280	9616206
2621	19419	82	51	280	9616226
17
2904	19397	203	50	283	9616412
2871	19390	307	50	282	9616422
2861	19390	435	50	282	9616462
2880	19390	522	50	282	9616472
2904	19390	536	50	282	9616482
2939	19390	543	50	282	9616492
2986	19390	551	50	281	9616502
3046	19390	554	50	281	9616512
3119	19390	556	51	280	9616522
3196	19390	552	51	280	9616532
3275	19390	534	51	280	9616542
3350	19390	520	51	280	9616552
3419	19390	506	51	280	9616562
3475	19390	485	51	280	9616572
3516	19390	431	51	280	9616582
3540	19390	321	51	280	9616592
3550	19390	0	51	280	9616612
17
1455	18459	102	48	294	9617056
1428	18447	171	48	294	9617066
1417	18447	292	48	294	9617076
1407	18447	358	48	294	9617086
1396	18447	395	48	294	9617096
1396	18440	456	48	295	9617116
1418	18432	533	48	297	9617126
1455	18432	561	48	297	9617136
1514	18432	577	48	295	9617146
1590	18432	587	48	295	9617156
1676	18432	599	48	294	9617166
1758	18432	601	49	293	9617176
1830	18441	601	49	293	9617186
1892	18441	598	49	292	9617196
1939	18448	581	49	291	9617206
1971	18448	550	49	291	9617216
1988	18448	314	49.75	287.5	9617256
20
1527	18292	105	50	289	9617372
1443	18244	198	50	290	9617382
1417	18230	284	50	291	9617392
1401	18221	340	50	293	9617402
1395	18221	389	50	294	9617412
1395	18215	442	49	295	9617422
1406	18215	474	49	296	9617432
1425	18207	508	49	296	9617442
1457	18207	542	49	297	9617452
1507	18207	568	49	297	9617462
1570	18207	589	49	297	9617472
1644	18207	594	49	297	9617482
1718	18207	596	49	296	9617492
1785	18214	591	49	296	9617502
1845	18214	573	49	295	9617512
1893	18224	551	50	294	9617522
1931	18224	524	50	293	9617532
1959	18232	477	50	291	9617542
1974	18232	425	51	291	9617552
1981	18232	151	51.5	289	9617572
22
1864	18608	174	51	288	9617720
1825	18608	220	51	288	9617730
1814	18615	324	51	287	9617750
1814	18640	379	50.5	285.5	9617770
1829	18623	439	50	285	9617780
1851	18607	470	50	285	9617790
1883	18581	514	50	285	9617800
1920	18548	527	50	285	9617810
1963	18506	543	50	283	9617820
2005	18458	548	51	284	9617830
2041	18403	551	51	283	9617840
2067	18343	551	51	283	9617850
2075	18278	550	51	283	9617860
2064	18209	550	51	283	9617870
2036	18143	544	52	283	9617880
1997	18083	537	52	283	9617890
1956	18036	533	52	283	9617900
1917	18002	532	53	284	9617910
1886	17981	524	53	284	9617920
1861	17968	497	53	284	9617930
1845	17968	441	54	286	9617940
1839	17968	155	54	286.5	9617960
42
1950	18589	64	51	286	9618148
1908	18607	111	51	286	9618158
1891	18607	200	51	285	9618168
1880	18615	236	51	285	9618178
1874	18615	260	51	285	9618198
1882	18615	304	51	285	9618208
1899	18615	343	51	285	9618218
1925	18606	366	50	283	9618228
1962	18599	392	50	283	9618238
2010	18590	410	50	282	9618248
2070	18576	453	50	282	9618258
2136	18559	459	50	282	9618268
2208	18539	460	50	282	9618278
2282	18516	467	50	282	9618288
2352	18491	468	50	282	9618298
2415	18466	470	50	282	9618308
2468	18438	472	50	282	9618318
2508	18411	473	50	282	9618328
2537	18384	477	50	282	9618338
2556	18356	476	51	283	9618348
2566	18331	478	51	283	9618358
2566	18304	481	51	283	9618368
2566	18275	481	51	283	9618378
2554	18247	481	51	283	9618388
2540	18219	482	51	283	9618398
2521	18191	482	51	284	9618408
2500	18161	484	52	284	9618418
2474	18133	480	52	286	9618428
2441	18105	477	52	286	9618438
2401	18080	467	53	286	9618448
2356	18057	457	53	286	9618458
2305	18037	443	53	286	9618468
2250	18018	435	54	287	9618478
2190	18001	422	54	287	9618488
2130	17987	408	54	287	9618498
2069	17976	399	54	287	9618508
2010	17968	375	55	287	9618518
1950	17968	322	55	287	9618528
1891	17960	255	55	287	9618538
1837	17960	184	55	287	9618548
1789	17960	123	55	287	9618558
1755	17960	29	55	287	9618578
34
2703	18385	61	51	286	9618812
2703	18376	139	51	286	9618822
2695	18376	247	52	286	9618842
2682	18370	277	52	286	9618852
2673	18370	286	52	286	9618862
2662	18363	294	52	286	9618872
2649	18356	297	51	285	9618882
2637	18347	306	51	284	9618892
2625	18337	325	51	284	9618902
2613	18325	340	51	283	9618912
2605	18311	359	51	283	9618922
2596	18296	381	51	283	9618932
2596	18282	392	51	283	9618942
2589	18268	399	51	283	9618952
2589	18254	420	51	283	9618962
2602	18242	431	51	283	9618972
2618	18232	468	51	283	9618982
2640	18221	488	51	283	9618992
2667	18215	502	51	283	9619002
2695	18215	505	51	283	9619012
2723	18215	509	52	283	9619022
2748	18224	509	52	283	9619032
2770	18236	509	52	283	9619042
2786	18249	513	52	283	9619052
2796	18264	514	52	283	9619062
2796	18281	517	52	283	9619072
2796	18300	517	52	283	9619082
2780	18318	513	52	283	9619092
2763	18334	512	52	283	9619102
2743	18345	505	52	283	9619112
2719	18345	495	52	283	9619122
2695	18345	469	51	283	9619132
2672	18345	401	51	283	9619142
2655	18329	99	51	283	9619162
23
2864	18309	128	52	288	9619476
2837	18298	150	52	288	9619486
2822	18298	236	52	288	9619496
2805	18291	302	52	288	9619506
2785	18291	349	52	288	9619516
2767	18291	392	52	288	9619526
2754	18284	446	52	288	9619536
2746	18284	495	52	288	9619556
2756	18284	533	52	287	9619566
2777	18284	563	52	287	9619576
2811	18284	577	52	286	9619586
2863	18284	590	52	286	9619596
2929	18284	592	52	286	9619606
3010	18292	597	52	286	9619616
3100	18292	598	52	286	9619626
3191	18292	599	52	286	9619636
3279	18298	599	52	286	9619646
3360	18298	597	51	285	9619656
3431	18298	593	51	285	9619666
3489	18305	574	51	285	9619676
3533	18305	517	52	286	9619686
3559	18305	433	52	286	9619696
3570	18305	80	52	286	9619716
19
1414	17351	21	51	300	9620160
1382	17335	149	51	300	9620170
1361	17335	269	51	300	9620180
1344	17325	365	51	301	9620190
1333	17325	439	51	301	9620200
1326	17325	491	50	302	9620220
1338	17325	541	50	302	9620230
1368	17332	572	50	302	9620240
1422	17332	586	50	302	9620250
1499	17345	599	50	300	9620260
1586	17353	606	50	300	9620270
1673	17363	607	50	299	9620280
1749	17371	606	51	298	9620290
1810	17378	605	51	298	9620300
1857	17378	599	51	297	9620310
1887	17385	582	51	295	9620320
1903	17385	563	51.6667	292	9620350
1887	17378	468	52	289	9620360
1863	17371	146	53	287	9620380
19
1496	17218	210	53	291	9620488
1416	17163	225	54	293	9620498
1386	17144	310	53	294	9620508
1365	17132	377	53	296	9620518
1350	17132	412	53	297	9620528
1350	17122	472	52.5	299	9620548
1350	17112	547	52	301	9620558
1376	17112	590	51	302	9620568
1414	17112	607	51	302	9620578
1472	17112	632	51	303	9620588
1545	17112	640	51	303	9620598
1623	17128	642	51	302	9620608
1697	17139	642	51	302	9620618
1757	17146	633	53	302	9620628
1805	17155	614	53	301	9620638
1841	17155	585	53	301	9620648
1868	17155	521	53	299	9620658
1889	17155	423	54	298	9620668
1900	17155	117	54	296	9620688
24
1716	17567	99	52	292	9620892
1716	17585	115	52	292	9620902
1716	17576	202	52	290	9620912
1730	17565	254	52	290	9620922
1743	17548	336	52	289	9620932
1767	17525	383	52	287	9620942
1796	17496	421	52	287	9620952
1831	17459	446	52	286	9620962
1870	17416	453	53	286	9620972
1906	17366	454	53	285	9620982
1937	17308	453	53	285	9620992
1957	17246	448	53	284	9621002
1964	17181	449	53	284	9621012
1957	17121	447	54	284	9621022
1937	17068	445	54	284	9621032
1910	17024	446	54	284	9621042
1880	16991	448	54	284	9621052
1852	16966	447	55	285	9621062
1830	16949	446	55	285	9621072
1813	16941	442	55	285	9621082
1801	16941	430	56	287	9621092
1795	16941	384	56	287.5	9621112
1795	16949	285	56	288	9621122
1808	16961	18	56.5	288.5	9621142
36
1865	17475	72	54	288	9621300
1821	17499	116	53	288	9621310
1806	17510	193	53	286	9621320
1796	17518	263	53	286	9621340
1788	17526	298	53	285.5	9621360
1804	17526	337	53	285	9621370
1826	17526	370	52	283	9621380
1858	17516	401	52	283	9621390
1901	17516	436	52	283	9621400
1956	17501	447	52	283	9621410
2021	17489	455	52	283	9621420
2087	17471	460	52	283	9621430
2152	17449	460	52	283	9621440
2207	17422	460	52	283	9621450
2253	17393	461	52	283	9621460
2292	17361	461	52	283	9621470
2322	17329	461	52	283	9621480
2343	17297	462	52	283	9621490
2355	17265	462	52	283	9621500
2355	17232	461	53	284	9621510
2355	17200	461	53	284	9621520
2347	17166	462	53	284	9621530
2331	17134	464	54	284	9621540
2310	17103	464	54	284	9621550
2285	17076	464	54	284	9621560
2257	17051	464	54	286	9621570
2225	17028	460	55	286	9621580
2187	17008	460	55	287	9621590
2140	16991	457	55	287	9621600
2088	16978	455	55	287	9621610
2035	16969	455	55	287	9621620
1987	16969	449	56	288	9621630
1948	16961	448	56	288	9621640
1922	16961	439	56	288	9621650
1910	16961	394	56	288	9621660
1910	16970	134	56	288	9621680
27
2485	17306	165	53	286	9621836
2454	17314	197	53	286	9621846
2441	17323	266	53	285	9621856
2429	17330	305	53	285	9621866
2417	17330	341	53	284	9621876
2408	17316	374	54	284	9621886
2400	17302	390	54	284	9621896
2392	17284	409	54	284	9621906
2392	17264	437	54	284	9621916
2392	17244	455	54	284	9621926
2392	17224	461	54	284	9621936
2392	17206	472	54	286	9621946
2410	17192	482	54	286	9621956
2430	17184	488	54	287	9621966
2452	17184	489	54	287	9621976
2478	17184	492	54	287	9621986
2506	17184	493	54	287	9621996
2531	17200	494	54	287	9622006
2550	17215	493	54	287	9622016
2563	17232	490	54	287	9622026
2563	17251	488	54	287	9622036
2563	17271	484	54	287	9622046
2537	17289	479	54	287	9622056
2510	17304	469	54	287	9622066
2479	17312	447	54	287	9622076
2451	17312	374	54	287	9622086
2427	17312	62	54	287	9622106
17
2616	17241	263	55	287	9622252
2576	17233	333	55	287	9622262
2564	17233	408	55	287	9622272
2557	17233	455	55	287	9622292
2576	17233	477	55	287	9622302
2606	17225	488	55	287	9622312
2651	17225	502	54	287	9622322
2714	17225	516	54	287	9622332
2794	17225	530	54	286	9622342
2883	17225	540	54	286	9622352
2983	17225	544	54	284	9622362
3081	17225	541	54	284	9622372
3167	17225	539	54	284	9622382
3242	17233	517	54	284	9622392
3296	17233	488	54	284	9622402
3329	17241	456	54	284	9622412
3342	17241	139	54	284	9622442
17
1334	16363	49	49	299	9622948
1306	16370	200	49	301	9622968
1297	16370	407	48.5	301.5	9623008
1316	16370	509	48	303	9623018
1344	16370	539	48	303	9623028
1390	16362	561	48	303	9623038
1456	16362	575	48	302	9623048
1535	16362	582	48	302	9623058
1617	16362	587	49	301	9623068
1695	16373	587	49	299	9623078
1757	16379	586	49	298	9623088
1807	16379	580	50	296	9623098
1844	16391	568	50	295	9623108
1870	16391	549	50	293	9623118
1887	16391	501	50	291	9623128
1895	16391	385	50.5	289	9623148
1884	16391	32	51.5	286	9623168
16
1423	16246	113	52	289	9623276
1351	16206	177	52	290	9623286
1333	16193	242	52	292	9623296
1322	16185	324	51	294.5	9623316
1329	16173	428	51	297	9623326
1350	16173	470	50	299	9623336
1389	16173	509	50	300	9623346
1447	16166	529	50	300	9623356
1521	16166	533	50	302	9623366
1602	16176	539	50	300	9623376
1681	16176	538	50	300	9623386
1751	16186	538	50	299	9623396
1809	16186	521	51	298	9623406
1852	16196	472	51	298	9623416
1880	16196	396	51	297	9623426
1894	16203	123	51	294.5	9623446
20
1769	16599	109	52	286	9623620
1736	16585	177	52	286	9623630
1727	16585	278	52	284	9623650
1727	16577	336	52	283	9623660
1737	16577	388	52	283	9623670
1755	16561	422	51	283	9623680
1779	16533	454	51	281	9623690
1812	16496	480	51	281	9623700
1853	16450	504	52	280	9623710
1894	16394	510	52	280	9623720
1931	16331	515	53	281	9623730
1957	16263	515	53	281	9623740
1966	16194	510	53	281	9623750
1957	16129	495	53	281	9623760
1932	16073	476	53	281	9623770
1894	16026	460	53	281	9623780
1858	15989	440	53	281	9623790
1827	15963	401	53	281	9623800
1807	15947	350	54	281	9623810
1798	15941	108	54.3333	281.333	9623840
36
1864	16550	203	52	284	9624020
1811	16566	208	52	283	9624030
1793	16575	275	52	283	9624040
1783	16586	319	52	283	9624050
1783	16594	350	52	282	9624070
1783	16601	370	52	280	9624080
1806	16601	389	52	280	9624090
1836	16592	406	52	280	9624100
1875	16583	429	52	280	9624110
1921	16571	447	52	280	9624120
1976	16552	460	52	279	9624130
2036	16529	472	52	279	9624140
2102	16502	485	52	278	9624150
2169	16472	496	52	278	9624160
2232	16441	501	52	278	9624170
2287	16408	505	52	278	9624180
2334	16376	505	52	279	9624190
2371	16342	505	52	279	9624200
2398	16303	505	52	280	9624210
2413	16265	501	52	280	9624220
2413	16222	502	53	281	9624230
2405	16179	505	53	281	9624240
2384	16138	506	53	281	9624250
2355	16102	509	53	281	9624260
2324	16071	509	53	282	9624270
2290	16047	510	53	282	9624280
2256	16026	509	53	284	9624290
2216	16009	510	54	284	9624300
2170	15996	509	54	284	9624310
2115	15986	495	54	284	9624320
2052	15977	486	54	284	9624330
1987	15977	484	55	285	9624340
1927	15967	481	55	285	9624350
1878	15967	480	55	285	9624360
1845	15967	471	55	285	9624370
1830	15967	206	55	285	9624400
24
2506	16359	143	51	283	9624572
2468	16359	180	51	283	9624582
2449	16352	261	51	283	9624592
2432	16344	315	51	283	9624602
2418	16332	334	52	283	9624612
2409	16316	377	52	283	9624622
2409	16297	407	52	283	9624632
2409	16274	440	52	283	9624642
2419	16252	455	52	283	9624652
2435	16230	478	52	283	9624662
2457	16211	495	53	284	9624672
2484	16199	497	53	284	9624682
2513	16192	505	53	284	9624692
2540	16192	506	53	284	9624702
2565	16198	505	53	284	9624712
2583	16209	502	53	284	9624722
2595	16223	498	53	284	9624732
2602	16240	493	53	284	9624742
2602	16260	472	53	284	9624752
2593	16282	461	53	284	9624762
2575	16302	440	53	284	9624772
2549	16318	408	53	284	9624782
2517	16330	359	53	284	9624792
2483	16330	90	53	284	9624812
17
2784	16266	128	54	288	9625020
2740	16256	208	54	288	9625030
2723	16249	340	54	287	9625040
2712	16249	485	54	285.75	9625080
2737	16256	527	53	284	9625090
2784	16256	531	53	284	9625100
2851	16256	537	53	284	9625110
2941	16256	551	53	282	9625120
3044	16249	564	53	282	9625130
3146	16242	574	53	281	9625140
3247	16234	576	53	281	9625150
3338	16234	578	53	281	9625160
3420	16226	581	53	281	9625170
3487	16226	577	53	281	9625180
3538	16226	574	53	281	9625190
3570	16226	563	53	281	9625200
3586	16226	229	53	281	9625240
21
1691	15581	25	51	283	9626020
1697	15581	101	51	283	9626030
1710	15581	175	51	283	9626040
1725	15589	239	51	283	9626050
1748	15577	291	51	281	9626060
1778	15554	325	51	281	9626070
1811	15520	359	52	280	9626080
1845	15472	382	52	280	9626090
1876	15412	385	52	280	9626100
1899	15342	396	53	281	9626110
1909	15268	398	53	281	9626120
1909	15197	406	53	281	9626130
1890	15133	408	53	281	9626140
1868	15082	412	53	281	9626150
1842	15042	412	53	281	9626160
1817	15015	414	52	282	9626170
1797	14997	414	53	282	9626180
1782	14987	405	53	284	9626190
1771	14987	384	53	284	9626200
1765	14987	306	53	284	9626210
1765	15000	14	53.5	284	9626230
36
1796	15558	103	52	284	9626380
1735	15575	176	52	283	9626390
1711	15575	276	51	283	9626400
1697	15584	335	51	283	9626410
1691	15584	357	51	283	9626420
1691	15592	373	51	283	9626430
1705	15592	421	51	281	9626440
1726	15592	445	51	281	9626450
1762	15583	478	52	280	9626460
1812	15574	507	52	280	9626470
1875	15561	537	52	280	9626480
1952	15547	553	52	280	9626490
2037	15528	566	51	280	9626500
2125	15507	577	51	280	9626510
2210	15481	579	51	280	9626520
2284	15452	580	51	280	9626530
2347	15420	582	51	280	9626540
2397	15383	585	51	280	9626550
2436	15342	588	51	280	9626560
2466	15296	585	51	280	9626570
2486	15249	583	51	281	9626580
2494	15203	588	51	281	9626590
2487	15161	587	51	283	9626600
2466	15124	589	51	283	9626610
2433	15092	590	51	283	9626620
2387	15063	587	51	283	9626630
2337	15040	587	52	284	9626640
2280	15017	579	52	284	9626650
2216	14999	569	52	286	9626660
2146	14985	560	52	286	9626670
2071	14973	555	53	286	9626680
1997	14966	546	53	286	9626690
1932	14966	544	53	286	9626700
1881	14957	536	53	286	9626710
1850	14957	522	53	286	9626720
1835	14957	251	53	286	9626750
15
1323	15399	131	50	294	9627004
1287	15408	256	50	295.5	9627024
1277	15408	345	50	297	9627034
1291	15408	380	49	298	9627044
1320	15408	429	49	299	9627054
1367	15408	469	49	299	9627064
1438	15408	495	48	300	9627074
1524	15408	515	48	300	9627084
1617	15401	528	48	299	9627094
1708	15401	536	49	297	9627104
1791	15401	538	49	296	9627114
1860	15401	538	49	295	9627124
1916	15401	532	50	294	9627134
1954	15401	502	50	293	9627144
1975	15393	261	50	290	9627174
15
1350	15139	168	51	291	9627312
1248	15096	191	51	292	9627322
1214	15086	294	51	293	9627332
1191	15086	341	50	295	9627342
1182	15086	363	50	296	9627352
1182	15078	379	49	298	9627362
1203	15078	405	49	299	9627372
1245	15078	429	49	301	9627382
1311	15078	456	48	302	9627392
1404	15078	472	48	302	9627402
1515	15078	477	49	303	9627412
1634	15078	478	49	303	9627422
1751	15078	468	50	302	9627432
1861	15068	423	50	300	9627442
1962	15068	134	50.5	298.5	9627462
30
2540	15290	101	47	285	9627688
2504	15297	133	47	285	9627698
2483	15297	218	48	286	9627708
2464	15307	279	48	285	9627718
2446	15307	334	49	285	9627728
2434	15307	364	49	284	9627738
2427	15307	385	50	285	9627748
2427	15292	399	50	285	9627758
2427	15274	421	51	285	9627768
2427	15253	425	51	285	9627778
2427	15231	432	51	285	9627788
2445	15208	441	51	285	9627798
2465	15189	462	51	285	9627808
2489	15174	473	51	285	9627818
2518	15164	489	52	286	9627828
2550	15164	493	52	286	9627838
2583	15164	495	52	286	9627848
2611	15177	500	52	286	9627858
2632	15192	501	52	286	9627868
2640	15210	510	52	286	9627878
2640	15234	513	52	286	9627888
2625	15259	513	52	286	9627898
2600	15282	516	52	286	9627908
2572	15300	515	52	286	9627918
2540	15312	515	52	286	9627928
2511	15312	514	52	286	9627938
2484	15312	502	52	286	9627948
2462	15312	474	52	286	9627958
2446	15301	422	52	286	9627968
2440	15289	118	51	284	9627988
19
2715	15216	304	49	284	9628124
2684	15216	381	49	284	9628134
2676	15224	432	49	284	9628144
2676	15231	465	49	284	9628164
2701	15231	480	49	283	9628174
2738	15231	494	50	283	9628184
2798	15222	518	50	282	9628194
2877	15216	566	50	282	9628204
2976	15207	575	51	283	9628214
3088	15201	587	51	283	9628224
3199	15201	592	51	283	9628234
3310	15193	591	51	283	9628244
3411	15193	590	51	281	9628254
3504	15193	582	52	282	9628264
3583	15193	570	53	281	9628274
3644	15193	518	53	281	9628284
3680	15185	447	53	281	9628294
3698	15185	324	53	281	9628304
3698	15174	37	53	281	9628324
16
1397	14392	108	48	299	9628808
1352	14384	217	48	299	9628818
1335	14378	349	48	300	9628858
1345	14378	456	48	300	9628868
1367	14378	494	48	301	9628878
1411	14371	536	48	301	9628888
1480	14371	549	48	301	9628898
1569	14371	563	48	300	9628908
1666	14371	564	48	299	9628918
1760	14371	563	49	297	9628928
1844	14371	564	49	296	9628938
1914	14371	558	49	295	9628948
1970	14371	539	50	294	9628958
2010	14371	483	50	293	9628968
2031	14371	358	50	290.5	9628988
2023	14364	32	50.5	288.5	9629008
17
1466	14167	99	50	289	9629108
1372	14110	173	50	290	9629118
1336	14092	253	50	291	9629128
1309	14081	322	50	293	9629138
1293	14081	356	49	295	9629148
1293	14074	405	49	296.5	9629168
1316	14074	472	48	299	9629178
1355	14074	493	48	300	9629188
1416	14067	514	48	301	9629198
1495	14067	529	47	302	9629208
1581	14058	533	48	303	9629218
1667	14058	533	48	302	9629228
1745	14058	529	48	302	9629238
1809	14058	527	49	301	9629248
1860	14058	514	49	299	9629258
1892	14058	479	49	298	9629268
1910	14058	176	50	296	9629298
23
1806	14513	200	48	286	9629464
1760	14529	246	48	286	9629474
1748	14529	325	48	286	9629484
1748	14538	349	48.5	285	9629504
1755	14531	398	49	284	9629514
1777	14514	425	50	285	9629524
1809	14487	468	50	283	9629534
1851	14451	494	50	283	9629544
1899	14406	514	50	282	9629554
1947	14354	527	50	282	9629564
1989	14294	533	50	282	9629574
2020	14234	537	50	282	9629584
2033	14172	540	50	282	9629594
2026	14113	541	51	283	9629604
1998	14061	544	51	283	9629614
1955	14011	544	51	283	9629624
1906	13968	546	51	283	9629634
1859	13934	545	51	283	9629644
1820	13909	546	51	283	9629654
1792	13893	546	52	283	9629664
1776	13885	545	52	283	9629674
1769	13885	527	52	284	9629694
1778	13898	183	52	286	9629714
41
1911	14512	170	49	285	9629900
1850	14537	201	50	285	9629910
1828	14547	301	50	285	9629920
1815	14553	357	50.5	283.5	9629940
1815	14561	365	51	283	9629950
1832	14561	370	51	283	9629960
1860	14561	397	50	282	9629970
1901	14551	428	50	281	9629980
1952	14543	454	50	281	9629990
2014	14532	480	51	280	9630000
2084	14520	498	51	280	9630010
2154	14503	522	51	280	9630020
2226	14483	539	51	280	9630030
2297	14459	552	51	280	9630040
2362	14433	551	51	280	9630050
2423	14407	556	50	280	9630060
2475	14380	553	50	280	9630070
2519	14351	553	50	280	9630080
2552	14320	552	50	281	9630090
2578	14285	552	50	281	9630100
2595	14247	552	50	282	9630110
2604	14209	556	50	282	9630120
2604	14172	555	50	282	9630130
2604	14136	557	50	282	9630140
2593	14104	557	50	282	9630150
2575	14075	555	50	282	9630160
2550	14048	558	50	282	9630170
2517	14022	558	50	282	9630180
2477	13998	552	50	282	9630190
2430	13976	545	51	283	9630200
2375	13954	530	51	283	9630210
2312	13934	520	51	283	9630220
2242	13916	515	51	283	9630230
2165	13899	504	51	283	9630240
2085	13882	501	51	283	9630250
2004	13868	497	51	283	9630260
1929	13856	498	51	283	9630270
1862	13846	492	52	283	9630280
1805	13840	471	52	283	9630290
1761	13840	432	52	283	9630300
1731	13840	130	52	283	9630320
27
2665	14305	148	45	282	9630516
2639	14305	207	45	282	9630526
2630	14305	270	45	282	9630536
2623	14305	315	46	283	9630546
2611	14289	357	46	283	9630556
2603	14268	385	47	283	9630566
2592	14242	402	48	284	9630576
2583	14211	432	48	284	9630586
2583	14183	441	49	284	9630596
2583	14157	470	50	283	9630606
2583	14134	488	50	283	9630616
2603	14117	505	51	283	9630626
2626	14102	515	51	283	9630636
2654	14093	524	51	283	9630646
2685	14093	528	51	283	9630656
2715	14093	532	51	283	9630666
2742	14093	534	51	283	9630676
2763	14110	534	51	283	9630686
2776	14127	536	51	283	9630696
2776	14150	533	51	281	9630706
2776	14178	531	51	281	9630716
2763	14208	525	52	280	9630726
2738	14237	515	52	280	9630736
2709	14260	505	52	280	9630746
2678	14270	470	52	280	9630756
2650	14270	391	52	280	9630766
2629	14270	90	52	280	9630786
20
2910	14144	230	48	281	9630932
2869	14136	284	48	281	9630942
2851	14128	383	48	281	9630952
2839	14128	434	48	281	9630962
2833	14128	456	49	282	9630982
2851	14128	473	49	282	9630992
2879	14128	490	50	281	9631002
2925	14128	490	50	281	9631012
2994	14121	504	51	280	9631022
3082	14121	506	52	280	9631032
3182	14112	512	52	280	9631042
3286	14112	515	52	280	9631052
3385	14103	515	52	280	9631062
3474	14103	513	52	280	9631072
3553	14097	510	52	280	9631082
3616	14097	505	53	281	9631092
3667	14097	496	53	281	9631102
3701	14097	469	53	281	9631112
3719	14090	410	53	281	9631122
3725	14090	126	53	281	9631142
17
1215	13042	198	48	301	9631616
1178	13032	296	48	301	9631626
1161	13032	350	47	302	9631636
1161	13041	399	47	302	9631646
1175	13041	437	48	303	9631656
1208	13041	457	48	304	9631666
1259	13041	477	48	304	9631676
1333	13041	496	47	305	9631686
1425	13034	512	48	304	9631696
1529	13034	515	48	304	9631706
1630	13034	520	48	303	9631716
1716	13034	520	48	302	9631726
1782	13034	516	49	301	9631736
1825	13034	505	49	298	9631746
1850	13034	483	50	297	9631756
1860	13034	429	50	295.5	9631776
1843	13034	151	51	292	9631796
15
1251	12840	268	50	296	9631904
1191	12788	319	50	297	9631914
1173	12775	383	49	298	9631924
1163	12775	429	49	299	9631934
1163	12767	457	49	301	9631944
1171	12767	480	48	303	9631954
1196	12767	515	48	304	9631964
1240	12767	528	48	304	9631974
1306	12767	537	48	306	9631984
1395	12767	541	48	306	9631994
1495	12767	534	48	305	9632004
1595	12767	522	49	304	9632014
1686	12767	465	49	303	9632024
1759	12767	329	50	302	9632034
1813	12767	1	50.5	298.5	9632054
22
1718	13237	294	48	289	9632220
1675	13285	297	48	288	9632230
1666	13303	331	48	288	9632240
1666	13318	358	48	287	9632260
1675	13318	399	48	286	9632270
1695	13293	407	48	286	9632280
1727	13254	436	48	285	9632290
1768	13198	460	49	285	9632300
1812	13134	480	49	284	9632310
1856	13060	493	49	284	9632320
1886	12981	496	50	283	9632330
1902	12899	509	50	283	9632340
1902	12818	512	51	283	9632350
1865	12744	514	51	283	9632360
1825	12678	514	51	281	9632370
1774	12626	513	52	282	9632380
1725	12588	504	53	281	9632390
1681	12564	495	53	281	9632400
1649	12552	470	53	281	9632410
1629	12552	430	53	282	9632420
1622	12559	345	53	282	9632430
1631	12575	28	53	282	9632450
40
1863	13275	259	48	287	9632616
1804	13289	276	47	287	9632626
1785	13296	311	47	287	9632636
1774	13296	328	47	285	9632646
1774	13304	340	47	285	9632666
1798	13295	354	47	284	9632676
1830	13286	375	48	285	9632686
1875	13272	399	48	284	9632696
1933	13256	423	48	284	9632706
1999	13232	455	49	284	9632716
2072	13205	472	49	284	9632726
2149	13172	486	50	285	9632736
2223	13136	507	50	285	9632746
2293	13099	513	50	285	9632756
2354	13061	513	50	285	9632766
2405	13022	516	51	285	9632776
2448	12986	516	51	285	9632786
2482	12951	516	51	285	9632796
2508	12917	514	51	285	9632806
2524	12883	521	51	285	9632816
2531	12849	528	52	286	9632826
2531	12814	531	52	286	9632836
2514	12779	536	52	286	9632846
2494	12748	541	52	286	9632856
2467	12720	545	52	284	9632866
2435	12695	554	52	284	9632876
2399	12673	556	52	283	9632886
2355	12654	557	52	283	9632896
2306	12637	557	52	283	9632906
2250	12622	552	52	283	9632916
2183	12609	548	52	283	9632926
2111	12597	549	53	282	9632936
2037	12588	549	53	282	9632946
1963	12580	549	53	281	9632956
1894	12573	549	53	281	9632966
1833	12573	548	53	281	9632976
1783	12564	544	53	281	9632986
1745	12564	532	53	281	9632996
1722	12557	476	53	281	9633006
1711	12557	154	53	281	9633026
29
2656	12965	124	50	285	9633252
2630	12958	204	50	285	9633262
2612	12947	281	50	285	9633272
2595	12940	348	51	284	9633282
2580	12931	380	51	284	9633292
2570	12919	396	51	283	9633302
2570	12904	407	51	283	9633312
2570	12886	421	52	283	9633322
2570	12867	445	52	283	9633332
2583	12846	462	52	283	9633342
2597	12827	480	52	283	9633352
2614	12810	505	52	283	9633362
2637	12797	515	52	283	9633372
2663	12789	522	52	283	9633382
2693	12789	525	52	283	9633392
2722	12789	528	52	282	9633402
2750	12789	528	52	282	9633412
2775	12803	528	53	281	9633422
2792	12817	528	53	281	9633432
2805	12836	528	53	281	9633442
2805	12858	527	53	281	9633452
2805	12883	524	53	281	9633462
2787	12905	520	53	281	9633472
2758	12923	514	53	281	9633482
2722	12932	510	53	279	9633492
2683	12932	493	53	279	9633502
2646	12932	466	53	279	9633512
2618	12916	358	53	279	9633522
2600	12903	26	53	280	9633542
27
3050	12890	229	52	280	9633709
2978	12882	320	52	280	9633719
2946	12882	390	52	280	9633729
2917	12882	448	52	280	9633738
2902	12882	456	52	280	9633748
2895	12882	460	52.5	279	9633788
2902	12882	457	53	278	9633808
2902	12876	425	53	278	9633818
2888	12876	401	53	278	9633828
2867	12876	370	53	278	9633838
2841	12876	372	53	278	9633848
2816	12869	384	53	278	9633858
2799	12869	441	53	278	9633888
2807	12869	488	53	278	9633898
2824	12869	501	53	278	9633908
2852	12869	513	53	278	9633918
2889	12869	515	53	278	9633928
2934	12869	519	53	278	9633938
2992	12869	520	53	278	9633948
3060	12869	521	53	278	9633958
3141	12857	522	53	278	9633968
3231	12850	520	53	278	9633978
3322	12850	520	53	278	9633988
3409	12840	513	53	278	9633998
3487	12840	488	53	278	9634008
3550	12840	379	53	278	9634018
3590	12840	4	53	278	9634038
4
2341	15083	16	52	0	9635377
2349	15090	92	52	0	9635387
2349	15097	92	52	0.5	9635407
2340	15097	61	52	2	9635447
18
1305	11819	193	47	295	9636565
1239	11812	222	47	295	9636575
1210	11812	324	47	296	9636585
1183	11831	380	47	297	9636595
1162	11831	423	47.5	298.5	9636615
1182	11831	478	47	299	9636625
1221	11820	509	47	300	9636635
1283	11820	533	47	300	9636645
1368	11820	560	47	300	9636655
1470	11820	575	47	300	9636665
1576	11827	582	47	299	9636675
1673	11827	587	48	297	9636685
1749	11827	583	49	296	9636695
1797	11827	562	49	295	9636705
1819	11827	527	50	293	9636715
1828	11827	458	50	290	9636735
1810	11816	308	51	288	9636745
1790	11808	0	51	284.5	9636765
16
1235	11620	211	50	290	9636865
1135	11562	243	51	292	9636875
1112	11547	340	50	295	9636885
1112	11540	416	50	297	9636895
1125	11540	454	49	298	9636905
1164	11540	477	49	301	9636915
1225	11540	519	48	301	9636925
1307	11540	552	47	302	9636935
1408	11540	586	47	303	9636945
1513	11540	602	47	303	9636955
1610	11547	604	47	302	9636965
1695	11547	601	49	301	9636975
1756	11558	596	49	299	9636985
1798	11558	587	49	298	9636995
1821	11558	558	50	296	9637005
1832	11558	292	51	290	9637055
20
1667	11991	120	49	284	9637189
1623	12017	297	49	285	9637199
1617	12031	363	49	285	9637209
1617	12041	395	49	287	9637219
1625	12041	432	49	287	9637229
1641	12034	448	49	287	9637239
1673	12009	485	49	287	9637249
1717	11967	513	49	285	9637259
1770	11909	537	49	285	9637269
1823	11838	543	50	285	9637279
1863	11760	544	50	283	9637289
1887	11676	549	50	283	9637299
1887	11592	548	51	283	9637309
1870	11509	545	51	281	9637319
1833	11428	536	52	282	9637329
1785	11357	506	53	281	9637339
1729	11299	480	53	281	9637349
1677	11258	460	53	281	9637359
1637	11234	407	53	281	9637369
1613	11234	91	53	281	9637389
37
1748	11976	116	49	285	9637589
1690	11975	134	49	285	9637599
1668	11982	228	49	284	9637609
1653	11988	292	49	284	9637619
1647	12006	322	49	284	9637639
1658	12006	370	49	283	9637649
1680	12006	391	50	283	9637659
1719	12006	398	50	282	9637669
1775	11990	412	50	282	9637679
1851	11975	448	50	281	9637689
1938	11952	480	50	281	9637699
2032	11922	497	51	280	9637709
2127	11886	510	52	280	9637719
2210	11847	520	52	280	9637729
2281	11808	519	52	280	9637739
2338	11769	514	52	280	9637749
2381	11727	517	52	280	9637759
2414	11685	515	52	280	9637769
2439	11643	513	52	280	9637779
2455	11602	510	52	279	9637789
2455	11562	507	52	279	9637799
2455	11526	502	52	278	9637809
2434	11492	504	52	278	9637819
2403	11461	500	53	278	9637829
2362	11435	495	53	278	9637839
2310	11412	486	53	278	9637849
2247	11392	472	53	278	9637859
2173	11375	443	53	278	9637869
2085	11361	437	53	278	9637879
1985	11347	418	54	278	9637889
1877	11333	412	54	278	9637899
1772	11319	415	54	278	9637909
1680	11307	419	54	280	9637919
1611	11297	422	53	281	9637929
1571	11297	417	53	282	9637939
1558	11290	375	53	282	9637949
1575	11290	70	54	284	9637969
27
2468	11714	184	52	278	9638201
2454	11703	218	52	278	9638211
2445	11696	294	52	279	9638221
2437	11689	383	52	279	9638231
2429	11682	404	52	279	9638241
2429	11668	455	52	279	9638251
2429	11650	465	52	279	9638261
2429	11628	489	52	279	9638271
2436	11605	504	52	280	9638281
2449	11580	519	52	280	9638291
2462	11560	533	52	280	9638301
2477	11544	543	52	280	9638311
2491	11532	556	52	280	9638321
2507	11532	576	52	280	9638331
2528	11532	589	52	280	9638341
2555	11532	590	52	280	9638351
2587	11547	592	52	280	9638361
2615	11564	588	52	280	9638371
2635	11583	589	52	280	9638381
2635	11602	587	52	280	9638391
2635	11622	579	52	280	9638401
2609	11640	574	52	280	9638411
2575	11655	575	52	280	9638421
2533	11664	558	52	280	9638431
2491	11664	501	52	280	9638441
2460	11664	374	52	280	9638451
2444	11651	12	52	280	9638471
21
2847	11609	325	52	283	9638621
2785	11598	347	52	283	9638631
2754	11598	431	52	282	9638641
2727	11598	515	52	282	9638651
2706	11598	552	53	281	9638661
2695	11598	562	53	279.6	9638711
2709	11598	578	53	278	9638721
2727	11589	597	53	277	9638731
2759	11589	608	53	277	9638741
2812	11577	626	53	275	9638751
2889	11571	641	53	275	9638761
2989	11571	646	53	275	9638771
3104	11560	645	53	275	9638781
3224	11560	644	53	275	9638791
3334	11553	640	53	275	9638801
3428	11553	641	53	275	9638811
3501	11553	637	53	275	9638821
3553	11544	622	53	275	9638831
3586	11544	582	53	275	9638841
3604	11544	533	53	275	9638851
3604	11536	209	53	275	9638871
16
1304	10600	56	52	292	9639325
1204	10565	183	52	293	9639335
1151	10552	292	51	294	9639345
1106	10544	374	51	297	9639355
1083	10544	442	50.5	298.5	9639375
1118	10544	481	50	302	9639385
1176	10544	502	49	303	9639395
1256	10551	519	49	304	9639405
1352	10551	530	49	304	9639415
1459	10551	537	49	304	9639425
1564	10551	544	49	304	9639435
1659	10551	539	50	302	9639445
1734	10551	529	50	300	9639455
1782	10551	483	50	299	9639465
1806	10551	406	51	296	9639485
1796	10544	128	51.5	293	9639505
16
1221	10367	244	53	292	9639593
1116	10303	287	53	296	9639603
1087	10286	380	53	297	9639613
1075	10278	448	52	300	9639623
1086	10278	508	52	301	9639633
1125	10278	552	52	304	9639643
1190	10285	592	51	306	9639653
1285	10285	615	51	307	9639663
1396	10296	625	50	308	9639673
1507	10303	632	50	308	9639683
1605	10311	636	51	307	9639693
1683	10318	633	51	306	9639703
1739	10318	619	52	304	9639713
1773	10328	588	53	302	9639723
1791	10328	513	53	301	9639733
1800	10328	187	53.5	298.5	9639753
21
1744	10887	324	54	287	9639897
1660	10901	334	53	286	9639907
1632	10901	375	53	286	9639917
1615	10901	432	53	286	9639937
1623	10878	462	53	286	9639947
1649	10839	497	52	286	9639957
1688	10783	526	52	284	9639967
1735	10719	537	52	284	9639977
1780	10645	558	52	283	9639987
1815	10565	566	52	283	9639997
1833	10483	572	53	282	9640007
1833	10397	577	53	282	9640017
1811	10317	577	53	281	9640027
1774	10242	579	54	281	9640037
1729	10178	583	54	281	9640047
1685	10128	583	54	281	9640057
1648	10093	587	55	282	9640067
1623	10072	581	55	282	9640077
1611	10064	553	55	282	9640087
1611	10071	479	56	282	9640097
1620	10089	149	56.5	282.5	9640117
31
1823	10802	269	54	286	9640265
1748	10812	294	54	284	9640275
1724	10812	364	53	284	9640285
1711	10822	407	53	283	9640305
1725	10822	430	52	282	9640315
1755	10822	436	53	281	9640325
1801	10804	456	53	281	9640335
1867	10777	480	53	281	9640345
1940	10743	509	53	279	9640355
2017	10702	534	53	279	9640365
2094	10658	545	53	278	9640375
2160	10611	552	53	278	9640385
2217	10563	553	53	278	9640395
2260	10515	555	53	278	9640405
2290	10463	560	53	278	9640415
2309	10410	566	54	278	9640425
2317	10357	568	54	278	9640435
2317	10308	568	54	278	9640445
2299	10265	572	55	279	9640455
2271	10230	578	55	279	9640465
2230	10201	585	55	280	9640475
2178	10177	586	55	280	9640485
2114	10154	583	55	282	9640495
2039	10134	581	55	282	9640505
1956	10112	572	55	282	9640515
1871	10092	574	56	282	9640525
1791	10073	575	56	282	9640535
1724	10057	570	56	282	9640545
1672	10046	568	56	282	9640555
1640	10039	549	57	283	9640565
1628	10039	299	57	283	9640595
26
2394	10493	163	51	283	9640793
2379	10485	263	52	282	9640813
2368	10475	350	53	281	9640823
2368	10465	414	53	281	9640833
2355	10448	444	54	281	9640843
2347	10427	481	54	281	9640853
2336	10399	501	54	281	9640863
2328	10370	520	55	282	9640873
2328	10340	524	55	282	9640883
2328	10315	529	55	282	9640893
2335	10296	548	55	282	9640903
2349	10283	556	55	282	9640913
2370	10283	571	55	282	9640923
2400	10283	575	55	282	9640933
2436	10283	574	56	284	9640943
2474	10295	575	56	284	9640953
2505	10311	572	56	285	9640963
2525	10331	568	56	285	9640973
2525	10353	568	56	285	9640983
2525	10376	570	56	285	9640993
2501	10397	567	56	285	9641003
2469	10414	566	56	285	9641013
2433	10423	548	55	285	9641023
2399	10423	493	55	285	9641033
2370	10415	344	55	285	9641043
2353	10402	5	55	283	9641063
16
2611	10378	181	54	284	9641209
2547	10353	385	54	284	9641219
2521	10353	449	54	284	9641229
2506	10347	513	54	286	9641249
2526	10347	537	54	286	9641259
2571	10347	537	54	286	9641269
2636	10347	544	54	286	9641279
2718	10347	567	54	284	9641289
2810	10340	580	55	285	9641299
2900	10340	587	55	283	9641309
2983	10333	591	55	283	9641319
3051	10333	594	55	282	9641329
3099	10326	587	55	282	9641339
3127	10326	560	56	280	9641349
3142	10326	485	57	281	9641359
3149	10326	46	57	279	9641379
2
1957	11600	83	46	358	9644317
1951	11575	25	47	358	9644337
