48
29
3353	18036	49	52	317	9398725
3353	18043	185	52	317	9398755
3353	18052	334	51	319.5	9398795
3366	18052	390	52	320	9398805
3377	18052	406	52	320	9398815
3390	18041	417	52	319	9398825
3407	18029	430	52	319	9398835
3425	18012	455	52	319	9398845
3447	17988	486	52	319	9398855
3469	17957	494	52	319	9398865
3493	17911	497	52	319	9398875
3515	17865	514	53	320	9398885
3534	17816	525	53	320	9398895
3549	17759	542	53	320	9398905
3558	17707	549	53	320	9398915
3558	17645	565	53	320	9398925
3558	17583	570	53	320	9398935
3540	17522	580	53	320	9398945
3524	17462	583	53	320	9398955
3503	17404	590	53	320	9398965
3483	17348	595	53	320	9398975
3465	17295	597	53	320	9398985
3450	17246	599	53	320	9398995
3436	17205	600	53	321	9399005
3426	17173	604	53	321	9399015
3419	17151	603	53	321	9399025
3419	17140	604	53	321	9399045
3419	17133	555	54	322	9399065
3419	17150	145	54	322	9399085
25
3719	18037	99	49	321	9399341
3706	18050	143	49.5	320.5	9399361
3698	18062	258	50	319	9399381
3698	18071	308	51	320	9399411
3707	18071	340	51	318	9399421
3715	18061	374	51	318	9399431
3725	18046	396	52	317	9399441
3739	18023	417	52	317	9399451
3758	17981	424	52	319	9399461
3780	17937	433	52	319	9399471
3804	17885	447	52	319	9399481
3825	17826	453	52	319	9399491
3840	17769	456	52	319	9399501
3848	17701	461	52	319	9399511
3848	17631	466	52	319	9399521
3835	17561	464	52	319	9399531
3817	17495	468	52	319	9399541
3795	17434	477	53	317	9399551
3773	17381	484	53	317	9399561
3751	17336	484	54	316	9399571
3734	17301	486	54	316	9399581
3719	17275	484	54	316	9399591
3710	17259	476	54	316	9399601
3710	17251	456	54	317	9399611
3703	17251	184	54	317	9399641
70
3800	18097	55	48	306	9400593
3790	18107	60	48	305	9400603
3781	18107	96	48	305	9400613
3771	18115	167	49	304	9400623
3763	18115	207	49	304	9400633
3756	18115	246	49	304	9400673
3767	18115	312	49	304	9400683
3782	18105	352	49	304	9400693
3806	18105	367	49	304	9400703
3840	18094	407	49	304	9400713
3884	18094	421	49	304	9400723
3942	18086	431	49	304	9400733
4007	18086	440	49	304	9400743
4079	18086	457	49	304	9400753
4153	18076	464	50	305	9400763
4225	18076	472	50	305	9400773
4298	18065	482	50	305	9400783
4370	18056	488	50	305	9400793
4440	18044	501	50	305	9400803
4502	18029	506	50	305	9400813
4560	18012	508	50	304	9400823
4611	17992	513	50	304	9400833
4654	17971	514	50	302	9400843
4695	17949	521	50	302	9400853
4732	17926	523	50	302	9400863
4764	17905	524	51	301	9400873
4794	17881	523	51	301	9400883
4819	17860	526	52	301	9400893
4841	17837	526	52	301	9400903
4860	17815	525	52	301	9400913
4877	17791	528	52	300	9400923
4892	17765	530	52	300	9400933
4905	17736	530	52	297	9400943
4916	17707	533	52	297	9400953
4916	17678	532	52	297	9400963
4916	17649	536	52	297	9400973
4916	17621	536	52	297	9400983
4898	17592	536	52	297	9400993
4884	17565	539	52	297	9401003
4869	17538	537	52	297	9401013
4852	17513	542	52	297	9401023
4833	17486	538	52	297	9401033
4810	17461	538	52	297	9401043
4784	17437	540	52	297	9401053
4753	17412	538	52	297	9401063
4722	17388	539	52	297	9401073
4688	17366	539	52	297	9401083
4654	17345	537	52	297	9401093
4619	17324	536	52	297	9401103
4578	17305	529	52	297	9401113
4533	17286	526	52	297	9401123
4486	17268	523	52	297	9401133
4437	17251	518	52	297	9401143
4387	17236	515	52	297	9401153
4338	17221	505	52	297	9401163
4289	17207	492	51	299	9401173
4240	17195	484	51	299	9401183
4192	17184	478	51	300	9401193
4144	17173	471	51	300	9401203
4097	17164	461	51	302	9401213
4052	17156	458	51	302	9401223
4009	17156	441	51	303	9401233
3969	17148	432	51	303	9401243
3932	17148	424	51	303	9401253
3900	17148	414	51	305	9401263
3875	17148	398	51	305	9401273
3856	17148	364	50	306	9401283
3844	17156	335	50	306	9401293
3837	17164	259	50	306	9401303
3837	17176	40	50	306	9401323
55
4962	17708	53	47	299	9402525
4950	17708	64	47	299	9402535
4944	17708	91	47	299	9402545
4944	17716	135	47	299	9402555
4932	17716	196	47	299	9402605
4942	17716	249	47	299	9402615
4958	17706	261	47	299	9402625
4982	17699	286	47	299	9402635
5017	17699	294	47	299	9402645
5059	17689	304	47	299	9402655
5112	17689	325	47	299	9402665
5172	17682	341	47	299	9402675
5238	17682	353	47	299	9402685
5312	17682	359	47	299	9402695
5391	17682	365	47	299	9402705
5469	17682	372	47	299	9402715
5542	17689	382	47	299	9402725
5609	17689	385	48	298	9402735
5670	17689	390	48	298	9402745
5732	17689	396	48	297	9402755
5797	17689	398	48	297	9402765
5865	17689	401	48	297	9402775
5935	17679	403	48	297	9402785
6007	17679	405	48	297	9402795
6079	17670	406	48	297	9402805
6152	17670	407	48	297	9402815
6227	17661	410	48	297	9402825
6307	17661	409	48	297	9402835
6392	17652	414	48	297	9402845
6478	17652	415	48	295	9402855
6564	17646	417	48	295	9402865
6648	17646	418	48	294	9402875
6733	17646	418	48	294	9402885
6820	17637	420	48	294	9402895
6906	17637	420	48	294	9402905
6991	17637	422	48	294	9402915
7074	17631	422	48	294	9402925
7154	17631	423	48	294	9402935
7230	17631	423	48	294	9402945
7305	17631	422	48	294	9402955
7380	17631	423	48	294	9402965
7450	17631	422	48	294	9402975
7516	17631	422	48	294	9402985
7578	17623	423	48	294	9402995
7634	17623	423	48	294	9403005
7688	17623	424	49	293	9403015
7739	17617	424	49	293	9403025
7787	17617	424	49	292	9403035
7833	17617	425	49	292	9403045
7875	17617	424	49	292	9403055
7909	17617	424	49	292	9403065
7935	17617	424	49	292	9403075
7953	17617	424	49	292	9403085
7965	17617	418	49	292	9403105
7972	17617	185	49	292	9403135
36
2015	17926	61	47	299	9404529
1975	17909	77	47	299	9404539
1956	17901	109	48	298	9404549
1941	17901	156	48	298	9404559
1929	17913	209	48	297	9404579
1920	17913	236	48	297	9404609
1929	17913	254	48	297	9404619
1941	17913	260	49	297	9404629
1964	17913	268	49	297	9404639
2001	17906	276	49	297	9404649
2053	17906	281	49	297	9404659
2115	17906	285	49	297	9404669
2185	17906	294	49	297	9404679
2261	17906	298	49	297	9404689
2341	17906	305	49	297	9404699
2429	17906	309	49	297	9404709
2520	17906	317	49	297	9404719
2608	17906	325	49	297	9404729
2693	17906	326	48	297	9404739
2772	17906	333	48	297	9404749
2845	17906	334	49	297	9404759
2914	17906	336	49	297	9404769
2978	17899	340	49	297	9404779
3039	17899	340	49	296	9404789
3092	17891	341	49	296	9404799
3139	17891	343	49	295	9404809
3180	17883	343	49	295	9404819
3214	17883	344	49	295	9404829
3246	17883	343	49	295	9404839
3275	17883	344	49	295	9404849
3302	17876	345	49	295	9404859
3327	17876	344	49	295	9404869
3347	17876	344	49	295	9404879
3362	17876	345	49	295	9404889
3372	17876	343	49	295	9404899
3372	17868	193	49	295	9404929
37
1824	17172	8	47	299	9406037
1810	17166	63	48	298	9406057
1803	17166	132	48	297	9406087
1815	17166	167	48	297	9406097
1830	17166	177	48	297	9406107
1852	17166	207	48	297	9406117
1883	17166	241	48	297	9406127
1928	17166	265	48	297	9406137
1986	17166	295	48	297	9406147
2056	17176	329	48	297	9406157
2137	17176	339	48	297	9406167
2223	17186	347	48	297	9406177
2316	17186	359	48	297	9406187
2415	17194	373	48	297	9406197
2514	17194	377	48	297	9406207
2610	17194	381	48	297	9406217
2698	17201	385	48	297	9406227
2772	17201	384	48	297	9406237
2835	17201	388	48	297	9406247
2892	17201	389	48	297	9406257
2943	17201	389	48	297	9406267
2989	17201	389	48	297	9406277
3030	17201	390	48	297	9406287
3070	17201	391	48	297	9406297
3105	17201	390	47	296	9406307
3138	17201	392	47	296	9406317
3168	17201	392	47	296	9406327
3192	17208	393	47	296	9406337
3210	17208	393	47	296	9406347
3223	17208	392	47	296	9406357
3231	17208	391	47	296	9406377
3243	17208	391	47	296	9406387
3251	17208	386	47	296	9406397
3262	17208	379	47	296	9406407
3273	17208	367	47	296	9406417
3285	17208	341	47	296	9406427
3292	17208	122	47	296	9406447
36
1333	18118	166	47	317	9406957
1345	18126	173	47	317	9406967
1335	18126	209	47	317	9406977
1329	18126	268	47	317	9406987
1316	18133	278	47	317	9407007
1316	18117	288	48	318	9407017
1316	18097	292	48	318	9407027
1306	18068	298	47	319	9407037
1306	18032	298	47	319	9407047
1293	17998	301	47	322	9407057
1285	17966	302	47	322	9407067
1278	17936	306	47	322	9407077
1278	17917	307	47	322	9407087
1269	17906	351	47.6667	322.667	9407117
1269	17927	376	48	323	9407127
1277	17953	377	48	323	9407137
1286	17990	377	48	323	9407147
1296	18035	377	48	323	9407157
1306	18085	375	48	323	9407167
1316	18135	375	48	323	9407177
1324	18180	376	48	323	9407187
1324	18215	388	48	323	9407197
1332	18235	394	47	322	9407207
1332	18242	393	47	321	9407227
1332	18228	393	47	320	9407237
1332	18209	394	47	320	9407247
1341	18182	397	46	319	9407257
1349	18148	397	46	319	9407267
1359	18115	398	46	319	9407277
1370	18083	398	46	318	9407287
1382	18055	401	46	318	9407297
1394	18035	401	46	318	9407307
1403	18019	398	46	319	9407317
1403	18009	388	46	319	9407327
1412	18009	352	46	319	9407337
1412	18001	103	47	320	9407367
6
1320	18041	191	48	323	9407445
1297	18033	204	48	323	9407455
1289	18033	273	48	323	9407465
1282	18033	334	48	323	9407495
1297	18042	327	48	323	9407505
1320	18049	75	48	323	9407525
56
1245	17149	36	48	318	9407853
1218	17157	65	48	318	9407863
1208	17157	127	48	320	9407873
1197	17166	209	48	320	9407883
1185	17166	259	47	322	9407893
1176	17174	306	47	322	9407903
1170	17174	337	47	322	9407943
1170	17156	341	47	322	9407953
1170	17132	343	47	322	9407963
1170	17105	343	47	322	9407973
1170	17076	345	47	322	9407983
1170	17053	346	47	322	9407993
1176	17037	348	47	322	9408003
1176	17026	361	47	322	9408023
1176	17020	387	48	323	9408043
1176	17032	393	48	323	9408053
1176	17048	392	48	323	9408063
1176	17070	390	48	323	9408073
1176	17098	385	48	323	9408083
1176	17131	382	48	323	9408093
1176	17167	368	48	323	9408103
1190	17201	368	48	323	9408113
1200	17228	367	48	323	9408123
1210	17246	367	48	323	9408133
1218	17254	364	48	323	9408143
1227	17254	364	48	323	9408153
1234	17254	362	47	322	9408163
1242	17240	358	47	322	9408173
1242	17224	358	47	322	9408183
1251	17203	357	47	322	9408193
1251	17180	357	47	322	9408203
1243	17156	352	47	322	9408213
1231	17133	350	47	320	9408223
1216	17114	343	47	320	9408233
1201	17098	339	47	322	9408243
1186	17086	340	47	322	9408253
1175	17080	342	47	322	9408273
1168	17080	343	48	323	9408293
1177	17080	344	48	323	9408303
1185	17080	346	48	323	9408313
1199	17080	350	48	324	9408323
1213	17080	352	48	324	9408333
1230	17080	352	48	324	9408343
1249	17080	358	48	324	9408353
1266	17080	358	48	324	9408363
1281	17066	363	48	324	9408373
1291	17054	363	48	324	9408383
1291	17042	365	48	324	9408393
1299	17028	368	48	324	9408403
1299	17014	368	48	324	9408413
1288	17000	371	48	324	9408423
1274	16988	373	48	324	9408433
1255	16979	372	48	324	9408443
1233	16979	366	48	324	9408453
1211	16979	345	48	324	9408463
1191	16979	132	48	324	9408483
60
2748	17123	20	44	305	9410829
2748	17116	96	46	303.667	9410859
2748	17108	182	46.5	303.5	9410879
2748	17092	210	47	304	9410889
2756	17077	227	47	304	9410899
2756	17057	236	47	304	9410909
2770	17029	288	47	304	9410919
2779	16994	294	47	304	9410929
2789	16948	315	47	303	9410939
2798	16888	325	47	303	9410949
2805	16817	328	47	302	9410959
2805	16735	344	47	302	9410969
2813	16647	357	47	302	9410979
2813	16561	368	47	302	9410989
2813	16481	368	47	302	9410999
2813	16407	374	47	302	9411009
2813	16338	380	47	302	9411019
2813	16273	381	47	302	9411029
2821	16211	385	48	304	9411039
2821	16154	392	48	304	9411049
2831	16100	401	48	304	9411059
2838	16049	417	48	303	9411069
2846	16001	421	48	303	9411079
2853	15956	424	48	303	9411089
2861	15912	436	48	303	9411099
2861	15872	442	48	303	9411109
2869	15834	445	49	304	9411119
2869	15798	448	49	304	9411129
2869	15765	455	49	304	9411139
2877	15736	458	49	304	9411149
2877	15710	461	49	304	9411159
2877	15687	462	50	305	9411169
2886	15666	465	50	305	9411179
2886	15648	469	50	305	9411189
2895	15633	468	50	305	9411199
2895	15622	470	50	305	9411209
2903	15615	470	50	305	9411229
2915	15608	478	50	305	9411239
2927	15608	480	50	305	9411249
2944	15608	480	50	305	9411259
2970	15601	486	49	304	9411269
3001	15601	486	48	305	9411279
3039	15601	489	48	305	9411289
3083	15601	489	48	306	9411299
3136	15601	493	48	306	9411309
3201	15601	496	48	306	9411319
3279	15612	495	48	306	9411329
3366	15621	496	48	306	9411339
3458	15630	495	48	305	9411349
3546	15639	497	48	305	9411359
3628	15646	497	49	304	9411369
3700	15653	498	49	304	9411379
3763	15653	498	49	304	9411389
3819	15664	496	49	304	9411399
3869	15664	496	49	304	9411409
3912	15664	490	49	304	9411419
3945	15671	478	49	303	9411429
3971	15671	458	49	303	9411439
3987	15671	404	50	302	9411449
3996	15671	147	50	302	9411469
20
4035	16000	49	46	311	9411889
4035	16021	73	46	311	9411899
4024	16032	142	46	311	9411909
4024	16042	218	46	311	9411919
3998	16049	287	46.5	311.5	9411939
3991	16057	303	47	312	9411959
3991	16046	306	47	312	9411969
3991	16026	307	47	312	9411979
3991	15992	308	47	312	9411989
4004	15943	311	47	312	9411999
4012	15880	311	47	311	9412009
4025	15807	312	47	311	9412019
4040	15732	312	48	310	9412029
4055	15661	314	48	310	9412039
4068	15602	315	48	310	9412049
4078	15554	315	48	310	9412059
4084	15519	317	47	308	9412069
4084	15494	315	47	308	9412079
4092	15479	300	47	308	9412089
4092	15473	115	47.5	307.5	9412109
20
4025	16027	13	46	306	9412365
4007	16035	27	46	306	9412375
4007	16044	90	46	307	9412405
4014	16044	107	46	307	9412415
4031	16044	123	46	307	9412425
4057	16044	170	46	307	9412435
4095	16030	227	46	307	9412445
4146	16017	271	47	308	9412455
4212	16002	301	47	308	9412465
4289	15986	326	47	308	9412475
4373	15967	339	48	307	9412485
4458	15946	357	48	307	9412495
4541	15927	364	48	306	9412505
4618	15912	367	48	305	9412515
4685	15899	368	48	305	9412525
4741	15891	371	49	304	9412535
4786	15891	372	49	304	9412545
4817	15880	363	49	303	9412555
4836	15880	339	49	303	9412565
4844	15872	109	50	302	9412595
28
4084	15397	42	47	305	9412793
4047	15379	61	47.2	305.2	9412843
4047	15372	184	48	306	9412883
4056	15379	261	48	306	9412893
4069	15390	276	48	306	9412903
4092	15406	294	47	305	9412913
4124	15425	329	47	305	9412923
4169	15449	336	47	305	9412933
4230	15478	341	47	305	9412943
4305	15512	348	47	305	9412953
4395	15550	348	48	304	9412963
4487	15587	350	48	304	9412973
4575	15623	350	48	303	9412983
4654	15654	352	48	303	9412993
4718	15679	347	48	303	9413003
4770	15701	346	48	302	9413013
4811	15717	343	48	302	9413023
4839	15729	337	49	301	9413033
4857	15737	337	49	301	9413043
4865	15737	337	49	301	9413053
4865	15746	318	49	300.333	9413083
4859	15746	228	49	298.5	9413103
4865	15746	126	49	298	9413113
4873	15746	64	49	298	9413123
4882	15746	36	49	298	9413133
4891	15746	29	49	298	9413143
4899	15753	50	49	298	9413163
4907	15753	76	49.8571	298.857	9413233
38
4942	15874	25	49	301	9413417
4942	15881	32	49	301	9413437
4935	15881	54	49	301	9413447
4935	15888	107	50	302	9413517
4928	15888	181	50	302	9413527
4928	15881	200	50	302	9413537
4918	15881	216	50	302	9413547
4911	15867	234	50	302	9413557
4903	15854	247	50	302	9413567
4895	15839	264	50	302	9413577
4889	15822	275	50	302	9413587
4889	15807	286	50	302	9413597
4881	15791	315	50	302	9413607
4881	15778	319	50	302	9413617
4881	15767	321	50	302	9413627
4888	15757	328	50	302	9413637
4894	15749	334	50	302	9413647
4906	15749	352	50	302	9413657
4925	15737	358	50	302	9413667
4947	15737	362	50	302	9413677
4973	15731	371	50	302	9413687
4999	15731	380	50	302	9413697
5024	15731	392	50	302	9413707
5046	15731	397	50	302	9413717
5065	15741	401	50	302	9413727
5081	15750	408	50	302	9413737
5094	15762	425	50	302	9413747
5104	15776	425	50	302	9413757
5104	15790	429	50	302	9413767
5111	15805	431	50	302	9413777
5111	15820	430	50	302	9413787
5098	15834	429	50	302	9413797
5084	15847	429	50	302	9413807
5065	15858	430	50	302	9413817
5043	15867	423	50	302	9413827
5021	15876	386	50	302	9413837
4996	15883	290	50	302	9413847
4970	15883	40	50	302	9413867
39
5170	15766	22	44	296	9414973
5149	15760	37	45	296	9414993
5149	15778	115	45	296	9415023
5157	15778	149	45	296	9415033
5169	15778	166	46	297	9415043
5189	15770	183	46	297	9415053
5217	15763	200	46	297	9415063
5253	15756	208	46	297	9415073
5300	15749	239	46	297	9415083
5359	15749	266	46	297	9415093
5431	15743	280	46	297	9415103
5513	15743	290	46	297	9415113
5602	15743	296	46	297	9415123
5694	15743	300	46	296	9415133
5786	15743	305	46	296	9415143
5880	15743	309	46	295	9415153
5972	15743	310	46	295	9415163
6060	15743	315	46	295	9415173
6140	15743	320	46	295	9415183
6212	15743	322	46	295	9415193
6280	15743	324	46	295	9415203
6341	15743	325	46	295	9415213
6396	15743	328	46	295	9415223
6445	15743	328	46	294	9415233
6486	15743	328	46	294	9415243
6521	15743	330	47	293	9415253
6551	15743	336	47	293	9415263
6578	15743	341	47	293	9415273
6601	15743	344	47	292	9415283
6623	15743	345	47	292	9415293
6642	15743	347	47	290	9415303
6658	15743	349	47	290	9415313
6671	15743	350	47	290	9415323
6681	15749	355	47	290	9415333
6690	15749	359	47	289	9415343
6700	15749	359	47	289	9415353
6708	15749	363	48	288	9415363
6716	15749	362	48	288	9415383
6722	15749	211	48	288.2	9415433
25
6788	16999	32	48	293	9417273
6780	16999	71	48	293	9417283
6769	16999	244	48	293.714	9417353
6777	16999	292	48	294	9417363
6794	16999	304	48	294	9417373
6826	16999	308	48	294	9417383
6875	16999	321	48	294	9417393
6942	16999	337	48	294	9417403
7023	16999	341	48	294	9417413
7116	16999	350	48	294	9417423
7223	17009	356	48	294	9417433
7338	17009	366	48	294	9417443
7457	17021	373	48	294	9417453
7578	17021	374	48	293	9417463
7696	17032	376	48	293	9417473
7811	17032	379	48	293	9417483
7924	17032	381	48	294	9417493
8031	17041	380	48	294	9417503
8130	17041	379	48	294	9417513
8219	17048	381	49	293	9417523
8295	17048	379	49	293	9417533
8360	17054	377	49	292	9417543
8410	17054	375	49	292	9417553
8443	17054	366	49	292	9417563
8460	17054	179	49	290.333	9417593
83
6736	16947	45	46	307	9418070
6736	16958	166	46.5	306.5	9418090
6736	16964	199	47.6667	306	9418120
6736	16952	207	48	306	9418129
6736	16936	229	48	306	9418139
6736	16912	245	48	306	9418149
6736	16876	259	48	306	9418159
6744	16827	267	48	306	9418169
6744	16766	271	48	306	9418179
6744	16694	276	48	306	9418189
6744	16616	281	48	306	9418199
6744	16541	290	48	306	9418209
6736	16466	300	48	306	9418219
6736	16394	307	48	306	9418229
6736	16325	311	48	306	9418239
6736	16256	316	48	306	9418249
6736	16191	316	48	306	9418259
6736	16128	318	48	306	9418269
6736	16071	319	49	307	9418279
6736	16017	322	49	307	9418289
6736	15965	325	49	307	9418299
6743	15917	324	49	308	9418309
6743	15871	328	49	308	9418319
6743	15829	326	49	308	9418329
6743	15789	327	50	309	9418339
6743	15749	328	50	309	9418349
6743	15713	328	50	309	9418359
6750	15677	331	51	310	9418369
6750	15642	330	51	310	9418379
6756	15611	330	51	310	9418389
6756	15581	333	51	310	9418399
6765	15553	331	51	310	9418409
6765	15532	333	51	310	9418419
6773	15514	333	51	310	9418429
6773	15499	334	51	310	9418439
6773	15487	333	51	310	9418449
6773	15475	333	51	312	9418459
6773	15462	331	51	312	9418469
6773	15447	333	51	312	9418479
6773	15433	331	51	312	9418489
6773	15421	331	51	312	9418499
6773	15410	329	51	312	9418509
6780	15402	327	51	312	9418519
6780	15394	324	51	312	9418529
6780	15386	320	51	312	9418539
6780	15373	319	51	312	9418549
6780	15359	318	51	312	9418559
6780	15342	318	51	312	9418569
6773	15326	318	51	312	9418579
6773	15313	318	51	312	9418589
6773	15307	319	51	312	9418619
6773	15296	325	51	312	9418629
6773	15285	326	51	312	9418639
6773	15267	329	51	312	9418649
6766	15244	333	51	312	9418659
6766	15222	338	52	313	9418669
6766	15202	343	52	313	9418679
6766	15187	347	52	313	9418689
6766	15179	358	52	313.6	9418739
6766	15172	360	52	314	9418759
6766	15163	362	52	314	9418769
6766	15157	362	53	315	9418789
6760	15146	364	53	315	9418809
6760	15137	364	53	315	9418829
6760	15126	365	53	315	9418839
6760	15118	365	53	315	9418849
6760	15111	364	53	315	9418859
6760	15104	364	54	314	9418879
6760	15096	366	54	313	9418899
6760	15085	368	54	313	9418909
6760	15075	367	54	313	9418919
6760	15066	368	54	313	9418929
6760	15056	370	54	313	9418939
6760	15048	369	54	313	9418959
6760	15039	368	54	313	9418969
6766	15039	369	54	313	9418989
6766	15027	371	54	313	9418999
6766	15016	368	54	313	9419009
6766	15003	368	54	313	9419019
6760	14988	371	54	313	9419029
6760	14974	370	54	313	9419039
6760	14964	368	54	313	9419049
6760	14956	172	54	313	9419089
22
6714	14890	75	46	295	9419726
6714	14883	97	46.3333	293.667	9419756
6734	14883	149	48	293	9419766
6758	14883	202	48	293	9419776
6795	14883	256	48	293	9419786
6850	14883	304	48	293	9419796
6924	14883	311	48	294	9419806
7012	14892	326	48	294	9419816
7109	14892	340	48	294	9419826
7210	14904	357	48	294	9419836
7317	14904	364	49	293	9419846
7428	14912	370	49	293	9419856
7543	14912	391	49	292	9419866
7661	14922	399	49	292	9419876
7778	14929	414	49	292	9419886
7893	14937	421	49	292	9419896
8001	14946	422	49	292	9419906
8095	14953	422	49	292	9419916
8169	14960	422	49	292	9419926
8221	14960	409	49	292	9419936
8253	14960	372	50	293	9419946
8265	14960	134	50	293	9419966
19
7836	17649	32	47	296	9421066
7849	17642	93	47	296	9421076
7862	17642	126	47	296	9421086
7883	17642	149	47	296	9421096
7910	17642	175	47	296	9421106
7942	17642	191	47	296	9421116
7980	17642	203	47	296	9421126
8023	17642	211	47	296	9421136
8069	17642	216	47	296	9421146
8115	17649	222	47	296	9421156
8161	17649	229	47	296	9421166
8205	17649	234	47	296	9421176
8247	17655	234	47	296	9421186
8288	17655	232	47	296	9421196
8325	17655	232	47	296	9421206
8356	17662	225	47	296	9421216
8383	17662	208	47	296	9421226
8400	17662	165	47	296	9421236
8412	17662	25	47	296	9421256
23
8376	17831	42	47	302	9421630
8376	17860	84	47	303	9421640
8376	17872	190	47	303	9421650
8376	17881	242	47	304	9421670
8376	17890	260	47	304	9421690
8376	17880	265	47	304	9421700
8376	17863	273	47	304	9421710
8387	17836	282	47	304	9421720
8396	17794	295	47	304	9421730
8406	17735	308	47	304	9421740
8415	17660	322	47	304	9421750
8425	17573	329	47	303	9421760
8431	17479	335	47	303	9421770
8431	17386	337	47	302	9421780
8440	17298	340	47	302	9421790
8440	17217	343	47	302	9421800
8440	17149	348	47	302	9421810
8440	17094	349	48	302	9421820
8440	17050	350	48	302	9421830
8440	17020	350	49	301	9421840
8440	17001	344	49	301	9421850
8440	16990	275	50	302	9421870
8446	16983	29	50.5	300.5	9421890
86
8462	17786	20	48	297	9422322
8443	17801	69	48	297	9422332
8436	17801	148	48	297	9422352
8426	17801	223	48	297	9422372
8419	17801	261	48	297	9422382
8419	17808	305	48	297	9422422
8427	17808	324	48	297	9422432
8441	17808	333	48	297	9422442
8463	17817	341	48	297	9422452
8495	17824	350	48	297	9422462
8537	17831	357	48	297	9422472
8580	17831	370	48	297	9422482
8625	17840	377	48	297	9422492
8672	17840	385	48	297	9422502
8717	17840	389	48	295	9422512
8766	17840	391	48	295	9422522
8819	17840	397	48	294	9422532
8873	17840	401	48	294	9422542
8930	17829	401	48	294	9422552
8987	17821	403	48	294	9422562
9044	17812	403	48	294	9422572
9096	17801	404	48	294	9422582
9147	17786	403	48	294	9422592
9195	17772	403	48	294	9422602
9239	17757	403	48	294	9422612
9281	17740	404	48	294	9422622
9321	17721	404	48	294	9422632
9360	17701	402	48	294	9422642
9393	17681	403	48	294	9422652
9424	17661	404	48	294	9422662
9451	17640	403	48	294	9422672
9477	17620	402	48	294	9422682
9501	17597	401	49	293	9422692
9524	17575	399	49	293	9422702
9543	17550	397	49	292	9422712
9560	17525	398	49	292	9422722
9575	17495	399	49	291	9422732
9587	17464	398	49	291	9422742
9598	17432	396	49	289	9422752
9607	17400	396	49	289	9422762
9615	17369	396	49	289	9422772
9622	17338	392	50	288	9422782
9622	17310	393	50	288	9422792
9622	17281	392	50	287	9422802
9622	17253	390	50	287	9422812
9615	17226	389	50	287	9422822
9602	17198	384	50	287	9422832
9585	17169	384	51	288	9422842
9568	17141	383	51	288	9422852
9549	17113	381	51	288	9422862
9527	17088	380	52	288	9422872
9503	17065	377	52	288	9422882
9473	17041	377	52	288	9422892
9439	17021	377	52	288	9422902
9401	17000	376	52	289	9422912
9362	16982	379	52	289	9422922
9325	16964	381	52	289	9422932
9288	16947	381	52	290	9422942
9251	16932	383	53	291	9422952
9213	16917	383	53	292	9422962
9172	16902	383	53	292	9422972
9128	16889	383	53	292	9422982
9083	16876	384	53	292	9422992
9039	16865	388	53	294	9423002
8995	16856	388	53	294	9423012
8951	16849	388	52	295	9423022
8908	16849	389	52	295	9423032
8862	16841	388	52	295	9423042
8813	16841	388	52	295	9423052
8764	16841	388	52	295	9423062
8715	16834	388	52	295	9423072
8667	16834	389	52	295	9423082
8623	16834	389	52	295	9423092
8582	16834	386	52	295	9423101
8547	16834	388	52	295	9423111
8517	16834	388	52	295	9423121
8491	16834	389	52	295	9423131
8474	16834	389	52	295	9423141
8460	16834	389	51	294	9423151
8448	16841	388	51	294	9423161
8441	16841	381	51	294	9423171
8432	16841	354	51	294	9423181
8421	16847	325	51	294	9423191
8406	16847	278	51	295	9423201
8388	16847	245	51	295	9423211
8369	16847	16	51	297	9423231
97
9609	17358	18	46	294	9424594
9602	17351	119	46.5	293	9424634
9596	17351	237	46	292	9424734
9602	17345	284	45	291	9424814
9613	17345	315	46	292	9424824
9621	17345	319	46	292	9424834
9631	17338	325	46	292	9424844
9647	17338	331	46	292	9424854
9669	17338	335	46	292	9424864
9700	17338	337	46	292	9424874
9744	17338	337	46	292	9424884
9796	17338	336	46	292	9424894
9860	17338	338	46	292	9424904
9930	17338	336	46	292	9424914
10002	17338	338	46	292	9424924
10074	17338	339	46	292	9424934
10140	17350	336	46	292	9424944
10202	17356	335	46	292	9424954
10260	17356	336	46	292	9424964
10314	17366	337	46	292	9424974
10364	17366	338	46	292	9424984
10410	17373	339	46	292	9424994
10455	17373	339	46	292	9425004
10496	17373	339	46	292	9425014
10533	17381	340	46	292	9425024
10569	17381	340	46	292	9425034
10599	17381	340	46	291	9425044
10624	17381	341	45	290	9425054
10645	17381	341	45	289	9425064
10662	17381	341	45	289	9425074
10675	17381	343	45	289	9425084
10686	17381	344	45	289	9425094
10697	17381	345	45	289	9425104
10708	17381	345	45	289	9425114
10719	17381	345	45	289	9425124
10729	17381	345	45	289	9425134
10740	17381	345	45	289	9425144
10750	17381	344	45	289	9425154
10757	17381	340	45	289	9425194
10757	17374	340	45	289	9425204
10766	17366	340	45	289	9425214
10766	17353	340	45	289	9425224
10777	17333	340	45	289	9425234
10785	17305	340	45	289	9425244
10795	17265	341	45	289	9425254
10807	17216	344	46	290	9425264
10818	17163	344	46	290	9425274
10830	17105	344	46	290	9425284
10842	17045	345	47	290	9425294
10853	16988	348	47	290	9425304
10866	16929	350	47	290	9425314
10880	16871	350	47	290	9425324
10893	16816	356	48	291	9425334
10907	16763	359	48	291	9425344
10920	16713	363	48	291	9425354
10929	16666	363	48	291	9425364
10929	16623	363	48	291	9425374
10936	16581	365	49	292	9425384
10936	16539	365	49	292	9425394
10936	16497	366	49	292	9425404
10936	16458	366	49	292	9425414
10936	16423	367	49	292	9425424
10936	16394	371	49	292	9425434
10936	16372	373	49	292	9425444
10936	16354	375	49	292	9425454
10936	16339	376	49	292	9425464
10936	16329	376	49	292	9425474
10936	16321	376	49	292	9425494
10943	16315	382	49	292	9425544
10950	16315	389	49	292	9425554
10957	16315	391	49	292	9425564
10971	16315	391	49	292	9425574
10990	16315	393	49	292	9425584
11018	16315	392	49	292	9425594
11053	16315	392	49	292	9425604
11095	16315	393	49	292	9425614
11146	16315	395	49	292	9425624
11206	16315	395	49	292	9425634
11272	16308	394	49	291	9425644
11339	16308	397	49	291	9425654
11406	16308	399	49	289	9425664
11470	16308	399	49	289	9425674
11530	16308	402	49	289	9425684
11587	16308	404	49	289	9425694
11640	16308	404	49	289	9425704
11685	16308	404	50	289	9425714
11725	16308	402	50	289	9425724
11756	16301	402	51	288	9425733
11780	16301	402	51	288	9425743
11800	16301	404	51	288	9425753
11812	16301	403	51	288	9425763
11823	16301	404	51	288	9425773
11833	16301	403	51	286	9425783
11844	16301	404	51	286	9425793
11860	16301	402	51	285	9425803
11874	16301	391	51	285	9425813
11882	16307	166	51	285	9425843
98
2258	13984	74	42	299	9428682
2265	13977	119	42.5	299.5	9428702
2265	13990	250	43.5	300.5	9428742
2272	13990	280	44	301	9428772
2284	13990	291	44	301	9428782
2295	13981	301	44	301	9428792
2312	13981	322	44	301	9428802
2339	13975	329	44	301	9428812
2374	13975	333	44	301	9428822
2420	13975	340	44	301	9428832
2474	13975	348	44	301	9428842
2536	13975	357	44	301	9428852
2606	13975	366	44	301	9428862
2682	13981	373	44	301	9428872
2763	13981	384	44	301	9428882
2847	13990	395	44	301	9428892
2938	13990	401	45	300	9428902
3030	14001	405	45	300	9428912
3124	14001	408	45	299	9428922
3217	14011	410	45	299	9428932
3302	14011	408	45	299	9428942
3385	14019	410	45	299	9428952
3466	14019	409	45	299	9428962
3545	14019	414	45	299	9428972
3624	14019	412	46	300	9428982
3701	14019	414	46	299	9428992
3777	14019	412	46	299	9429002
3855	14019	415	46	299	9429012
3934	14019	412	46	299	9429022
4016	14019	415	46	299	9429032
4095	14019	415	46	300	9429042
4173	14019	414	46	300	9429052
4249	14019	414	46	300	9429062
4324	14019	414	46	300	9429072
4400	14019	415	46	299	9429082
4476	14019	415	46	299	9429092
4552	14019	415	46	298	9429102
4629	14025	416	46	298	9429112
4707	14025	418	46	298	9429122
4785	14035	417	48	298	9429132
4867	14035	417	48	298	9429142
4953	14044	417	48	297	9429152
5039	14044	417	48	297	9429162
5124	14044	419	48	297	9429172
5206	14051	418	48	297	9429182
5286	14051	417	48	297	9429192
5368	14051	419	48	295	9429202
5448	14060	417	48	295	9429212
5527	14060	418	48	294	9429222
5603	14060	420	49	293	9429232
5676	14060	421	49	292	9429242
5750	14067	420	49	292	9429252
5828	14067	421	49	292	9429262
5908	14067	420	49	292	9429272
5987	14073	421	49	292	9429282
6065	14073	420	49	292	9429292
6136	14073	420	49	292	9429302
6205	14073	420	49	292	9429312
6270	14073	421	49	292	9429322
6335	14073	420	49	292	9429332
6400	14073	420	49	291	9429342
6464	14080	421	49	291	9429352
6524	14080	421	49	289	9429362
6581	14080	423	49	289	9429372
6633	14080	422	49	289	9429382
6685	14086	422	49	289	9429392
6736	14086	425	49	289	9429402
6787	14086	424	49	289	9429412
6840	14094	425	49	289	9429422
6895	14094	425	49	289	9429432
6949	14094	424	49	289	9429442
7003	14101	424	48	289	9429452
7054	14101	424	49	288	9429462
7105	14101	425	49	288	9429472
7155	14101	427	49	287	9429482
7204	14110	428	49	287	9429492
7254	14110	428	49	287	9429502
7305	14118	425	49	287	9429512
7359	14118	425	49	287	9429522
7415	14128	425	49	287	9429532
7471	14128	424	49	287	9429542
7529	14136	427	49	287	9429552
7583	14136	429	49	287	9429562
7636	14136	429	49	287	9429572
7690	14145	429	49	287	9429582
7741	14145	428	49	287	9429592
7793	14145	429	49	285	9429602
7844	14155	429	49	285	9429612
7893	14155	428	49	284	9429622
7940	14161	429	49	284	9429632
7983	14161	428	49	284	9429642
8023	14168	428	49	284	9429652
8057	14168	430	49	284	9429662
8087	14168	431	49	284	9429672
8110	14176	430	49	284	9429682
8124	14176	432	49	284	9429692
8131	14176	438	49	284	9429812
8131	14184	19	49	284.5	9429832
33
8157	15162	16	46	300	9430574
8157	15172	125	46.6667	300.667	9430604
8157	15178	225	46	302.333	9430634
8173	15167	275	46	303	9430644
8189	15157	277	47	304	9430654
8207	15143	290	47	304	9430664
8229	15124	308	47	304	9430674
8250	15098	326	47	304	9430684
8270	15065	330	47	304	9430694
8290	15026	336	47	304	9430704
8309	14979	343	47	304	9430714
8326	14923	348	47	303	9430724
8342	14861	350	47	303	9430734
8355	14794	352	47	302	9430744
8365	14726	353	47	302	9430754
8365	14660	356	47	302	9430764
8365	14598	362	47	302	9430774
8365	14538	365	48	303	9430784
8357	14482	367	48	303	9430794
8346	14425	373	48	303	9430804
8332	14367	376	48	303	9430814
8316	14312	383	48	303	9430824
8297	14256	389	48	303	9430834
8275	14206	393	48	303	9430844
8249	14161	399	48	303	9430854
8220	14122	408	49	304	9430864
8191	14089	409	49	304	9430874
8163	14059	416	49	304	9430884
8138	14034	417	49	304	9430894
8118	14015	417	50	305	9430904
8102	14000	420	50	305	9430914
8093	13992	423	50	305	9430934
8085	13992	304	50	306	9430984
75
8259	15074	47	47	299	9431338
8251	15074	81	47	299	9431348
8240	15074	120	47	299	9431378
8250	15074	194	47	299	9431388
8259	15074	216	47	299	9431398
8273	15074	225	48	300	9431408
8292	15066	246	48	300	9431418
8318	15066	263	48	300	9431428
8351	15066	292	48	300	9431438
8393	15059	320	48	300	9431448
8442	15059	339	48	299	9431458
8494	15059	352	48	299	9431468
8550	15049	356	49	297	9431478
8606	15042	365	49	297	9431488
8663	15032	364	49	297	9431498
8718	15021	367	49	296	9431508
8772	15008	371	49	296	9431518
8826	14992	376	49	295	9431528
8878	14977	377	49	295	9431538
8931	14958	377	49	295	9431548
8981	14939	377	49	295	9431558
9028	14920	376	49	295	9431568
9070	14899	377	50	294	9431578
9105	14878	381	50	294	9431588
9137	14858	380	50	293	9431598
9165	14838	381	50	293	9431608
9189	14819	381	50	293	9431618
9212	14801	380	50	293	9431628
9234	14781	382	50	294	9431638
9255	14760	382	50	294	9431648
9273	14738	382	49	295	9431658
9288	14716	382	49	295	9431668
9300	14695	382	49	295	9431678
9308	14671	381	49	295	9431688
9308	14649	383	49	295	9431698
9316	14626	382	48	294	9431708
9316	14604	382	48	294	9431718
9316	14583	381	48	294	9431728
9316	14562	382	48	294	9431738
9316	14542	380	48	294	9431748
9316	14524	380	48	294	9431758
9305	14503	383	48	294	9431768
9295	14484	383	48	294	9431778
9282	14464	384	48	294	9431788
9265	14444	384	48	294	9431798
9245	14427	385	48	294	9431808
9222	14409	383	48	294	9431818
9197	14390	383	48	294	9431828
9172	14371	383	48	294	9431838
9148	14352	385	48	294	9431848
9123	14332	384	48	294	9431858
9097	14312	382	48	294	9431868
9068	14292	383	48	294	9431878
9035	14271	382	49	295	9431888
8998	14250	382	49	295	9431898
8955	14229	383	49	295	9431908
8908	14208	382	49	295	9431918
8856	14187	382	49	295	9431928
8802	14167	382	49	295	9431938
8745	14149	380	50	294	9431948
8688	14130	381	50	295	9431958
8631	14113	380	51	293	9431968
8574	14097	381	51	293	9431978
8517	14081	380	51	293	9431988
8460	14066	380	51	293	9431998
8401	14052	377	50	295	9432008
8343	14037	376	50	295	9432018
8287	14024	376	51	297	9432028
8236	14011	377	51	297	9432038
8193	14000	374	51	297	9432048
8156	13992	367	51	297	9432058
8124	13984	356	51	297	9432068
8099	13984	350	51	298	9432078
8079	13984	330	51	298	9432088
8067	13984	109	50	299	9432118
32
9380	14668	33	48	294	9432500
9369	14661	104	48	294	9432510
9361	14661	141	48	294	9432520
9353	14647	195	48	294	9432530
9346	14636	202	48	294	9432540
9346	14622	208	48	294	9432550
9338	14606	257	48	294	9432560
9338	14589	259	48	294	9432570
9338	14573	266	48	294	9432580
9338	14556	287	48	294	9432590
9349	14543	290	48	294	9432600
9358	14532	309	48	294	9432610
9369	14521	320	48	294	9432620
9383	14514	336	48	294	9432630
9401	14507	352	48	294	9432640
9422	14507	356	48	294	9432650
9444	14507	359	48	294	9432660
9464	14507	363	49	293	9432670
9481	14517	363	49	293	9432680
9495	14526	363	49	292	9432690
9508	14536	365	49	292	9432700
9516	14549	365	49	292	9432710
9516	14563	366	49	292	9432720
9524	14578	367	49	291	9432730
9524	14594	366	49	291	9432740
9517	14609	366	49	289	9432750
9506	14623	367	49	289	9432760
9491	14637	366	49	289	9432770
9469	14646	365	49	289	9432780
9441	14652	357	49	289	9432790
9409	14652	306	49	289	9432800
9374	14652	35	49	289	9432820
24
1657	13935	10	47	306	9433930
1677	13935	176	48	304.75	9433970
1669	13935	284	49	304	9433980
1661	13942	295	49	304	9433990
1649	13942	317	49	303	9434000
1634	13942	331	49	303	9434010
1613	13942	343	50	302	9434020
1589	13942	349	50	302	9434030
1561	13942	350	49	303	9434040
1532	13935	355	49	303	9434050
1505	13922	356	49	304	9434060
1482	13902	357	49	304	9434070
1462	13877	357	48	305	9434080
1449	13848	359	48	305	9434090
1441	13816	363	48	306	9434100
1441	13786	365	48	306	9434110
1441	13758	366	48	307	9434120
1459	13736	368	48	307	9434130
1477	13716	375	47	308	9434140
1501	13702	383	47	308	9434150
1534	13691	384	47	308	9434160
1573	13683	385	47	308	9434170
1613	13683	344	47	308	9434180
1651	13683	33	48	307	9434200
113
9665	14627	17	48	294	9434978
9657	14627	199	48.5	293.125	9435138
9657	14621	277	49	292	9435158
9663	14621	302	48.1053	291.105	9435348
9670	14621	344	48	291	9435548
9676	14621	349	48	291	9435568
9676	14614	353	48	291	9435578
9687	14614	357	48	291	9435598
9696	14614	359	48	291	9435608
9703	14607	362	48	291	9435618
9709	14607	365	48	291	9435628
9719	14607	365	48	291	9435638
9729	14607	370	48	291	9435648
9745	14607	374	48	291	9435658
9767	14607	377	48	291	9435668
9796	14607	376	48	292	9435678
9832	14607	376	48	292	9435688
9870	14607	379	48	293	9435698
9910	14607	380	47	293	9435708
9951	14607	381	47	293	9435718
9993	14607	380	47	293	9435728
10036	14607	381	47	293	9435738
10078	14607	380	47	293	9435748
10120	14607	381	47	293	9435758
10161	14607	381	47	293	9435768
10203	14607	381	47	293	9435778
10245	14607	379	47	293	9435788
10290	14600	381	48	293	9435798
10332	14600	379	48	293	9435808
10374	14600	380	48	293	9435818
10415	14600	380	48	293	9435828
10455	14600	381	48	293	9435838
10497	14600	381	48	292	9435848
10539	14600	380	48	292	9435858
10581	14600	381	48	291	9435868
10626	14600	381	48	291	9435878
10671	14600	380	48	291	9435888
10717	14600	381	48	291	9435898
10765	14600	382	48	291	9435908
10815	14600	381	48	291	9435918
10864	14600	381	48	291	9435928
10914	14607	380	48	291	9435938
10965	14607	380	48	291	9435948
11013	14607	381	48	291	9435958
11063	14613	381	48	291	9435968
11114	14613	381	48	291	9435978
11164	14613	381	48	291	9435988
11216	14620	381	48	291	9435998
11266	14620	381	48	291	9436008
11318	14620	380	49	292	9436018
11369	14620	380	49	292	9436028
11417	14620	381	49	292	9436038
11464	14620	380	49	292	9436048
11508	14620	380	49	291	9436058
11550	14620	380	49	291	9436068
11591	14626	381	49	289	9436078
11630	14626	380	49	289	9436088
11670	14626	382	49	289	9436098
11712	14626	381	49	289	9436108
11754	14635	383	49	289	9436118
11797	14635	382	49	289	9436128
11838	14635	381	49	289	9436138
11879	14635	382	49	289	9436148
11917	14641	382	49	289	9436158
11955	14641	382	49	289	9436168
11990	14641	382	49	289	9436178
12025	14641	382	49	289	9436188
12061	14641	382	49	289	9436198
12098	14641	383	49	289	9436208
12137	14641	383	49	289	9436218
12179	14641	382	49	289	9436228
12224	14641	382	49	289	9436238
12270	14641	382	49	289	9436248
12319	14641	385	49	289	9436258
12367	14641	385	49	289	9436268
12414	14641	385	50	288	9436278
12460	14641	384	50	288	9436288
12506	14641	388	50	287	9436298
12552	14641	388	50	287	9436308
12599	14641	388	50	287	9436318
12646	14641	391	50	287	9436328
12695	14641	391	50	286	9436338
12742	14641	391	50	286	9436348
12788	14641	391	50	285	9436358
12831	14641	391	50	285	9436368
12872	14641	393	50	285	9436378
12911	14641	392	50	285	9436388
12948	14641	392	50	283	9436398
12984	14641	391	50	283	9436408
13018	14641	392	50	283	9436418
13053	14641	393	50	283	9436428
13089	14641	392	50	283	9436438
13125	14641	391	50	285	9436448
13164	14641	392	50	285	9436458
13204	14641	390	50	285	9436468
13245	14641	391	50	285	9436478
13290	14641	392	50	285	9436488
13336	14641	393	50	283	9436498
13383	14641	392	50	283	9436508
13430	14641	392	50	282	9436518
13476	14641	392	50	282	9436528
13522	14641	393	50	282	9436538
13569	14641	393	50	282	9436548
13615	14641	392	50	282	9436558
13661	14641	392	50	281	9436568
13704	14641	392	50	281	9436578
13744	14641	392	51	280	9436588
13782	14641	391	51	280	9436598
13817	14641	392	51	280	9436608
13850	14641	390	51	280	9436618
13878	14641	375	51	279	9436628
13898	14641	282	51	279	9436638
13907	14641	4	51	279	9436658
25
10991	15400	40	47	305	9437610
10991	15406	61	47	304	9437620
10991	15417	138	47	304	9437640
10991	15423	196	47	304	9437670
10991	15413	217	47	304	9437680
10991	15399	228	47	304	9437690
10991	15377	247	47	304	9437700
10991	15345	261	47	304	9437710
10997	15301	269	47	304	9437720
10997	15246	281	47	304	9437730
11004	15182	282	47	304	9437740
11004	15116	282	47	305	9437750
11004	15051	285	47	305	9437760
11004	14989	286	47	305	9437770
11004	14932	287	47	305	9437780
11004	14877	287	48	306	9437790
11004	14830	288	48	305	9437800
11004	14787	290	48	305	9437810
11012	14748	290	49	304	9437820
11012	14717	290	50	305	9437830
11021	14692	290	50	305	9437840
11021	14672	291	50	305	9437850
11027	14659	287	50	305	9437860
11027	14651	267	50	306	9437880
11027	14644	85	50	306	9437900
26
11040	15498	30	48	300	9439038
11018	15498	36	48	300	9439048
11007	15498	84	48	300	9439058
10996	15498	118	48	300	9439068
10987	15498	154	48	300	9439088
10980	15498	204	48	300	9439108
10992	15498	257	48	300	9439118
11010	15498	279	48	300	9439128
11036	15498	290	48	300	9439138
11072	15498	310	48	300	9439148
11118	15498	325	48	300	9439158
11176	15510	344	48	300	9439168
11248	15518	366	48	300	9439178
11327	15527	383	48	300	9439188
11414	15536	392	48	299	9439198
11504	15547	393	48	299	9439208
11594	15557	397	49	297	9439218
11682	15567	403	48	297	9439228
11765	15577	406	49	297	9439238
11839	15585	404	49	297	9439248
11900	15585	406	49	297	9439258
11947	15594	405	49	297	9439268
11980	15594	407	49	297	9439278
12004	15594	407	49	296	9439288
12018	15594	405	49	296	9439298
12026	15594	256	49	295	9439338
38
11760	16430	10	46	297	9439622
11742	16423	94	46	297	9439642
11742	16430	209	46	297	9439672
11750	16430	237	46	297	9439682
11762	16430	257	46	297	9439692
11779	16420	278	46	297	9439702
11804	16409	295	46	297	9439712
11834	16394	311	47	297	9439722
11868	16374	321	47	297	9439732
11905	16350	325	47	296	9439742
11943	16319	345	47	296	9439752
11981	16282	348	47	296	9439762
12016	16240	350	47	296	9439772
12049	16192	364	48	297	9439782
12078	16143	368	48	298	9439792
12104	16094	368	48	298	9439802
12123	16046	372	47	299	9439812
12138	15997	374	48	300	9439822
12146	15947	375	48	300	9439832
12146	15897	376	48	300	9439842
12146	15847	377	48	300	9439852
12133	15797	380	48	300	9439862
12120	15749	381	48	300	9439872
12104	15706	381	49	301	9439882
12088	15669	382	49	301	9439892
12071	15633	382	49	301	9439902
12053	15604	384	49	301	9439912
12035	15578	384	49	301	9439922
12016	15555	384	49	299	9439932
11999	15537	385	49	299	9439942
11984	15522	388	49	298	9439952
11970	15511	385	49	298	9439962
11956	15503	384	49	298	9439972
11943	15503	384	49	298	9439982
11932	15494	383	49	298	9439992
11922	15494	368	49	298	9440002
11914	15488	313	49	298	9440022
11908	15481	89	49	298	9440052
72
11853	16409	3	47	293	9441098
11847	16417	56	47	293	9441138
11861	16410	160	47	293	9441148
11874	16410	175	47	293	9441158
11893	16410	195	47	293	9441168
11918	16410	211	47	293	9441178
11949	16410	223	47	293	9441188
11986	16410	241	47	293	9441198
12030	16400	258	47	293	9441208
12077	16400	275	47	293	9441218
12131	16386	300	47	293	9441228
12190	16377	333	47	293	9441238
12256	16367	349	47	293	9441248
12325	16358	352	47	292	9441258
12393	16347	354	47	292	9441268
12460	16337	355	47	290	9441278
12522	16327	357	47	290	9441288
12583	16314	356	47	289	9441298
12642	16299	356	47	289	9441308
12699	16283	357	48	288	9441318
12751	16268	356	47	288	9441328
12798	16251	359	47	288	9441338
12840	16236	358	47	287	9441348
12872	16222	357	47	287	9441358
12900	16208	358	47	285	9441368
12923	16195	359	47	285	9441378
12945	16180	359	48	286	9441388
12966	16166	358	48	286	9441398
12986	16152	361	48	286	9441408
13005	16138	359	49	287	9441418
13021	16127	363	49	287	9441428
13035	16112	361	49	287	9441438
13046	16099	361	49	287	9441448
13053	16085	358	50	287	9441458
13053	16068	358	50	287	9441468
13053	16052	358	50	287	9441478
13053	16034	357	51	288	9441488
13053	16014	358	51	288	9441498
13053	15991	357	51	288	9441508
13042	15969	358	51	288	9441518
13033	15945	356	51	288	9441528
13020	15922	357	51	288	9441538
13005	15897	357	51	288	9441548
12988	15872	357	51	288	9441558
12969	15846	358	51	288	9441568
12949	15821	357	51	288	9441578
12929	15796	358	51	288	9441588
12906	15773	358	51	288	9441598
12881	15750	357	51	288	9441608
12853	15729	356	51	288	9441618
12819	15709	357	51	288	9441628
12781	15690	357	51	288	9441638
12740	15672	356	51	288	9441648
12695	15655	357	51	288	9441658
12646	15637	355	51	286	9441668
12596	15619	357	51	286	9441678
12543	15601	357	51	285	9441688
12493	15583	356	51	285	9441698
12446	15567	357	51	285	9441708
12403	15553	356	51	286	9441718
12363	15541	355	51	286	9441728
12324	15531	355	51	288	9441738
12286	15521	354	51	288	9441748
12247	15510	352	51	288	9441758
12207	15501	352	51	288	9441768
12166	15491	347	50	289	9441778
12128	15481	344	50	289	9441788
12093	15473	341	50	290	9441798
12065	15466	334	49	289	9441808
12045	15466	316	49	291	9441818
12030	15458	276	49	291	9441828
12022	15458	74	50	293	9441848
32
13097	16083	27	48	295	9443034
13069	16090	45	49	296	9443044
13056	16090	96	49	297	9443054
13040	16090	163	49	297	9443064
13032	16090	220	49	297	9443094
13038	16090	254	49	297	9443104
13054	16090	270	49	297	9443114
13080	16090	278	49	297	9443124
13118	16090	286	49	297	9443134
13169	16090	288	49	298	9443144
13231	16090	298	50	297	9443154
13305	16090	311	50	297	9443164
13386	16090	319	50	296	9443174
13476	16090	328	50	296	9443184
13575	16090	335	50	295	9443194
13680	16096	336	50	295	9443204
13787	16096	340	51	293	9443214
13893	16096	340	51	293	9443224
13996	16105	341	51	293	9443234
14096	16105	341	51	293	9443244
14192	16111	344	51	292	9443254
14283	16111	344	51	292	9443264
14366	16111	346	51	291	9443274
14436	16118	347	51	290	9443284
14493	16118	347	52	288	9443294
14539	16118	348	52	287	9443304
14574	16118	349	52	287	9443314
14598	16118	349	52	286	9443324
14616	16118	352	53	286	9443334
14628	16118	350	53	286	9443344
14636	16118	352	53	286	9443364
14644	16118	237	53	284.5	9443404
21
14554	16390	33	48	294	9444314
14563	16397	90	48	293	9444324
14563	16407	183	48	293	9444354
14563	16415	243	48	293	9444384
14563	16405	255	48	293	9444394
14563	16390	265	48	293	9444404
14571	16363	270	48	293	9444414
14578	16322	282	48	293	9444424
14578	16262	302	48	293	9444434
14588	16193	309	48	293	9444444
14588	16115	311	48	294	9444454
14588	16037	318	48	294	9444464
14588	15967	322	48	294	9444474
14588	15904	331	49	295	9444484
14588	15850	345	49	295	9444494
14588	15805	348	49	295	9444504
14588	15773	350	50	296	9444514
14588	15749	350	50	296	9444524
14588	15736	349	50	296	9444544
14588	15729	278	51	297	9444564
14588	15738	0	51.5	297	9444584
28
14562	16320	26	48	297	9444770
14546	16335	40	47	296	9444780
14546	16342	93	47	295	9444790
14536	16349	124	47	295	9444800
14536	16356	165	48	293	9444810
14536	16362	201	48	293	9444830
14543	16371	223	48	292.5	9444850
14550	16371	242	48	292	9444860
14557	16371	250	48	291	9444870
14566	16362	269	48	291	9444880
14581	16356	284	48	291	9444890
14606	16348	291	48	291	9444900
14643	16339	306	48	291	9444910
14695	16329	315	48	291	9444920
14758	16316	328	48	291	9444930
14831	16302	338	48	291	9444940
14913	16286	356	48	291	9444950
15001	16271	364	48	291	9444960
15093	16253	365	48	291	9444970
15182	16236	367	48	291	9444980
15261	16222	366	48	291	9444990
15327	16209	366	48	291	9445000
15377	16197	368	48	291	9445010
15413	16190	368	48	291	9445020
15435	16182	366	48	291	9445030
15449	16182	356	48.5	290.5	9445050
15449	16175	296	49	289	9445070
15440	16175	87	49	289	9445090
23
14638	15744	93	50	296	9445406
14645	15744	166	50	296	9445416
14659	15757	183	50	296	9445426
14681	15770	200	50	296	9445436
14711	15787	215	50	296	9445446
14748	15808	247	50	296	9445456
14794	15833	258	51	297	9445466
14849	15862	263	51	297	9445476
14909	15894	265	51	297	9445486
14978	15927	266	51	297	9445496
15052	15965	266	51	297	9445506
15131	16004	258	51	297	9445516
15210	16044	253	51	297	9445526
15285	16081	252	51	295	9445536
15355	16115	252	51	295	9445546
15415	16142	252	51	294	9445556
15465	16163	250	51	294	9445566
15504	16178	244	51	294	9445576
15528	16186	224	51	293	9445586
15540	16186	181	51	293	9445616
15531	16186	136	51	292	9445626
15531	16180	103	51	292	9445636
15521	16180	27	51	291	9445656
41
15507	16194	16	47	292	9445930
15497	16186	18	48	291	9445940
15489	16178	33	49	292	9445950
15480	16170	33	49	292	9445960
15473	16164	37	50	293	9445970
15473	16156	76	50	293	9445980
15465	16156	207	50	290.5	9446020
15457	16164	273	50	290	9446050
15457	16171	294	50	290	9446080
15464	16171	347	50	290	9446190
15464	16165	372	50	290	9446200
15470	16155	372	50	290	9446210
15470	16144	372	50	290	9446220
15477	16132	375	50	290	9446230
15477	16121	374	51	291	9446240
15483	16111	377	51	291	9446250
15483	16103	383	51	291	9446260
15494	16096	389	51	291	9446270
15500	16096	405	51	291	9446280
15509	16087	409	51	291	9446290
15521	16087	414	51	291	9446300
15537	16087	417	51	291	9446310
15556	16087	417	51	291	9446320
15578	16095	416	51	291	9446330
15600	16102	417	51	291	9446340
15622	16109	417	51	291	9446350
15642	16116	418	51	291	9446360
15660	16122	417	51	291	9446370
15675	16122	417	51	291	9446380
15686	16135	420	51	291	9446390
15694	16141	420	51	291	9446400
15694	16150	422	51	291	9446410
15694	16161	421	51	291	9446420
15694	16174	428	51	291	9446430
15684	16190	429	51	291	9446440
15671	16205	428	51	291	9446450
15653	16218	429	51	291	9446460
15631	16228	421	51	291	9446470
15605	16228	407	50	290	9446480
15577	16237	364	50	290	9446490
15549	16237	126	50	290	9446510
23
13991	15106	51	49	297	9448787
13991	15114	74	49	297	9448797
13991	15123	119	49	297	9448817
13984	15123	149	49	297	9448827
13984	15131	152	49	297	9448837
13978	15131	161	49	298	9448866
13978	15139	199	49	298	9448886
13971	15139	218	49	298	9448916
13971	15131	229	49	298	9448926
13971	15119	236	49	298	9448936
13971	15101	246	49	298	9448946
13971	15071	252	49	298	9448956
13971	15026	260	49	298	9448966
13980	14966	266	49	298	9448976
13980	14896	267	49	298	9448986
13980	14824	270	49	298	9448996
13980	14758	270	49	298	9449006
13980	14705	274	49	298	9449016
13980	14666	275	49	298	9449026
13980	14639	276	49	298	9449036
13987	14623	276	49	298	9449046
13987	14617	244	49	298	9449066
13994	14617	36	49	298	9449086
57
13987	15161	78	47	296	9449275
13978	15185	81	47	296	9449285
13978	15192	93	47	296	9449295
13968	15192	131	47	296	9449305
13968	15202	152	47.3333	296.333	9449335
13976	15202	174	48	297	9449345
13988	15208	181	48	297	9449355
14006	15208	185	48	297	9449365
14028	15215	198	48	295	9449375
14059	15215	211	48	295	9449385
14100	15224	228	48	294	9449395
14150	15224	239	48	294	9449405
14216	15233	250	48	294	9449415
14292	15233	267	48	294	9449424
14382	15240	274	48	293	9449434
14483	15240	291	48	293	9449444
14598	15250	297	48	292	9449454
14723	15256	299	48	292	9449464
14849	15263	301	48	291	9449474
14972	15271	302	48	291	9449484
15089	15278	304	48	291	9449494
15194	15284	306	47	289	9449504
15295	15291	306	47	289	9449514
15390	15291	308	48	288	9449524
15477	15299	309	48	288	9449534
15562	15299	309	48	288	9449544
15644	15308	309	48	287	9449554
15721	15308	310	48	287	9449564
15796	15315	315	48	286	9449574
15867	15315	315	48	286	9449584
15932	15324	316	48	286	9449594
15997	15324	322	48	286	9449604
16060	15331	327	48	286	9449614
16124	15331	331	48	286	9449624
16187	15339	331	48	286	9449634
16249	15339	333	48	286	9449644
16311	15345	334	48	286	9449654
16368	15345	334	48	286	9449664
16423	15352	336	48	286	9449674
16474	15352	337	48	285	9449684
16525	15352	337	48	285	9449694
16574	15362	336	48	284	9449704
16622	15362	336	48	284	9449714
16670	15369	337	48	284	9449724
16714	15369	337	48	284	9449734
16754	15375	336	47	283	9449744
16789	15375	339	47	283	9449754
16821	15375	339	47	283	9449764
16851	15375	340	47	283	9449774
16881	15375	338	47	283	9449784
16909	15375	339	47	283	9449794
16935	15375	340	47	283	9449804
16959	15375	339	47	283	9449814
16980	15382	340	46	283	9449824
16995	15382	339	46	283	9449834
17006	15382	339	46	283	9449854
17014	15382	221	46	283	9449924
30
15724	16169	24	47	293	9450771
15718	16169	53	47	293	9450781
15718	16177	93	47	293	9450791
15711	16177	144	47	293	9450851
15728	16177	195	48	293	9450861
15749	16177	206	48	293	9450871
15776	16177	218	48	293	9450881
15809	16177	232	48	293	9450891
15846	16177	245	48	293	9450901
15889	16177	252	48	293	9450911
15941	16177	254	48	293	9450921
16000	16177	260	48	293	9450931
16067	16177	271	47	293	9450941
16142	16177	291	47	293	9450951
16220	16177	300	47	293	9450961
16298	16177	311	47	292	9450971
16371	16177	319	47	292	9450981
16437	16185	324	47	290	9450991
16499	16185	327	47	290	9451001
16559	16194	327	47	290	9451011
16614	16194	329	47	290	9451021
16663	16194	328	47	290	9451031
16704	16194	327	47	290	9451041
16738	16194	328	47	290	9451051
16762	16194	328	47	290	9451061
16778	16187	327	46	290	9451071
16787	16187	325	46.3333	288.667	9451101
16787	16181	310	47	288	9451121
16794	16181	238	48	288	9451141
16803	16181	44	47	289	9451161
27
16957	16415	54	47	301	9452039
16965	16415	191	46.75	300.75	9452079
16956	16415	249	47	301	9452089
16956	16403	260	46	300	9452099
16956	16381	267	46	300	9452109
16956	16346	270	46	300	9452119
16956	16295	282	46	300	9452129
16956	16230	292	47	301	9452139
16964	16153	302	47	301	9452149
16964	16068	321	47	301	9452159
16964	15977	337	47	301	9452169
16970	15884	345	47	302	9452179
16970	15790	352	47	302	9452189
16970	15697	357	47	302	9452199
16970	15612	359	47	302	9452209
16970	15533	363	48	303	9452219
16978	15463	363	48	303	9452229
16978	15400	364	48	303	9452239
16978	15342	365	48	303	9452249
16978	15289	365	49	304	9452259
16978	15240	365	49	304	9452269
16978	15201	366	49	304	9452279
16978	15167	367	50	305	9452289
16978	15141	364	50	305	9452299
16978	15122	359	50	305	9452309
16978	15106	336	50	306	9452319
16970	15096	171	50	306	9452349
80
17019	16384	8	47	296	9452783
16998	16384	32	47	296	9452793
16988	16384	62	47	296	9452803
16980	16384	95	47	296	9452813
16972	16384	164	47	296	9452833
16963	16384	241	46.3333	295.333	9452863
16963	16391	259	46	295	9452873
16975	16391	266	45	294	9452883
16991	16391	278	45	294	9452893
17016	16391	295	45	294	9452903
17053	16391	310	45	294	9452913
17101	16391	319	45	293	9452923
17160	16397	327	45	293	9452933
17226	16397	331	45	293	9452943
17295	16397	335	45	292	9452953
17361	16397	337	45	292	9452963
17426	16397	340	44	291	9452973
17489	16384	338	44	291	9452983
17550	16374	339	44	291	9452993
17609	16361	339	44	290	9453003
17666	16346	339	45	290	9453013
17723	16331	339	45	289	9453023
17778	16315	339	45	289	9453033
17833	16296	339	45	289	9453043
17884	16275	339	45	289	9453053
17932	16253	340	45	289	9453063
17974	16229	339	45	289	9453073
18013	16205	340	45	289	9453083
18045	16180	340	45	289	9453093
18075	16156	339	46	290	9453103
18102	16132	340	46	290	9453113
18125	16107	340	46	290	9453123
18148	16084	339	47	290	9453133
18168	16059	339	47	290	9453143
18183	16033	340	47	290	9453153
18195	16006	339	48	290	9453163
18204	15978	339	48	290	9453173
18204	15949	340	48	289	9453183
18212	15921	340	49	289	9453193
18212	15892	341	49	289	9453203
18212	15863	341	49	289	9453213
18222	15835	343	50	288	9453223
18222	15806	343	50	289	9453233
18222	15776	344	51	288	9453243
18222	15745	344	51	288	9453253
18222	15715	343	51	288	9453263
18213	15684	345	51	288	9453273
18204	15655	344	51	286	9453283
18194	15627	344	51	286	9453293
18180	15600	344	51	285	9453303
18166	15577	347	51	285	9453313
18151	15553	347	51	286	9453323
18134	15533	348	51	286	9453333
18114	15513	349	51	288	9453343
18090	15492	349	51	288	9453353
18062	15470	350	51	288	9453363
18029	15447	350	51	288	9453373
17988	15420	348	51	288	9453383
17942	15394	349	51	288	9453393
17894	15369	348	50	289	9453403
17842	15342	348	50	289	9453413
17789	15318	348	50	290	9453423
17732	15294	347	50	290	9453433
17673	15271	347	50	290	9453443
17612	15248	347	50	290	9453453
17550	15224	347	50	290	9453463
17487	15202	346	51	291	9453473
17426	15180	348	51	291	9453483
17369	15162	346	51	291	9453492
17314	15147	344	51	291	9453502
17259	15136	343	51	291	9453512
17200	15130	334	51	291	9453522
17139	15130	334	52	292	9453532
17076	15121	331	52	293	9453542
17015	15121	331	52	293	9453552
16964	15121	331	51	294	9453562
16920	15114	331	51	294	9453572
16889	15114	329	51	294	9453582
16871	15114	305	51	294	9453592
16861	15114	100	51	295	9453612
33
18260	15894	86	49	292	9454599
18252	15894	144	49	292	9454609
18252	15886	167	49	292	9454619
18242	15886	182	49	292	9454629
18236	15871	194	49	292	9454639
18228	15859	217	49	292	9454649
18228	15845	235	49	292	9454659
18220	15831	244	49	292	9454669
18220	15817	253	49	292	9454679
18220	15803	279	49	292	9454689
18232	15788	304	49	292	9454699
18241	15773	310	49	292	9454709
18255	15759	316	49	292	9454719
18270	15747	318	49	292	9454729
18286	15739	335	49	292	9454739
18308	15739	338	49	292	9454749
18327	15739	340	49	292	9454759
18345	15739	344	49	292	9454769
18365	15739	350	49	292	9454779
18379	15749	350	49	292	9454789
18393	15761	352	49	292	9454799
18405	15775	355	49	292	9454809
18414	15790	356	49	292	9454819
18420	15807	357	49	292	9454829
18420	15824	356	49	292	9454839
18420	15843	356	49	292	9454849
18410	15862	357	50	293	9454859
18395	15881	357	50	293	9454869
18376	15894	354	50	293	9454879
18355	15904	353	50	293	9454889
18330	15904	345	50	293	9454899
18305	15904	307	50	293	9454909
18280	15894	99	50	293	9454929
5
18462	15804	30	49	292	9455363
18453	15804	66	49	292	9455383
18446	15804	173	49	292	9455513
18446	15797	219	49	292	9455643
18452	15797	89	49	292	9455673
28
18514	15799	25	49	292	9456019
18493	15799	66	49	292	9456029
18483	15807	146	49	292	9456049
18476	15807	194	49	292	9456079
18489	15807	210	49	292	9456089
18498	15807	213	49	292	9456099
18509	15797	223	49	292	9456109
18521	15797	235	49	292	9456119
18535	15797	249	49	292	9456129
18555	15790	259	49	292	9456139
18588	15790	278	49	292	9456149
18636	15790	294	49	292	9456159
18701	15797	308	49	292	9456169
18783	15797	324	49	292	9456179
18881	15807	326	49	292	9456189
18991	15807	328	49	291	9456199
19109	15816	335	49	291	9456209
19230	15816	336	49	289	9456219
19350	15816	334	49	289	9456229
19466	15816	333	49	289	9456239
19575	15816	333	49	289	9456249
19674	15816	327	49	289	9456259
19759	15822	312	49	289	9456269
19830	15822	306	50	288	9456279
19885	15822	268	50	288	9456289
19926	15822	245	50	287	9456299
19955	15822	183	50	287	9456309
19970	15822	48	50	287	9456339
9
16861	16196	9	49	295	9456931
16845	16196	19	49	295	9456941
16838	16196	40	49	295	9456981
16845	16196	69	49	295	9456991
16857	16196	76	49	295	9457001
16873	16196	77	49	295	9457011
16891	16196	77	49	295	9457021
16914	16196	76	48	294	9457031
16940	16196	17	48	294	9457051
15
20553	15951	82	50	295	9457931
20510	15962	150	51	293	9457941
20497	15962	249	51	293	9457951
20489	15973	343	51	293	9457971
20481	15983	375	51	294	9458001
20491	15983	381	51	294	9458011
20503	15966	398	51	294	9458021
20520	15946	405	51	294	9458031
20540	15923	409	51	294	9458041
20564	15897	409	51	294	9458051
20588	15869	409	51	294	9458061
20610	15847	409	51	294	9458071
20632	15828	390	51	294	9458081
20651	15817	311	51	294	9458091
20669	15817	82	51	294	9458111
12
20778	15930	64	51	294	9458179
20795	15966	147	51	294	9458189
20795	15978	270	51	294	9458199
20795	15987	366	51	294	9458229
20785	15974	393	51	294	9458239
20773	15950	398	51	294	9458249
20754	15909	405	51	294	9458259
20727	15846	414	52	295	9458269
20695	15770	414	52	295	9458279
20656	15683	409	52	295	9458289
20619	15593	331	52	295	9458299
20582	15507	18	52	295	9458319
