103
80
11160	10449	409	59	345	10233948
11201	10485	358	59	345	10233958
11194	10504	326	59	345	10233968
11174	10523	355	59	345	10233978
11145	10543	380	59	345	10233988
11116	10560	405	58	345	10233998
11091	10577	412	58	345	10234008
11069	10595	417	57	344	10234018
11049	10608	428	57	343	10234028
11033	10615	432	57	341	10234038
11010	10615	442	57	341	10234048
10980	10595	453	56	340	10234058
10953	10565	464	57	337	10234068
10914	10525	469	57	337	10234078
10883	10479	471	58	335	10234088
10863	10433	472	58	335	10234098
10845	10391	478	57	334	10234108
10855	10355	493	57	334	10234118
10876	10324	501	57	334	10234128
10905	10299	506	57	332	10234138
10940	10277	512	57	332	10234148
10977	10257	521	57	332	10234158
11009	10238	526	56	331	10234168
11033	10216	540	57	332	10234178
11048	10195	567	57	332	10234188
11048	10173	588	57	332	10234198
11041	10150	599	57	334	10234208
11022	10125	606	57	334	10234218
10996	10103	612	58	335	10234228
10968	10085	611	58	335	10234238
10942	10072	615	58	335	10234248
10920	10065	616	58	337	10234258
10904	10065	615	58	337	10234268
10893	10065	612	58	337	10234278
10887	10065	582	58	337	10234298
10894	10079	534	58	337	10234308
10914	10100	473	58	337	10234318
10950	10131	435	58	337	10234328
11004	10174	381	58	337	10234338
11070	10224	356	58	337	10234348
11140	10278	352	58	337	10234358
11205	10330	355	58	337	10234368
11260	10377	370	58	337	10234378
11301	10418	414	58	337	10234388
11331	10450	472	58	337	10234398
11351	10473	534	58	335	10234408
11363	10486	646	58.25	332.25	10234448
11363	10480	691	58	330	10234458
11356	10458	703	58	330	10234468
11346	10420	705	58	329	10234478
11335	10365	709	58	329	10234488
11322	10300	708	58	329	10234498
11310	10236	709	58	327	10234508
11300	10178	707	58	327	10234518
11293	10134	708	58	327	10234528
11286	10103	706	58	329	10234538
11286	10082	710	58	329	10234548
11279	10074	687	58	329.667	10234578
11285	10099	664	59	332	10234588
11293	10132	630	59	332	10234598
11305	10178	626	59	333	10234608
11323	10237	615	59	333	10234618
11346	10304	616	59	333	10234628
11373	10371	618	59	333	10234638
11402	10432	620	59	333	10234648
11427	10477	622	59	333	10234658
11444	10503	625	59	332	10234668
11454	10514	630	59	332	10234678
11462	10514	648	58	330	10234688
11470	10497	656	58	330	10234698
11477	10467	661	58	330	10234708
11485	10423	666	58	329	10234718
11492	10367	666	58	329	10234728
11500	10306	666	58	329	10234738
11507	10249	665	58	329	10234748
11515	10198	651	58	327	10234758
11515	10157	630	58	327	10234768
11523	10126	596	58	327	10234778
11523	10104	522	58	329	10234788
11523	10092	171	58	329.333	10234818
8
11406	10200	394	59	332	10234892
11365	10210	406	59	332	10234902
11351	10210	455	59	332	10234912
11340	10218	484	59	332	10234942
11362	10218	485	59	332	10234952
11393	10218	471	59	332	10234962
11436	10218	423	59	332	10234972
11487	10228	102	59	332	10234992
64
11893	10363	346	58	327	10235108
11882	10382	365	57	326	10235118
11869	10390	411	57	326	10235128
11858	10390	457	57	326	10235138
11858	10399	496	57	325	10235158
11858	10384	538	57	324	10235168
11858	10362	568	57	324	10235178
11868	10328	587	58	324	10235188
11868	10282	595	58	324	10235198
11868	10228	606	59	323	10235208
11857	10177	613	59	325	10235218
11849	10134	616	59	325	10235228
11841	10101	619	59	325	10235238
11841	10082	615	60	326	10235248
11841	10072	598	60	326	10235268
11841	10078	569	60	328	10235278
11850	10095	561	60	328	10235288
11858	10120	549	60	328	10235298
11867	10153	534	60	330	10235308
11877	10194	529	60	330	10235318
11890	10242	532	60	330	10235328
11905	10295	530	60	330	10235338
11922	10351	537	60	331	10235348
11939	10401	543	60	331	10235358
11953	10435	550	59	332	10235368
11962	10453	563	58	330	10235378
11969	10453	569	58	330	10235388
11969	10444	595	58	330	10235398
11979	10423	604	58	329	10235408
11987	10393	617	58	329	10235418
11997	10350	621	58	329	10235428
12007	10308	622	58	329	10235438
12018	10267	622	58	327	10235448
12029	10230	624	58	327	10235458
12039	10205	622	58	327	10235468
12046	10188	622	58	327	10235478
12046	10179	624	58	327	10235488
12055	10179	619	58	329	10235518
12066	10191	605	58	330	10235528
12076	10211	592	58	330	10235538
12091	10242	581	58	330	10235548
12109	10280	574	58	330	10235558
12129	10325	574	58	330	10235568
12150	10372	575	58	330	10235578
12173	10420	575	58	330	10235588
12194	10461	577	58	330	10235598
12214	10493	583	58	330	10235608
12230	10516	583	58	329	10235618
12240	10528	593	58	329	10235628
12247	10528	611	58	326.5	10235648
12247	10513	634	58	326	10235658
12247	10486	646	59	323	10235668
12247	10446	661	59	323	10235678
12247	10394	665	59	323	10235688
12247	10339	679	58	322	10235698
12257	10284	681	58	322	10235708
12264	10235	687	58	322	10235718
12264	10195	686	59	323	10235728
12275	10161	686	59	323	10235738
12275	10134	688	59	323	10235748
12283	10111	685	59	325	10235758
12283	10096	678	59	325	10235768
12283	10085	612	59.6667	325.667	10235798
12289	10078	181	60	328	10235828
23
10558	9536	72	58	335	10236152
10517	9506	249	58.5	336.5	10236172
10528	9506	276	59	337	10236182
10549	9506	321	60	337	10236192
10586	9514	367	60	337	10236202
10642	9523	411	60	337	10236212
10719	9532	454	60	337	10236222
10815	9540	478	61	336	10236232
10925	9548	518	61	336	10236242
11045	9554	546	62	335	10236252
11175	9554	573	62	335	10236262
11305	9565	594	62	335	10236272
11433	9565	614	62	335	10236282
11559	9565	634	62	335	10236292
11673	9565	642	62	335	10236302
11775	9565	653	62	335	10236312
11861	9565	657	61	333	10236322
11925	9565	656	61	333	10236332
11967	9571	659	62	332	10236342
11989	9571	662	62	332	10236352
12000	9571	633	63	331	10236382
11978	9571	449	63	331	10236392
11947	9571	37	63	331	10236412
21
10998	9382	255	62	336	10236516
10916	9345	255	62	336	10236526
10879	9336	316	62	336	10236536
10854	9336	352	62	336	10236546
10830	9336	383	62	337.333	10236576
10845	9336	469	62	338	10236586
10864	9336	510	62	338	10236596
10893	9336	540	62	338	10236606
10934	9336	572	62	338	10236616
10992	9336	597	62	338	10236626
11063	9347	613	62	338	10236636
11148	9354	632	62	338	10236646
11242	9354	638	62	338	10236656
11334	9354	643	62	338	10236666
11421	9354	646	62	338	10236676
11496	9354	650	62	338	10236686
11556	9354	650	62	338	10236696
11602	9346	650	62	338	10236706
11633	9346	654	62	338	10236716
11650	9340	660	62	336	10236726
11656	9340	528	62	336	10236806
14
10984	11765	353	52	320	10238492
10980	11741	361	52	320	10238502
10967	11726	424	52	319	10238512
10967	11684	516	53	320	10238522
10967	11639	574	53	320	10238532
10960	11568	602	54	319	10238542
10960	11496	641	53	317	10238552
10960	11427	662	54	316	10238562
10960	11370	684	54	317	10238572
10960	11322	697	54	317	10238582
10960	11286	702	54	317	10238592
10960	11262	702	55	319	10238602
10960	11247	686	55	319	10238612
10960	11240	413	55	319.75	10238652
16
10783	11641	392	55	320	10238748
10702	11675	363	55	320	10238758
10666	11693	366	55	320	10238768
10639	11711	417	55	320	10238778
10623	11727	432	55	319	10238788
10630	11734	453	55	319	10238798
10657	11734	472	55	319	10238808
10710	11734	496	55	319	10238818
10787	11734	530	54	317	10238828
10883	11734	548	54	317	10238838
10988	11734	550	54	317	10238848
11090	11734	553	54	317	10238858
11177	11741	549	54	317	10238868
11242	11741	536	54	317	10238878
11282	11741	490	55	316	10238888
11300	11741	241	55	315.333	10238918
39
11302	11551	409	54	316	10239056
11285	11540	420	54	316	10239066
11273	11533	453	54	316	10239076
11263	11533	488	54	316	10239086
11256	11521	526	54	316	10239096
11256	11495	539	54	316	10239106
11256	11455	548	54	316	10239116
11264	11406	550	54	316	10239126
11264	11352	551	54	317	10239136
11264	11303	560	54	317	10239146
11264	11266	566	54	317	10239156
11264	11241	575	55	319	10239166
11256	11227	582	55	319	10239176
11248	11227	591	55	319	10239196
11236	11234	588	55	320	10239206
11236	11258	590	55	320	10239216
11236	11295	588	55	320	10239226
11236	11343	591	55	320	10239236
11250	11398	595	55	320	10239246
11267	11457	598	55	320	10239256
11289	11508	604	55	320	10239266
11313	11551	608	55	320	10239276
11338	11582	611	55	320	10239286
11358	11597	612	55	320	10239296
11373	11597	614	56	319	10239306
11387	11597	628	55	318	10239316
11400	11577	634	56	316	10239326
11415	11551	636	56	316	10239336
11430	11516	641	55	315	10239346
11444	11473	646	55	315	10239356
11458	11427	649	55	315	10239366
11471	11380	650	55	315	10239376
11483	11338	644	55	314	10239386
11491	11302	643	55	315	10239396
11491	11274	629	56	314	10239406
11491	11254	599	56	314	10239416
11491	11240	548	57	312	10239426
11491	11232	429	57	314	10239436
11484	11232	85	57	314	10239456
11
11321	11324	403	57	318	10239532
11280	11333	425	57	318	10239542
11265	11333	485	57	318	10239552
11254	11340	521	56	319	10239572
11272	11347	537	55	319	10239582
11305	11347	543	55	319	10239592
11350	11347	543	55	319	10239602
11402	11356	524	55	319	10239612
11457	11356	456	54	317	10239622
11505	11366	331	54	317	10239632
11548	11366	33	55	316	10239652
27
11728	11484	367	55	315	10239732
11749	11502	430	55	315	10239742
11749	11513	536	55	315	10239752
11737	11522	601	55	315	10239762
11719	11522	614	55	315	10239772
11719	11529	627	55	315	10239792
11719	11516	651	55	315	10239802
11719	11496	664	55	314	10239812
11727	11467	679	55	314	10239822
11727	11426	688	55	314	10239832
11727	11375	694	55	314	10239842
11727	11325	697	55	314	10239852
11713	11277	700	55	315	10239862
11713	11239	702	55	315	10239872
11704	11213	704	55	315	10239882
11704	11194	703	55	315	10239892
11704	11183	702	56	316	10239902
11720	11183	706	56	316	10239912
11737	11175	711	56	316	10239922
11760	11175	718	57	318	10239932
11790	11175	717	57	318	10239942
11822	11175	718	57	318	10239952
11853	11175	717	57	319	10239962
11880	11175	708	57	319	10239972
11900	11175	683	57	319	10239982
11911	11175	605	57	319	10240002
11920	11184	170	57	319	10240032
29
12072	11440	393	56	316	10240128
12082	11471	416	56	316	10240138
12082	11487	517	56	316	10240148
12074	11501	602	55	315	10240158
12074	11512	625	55	315	10240188
12074	11502	661	55	314	10240198
12074	11481	675	55	314	10240208
12084	11447	703	55	314	10240218
12084	11402	718	55	314	10240228
12092	11352	736	55	314	10240238
12092	11300	742	55	314	10240248
12092	11254	746	55	315	10240258
12092	11217	744	55	315	10240268
12092	11192	746	55	315	10240278
12092	11177	747	55	315	10240288
12100	11168	751	56	316	10240308
12110	11159	755	56	316	10240318
12119	11159	757	56	316	10240328
12133	11159	768	57	316	10240338
12154	11159	769	57	316	10240348
12181	11159	769	58	315	10240358
12210	11159	769	58	315	10240368
12242	11159	770	58	315	10240378
12269	11159	769	58	315	10240388
12293	11159	764	58	315	10240398
12314	11159	745	58	315	10240408
12327	11159	721	58	315	10240418
12333	11159	596	58	315	10240448
12321	11159	82	58	315	10240468
23
12453	11427	416	55	315	10240584
12460	11456	466	55	312	10240594
12460	11464	569	55	312	10240604
12460	11472	654	55.3333	310.333	10240634
12460	11456	694	55	310	10240644
12460	11431	711	55	310	10240654
12460	11396	725	56	309	10240664
12460	11351	733	56	310	10240674
12460	11300	744	57	308	10240684
12460	11252	755	57	308	10240694
12471	11209	760	58	310	10240704
12481	11176	761	58	310	10240714
12494	11150	761	58	310	10240724
12508	11131	761	58	310	10240734
12525	11118	766	58	311	10240744
12545	11109	763	58	311	10240754
12570	11109	759	58	311	10240764
12600	11109	749	58	311	10240774
12630	11109	720	59	312	10240784
12661	11121	663	59	312	10240794
12689	11135	580	59	312	10240804
12706	11152	414	59	312	10240814
12716	11171	41	59	312	10240834
14
12508	11290	406	58	311	10240900
12460	11299	465	58	311	10240910
12450	11299	574	58	311	10240920
12450	11313	623	58	311	10240930
12450	11320	641	58	311	10240940
12470	11320	667	58	311	10240950
12495	11320	672	58	311	10240960
12528	11320	674	58	311	10240970
12569	11320	672	58	310	10240980
12610	11320	656	58	310	10240990
12648	11320	626	58	310	10241000
12681	11327	557	58	310	10241010
12703	11327	466	58	310	10241020
12712	11339	134	58	310	10241040
14
12528	11436	241	58	310	10241100
12468	11461	318	58	310	10241110
12450	11472	439	58	310	10241120
12439	11484	498	57	308	10241130
12439	11494	522	57	308	10241140
12439	11502	544	57	308	10241150
12458	11511	558	57	308	10241160
12484	11517	574	57	308	10241170
12520	11517	579	57	308	10241180
12563	11525	574	56	307	10241190
12609	11525	551	56	307	10241200
12655	11525	489	56	307	10241210
12697	11516	370	56	307	10241220
12737	11508	46	56	307	10241240
14
12929	11483	335	56	307	10241328
12929	11475	604	56	307	10241388
12929	11462	703	56	307	10241398
12929	11442	716	56	307	10241408
12929	11413	724	56	307	10241418
12929	11371	729	56	307	10241428
12935	11323	728	57	308	10241438
12935	11275	717	57	308	10241448
12935	11228	708	57	308	10241458
12935	11191	683	57	308	10241468
12929	11163	655	57	308	10241478
12929	11142	604	58	310	10241488
12929	11131	400	58	310	10241518
12929	11139	29	58	310.5	10241538
39
12918	11244	60	58	311	10241576
12909	11320	158	58	311	10241586
12909	11357	271	58	311	10241596
12909	11389	361	58	311	10241606
12909	11415	414	58	311	10241616
12915	11435	443	58	311	10241626
12924	11449	464	58	311	10241636
12939	11462	505	58	311	10241646
12960	11472	530	58	310	10241656
12986	11481	574	58	310	10241666
13019	11481	600	58	310	10241676
13055	11481	620	58	310	10241686
13092	11481	639	57	308	10241696
13122	11467	656	57	308	10241706
13143	11454	674	57	308	10241716
13153	11438	685	57	308	10241726
13153	11419	693	56	307	10241736
13135	11399	694	56	307	10241746
13111	11378	695	56	307	10241756
13082	11356	700	56	307	10241766
13051	11337	700	56	307	10241776
13022	11322	711	56	307	10241786
12999	11307	709	56	307	10241796
12980	11297	711	57	308	10241806
12970	11290	709	57	308	10241826
12970	11279	712	57	308	10241846
12986	11265	729	58	310	10241856
13009	11254	741	58	310	10241866
13043	11239	763	58	310	10241876
13087	11222	779	58	310	10241886
13138	11203	793	58	311	10241896
13188	11184	796	58	311	10241906
13233	11167	801	58	311	10241916
13268	11154	802	58	311	10241926
13289	11145	803	58	311	10241936
13299	11145	797	58	311	10241966
13285	11145	717	58	311	10241976
13267	11154	578	58	311	10241986
13246	11163	116	58	311	10242006
20
13149	10675	366	54	319	10242876
13106	10667	367	54	319	10242886
13074	10667	407	54	317	10242896
13037	10667	493	54	316	10242906
13006	10667	546	54	316	10242916
12983	10667	566	54	316	10242926
12968	10667	574	54	316	10242956
12994	10667	590	54	316	10242966
13029	10678	602	54	316	10242976
13075	10686	605	54	316	10242986
13125	10697	607	54	316	10242996
13176	10705	611	54	316	10243006
13220	10705	612	54	316	10243016
13252	10705	614	54	316	10243026
13274	10697	614	54	316	10243036
13280	10680	612	54	316	10243046
13273	10654	600	54	316	10243056
13252	10617	564	54	316	10243066
13216	10571	485	54	316	10243076
13171	10516	154	54	316	10243096
8
12982	10185	376	55	319	10243164
12982	10133	422	55	319	10243174
12982	10116	545	55	319	10243184
12982	10105	659	55	320	10243194
12965	10105	718	55	320	10243204
12965	10096	769	55.75	321.25	10243244
12965	10090	709	56	323	10243274
12973	10090	239	57	324	10243294
24
13538	10595	455	54	322	10243424
13545	10636	456	53	321	10243434
13527	10655	580	53	321	10243444
13514	10669	634	53	320	10243454
13502	10682	649	54	319	10243464
13494	10682	656	54	317.5	10243484
13485	10674	647	54	316	10243504
13491	10663	644	54	316	10243514
13500	10663	643	54	316	10243524
13514	10663	646	54	315	10243534
13530	10663	647	54	315	10243544
13553	10670	649	55	314	10243554
13582	10670	650	54	313	10243564
13616	10678	651	54	313	10243574
13650	10678	650	54	313	10243584
13683	10678	646	54	313	10243594
13707	10663	644	54	313	10243604
13722	10645	641	54	313	10243614
13722	10619	633	54	313	10243624
13709	10586	613	54	313	10243634
13679	10543	558	54	313	10243644
13636	10495	506	54	313	10243654
13586	10441	352	54	313	10243664
13535	10388	46	55	314	10243684
10
13441	10194	250	55	319	10243748
13441	10163	347	55	319	10243758
13431	10147	473	55	320	10243768
13420	10132	591	55	320	10243778
13410	10121	674	56	321	10243788
13410	10109	743	56	321	10243798
13404	10100	814	56	322	10243818
13404	10089	871	56	323	10243838
13404	10082	905	57.7778	320.444	10243928
13410	10082	521	58	320	10243978
17
10509	8200	316	30	358	10248016
10530	8230	402	30	358	10248026
10522	8236	448	30	358	10248036
10508	8236	537	31	358	10248046
10501	8247	572	33	357	10248056
10501	8240	615	35	356	10248066
10501	8219	639	37	355	10248076
10501	8180	672	39	354	10248086
10512	8125	689	41	352	10248096
10518	8068	702	43	351	10248106
10529	8008	716	45	349	10248116
10537	7953	725	47	347	10248126
10546	7910	724	50	344	10248136
10556	7873	726	52	342	10248146
10556	7843	703	53	339	10248156
10566	7827	633	55	336	10248166
10566	7819	189	57	330.667	10248196
10
10295	8229	517	54	328	10248296
10249	8235	527	54	328	10248306
10239	8242	569	54	328	10248326
10252	8249	591	54	328	10248336
10294	8249	603	53	327	10248346
10363	8264	607	53	327	10248356
10455	8280	610	53	327	10248366
10558	8294	581	53	327	10248376
10650	8306	459	54	326	10248386
10726	8306	62	55	326.5	10248406
36
10973	8237	488	54	322	10248512
10965	8212	512	53	321	10248522
10937	8212	539	53	321	10248532
10910	8212	604	53	321	10248542
10874	8205	625	53	321	10248552
10859	8195	630	54	322	10248562
10852	8176	637	54	322	10248572
10852	8148	643	54	322	10248582
10852	8103	646	54	324	10248592
10852	8045	649	55	323	10248602
10859	7984	649	56	324	10248612
10859	7924	650	56	323	10248622
10859	7877	651	57	324	10248632
10851	7843	649	57	324	10248642
10851	7824	638	57	326	10248662
10843	7824	613	57	326	10248672
10843	7845	601	58	327	10248682
10843	7878	593	58	327	10248692
10843	7920	590	58	327	10248702
10843	7971	587	58	327	10248712
10859	8023	582	58	327	10248722
10871	8071	578	58	327	10248732
10890	8115	576	58	327	10248742
10911	8150	577	58	327	10248752
10937	8173	577	58	327	10248762
10961	8181	578	58	327	10248772
10982	8181	582	58	327	10248782
11003	8158	588	57	328	10248792
11019	8128	595	56	327	10248802
11033	8090	591	56	327	10248812
11045	8046	593	57	326	10248822
11053	7998	594	57	326	10248832
11061	7957	585	57	326	10248842
11061	7924	565	57	326	10248852
11069	7900	483	57	326	10248862
11069	7886	98	57	326	10248892
8
10870	7984	425	56	328	10248988
10842	7984	429	56	328	10248998
10835	7984	455	56	328	10249008
10835	7992	459	56	328	10249018
10852	7992	462	56	328	10249028
10888	8004	443	56	328	10249038
10936	8015	373	56	328	10249048
10990	8027	84	56	328	10249068
20
11290	8161	481	56	323	10249176
11282	8168	528	56	323	10249186
11269	8174	614	56	323	10249196
11257	8174	661	56	323	10249206
11247	8185	668	56	323	10249226
11247	8165	673	56	323	10249236
11247	8131	674	56	323	10249246
11255	8086	677	56	323	10249256
11255	8028	679	56	323	10249266
11262	7965	681	57	324	10249276
11262	7913	682	57	324	10249286
11262	7867	683	57	324	10249296
11262	7837	682	57	326	10249306
11262	7823	672	57	326	10249316
11275	7823	660	57	326	10249326
11292	7823	646	57	326	10249336
11314	7831	592	58	324	10249346
11341	7843	488	58	324	10249356
11371	7856	291	59	323	10249366
11405	7871	0	59	325	10249386
20
11671	8119	519	55	325	10249524
11642	8143	541	55	325	10249534
11625	8156	625	55	325	10249544
11609	8166	684	55	323	10249554
11597	8175	699	55.6667	321.667	10249584
11597	8153	706	56	321	10249594
11608	8122	716	56	323	10249604
11615	8081	720	56	323	10249614
11615	8027	721	57	322	10249624
11626	7978	726	57	322	10249634
11626	7933	728	58	322	10249644
11635	7897	729	58	322	10249654
11641	7873	733	58	322	10249664
11649	7856	733	58	322	10249674
11658	7847	733	58	322	10249684
11672	7847	727	59	323	10249694
11692	7847	701	59	323	10249704
11718	7847	637	59	323	10249714
11748	7861	473	59	323	10249724
11786	7873	44	59	323	10249744
35
12671	8135	185	53	320	10249940
12625	8151	270	53	321	10249950
12608	8164	326	53	321	10249960
12593	8185	385	53	321	10249970
12584	8200	439	54	322	10249980
12584	8215	493	54	322	10249990
12584	8229	521	54	322	10250000
12577	8243	558	55	323	10250010
12577	8258	582	55	323	10250020
12562	8276	589	56	323	10250030
12545	8291	603	56	323	10250040
12525	8299	606	56	323	10250050
12500	8299	607	57	324	10250060
12477	8288	607	57	324	10250070
12455	8265	607	57	324	10250080
12441	8235	604	57	324	10250090
12441	8201	599	57	324	10250100
12441	8169	598	57	324	10250110
12458	8138	598	57	324	10250120
12487	8106	595	57	324	10250130
12524	8076	592	57	324	10250140
12562	8048	594	57	324	10250150
12597	8021	594	57	323	10250160
12620	7996	595	57	323	10250170
12631	7975	598	58	322	10250180
12631	7956	604	58	322	10250190
12616	7938	605	58	322	10250200
12594	7922	605	58	322	10250210
12567	7911	598	59	323	10250220
12540	7904	597	59	323	10250230
12517	7904	588	59	323	10250240
12500	7911	576	59	323	10250250
12489	7918	540	59	323	10250260
12489	7928	441	59	323	10250270
12489	7937	109	58.5	323.5	10250290
40
12923	8142	522	57	324	10250388
12958	8157	544	56	323	10250398
12958	8165	619	56	323	10250408
12958	8174	703	56	323	10250418
12940	8185	729	56	323	10250428
12931	8185	734	56	323	10250438
12925	8185	727	56	322	10250458
12925	8174	725	56	321	10250468
12925	8151	717	56	320	10250478
12931	8116	703	56	320	10250488
12939	8075	698	58	320	10250498
12946	8033	699	58	320	10250508
12946	7997	700	58	320	10250518
12946	7968	700	58	320	10250528
12946	7948	703	58	320	10250538
12946	7938	700	58	320	10250548
12939	7938	693	58	320	10250558
12939	7945	667	58	320	10250568
12939	7964	652	58	320	10250578
12939	7993	630	58	322	10250588
12939	8029	601	58	322	10250598
12939	8075	557	58	322	10250608
12946	8124	541	58	322	10250618
12958	8173	537	58	322	10250628
12973	8216	539	58	322	10250638
12991	8248	541	58	322	10250648
13011	8266	551	58	322	10250658
13032	8266	564	58	322	10250668
13051	8266	576	58	320	10250678
13071	8248	588	58	320	10250688
13091	8222	593	58	320	10250698
13110	8188	602	58	320	10250708
13132	8147	603	58	320	10250718
13152	8106	606	58	320	10250728
13167	8068	610	58	320	10250738
13176	8035	611	58	320	10250748
13176	8011	593	58	320	10250758
13176	7995	552	58	320	10250768
13176	7986	454	58	320	10250778
13161	7986	73	58	320	10250798
8
12938	8061	445	58	320	10250884
12904	8054	484	58	320	10250904
12904	8065	524	58	320	10250914
12913	8071	527	58	320	10250924
12943	8071	522	58	320	10250934
12984	8082	489	58	320	10250944
13031	8082	405	58	320	10250954
13079	8095	61	58	320	10250974
55
13435	8187	431	57	318	10251080
13412	8195	431	57	318	10251090
13393	8195	458	56	316	10251100
13380	8203	457	56	316	10251120
13380	8193	459	56	316	10251130
13395	8170	454	56	316	10251140
13408	8135	449	56	316	10251150
13408	8090	454	56	316	10251160
13408	8043	454	57	318	10251170
13408	8001	454	57	316	10251180
13394	7968	454	57	316	10251190
13394	7948	455	58	316	10251200
13394	7940	449	58	316	10251220
13394	7962	446	58	316	10251230
13404	7987	446	58	316	10251240
13413	8020	441	58	316	10251250
13423	8057	441	58	316	10251260
13431	8093	452	58	316	10251270
13441	8128	456	58	316	10251280
13455	8163	466	58	316	10251290
13473	8193	471	58	316	10251300
13494	8217	489	58	316	10251310
13512	8229	507	58	316	10251320
13528	8229	534	58	316	10251330
13541	8217	546	58	316	10251340
13550	8197	560	58	315	10251350
13557	8168	570	58	315	10251360
13557	8131	572	58	315	10251370
13557	8093	572	58	315	10251380
13557	8054	569	58	315	10251390
13557	8018	557	58	315	10251400
13565	7991	547	58	315	10251410
13565	7971	536	58	315	10251420
13575	7962	522	58	315	10251440
13575	7978	510	58	315	10251450
13586	7999	490	58	315	10251460
13586	8026	489	58	315	10251470
13600	8058	489	58	316	10251480
13613	8093	488	58	316	10251490
13629	8129	493	58	316	10251500
13650	8165	496	58	316	10251510
13673	8198	502	58	316	10251520
13700	8226	512	58	316	10251530
13725	8245	522	58	316	10251540
13746	8254	536	58	316	10251550
13762	8254	547	58	315	10251560
13772	8243	561	58	315	10251570
13772	8220	574	58	315	10251580
13782	8190	581	58	315	10251590
13782	8151	583	58	315	10251600
13782	8110	582	58	315	10251610
13794	8071	583	58	315	10251620
13794	8039	573	58	315	10251630
13804	8017	527	58	315	10251640
13804	8001	174	58	315	10251660
22
14248	8318	143	55	311	10251965
14225	8311	190	55	310	10251975
14217	8311	325	56	311	10251994
14208	8311	433	56	310	10252004
14208	8318	549	57	309.333	10252034
14218	8318	607	58	310	10252044
14229	8326	619	58	310	10252054
14246	8326	625	58	310	10252064
14271	8335	634	58	310	10252074
14299	8335	640	58	310	10252084
14329	8335	646	58	310	10252094
14359	8327	646	58	308	10252104
14382	8318	646	58	308	10252114
14396	8304	646	59	307	10252124
14396	8287	643	59	307	10252134
14396	8265	639	59	307	10252144
14379	8238	627	59	307	10252154
14353	8208	602	58	308	10252164
14317	8175	561	58	308	10252174
14277	8141	498	58	310	10252184
14237	8108	417	58	311	10252194
14205	8081	105	58	311	10252214
5
14248	7926	548	58	312	10252321
14267	7870	555	57	314	10252331
14274	7854	638	57	314	10252341
14274	7845	765	57.25	314.25	10252381
14267	7845	511	58	315.2	10252430
28
14669	8372	381	54	313	10252581
14646	8396	385	54	311	10252591
14640	8406	434	54	311	10252601
14640	8415	465	54	311	10252611
14640	8424	476	54	310	10252621
14652	8424	488	53	309	10252631
14669	8433	501	54	308	10252641
14690	8433	510	54	308	10252651
14715	8443	521	55	307	10252661
14742	8451	525	55	307	10252671
14768	8458	526	56	306	10252680
14793	8466	530	56	307	10252690
14818	8466	540	56	307	10252700
14838	8473	543	56	307	10252710
14855	8473	546	56	307	10252720
14867	8462	552	56	307	10252730
14874	8448	556	56	307	10252740
14874	8426	574	56	307	10252750
14874	8396	580	56	307	10252760
14858	8361	583	56	307	10252770
14836	8325	587	56	307	10252780
14804	8293	585	56	307	10252790
14761	8262	583	56	307	10252800
14715	8233	580	57	308	10252810
14671	8208	581	57	308	10252820
14636	8186	562	57	308	10252830
14611	8167	506	57	308	10252840
14599	8155	170	57	308	10252860
13
14763	8023	514	56	311	10252977
14754	7967	530	56	311	10252987
14741	7948	617	56	311	10252997
14722	7934	664	56	311	10253007
14707	7925	671	56	311	10253017
14694	7914	675	56	311	10253027
14685	7904	675	57	312	10253037
14685	7898	671	57	312	10253047
14685	7890	667	57	313	10253067
14685	7880	651	57	314	10253077
14696	7880	599	57	314	10253097
14702	7880	449	57	314	10253107
14702	7890	3	58	315	10253127
25
15146	8341	407	53	307	10253273
15123	8356	427	53	307	10253283
15107	8364	462	53	307	10253293
15089	8372	527	53	307	10253303
15068	8382	537	53	307	10253313
15059	8389	536	54	308	10253333
15059	8396	531	54.5	308.5	10253353
15075	8409	530	55	309	10253363
15096	8419	530	55	310	10253373
15121	8430	534	55	310	10253383
15150	8440	542	55	310	10253393
15179	8440	550	55	310	10253403
15208	8440	551	55	310	10253413
15233	8440	553	55	310	10253423
15254	8426	556	55	310	10253433
15268	8407	560	55	310	10253443
15268	8382	567	55	310	10253453
15268	8350	574	55	310	10253463
15255	8314	576	55	310	10253473
15228	8278	580	55	310	10253483
15195	8245	582	55	310	10253493
15155	8214	577	55	310	10253502
15115	8187	550	55	310	10253512
15081	8163	460	56	311	10253522
15056	8143	137	56	311	10253542
13
15081	8014	392	57	312	10253621
15081	7972	488	57	312	10253631
15081	7956	646	57	314	10253641
15081	7942	751	57	314	10253651
15081	7933	816	57	314	10253661
15081	7923	874	57	314	10253671
15081	7912	920	57	314	10253681
15081	7903	953	57	314	10253691
15089	7894	966	57	314	10253701
15089	7888	987	58.3333	313	10253761
15089	7881	946	59	312	10253811
15096	7881	633	59	312	10253821
15096	7890	16	59	312	10253841
48
10437	6368	97	50	313	10254741
10445	6368	153	50	313	10254751
10455	6361	280	51	313	10254771
10463	6361	359	52.5714	312	10254841
10463	6355	385	54	311	10254851
10470	6355	531	54	313	10255101
10470	6364	644	54	313	10255131
10470	6371	653	54	313	10255220
10470	6364	667	54	313	10256200
10476	6364	698	54	313	10256290
10476	6373	705	54	313	10256300
10476	6385	704	54	313	10256310
10476	6402	703	54	313	10256320
10468	6425	701	54	313	10256330
10458	6449	693	54	313	10256340
10443	6468	687	54	313	10256350
10425	6483	682	54	313	10256360
10400	6483	675	54	313	10256370
10372	6483	670	54	313	10256380
10343	6469	668	54	313	10256390
10312	6441	667	54	313	10256400
10287	6409	666	54	313	10256410
10266	6374	666	54	313	10256420
10249	6342	666	54	313	10256430
10242	6314	663	54	311	10256440
10242	6291	660	53	313	10256450
10242	6272	660	53	313	10256460
10263	6257	659	52	314	10256470
10289	6245	660	53	315	10256480
10325	6232	661	53	315	10256490
10370	6220	664	53	315	10256500
10417	6205	666	53	315	10256510
10458	6187	666	53	315	10256520
10490	6166	668	53	315	10256530
10512	6144	669	53	315	10256540
10522	6119	673	53	315	10256550
10522	6094	678	53	315	10256560
10522	6067	687	53	315	10256570
10502	6039	689	54	315	10256580
10480	6011	690	54	315	10256590
10449	5984	693	55	314	10256600
10411	5962	693	55	314	10256610
10371	5946	688	55	314	10256620
10333	5937	666	55	314	10256630
10300	5937	625	55	314	10256640
10278	5937	548	55	314	10256650
10268	5947	370	54	315	10256660
10268	5963	42	54	315.5	10256680
37
10631	6223	41	54	316	10256745
10658	6243	253	54	316	10256755
10658	6251	444	54	316	10256775
10658	6259	588	53	315	10256805
10658	6248	628	53	315	10256815
10658	6234	664	53	315	10256825
10658	6207	679	53	315	10256835
10658	6170	694	53	315	10256845
10658	6125	697	54	314	10256855
10658	6080	703	54	314	10256865
10658	6044	704	54	313	10256875
10658	6016	708	54	313	10256885
10658	5999	709	54	313	10256895
10658	5991	715	54	313	10256925
10658	6002	708	54	313	10256935
10650	6018	697	54	313	10256945
10650	6043	685	54	313	10256955
10643	6076	675	54	313	10256965
10643	6116	668	54	313	10256975
10659	6161	665	54	313	10256985
10673	6205	663	54	313	10256995
10693	6245	665	54	313	10257005
10710	6277	666	54	314	10257015
10726	6298	667	54	314	10257025
10742	6308	667	53	315	10257035
10754	6308	666	53	315	10257045
10765	6300	670	53	315	10257055
10776	6283	672	54	314	10257065
10787	6255	678	54	314	10257075
10802	6220	682	54	313	10257085
10816	6179	684	54	313	10257095
10830	6139	688	54	313	10257105
10840	6099	694	54	313	10257115
10840	6067	695	54	313	10257125
10849	6040	694	54	313	10257135
10849	6021	677	54	313	10257145
10849	6012	337	54	313	10257195
9
10680	6093	416	53	315	10257273
10633	6077	477	53	315	10257283
10621	6077	568	53	315	10257303
10621	6093	576	53	315	10257313
10635	6093	579	53	315	10257323
10661	6093	571	52	314	10257333
10699	6103	530	52	314	10257343
10750	6110	428	52	314	10257353
10809	6118	93	52	314	10257373
58
11080	6185	396	52	313	10257469
11066	6185	421	52	313	10257479
11053	6197	497	52	313	10257489
11040	6205	537	52	313	10257499
11032	6205	543	52	313	10257509
11032	6212	551	52	313	10257529
11032	6193	575	52	311	10257539
11041	6167	596	52	311	10257549
11041	6133	604	54	311	10257559
11050	6089	620	54	311	10257569
11050	6043	626	54	311	10257579
11050	6003	628	54	311	10257589
11050	5967	627	54	311	10257599
11050	5943	623	54	313	10257609
11050	5931	614	54	313	10257639
11050	5943	580	54	313	10257649
11050	5963	566	54	314	10257659
11050	5992	541	54	314	10257669
11050	6027	521	53	315	10257679
11050	6064	519	53	315	10257689
11062	6106	522	53	315	10257699
11077	6149	522	53	315	10257709
11098	6188	525	53	315	10257719
11118	6218	528	53	315	10257729
11137	6234	536	53	315	10257739
11151	6234	548	53	315	10257749
11163	6226	564	53	315	10257759
11173	6208	581	53	315	10257769
11183	6182	597	53	315	10257779
11192	6151	612	53	315	10257789
11203	6120	620	53	315	10257799
11212	6090	641	52	314	10257809
11219	6064	641	52	314	10257819
11219	6044	645	52	314	10257829
11225	6028	644	52	314	10257839
11225	6019	647	52	314	10257859
11225	6013	653	52	314	10257879
11225	6028	641	52	314	10257889
11225	6043	628	52	314	10257899
11225	6068	624	52	314	10257909
11237	6098	622	52	314	10257919
11250	6133	623	52	314	10257929
11270	6170	622	52	314	10257939
11295	6206	621	53	313	10257949
11325	6238	622	53	313	10257959
11350	6259	623	54	311	10257969
11372	6272	625	54	311	10257979
11390	6272	628	54	311	10257989
11401	6272	630	54	311	10257999
11412	6255	643	54	311	10258009
11412	6231	651	54	311	10258019
11419	6198	661	54	311	10258029
11419	6159	667	54	311	10258039
11419	6118	670	54	310	10258049
11419	6076	671	54	310	10258059
11419	6041	670	55	309	10258069
11419	6015	650	55	309	10258079
11419	5999	338	55	309	10258109
26
11908	6332	355	48	306	10258301
11851	6324	395	48	306	10258311
11813	6324	512	48	306	10258321
11788	6324	533	49	306	10258331
11766	6324	549	49	306	10258341
11752	6324	555	50	306	10258351
11745	6324	568	51.5	307.5	10258371
11753	6330	587	52	308	10258381
11769	6330	595	52	309	10258391
11794	6340	605	52	309	10258401
11824	6347	614	53	310	10258411
11856	6356	620	53	310	10258421
11884	6356	625	54	311	10258431
11909	6356	627	54	311	10258441
11928	6356	630	54	311	10258451
11947	6343	627	54	311	10258461
11964	6328	628	54	311	10258471
11976	6310	626	54	311	10258481
11985	6286	631	54	311	10258491
11985	6261	636	54	311	10258501
11976	6234	637	54	311	10258511
11954	6202	630	54	311	10258521
11920	6170	605	54	311	10258531
11880	6136	534	54	311	10258541
11846	6106	422	54	311	10258551
11820	6081	84	54	311	10258571
7
11787	5951	329	54	311	10258641
11787	5911	473	54	313	10258651
11787	5897	700	54	313	10258681
11787	5885	836	54	313	10258691
11787	5878	875	54	313	10258701
11787	5872	961	54.6667	311.133	10258851
11794	5872	444	55	310	10258881
31
12169	6328	337	52	308	10259017
12169	6342	388	51	307	10259027
12159	6342	494	51	307	10259037
12159	6354	541	51	307	10259047
12150	6354	556	51	307	10259057
12150	6361	563	51.5	307.5	10259077
12157	6361	575	52	308	10259087
12169	6370	588	52	308	10259097
12185	6370	596	52	309	10259107
12210	6379	603	52	309	10259117
12239	6379	608	53	310	10259127
12271	6379	612	53	310	10259137
12305	6379	614	54	311	10259147
12333	6379	620	54	311	10259157
12353	6379	618	54	311	10259167
12364	6364	619	54	311	10259177
12364	6348	629	54	310	10259187
12355	6324	637	54	310	10259197
12332	6292	645	55	309	10259207
12300	6252	652	55	309	10259217
12263	6209	665	55	309	10259227
12229	6171	675	55	309	10259237
12200	6136	676	55	309	10259247
12182	6110	674	55	309	10259257
12172	6093	667	55	309	10259267
12172	6080	662	55	309	10259277
12172	6073	638	55	309	10259287
12172	6063	613	54	310	10259297
12182	6055	565	54	310	10259307
12191	6046	460	54	311	10259317
12199	6037	110	54	311	10259337
7
12225	5986	372	54	311	10259405
12203	5934	502	54	311	10259415
12195	5920	623	54	311	10259425
12195	5909	694	54	311	10259435
12187	5916	763	54	311	10259455
12187	5909	728	54	311.667	10259515
12195	5909	132	54	313	10259535
31
12675	6328	333	51	310	10259673
12658	6361	350	51	310	10259683
12648	6374	420	50	308	10259693
12638	6386	448	50	308	10259703
12628	6396	472	51	307	10259713
12620	6403	478	51	307	10259723
12614	6403	484	51	307	10259733
12614	6410	489	52	307.333	10259763
12630	6420	491	53	307	10259773
12649	6427	490	53	307	10259783
12675	6434	491	53	307	10259793
12705	6442	492	53	307	10259803
12736	6442	493	53	307	10259813
12765	6442	493	53	307	10259823
12791	6442	492	53	307	10259833
12810	6442	490	53	307	10259843
12825	6430	490	53	307	10259853
12825	6415	491	53	307	10259863
12825	6391	496	53	307	10259873
12812	6361	505	53	307	10259883
12788	6328	517	53	307	10259893
12756	6290	533	53	307	10259903
12721	6253	540	53	307	10259913
12688	6219	544	53	307	10259923
12659	6188	544	53	307	10259933
12635	6161	544	54	308	10259943
12618	6138	538	54	308	10259953
12607	6119	509	54	308	10259963
12600	6104	437	54	308	10259973
12600	6092	267	54	308	10259983
12600	6069	10	54	308	10260003
8
12658	5998	356	54	311	10260069
12656	5966	485	54	311	10260079
12646	5951	585	54	311	10260089
12638	5939	652	54	311	10260099
12624	5928	695	54	311	10260109
12624	5921	712	54	311	10260119
12624	5914	725	54	310.5	10260159
12624	5908	362	55	309	10260209
27
13089	6398	372	51	307	10260345
13089	6418	381	51	306	10260355
13075	6418	431	51	306	10260365
13061	6429	468	51	303	10260375
13050	6429	470	51	303	10260385
13043	6436	494	51.25	303.25	10260425
13051	6436	526	52	304	10260435
13064	6436	528	52	304	10260445
13083	6448	529	52	304	10260455
13107	6456	530	52	304	10260465
13135	6463	533	52	304	10260475
13165	6463	534	52	304	10260485
13193	6463	536	52	304	10260495
13220	6463	537	52	304	10260505
13241	6463	533	52	304	10260515
13255	6443	533	52	304	10260525
13262	6423	537	52	304	10260535
13262	6398	534	52	304	10260545
13251	6368	532	52	304	10260555
13233	6336	528	53	305	10260565
13208	6304	515	53	305	10260575
13176	6273	491	53	305	10260585
13140	6244	458	53	305	10260595
13104	6214	398	53	305	10260605
13072	6187	319	53	305	10260615
13049	6163	206	53	307	10260625
13032	6144	41	53	307	10260645
11
13006	6074	102	54	308	10260693
12999	6046	287	54	308	10260703
12989	6027	390	54	308	10260713
12989	6011	519	54	308	10260723
12989	5997	634	54	308	10260733
12989	5987	750	54	308	10260743
12989	5979	851	54	308	10260753
12989	5972	912	54	308	10260763
12995	5972	962	55	309	10260773
12995	5964	1003	55	309	10260793
12995	5957	846	55.8667	304.533	10260943
59
10397	4484	376	47	341	10264045
10388	4507	382	47	338	10264055
10376	4520	447	48	338	10264065
10363	4534	484	49	337	10264075
10356	4546	525	49	335	10264085
10356	4562	563	50	334	10264095
10350	4577	570	51	332	10264105
10350	4591	574	51	331	10264115
10341	4607	578	51	330	10264125
10332	4621	583	52	329	10264135
10317	4634	589	52	327	10264145
10296	4644	587	53	326	10264155
10271	4644	591	53	323	10264165
10240	4644	594	53	323	10264175
10208	4619	592	54	322	10264185
10179	4592	595	54	320	10264195
10158	4557	593	54	320	10264205
10149	4521	593	54	320	10264215
10149	4485	591	54	320	10264225
10163	4451	591	54	322	10264235
10188	4421	592	54	322	10264245
10226	4391	592	54	322	10264255
10271	4364	591	54	322	10264265
10317	4333	591	54	324	10264275
10353	4307	592	54	324	10264285
10375	4283	595	54	324	10264295
10381	4262	598	55	325	10264305
10371	4245	598	55	325	10264315
10349	4225	599	55	325	10264325
10319	4208	599	55	326	10264335
10286	4194	598	55	326	10264345
10258	4185	594	55	326	10264355
10236	4185	587	56	328	10264365
10222	4185	549	56	328	10264375
10222	4195	512	56	328	10264385
10222	4214	439	56	328	10264395
10236	4241	359	56	328	10264405
10266	4277	291	56	328	10264415
10306	4322	281	56	327	10264425
10352	4371	280	56	327	10264435
10396	4424	290	57	324	10264445
10436	4478	311	57	324	10264455
10466	4526	363	57	324	10264465
10487	4566	412	57	324	10264475
10501	4594	493	56	323	10264485
10509	4611	553	56	323	10264495
10509	4620	607	55.6	320.6	10264545
10509	4600	619	55	319	10264555
10509	4572	621	55	319	10264565
10520	4529	626	55	319	10264575
10531	4477	633	54	317	10264585
10543	4424	636	54	317	10264595
10553	4375	641	54	317	10264605
10560	4331	642	55	319	10264615
10560	4296	644	55	319	10264625
10560	4269	645	55	319	10264635
10560	4249	647	55	320	10264645
10551	4239	632	55	320	10264675
10551	4248	239	56	321	10264695
15
10785	4645	489	53	321	10264809
10793	4653	502	53	321	10264819
10780	4653	533	53	321	10264829
10767	4663	568	53	320	10264839
10743	4663	588	53	320	10264849
10743	4647	597	53	320	10264859
10743	4616	601	53	317	10264869
10743	4566	612	53	317	10264879
10755	4503	618	54	317	10264889
10765	4439	614	54	317	10264899
10773	4379	617	54	317	10264909
10781	4330	621	54	317	10264919
10781	4294	602	54	317	10264929
10781	4268	551	54	317	10264939
10781	4254	145	55.3333	317.333	10264969
9
10650	4357	381	56	321	10265049
10596	4357	403	56	321	10265059
10575	4357	466	56	321	10265069
10559	4365	484	56	321	10265079
10551	4365	485	56	321	10265089
10560	4365	484	56	321	10265099
10583	4372	476	56	321	10265109
10622	4379	402	56	321	10265119
10677	4390	109	56	321	10265139
25
10991	4489	418	55	320	10265245
10977	4489	543	55	319	10265255
10967	4489	552	55	319	10265265
10958	4472	558	55	319	10265275
10948	4450	565	55	319	10265285
10938	4419	568	55	319	10265295
10938	4384	572	55	319	10265305
10938	4351	569	55	319	10265315
10938	4323	572	55	320	10265325
10956	4301	572	55	320	10265335
10974	4286	576	55	320	10265345
10997	4278	578	55	320	10265355
11024	4278	579	55	320	10265365
11052	4278	579	56	321	10265375
11078	4297	583	56	321	10265385
11102	4315	582	56	321	10265395
11121	4337	579	56	320	10265405
11136	4365	579	56	320	10265415
11143	4397	570	57	319	10265425
11143	4436	566	57	319	10265435
11129	4473	554	57	319	10265445
11108	4505	544	57	319	10265455
11082	4529	522	57	319	10265465
11053	4539	481	57	318	10265475
11025	4539	182	57	318	10265495
14
11337	4484	501	54	316	10265613
11390	4499	529	54	316	10265623
11398	4506	646	54	316	10265633
11398	4514	678	54	315	10265643
11386	4522	700	54.5	314.5	10265663
11377	4522	698	54.5	313.5	10265683
11377	4499	698	55	314	10265693
11384	4469	697	55	314	10265703
11384	4430	690	55	314	10265713
11397	4389	688	55	315	10265723
11397	4351	672	55	315	10265733
11406	4320	657	55	315	10265743
11406	4297	620	55	315	10265753
11406	4282	224	56	316	10265793
34
11355	4441	301	57	318	10265853
11320	4500	358	57	318	10265863
11302	4527	470	57	318	10265873
11287	4550	533	57	318	10265883
11278	4569	558	56	316	10265893
11278	4582	564	56	316	10265903
11292	4594	564	56	316	10265913
11316	4603	565	56	316	10265923
11352	4610	576	55	315	10265933
11395	4610	597	55	315	10265943
11442	4610	605	55	315	10265953
11485	4610	613	55	314	10265963
11520	4600	618	55	314	10265973
11544	4586	621	55	314	10265983
11556	4568	620	55	312	10265993
11556	4544	620	55	311	10266003
11546	4517	622	55	310	10266013
11526	4487	617	55	310	10266023
11497	4457	613	55	310	10266033
11466	4433	613	56	311	10266043
11435	4412	614	56	311	10266053
11411	4397	612	56	311	10266063
11400	4387	613	56	311	10266073
11400	4379	617	57	312	10266093
11419	4368	625	57	312	10266103
11440	4361	629	57	312	10266113
11466	4352	636	57	314	10266123
11497	4342	642	57	314	10266133
11532	4330	645	57	314	10266143
11568	4316	645	57	314	10266153
11601	4301	643	57	314	10266163
11628	4287	643	58	315	10266173
11647	4275	620	58	315	10266183
11657	4266	335	58	315	10266213
15
11867	4502	429	55	314	10266317
11883	4527	542	54	313	10266327
11883	4533	587	54	313	10266337
11876	4533	647	54	313	10266347
11869	4533	665	54	311	10266367
11869	4511	678	54	310	10266377
11869	4480	684	54	310	10266387
11879	4439	683	55	309	10266397
11879	4395	682	55	309	10266407
11887	4353	680	55	310	10266417
11887	4317	660	55	310	10266427
11887	4286	630	55	310	10266437
11877	4264	561	56	311	10266447
11877	4251	437	56	311	10266457
11869	4251	30	57	312	10266477
12
11790	4445	417	57	312	10266557
11781	4495	437	56	314	10266567
11770	4514	490	56	314	10266577
11760	4534	542	55	315	10266587
11744	4547	550	55	314	10266597
11754	4560	560	55	314	10266607
11780	4574	563	55	314	10266617
11824	4585	565	55	314	10266627
11883	4597	561	54	313	10266637
11948	4608	520	54	313	10266647
12010	4618	398	54	313	10266657
12063	4629	4	54	310	10266677
34
13020	4640	274	52	314	10266873
12996	4609	288	52	314	10266883
12984	4609	375	52	314	10266893
12975	4609	423	52	314	10266903
12964	4617	441	52	314	10266913
12964	4631	468	52	314	10266923
12964	4648	480	53	315	10266933
12964	4666	498	53	315	10266943
12958	4684	505	53	315	10266953
12943	4700	505	53	315	10266963
12919	4709	506	53	315	10266973
12891	4709	505	53	315	10266983
12860	4709	505	53	315	10266993
12831	4688	504	53	315	10267003
12806	4662	505	53	315	10267013
12787	4631	505	53	315	10267023
12780	4601	505	53	315	10267033
12780	4569	507	53	315	10267043
12801	4542	506	53	315	10267053
12827	4515	509	53	315	10267063
12861	4490	513	53	315	10267073
12897	4467	513	54	316	10267083
12931	4447	515	54	316	10267093
12957	4429	515	54	316	10267103
12971	4413	525	54	316	10267113
12971	4399	531	54	316	10267123
12960	4383	536	54	317	10267133
12936	4367	533	54	317	10267143
12903	4354	529	54	317	10267153
12867	4345	515	54	317	10267163
12834	4345	483	55	319	10267173
12806	4345	436	55	319	10267183
12786	4345	320	55	319	10267193
12776	4360	44	55	319	10267213
34
13142	4640	318	54	317	10267301
13161	4649	436	54	316	10267321
13155	4655	598	53.6667	315.667	10267351
13155	4648	628	53	315	10267361
13155	4631	637	53	315	10267371
13155	4602	638	52	314	10267381
13161	4560	640	52	314	10267391
13161	4509	642	52	314	10267401
13169	4460	644	52	314	10267411
13169	4421	645	52	314	10267421
13169	4393	646	53	315	10267431
13169	4379	652	54	314	10267451
13162	4372	653	54.5	313.5	10267471
13153	4388	646	55	314	10267481
13153	4406	638	55	314	10267491
13144	4431	630	55	314	10267501
13144	4462	626	55	314	10267511
13144	4499	622	55	314	10267521
13156	4539	626	55	314	10267531
13174	4580	625	55	314	10267541
13200	4619	627	55	314	10267551
13230	4651	628	55	314	10267561
13263	4675	629	55	314	10267571
13293	4688	630	55	314	10267581
13317	4688	630	55	314	10267591
13334	4688	629	55	314	10267601
13348	4673	634	54	313	10267611
13358	4650	637	54	313	10267621
13366	4619	636	54	313	10267631
13366	4574	629	54	311	10267641
13366	4525	613	54	311	10267651
13366	4476	560	54	311	10267661
13366	4433	444	54	311	10267671
13366	4400	104	54	313	10267691
9
13198	4480	429	51	315	10267817
13127	4462	421	51	315	10267827
13102	4462	425	51	315	10267837
13089	4462	430	51	315	10267857
13120	4462	434	51	316	10267867
13166	4462	433	52	315	10267877
13230	4470	433	52	315	10267887
13305	4478	376	53	315	10267897
13380	4488	96	53	315	10267917
57
13710	4608	244	54	311	10268065
13695	4602	252	54	311	10268075
13687	4602	322	54	311	10268085
13680	4594	398	54	311	10268095
13666	4594	446	54	311	10268105
13666	4577	494	54	311	10268115
13666	4558	528	54	311	10268125
13666	4526	551	54	311	10268135
13666	4489	570	54	311	10268145
13658	4449	579	54	311	10268155
13650	4409	592	54	311	10268165
13644	4379	599	54	311	10268175
13637	4355	605	54	313	10268185
13630	4339	611	54	313	10268195
13630	4332	611	54	313	10268205
13623	4332	617	54	313	10268225
13623	4346	621	54	313	10268235
13623	4366	615	55	314	10268245
13631	4395	613	55	314	10268255
13640	4433	613	55	314	10268265
13653	4477	595	55	314	10268275
13669	4522	597	55	314	10268285
13693	4566	603	55	314	10268295
13717	4603	597	55	314	10268305
13742	4627	598	55	314	10268315
13764	4640	603	55	314	10268325
13779	4640	606	54	313	10268335
13789	4631	618	54	313	10268345
13797	4612	624	54	313	10268355
13803	4588	627	54	313	10268365
13803	4559	629	54	313	10268375
13814	4527	633	54	311	10268385
13814	4496	633	54	311	10268395
13820	4469	633	54	311	10268405
13820	4449	634	54	311	10268415
13820	4436	634	54	311	10268425
13820	4428	629	54	312	10268465
13827	4445	613	54	313	10268475
13827	4464	607	54	313	10268485
13839	4491	603	54	313	10268495
13853	4525	598	54	313	10268505
13873	4559	598	54	313	10268515
13899	4595	599	54	313	10268525
13927	4627	598	54	313	10268535
13957	4653	597	54	313	10268545
13984	4670	601	54	313	10268555
14007	4678	604	54	313	10268565
14023	4678	611	54	313	10268575
14032	4662	619	54	313	10268585
14032	4639	619	54	313	10268595
14032	4610	621	54	311	10268605
14032	4574	623	54	311	10268615
14032	4536	627	54	311	10268625
14032	4498	626	54	311	10268635
14032	4463	622	54	311	10268645
14039	4434	575	54	311	10268655
14039	4413	211	54	310	10268675
22
14444	4727	372	53	309	10268829
14401	4738	377	54	308	10268839
14383	4738	410	54	308	10268849
14368	4752	449	53	307	10268859
14361	4752	470	53	307	10268869
14361	4758	497	54	308	10268899
14370	4758	534	54	308	10268909
14382	4758	545	53	307	10268919
14400	4768	557	54	305	10268929
14427	4768	566	54	305	10268939
14456	4778	568	54	304	10268949
14486	4778	569	54	304	10268959
14507	4778	569	54	304	10268969
14521	4769	570	54	304	10268979
14521	4756	568	54	304	10268989
14521	4736	567	54	304	10268999
14508	4708	565	54	304	10269009
14488	4676	555	54	304	10269019
14461	4641	548	54	304	10269029
14431	4607	514	54	304	10269039
14401	4576	422	54	304	10269049
14374	4547	110	54	304	10269069
8
14372	4442	227	55	309	10269133
14379	4422	305	55	309	10269143
14379	4411	432	55	309	10269153
14379	4402	537	55	309	10269163
14379	4394	594	55	309	10269173
14379	4386	615	55	310	10269193
14379	4376	592	55	310	10269213
14379	4369	178	55	310	10269243
26
14770	4758	359	53	307	10269413
14735	4768	365	53	307	10269423
14719	4777	406	53	307	10269433
14708	4777	435	53	307	10269443
14708	4784	460	54	304.667	10269473
14721	4784	501	54	304	10269483
14735	4784	514	54	304	10269493
14757	4793	532	54	304	10269503
14783	4793	545	54	304	10269513
14815	4803	556	54	304	10269523
14848	4803	564	53	303	10269533
14879	4803	566	53	303	10269543
14904	4803	567	53	303	10269553
14921	4795	566	53	303	10269563
14929	4783	569	53	303	10269573
14929	4765	570	54	304	10269583
14918	4743	572	54	304	10269593
14900	4715	570	54	304	10269603
14872	4685	569	54	304	10269613
14836	4656	569	54	304	10269623
14797	4625	570	54	304	10269633
14760	4596	568	54	304	10269643
14730	4569	566	54	304	10269653
14711	4545	537	54	304	10269663
14701	4527	460	54	304	10269673
14701	4512	127	54	304	10269693
9
14788	4384	384	55	305	10269769
14788	4353	449	56	306	10269779
14774	4345	576	56	306	10269789
14761	4345	650	56	306	10269799
14754	4335	665	56	306	10269819
14745	4335	667	56	307	10269829
14745	4328	623	56	307	10269859
14754	4328	477	56	307	10269869
14764	4337	71	56	307	10269889
25
15106	4767	399	56	302	10270017
15091	4793	402	55	301	10270027
15081	4803	429	55	301	10270037
15075	4814	465	55	301	10270047
15075	4821	471	55	301	10270057
15087	4821	476	54	300	10270067
15105	4829	483	54	300	10270077
15130	4829	490	54	300	10270087
15163	4829	493	54	300	10270097
15196	4837	497	54	300	10270107
15229	4837	498	54	300	10270117
15255	4837	502	54	300	10270127
15273	4830	501	54	300	10270137
15285	4822	502	54	300	10270147
15285	4811	504	54	300	10270157
15285	4794	504	54	300	10270167
15270	4774	505	54	300	10270177
15249	4748	506	54	300	10270187
15220	4721	505	54	300	10270197
15184	4693	505	54	300	10270207
15145	4664	505	54	300	10270217
15108	4635	497	54	300	10270227
15079	4608	486	54	300	10270237
15058	4585	440	54	300	10270247
15046	4565	145	54	300	10270267
9
15115	4409	330	55	301	10270353
15093	4373	410	55	301	10270363
15079	4362	514	55	301	10270373
15064	4355	597	56	302	10270383
15051	4355	668	56	302	10270393
15045	4347	682	56	302	10270413
15037	4347	683	56	302	10270423
15037	4339	642	56	303	10270463
15045	4339	208	56	303	10270483
24
15502	4760	285	53	303	10270633
15502	4787	306	53	303	10270643
15502	4799	371	53	303	10270653
15502	4810	429	53	303	10270663
15502	4816	444	53	303	10270673
15510	4816	462	53.3333	302.667	10270703
15521	4816	468	54	302	10270713
15531	4816	468	54	300	10270723
15546	4816	468	54	300	10270733
15566	4816	469	54	300	10270743
15585	4816	468	54	300	10270753
15606	4816	469	53	299	10270763
15626	4816	469	53	299	10270773
15644	4816	469	53	299	10270783
15659	4809	469	53	299	10270793
15667	4797	470	53	299	10270803
15667	4779	471	54	300	10270813
15660	4755	472	54	300	10270823
15642	4729	473	54	300	10270833
15615	4698	471	54	300	10270843
15579	4667	468	54	300	10270853
15541	4634	431	54	300	10270863
15505	4604	350	54	300	10270873
15473	4576	86	54	300	10270893
9
15459	4395	282	55	301	10270989
15440	4364	366	56	302	10270999
15432	4353	495	56	302	10271009
15424	4345	567	56	302	10271019
15424	4337	619	56	302	10271029
15424	4331	642	56	302	10271039
15418	4331	653	56	302	10271049
15418	4320	658	56	302.667	10271079
15418	4312	421	56	303	10271129
24
15945	4788	393	53	299	10271277
15945	4817	403	53	299	10271287
15945	4829	466	53	299	10271297
15930	4839	521	53	298	10271307
15922	4845	571	53.6667	297.333	10271337
15922	4852	594	54	297	10271357
15932	4852	596	54	297	10271367
15947	4860	597	54	297	10271377
15966	4860	596	54	297	10271387
15989	4868	597	54	297	10271397
16009	4868	597	54	297	10271407
16030	4868	598	54	297	10271417
16049	4868	600	54	297	10271427
16065	4858	599	54	297	10271437
16076	4847	601	54	297	10271447
16076	4829	601	54	297	10271457
16076	4808	603	54	297	10271467
16059	4784	601	54	297	10271477
16035	4756	592	54	297	10271487
16004	4729	569	54	297	10271497
15969	4702	524	54	297	10271507
15937	4675	440	54	297	10271517
15909	4650	316	54	297	10271527
15888	4628	20	54	297	10271547
8
15836	4462	405	54	300	10271633
15822	4424	457	55	301	10271643
15814	4413	587	55	301	10271653
15808	4407	724	55	301	10271673
15808	4396	779	55	301	10271693
15808	4388	795	55	301	10271713
15808	4381	804	55.6667	301.667	10271743
15808	4373	563	56	302	10271783
36
10425	2834	267	47	343	10276649
10441	2869	326	48	342	10276659
10449	2884	404	48	339	10276669
10449	2903	498	50	336	10276679
10439	2917	541	50	334	10276689
10439	2928	575	51	332	10276699
10439	2939	596	51	328	10276709
10439	2953	606	52	326	10276719
10427	2967	608	52	323	10276729
10418	2984	613	53	322	10276739
10401	3002	610	52	321	10276749
10376	3014	612	53	320	10276759
10345	3014	607	53	320	10276769
10309	3014	604	53	320	10276779
10275	2989	599	53	320	10276789
10247	2958	595	53	320	10276799
10227	2921	596	53	320	10276809
10217	2880	599	53	320	10276819
10217	2841	589	53	320	10276829
10236	2806	596	53	320	10276839
10269	2775	603	53	320	10276849
10314	2747	606	53	320	10276859
10366	2720	614	53	320	10276869
10416	2692	621	53	320	10276879
10455	2664	645	53	320	10276889
10479	2636	671	53	320	10276899
10489	2610	680	53	320	10276909
10489	2581	686	53	320	10276919
10478	2552	693	53	320	10276929
10461	2524	689	53	321	10276939
10439	2496	680	53	321	10276949
10411	2477	651	53	321	10276959
10380	2466	606	54	322	10276969
10349	2466	529	54	322	10276979
10323	2466	405	54	322	10276989
10309	2476	37	54	322	10277009
15
10635	2879	234	53	326	10277073
10708	2956	344	53	326	10277083
10720	2977	464	53	326	10277093
10720	2989	599	53	325	10277123
10720	2962	679	52	323	10277133
10720	2926	701	52	323	10277143
10720	2878	730	52	323	10277153
10720	2818	731	52	323	10277163
10720	2753	729	52	322	10277173
10720	2690	727	52	322	10277183
10720	2630	712	52	322	10277193
10726	2575	666	52	322	10277203
10726	2530	574	52	323	10277213
10738	2499	441	52	323	10277223
10749	2485	80	52	323	10277243
13
10872	2787	276	52	323	10277313
10881	2854	383	52	323	10277323
10888	2872	509	52	323	10277333
10888	2880	606	52	323	10277353
10880	2872	671	52	323	10277363
10880	2854	700	52	323	10277373
10880	2827	716	52	323	10277383
10873	2791	720	52	323	10277393
10873	2748	707	52	322	10277403
10873	2703	678	52	322	10277413
10873	2658	611	52	322	10277423
10881	2617	515	52	322	10277433
10891	2583	129	52	322	10277453
10
10742	2677	397	52	323	10277529
10687	2698	423	52	323	10277539
10674	2704	488	52	323	10277549
10674	2712	501	52	323	10277559
10674	2718	509	52	323	10277569
10701	2718	509	52	323	10277579
10740	2725	504	52	323	10277589
10797	2725	448	52	323	10277599
10866	2734	330	52	323	10277609
10940	2743	0	52	323	10277629
23
11175	2822	325	52	323	10277677
11190	2844	392	52	323	10277687
11190	2852	522	52	323	10277697
11180	2859	626	53	322	10277707
11168	2859	659	53	322	10277717
11156	2859	661	53	321	10277727
11141	2840	668	53	321	10277737
11127	2814	660	53	320	10277747
11114	2776	641	53	320	10277757
11114	2734	625	53	320	10277767
11114	2693	612	53	320	10277777
11132	2658	597	53	320	10277787
11159	2632	594	53	320	10277797
11191	2614	581	53	320	10277807
11220	2606	576	53	321	10277817
11246	2606	575	53	321	10277827
11263	2617	571	53	321	10277837
11270	2637	569	53	321	10277847
11270	2665	550	53	321	10277857
11261	2702	527	53	321	10277867
11240	2746	471	53	321	10277877
11216	2792	393	53	321	10277887
11188	2833	143	53	321	10277907
13
11506	2803	640	52	322	10278045
11489	2812	665	52	322	10278055
11472	2825	730	52	322	10278065
11448	2841	772	52	322	10278075
11438	2849	776	52	322	10278105
11438	2839	778	52	322	10278115
11445	2814	772	52	322	10278125
11454	2777	758	52	320	10278135
11463	2731	743	52	320	10278145
11470	2683	705	52	319	10278155
11470	2637	649	52	319	10278165
11477	2597	526	52	319	10278175
11477	2567	149	53	317	10278195
32
11463	2672	203	53	320	10278253
11442	2748	241	53	320	10278263
11435	2781	356	53	320	10278273
11435	2809	409	53	320	10278283
11435	2831	418	53	320	10278293
11444	2847	428	53	320	10278303
11460	2857	441	53	320	10278313
11484	2866	457	53	320	10278323
11519	2866	465	53	320	10278333
11560	2876	472	53	320	10278343
11600	2876	483	53	320	10278353
11632	2865	507	53	320	10278363
11650	2849	534	53	320	10278373
11650	2823	548	53	320	10278383
11643	2793	562	53	320	10278393
11622	2758	566	53	320	10278403
11593	2721	566	52	319	10278413
11562	2689	564	52	319	10278423
11532	2661	565	52	319	10278433
11508	2640	561	52	319	10278443
11494	2626	562	52	319	10278453
11494	2618	564	52	319	10278473
11502	2607	574	52	319	10278483
11520	2600	580	52	319	10278493
11544	2592	588	52	319	10278503
11576	2580	590	52	319	10278513
11610	2567	590	53	320	10278523
11647	2552	589	53	320	10278533
11683	2536	573	53	320	10278543
11712	2523	527	53	320	10278553
11735	2514	406	53	321	10278563
11753	2507	37	53	321	10278583
13
11905	2758	576	54	322	10278681
11911	2774	592	54	322	10278691
11899	2774	661	54	322	10278701
11889	2774	697	54	322	10278711
11880	2774	713	54	322	10278721
11880	2762	715	53	321	10278731
11871	2735	715	53	321	10278741
11871	2698	710	53	321	10278751
11871	2652	691	53	321	10278761
11871	2604	658	53	320	10278771
11881	2562	589	54	319	10278781
11881	2529	488	54	319	10278791
11889	2505	116	55	319	10278811
10
11791	2756	464	54	322	10278897
11772	2799	477	54	322	10278907
11764	2811	528	54	322	10278917
11764	2821	538	54	322	10278927
11764	2830	538	54	322	10278937
11786	2830	531	54	322	10278947
11825	2841	502	53	321	10278957
11881	2841	418	53	321	10278967
11948	2850	266	53	321	10278977
12014	2850	66	53	320	10278997
20
12196	2819	397	54	316	10279069
12183	2804	471	54	316	10279079
12168	2804	582	54	316	10279089
12154	2804	650	54	316	10279099
12146	2804	682	54	316	10279109
12146	2788	721	54	316	10279119
12136	2773	748	54	316	10279129
12136	2744	765	53	315	10279139
12136	2708	765	53	315	10279149
12130	2666	765	53	315	10279159
12130	2621	763	53	315	10279169
12130	2579	754	54	316	10279179
12141	2540	745	54	316	10279189
12157	2510	734	54	316	10279199
12181	2484	714	54	317	10279209
12210	2468	687	54	317	10279219
12242	2468	649	54	317	10279229
12273	2468	550	55	319	10279239
12301	2477	396	55	319	10279249
12322	2497	30	55	319	10279269
28
12248	2615	291	55	320	10279317
12174	2623	418	55	320	10279327
12141	2623	518	55	320	10279337
12117	2623	603	55	320	10279347
12103	2623	637	55	319.333	10279377
12123	2623	640	55	319	10279387
12154	2632	622	54	317	10279397
12197	2632	588	54	317	10279407
12244	2646	533	54	317	10279417
12288	2655	457	54	316	10279427
12321	2667	364	54	316	10279437
12339	2678	259	54	316	10279447
12339	2691	81	54	316	10279457
12321	2704	1	54	316	10279467
12290	2718	36	54	316	10279477
12251	2731	125	54	316	10279487
12208	2743	179	54	316	10279497
12166	2754	334	54	316	10279507
12132	2765	409	54	316	10279517
12107	2775	489	54	316	10279527
12092	2786	526	54	316	10279537
12092	2794	548	54	316	10279547
12092	2802	552	54	316	10279557
12101	2809	556	53	315	10279567
12123	2816	551	53	315	10279577
12158	2816	533	53	315	10279587
12210	2824	470	53	315	10279597
12271	2824	138	53	315	10279617
15
12614	2829	456	53	315	10279701
12577	2814	490	53	315	10279711
12555	2814	581	53	315	10279721
12536	2814	630	53	315	10279731
12524	2814	646	53	315	10279741
12517	2801	658	53	315	10279751
12517	2783	674	53	315	10279761
12517	2752	678	53	315	10279771
12517	2708	680	53	315	10279781
12510	2658	682	53	315	10279791
12510	2604	673	53	315	10279801
12504	2558	651	54	315	10279811
12504	2523	612	54	315	10279821
12496	2498	521	55	314	10279831
12496	2488	163	55	315	10279861
31
12479	2676	215	55	319	10279921
12471	2741	339	55	319	10279931
12471	2764	448	55	319	10279941
12471	2782	536	55	319	10279951
12471	2793	569	55	319	10279961
12480	2801	585	55	319	10279971
12495	2801	597	55	319	10279981
12519	2809	603	54	317	10279991
12555	2809	608	54	317	10280001
12596	2809	611	54	317	10280011
12635	2802	614	54	316	10280021
12668	2791	613	54	316	10280031
12686	2777	618	54	316	10280041
12686	2760	623	53	315	10280051
12686	2740	626	53	315	10280061
12658	2715	627	53	315	10280071
12629	2687	626	53	315	10280081
12598	2660	626	53	315	10280091
12570	2637	623	53	315	10280101
12549	2617	623	53	315	10280111
12537	2603	625	53	315	10280121
12537	2591	630	53	315	10280131
12537	2580	633	53	315	10280141
12544	2570	642	53	315	10280151
12558	2561	644	53	315	10280161
12579	2550	654	54	316	10280171
12608	2540	651	54	316	10280181
12642	2533	643	54	316	10280191
12682	2525	604	54	317	10280201
12724	2525	492	54	317	10280211
12765	2525	74	54	317	10280231
78
13731	2858	390	52	323	10280437
13704	2864	423	52	323	10280447
13677	2876	534	52	323	10280457
13667	2900	539	52	323	10280467
13667	2918	564	52	323	10280477
13667	2939	591	53	325	10280487
13678	2962	603	53	325	10280497
13678	2982	618	53	325	10280507
13678	2997	620	53	325	10280517
13662	3007	612	53	323	10280527
13635	3007	604	53	323	10280537
13598	3007	596	54	322	10280547
13557	2987	580	54	322	10280557
13516	2954	577	53	321	10280567
13487	2915	576	53	321	10280577
13474	2872	573	53	321	10280587
13474	2831	575	53	321	10280597
13499	2796	577	53	321	10280607
13531	2765	578	53	321	10280617
13571	2736	580	53	321	10280627
13612	2712	582	53	321	10280637
13646	2689	585	53	321	10280647
13668	2670	596	53	321	10280657
13677	2656	611	53	321	10280667
13677	2644	623	53	321	10280677
13654	2635	623	53	321	10280687
13628	2626	624	53	321	10280697
13595	2619	620	53	321	10280707
13565	2619	603	53	321	10280717
13540	2612	586	53	321	10280727
13524	2612	518	53	321	10280747
13524	2625	417	53	321	10280757
13542	2641	328	53	321	10280767
13575	2667	258	53	321	10280777
13620	2700	229	53	321	10280787
13673	2740	227	53	321	10280797
13726	2782	263	53	321	10280807
13773	2823	336	53	321	10280817
13809	2862	421	53	321	10280827
13832	2892	526	53	321	10280837
13846	2915	597	53	321	10280847
13855	2932	651	53	321	10280857
13855	2942	700	53	321	10280867
13861	2942	741	53	320	10280897
13861	2924	758	53	320	10280907
13861	2897	768	54	319	10280917
13861	2860	775	54	319	10280927
13861	2815	776	54	317	10280937
13870	2766	778	54	317	10280947
13870	2720	777	54	317	10280957
13877	2680	775	54	317	10280967
13877	2648	772	54	317	10280977
13877	2628	771	54	317	10280987
13877	2617	769	54	317	10280997
13870	2617	760	54	317	10281007
13870	2624	741	54	317	10281017
13861	2636	729	54	317	10281027
13861	2657	714	54	317	10281037
13861	2689	708	54	317	10281047
13861	2730	696	54	317	10281057
13884	2777	697	54	319	10281067
13907	2826	699	54	319	10281077
13935	2868	705	53	320	10281087
13961	2900	708	53	320	10281097
13980	2920	709	53	320	10281107
13995	2927	716	53	320	10281117
14006	2927	724	53	320	10281127
14014	2916	731	53	320	10281137
14024	2900	736	53	320	10281147
14034	2876	741	53	320	10281157
14043	2844	741	53	320	10281167
14051	2807	742	53	320	10281177
14051	2768	737	53	320	10281187
14062	2729	728	54	319	10281197
14062	2694	693	54	319	10281207
14071	2662	638	54	317	10281217
14071	2638	505	54	317	10281227
14078	2622	99	54	317	10281247
6
13895	2715	528	55	319	10281337
13870	2708	527	54.6667	318.333	10281367
13885	2718	527	54	317	10281377
13911	2725	476	54	317	10281387
13950	2725	349	54	319	10281397
14002	2736	79	54	319	10281417
52
14367	2822	507	53	317	10281509
14349	2830	527	53	317	10281519
14331	2838	636	54	316	10281529
14315	2838	714	54	316	10281539
14304	2850	759	54	316	10281579
14304	2838	764	54	316	10281589
14313	2819	763	54	316	10281599
14313	2790	768	54	315	10281609
14325	2756	765	54	315	10281619
14325	2719	769	55	314	10281629
14325	2686	766	55	314	10281639
14325	2662	761	55	314	10281649
14325	2645	754	55	314	10281659
14325	2636	739	55	314	10281689
14325	2654	721	55	314	10281699
14325	2680	712	55	314	10281709
14325	2714	696	55	314	10281719
14333	2755	694	55	314	10281729
14346	2799	696	55	314	10281739
14363	2840	697	55	314	10281749
14383	2873	695	55	314	10281759
14404	2892	700	55	314	10281769
14422	2898	705	55	314	10281779
14436	2889	712	55	314	10281789
14447	2869	725	55	314	10281799
14455	2843	733	55	314	10281809
14462	2809	737	55	314	10281819
14462	2776	737	55	314	10281829
14474	2747	738	55	314	10281839
14474	2724	739	55	314	10281849
14482	2708	735	55	314	10281859
14482	2699	726	55	314	10281889
14489	2699	715	55	314	10281899
14489	2718	708	55	314	10281909
14498	2742	698	55	314	10281919
14508	2773	688	55	314	10281929
14523	2808	684	55	314	10281939
14544	2848	681	55	314	10281949
14569	2883	682	55	314	10281959
14597	2911	679	55	314	10281969
14623	2930	681	55	314	10281979
14641	2930	689	55	314	10281989
14655	2922	702	55	314	10281999
14664	2898	710	55	314	10282009
14664	2867	727	55	314	10282019
14674	2833	736	55	314	10282029
14674	2797	739	55	314	10282039
14674	2767	739	55	314	10282049
14674	2740	739	55	314	10282059
14683	2720	734	55	314	10282069
14683	2707	708	55	314	10282079
14691	2698	393	55	314	10282109
43
10697	1388	352	68	348	10284942
10697	1434	548	67	348	10284952
10704	1434	569	65.5	349	10284972
10680	1421	628	63	352	10284982
10659	1410	638	63	352	10284992
10646	1395	646	62	354	10285002
10634	1373	651	62	356	10285012
10623	1360	665	62	358	10285022
10614	1346	694	62	0	10285032
10605	1322	717	62	0	10285042
10595	1285	743	61	2	10285052
10581	1226	757	61	4	10285062
10563	1150	785	60	7	10285072
10546	1064	790	60	9	10285082
10529	984	792	59	12	10285092
10513	916	795	59	15	10285102
10501	867	795	58	16	10285112
10494	837	794	57	19	10285122
10494	824	786	56	21	10285142
10486	824	775	56	23	10285152
10486	852	751	55	25	10285162
10486	885	741	55	26	10285172
10486	930	720	55	27	10285182
10486	994	710	55	27	10285192
10499	1066	708	55	27	10285202
10508	1139	705	54	29	10285212
10523	1209	705	55	27	10285222
10540	1268	707	55	27	10285232
10559	1308	707	55	27	10285242
10578	1335	710	55	26	10285252
10596	1352	710	55	26	10285262
10610	1352	711	55	25	10285272
10623	1343	727	55	25	10285282
10639	1312	733	56	23	10285292
10657	1259	743	56	23	10285302
10677	1193	746	56	23	10285312
10698	1120	744	56	23	10285322
10717	1045	745	56	23	10285331
10738	980	745	56	23	10285341
10757	929	741	56	23	10285351
10773	892	708	55	25	10285361
10787	874	582	55	25.5	10285381
10796	874	144	55	26.5	10285401
9
10633	1016	485	53	35	10285478
10576	1004	519	53	35	10285488
10551	997	537	53	35	10285498
10535	997	552	53	35	10285508
10526	997	546	53	35	10285518
10536	997	546	53	35	10285528
10564	997	528	53	35	10285538
10611	1012	462	53	35	10285548
10673	1028	153	53	35	10285568
58
11051	1286	512	54	30	10285666
11062	1294	566	54	30	10285676
11041	1294	620	54	29	10285686
11022	1301	702	54	29	10285696
11002	1301	733	55	27	10285706
10994	1301	742	55	27	10285716
10994	1283	745	55	26	10285726
10994	1250	748	55	26	10285736
10994	1200	750	55	26	10285746
10994	1136	748	55	26	10285756
10994	1076	747	56	28	10285766
10994	1024	748	56	28	10285776
10994	988	745	56	31	10285786
10994	969	734	56	31	10285796
10994	961	714	56	32	10285816
10994	977	706	55	34	10285826
11000	1006	698	55	34	10285836
11000	1047	683	55	34	10285846
11000	1102	679	55	35	10285856
11000	1162	673	55	35	10285866
11000	1222	667	55	35	10285876
11000	1278	664	55	35	10285886
11008	1325	660	55	35	10285896
11016	1362	659	55	34	10285906
11026	1383	659	55	31	10285916
11039	1393	660	55	31	10285926
11049	1393	664	54	29	10285936
11060	1381	670	54	29	10285946
11070	1361	674	55	27	10285956
11070	1332	680	55	27	10285966
11070	1294	681	55	26	10285976
11070	1252	682	55	26	10285986
11053	1214	681	55	26	10285996
11030	1176	683	55	26	10286006
11005	1146	683	55	26	10286016
10981	1125	682	55	26	10286026
10965	1112	682	55	27	10286036
10957	1112	675	54.3333	28.3333	10286066
10973	1112	674	54	30	10286076
10990	1112	674	54	32	10286086
11013	1112	674	54	32	10286096
11043	1112	674	53	33	10286106
11078	1104	674	53	33	10286116
11113	1090	674	54	34	10286126
11142	1073	677	54	35	10286136
11165	1049	680	54	36	10286145
11177	1023	689	54	36	10286155
11177	999	694	54	38	10286165
11177	974	698	54	38	10286175
11166	955	697	54	38	10286185
11148	938	704	54	38	10286195
11127	925	695	54	38	10286205
11101	925	689	54	38	10286215
11075	918	681	54	38	10286225
11053	918	671	54	38	10286235
11034	933	640	53	39	10286245
11023	946	547	53	39	10286255
11023	960	201	53	39	10286275
61
11432	1232	548	54	32	10286370
11452	1232	642	54.5	30.5	10286390
11433	1241	749	55	30	10286400
11418	1241	770	56	31	10286410
11407	1241	785	56	29	10286430
11399	1213	786	56	29	10286440
11399	1174	790	56	29	10286450
11399	1125	788	56	29	10286460
11399	1073	793	56	29	10286470
11399	1026	789	56	29	10286480
11399	987	789	56	29	10286490
11399	960	777	56	31	10286500
11399	944	729	56	32	10286530
11399	959	671	55	34	10286540
11399	988	634	55	34	10286550
11399	1026	607	55	34	10286560
11399	1079	601	55	35	10286570
11399	1139	603	55	35	10286580
11406	1196	605	55	35	10286590
11413	1252	611	55	34	10286600
11422	1300	614	55	34	10286610
11435	1334	621	55	34	10286620
11452	1357	631	56	32	10286630
11472	1372	645	56	31	10286640
11494	1379	657	56	29	10286650
11517	1379	666	57	28	10286660
11536	1379	671	57	28	10286670
11552	1357	682	57	26	10286680
11563	1333	694	57	26	10286690
11563	1302	704	58	25	10286700
11563	1264	708	58	25	10286710
11543	1231	705	58	25	10286720
11519	1197	705	58	25	10286730
11490	1170	706	58	25	10286740
11465	1150	702	58	25	10286750
11446	1136	701	58	25	10286760
11437	1136	694	58	25	10286770
11437	1127	686	57	27	10286790
11451	1127	687	57	28	10286800
11468	1127	684	56	29	10286810
11491	1127	684	56	31	10286820
11520	1127	686	56	31	10286830
11549	1127	685	56	32	10286840
11578	1127	686	56	32	10286850
11602	1116	688	56	32	10286860
11619	1097	690	55	34	10286870
11630	1076	700	55	34	10286880
11630	1049	709	55	34	10286890
11630	1022	714	55	34	10286900
11630	999	721	55	34	10286910
11611	974	720	55	35	10286920
11592	955	721	55	35	10286930
11567	941	717	55	35	10286940
11538	930	709	55	35	10286950
11506	930	701	55	35	10286960
11475	930	696	55	35	10286969
11451	930	683	55	35	10286979
11435	939	645	55	35	10286989
11435	945	573	54	36	10286999
11435	955	428	54	36	10287009
11453	973	59	54	36	10287029
31
11691	1208	278	56	32	10287086
11748	1268	388	56	32	10287096
11758	1289	536	56	31	10287106
11758	1304	640	56	29	10287116
11758	1312	784	57.4	26.4	10287166
11769	1303	850	58	23	10287176
11779	1283	857	59	24	10287186
11791	1258	858	59	24	10287196
11808	1229	860	60	25	10287206
11824	1199	851	60	25	10287216
11840	1175	822	60	25	10287226
11854	1159	766	60	25	10287236
11867	1149	689	60	25	10287246
11884	1155	547	59	27	10287256
11904	1179	419	59	27	10287266
11928	1212	242	59	27	10287276
11951	1255	107	59	28	10287286
11969	1296	132	59	28	10287296
11982	1334	268	59	27	10287306
11991	1372	419	59	27	10287316
12000	1404	544	59	27	10287326
12000	1426	658	60	25	10287336
12006	1438	774	60	24	10287356
12006	1410	848	60	23	10287366
11989	1372	869	60	22	10287376
11971	1312	880	60	22	10287386
11943	1231	878	60	22	10287396
11910	1135	873	60	22	10287406
11874	1040	832	60	23	10287416
11840	954	743	60	23	10287426
11814	885	269	60	25	10287446
16
13629	1397	105	58	352	10315427
13639	1425	253	59	352	10315437
13639	1440	336	60	351	10315447
13639	1451	518	61	351	10315457
13648	1458	566	61.5	351	10315477
13648	1437	621	62	351	10315487
13648	1406	639	63	350	10315497
13648	1356	651	63	352	10315507
13648	1296	679	64	352	10315517
13648	1231	684	64	354	10315527
13648	1169	689	65	356	10315537
13658	1114	690	65	358	10315547
13658	1070	689	66	0	10315557
13665	1038	671	66	0	10315567
13665	1015	598	66	2	10315577
13665	1003	215	66	8	10315597
26
13845	1427	422	63	18	10315695
13867	1474	542	63	15	10315715
13858	1474	640	63	12	10315725
13846	1451	658	63	12	10315735
13830	1415	668	64	10	10315745
13810	1365	675	64	8	10315755
13786	1310	674	64	8	10315765
13763	1259	678	64	8	10315775
13743	1220	677	64	8	10315785
13727	1195	673	65	9	10315795
13715	1183	666	65	9	10315805
13706	1183	661	66	9	10315815
13698	1183	658	66	9	10315825
13691	1199	659	66	11	10315835
13691	1213	659	66	11	10315845
13691	1225	658	66	11	10315855
13697	1235	658	65	13	10315865
13710	1235	657	65	13	10315875
13728	1235	659	64	15	10315885
13752	1229	659	64	17	10315895
13780	1211	659	64	17	10315905
13811	1189	658	64	17	10315915
13845	1165	659	65	20	10315925
13879	1140	627	65	20	10315935
13911	1118	509	65	20	10315945
13942	1101	121	65	20	10315965
34
14162	1261	612	67	17	10316071
14145	1279	615	67	17	10316081
14130	1288	670	67	17	10316091
14112	1288	694	67	15	10316101
14099	1288	704	67	15	10316111
14099	1276	712	67	15	10316121
14089	1249	715	67	15	10316131
14089	1211	717	67	15	10316141
14089	1169	717	67	15	10316151
14089	1127	720	67	15	10316161
14089	1094	721	67	15	10316171
14089	1073	722	67	15	10316181
14089	1060	725	67	17	10316211
14089	1076	725	67	19	10316221
14089	1100	716	67	19	10316231
14089	1136	703	67	21	10316241
14089	1184	697	67	21	10316251
14100	1236	695	67	21	10316261
14113	1291	695	66	20	10316271
14130	1340	695	66	18	10316281
14147	1374	700	65	18	10316291
14165	1394	703	65	18	10316301
14180	1394	710	65	15	10316311
14192	1387	712	65	13	10316321
14207	1368	724	65	13	10316331
14225	1339	736	66	11	10316341
14245	1304	743	66	9	10316351
14265	1260	747	66	9	10316361
14286	1215	749	66	9	10316371
14303	1172	746	66	9	10316381
14316	1133	746	66	9	10316391
14325	1106	728	67	9	10316401
14325	1083	684	67	9	10316411
14325	1069	274	67.6667	12.3333	10316441
6
14143	1186	557	65	20	10316539
14106	1160	566	65	20	10316549
14097	1160	586	65	18.6667	10316579
14123	1160	571	65	18	10316589
14166	1176	501	65	18	10316599
14222	1191	145	65	18	10316619
23
14639	1265	595	64	10	10316747
14626	1276	585	64	10	10316757
14614	1290	605	64	8	10316767
14596	1308	615	64	8	10316777
14579	1328	618	64	6	10316787
14566	1341	620	65	6	10316797
14552	1353	619	65	6	10316807
14541	1361	619	66	7	10316817
14528	1361	614	66	4	10316827
14512	1361	617	66	4	10316837
14492	1335	621	66	4	10316847
14471	1301	627	66	4	10316857
14452	1255	642	66	4	10316867
14437	1205	648	67	5	10316877
14430	1158	657	67	5	10316887
14430	1119	662	68	5	10316897
14445	1087	668	68	7	10316907
14465	1065	665	68	7	10316917
14491	1052	666	68	10	10316927
14526	1052	658	68	10	10316937
14565	1052	626	68	12	10316947
14606	1070	545	67	15	10316957
14645	1091	159	67	16	10316977
15
14823	1335	325	68	12	10317071
14822	1335	599	68	12	10317081
14811	1335	637	68	10	10317091
14800	1335	695	68	7	10317101
14789	1335	712	68	6	10317121
14789	1316	722	68	5	10317131
14806	1296	724	68	5	10317141
14829	1272	725	68	5	10317151
14856	1247	722	68	5	10317161
14886	1227	717	68	5	10317171
14910	1211	698	68	5	10317181
14928	1201	666	68	5	10317191
14940	1201	599	68	5	10317201
14949	1201	480	68	7	10317211
14955	1201	134	68	7	10317231
13
14984	1299	225	68	10	10317271
15006	1368	385	68	10	10317281
15018	1392	528	68	10	10317291
15025	1405	703	68	8	10317321
15025	1381	797	68	7	10317331
15017	1356	815	68	5	10317341
15009	1319	822	68	5	10317351
14999	1273	823	68	5	10317361
14985	1220	823	68	5	10317371
14973	1157	804	68	5	10317381
14961	1095	730	68	7	10317391
14949	1038	651	68	7	10317401
14939	990	182	68	11	10317421
46
15919	1188	321	70	355	10318839
15969	1247	385	69	357	10318849
15985	1265	465	68	0	10318859
15993	1275	558	66	0	10318869
15993	1283	640	62.75	3.25	10318909
15993	1263	683	60	7	10318919
15993	1238	697	60	9	10318929
15993	1199	704	61	9	10318939
15993	1151	712	61	11	10318949
15993	1103	714	62	11	10318959
15993	1063	715	61	13	10318969
15993	1034	714	61	15	10318979
15993	1020	716	61	17.5	10318999
16000	1014	717	61	18	10319009
16000	1026	721	60	20	10319019
16000	1052	716	60	20	10319029
16006	1094	708	60	20	10319039
16006	1151	705	60	22	10319049
16018	1213	704	60	22	10319059
16025	1270	704	60	22	10319069
16025	1318	706	60	20	10319079
16035	1349	711	60	20	10319089
16035	1365	720	60.6667	18.3333	10319119
16047	1349	736	61	17	10319129
16061	1324	742	61	15	10319139
16079	1289	750	61	15	10319149
16106	1244	752	61	13	10319159
16138	1197	753	61	13	10319169
16172	1147	754	61	13	10319179
16210	1104	757	61	13	10319189
16242	1068	757	61	13	10319199
16271	1041	758	61	13	10319209
16292	1025	761	61	15	10319219
16309	1018	765	61	15	10319229
16322	1018	776	61	17	10319239
16334	1029	777	61	18	10319249
16345	1056	784	61	18	10319259
16356	1102	780	61	21	10319269
16368	1160	779	61	21	10319279
16377	1229	775	62	22	10319289
16377	1297	773	62	22	10319299
16377	1355	755	62	22	10319309
16377	1403	743	63	20	10319319
16370	1437	704	63	20	10319329
16370	1454	622	63	18	10319339
16363	1454	259	63	14	10319369
13
16555	1366	443	62	4	10319451
16590	1359	632	62	4	10319471
16590	1369	761	62	4	10319481
16581	1376	820	62	4	10319511
16581	1364	837	62	4	10319521
16581	1341	839	63	4	10319531
16581	1305	840	63	4	10319541
16581	1253	841	64	6	10319551
16581	1195	836	64	6	10319561
16581	1139	821	64	6	10319571
16581	1092	780	64	8	10319581
16575	1061	693	64	8	10319591
16575	1039	195	63.3333	11.3333	10319621
50
16854	1308	556	63	16	10319711
16910	1334	648	63	14	10319721
16919	1343	757	63	12	10319741
16910	1351	814	65	11	10319751
16910	1345	817	65	9	10319761
16900	1328	821	66	7	10319771
16900	1296	821	66	7	10319781
16892	1250	819	66	7	10319791
16892	1198	812	66	7	10319801
16892	1146	806	66	7	10319811
16892	1106	799	66	9	10319821
16892	1079	796	66	9	10319831
16892	1065	773	67	13	10319861
16899	1077	755	67	15	10319871
16899	1100	740	67	17	10319881
16899	1132	732	67	19	10319891
16899	1171	725	67	19	10319901
16910	1217	720	67	19	10319911
16920	1265	722	67	21	10319921
16931	1308	729	67	19	10319931
16941	1343	740	67	19	10319941
16948	1364	747	67	19	10319951
16948	1373	754	67	17	10319971
16957	1366	763	67	15	10319981
16965	1352	768	68	12	10319991
16978	1328	772	68	12	10320001
16994	1299	775	68	10	10320011
17015	1262	779	68	10	10320021
17041	1221	779	68	10	10320031
17072	1181	780	68	10	10320041
17109	1139	778	68	10	10320051
17152	1100	777	68	10	10320061
17192	1070	772	68	12	10320071
17226	1048	768	68	12	10320081
17253	1034	761	67	15	10320091
17267	1034	761	68	15	10320101
17276	1034	764	68	18	10320111
17276	1050	761	69	21	10320121
17276	1082	756	69	21	10320131
17276	1129	748	69	21	10320141
17276	1187	746	68	24	10320151
17276	1248	744	68	24	10320161
17276	1304	743	69	21	10320171
17276	1356	739	69	21	10320181
17269	1400	731	69	21	10320191
17269	1432	729	69	19	10320201
17262	1454	716	69	16	10320211
17262	1466	657	69	14	10320231
17262	1452	534	70	11	10320241
17269	1430	163	70	8	10320261
39
17526	1298	522	68	2	10320355
17558	1305	614	68	2	10320365
17558	1317	695	68	2	10320375
17558	1326	786	68	2	10320385
17545	1334	799	68	2	10320415
17545	1309	802	69	3	10320425
17538	1276	804	69	3	10320435
17538	1233	802	70	3	10320445
17538	1184	803	70	3	10320455
17538	1137	807	70	3	10320465
17538	1095	808	70	5	10320475
17538	1062	809	70	5	10320485
17530	1039	810	70	8	10320495
17530	1025	806	69.5	12.5	10320535
17530	1048	792	69	16	10320545
17536	1086	786	69	16	10320555
17536	1139	784	69	19	10320565
17549	1202	786	69	19	10320575
17557	1264	788	69	19	10320585
17569	1322	793	70	17	10320595
17584	1370	795	70	17	10320605
17601	1404	796	71	18	10320615
17617	1425	799	71	15	10320625
17632	1433	803	71	15	10320635
17648	1433	807	72	12	10320645
17664	1419	813	72	9	10320655
17680	1395	823	72	9	10320665
17698	1358	830	72	6	10320675
17715	1310	833	72	6	10320685
17732	1257	835	72	3	10320695
17748	1203	835	72	3	10320705
17760	1154	832	72	3	10320715
17771	1115	822	72	3	10320725
17771	1086	801	73	3	10320735
17777	1064	768	73	7	10320745
17777	1049	721	74	10	10320755
17777	1039	639	74	10	10320765
17767	1039	490	74	14	10320775
17759	1039	13	73	17	10320795
11
17586	1164	73	71	18	10320871
17538	1157	607	71	18	10320881
17521	1157	629	71	18	10320891
17511	1157	699	70	14	10320901
17511	1165	718	69.5	14	10320921
17528	1165	720	69	14	10320931
17558	1171	721	69	14	10320941
17603	1180	716	69	14	10320951
17657	1192	671	69	14	10320961
17709	1207	565	69	14	10320971
17751	1224	134	69	14	10320991
