70
17
18680	10213	375	53	281	5040231
18607	10202	465	53	281	5040241
18578	10191	587	53	281	5040251
18555	10191	687	53	281	5040261
18547	10191	732	53	281	5040271
18556	10191	775	54	281	5040281
18589	10191	815	54	281	5040291
18646	10191	858	54	281	5040301
18727	10191	877	54	281	5040311
18829	10200	891	54	281	5040321
18935	10207	899	54	281	5040331
19036	10207	897	56	280	5040341
19125	10207	899	56	280	5040351
19194	10198	890	56	279	5040361
19242	10190	853	56	279	5040371
19273	10190	768	56	277	5040381
19290	10190	291	56	276.5	5040401
15
18869	10079	260	53	281	5040611
18796	10070	401	54	281	5040621
18760	10063	523	54	281	5040631
18735	10063	634	55	280	5040641
18722	10063	722	56	279.5	5040661
18739	10054	821	56	279	5040671
18773	10047	867	56	279	5040681
18827	10037	917	56	279	5040691
18902	10027	938	56	279	5040701
18989	10018	947	56	279	5040711
19073	10008	939	56	279	5040721
19145	10000	917	56	279	5040731
19198	10000	860	56	279	5040741
19231	9989	739	56	279	5040751
19252	9989	203	56	279	5040771
21
19324	10277	237	55	279	5040967
19276	10319	349	55	279	5040977
19253	10342	514	55	279	5040987
19234	10362	620	55	279	5040997
19224	10377	660	55	279	5041007
19224	10383	675	55	277	5041017
19232	10383	701	55	277	5041027
19254	10370	741	55	276	5041037
19284	10346	786	55	276	5041047
19319	10309	839	55	276	5041057
19351	10258	873	55	276	5041067
19375	10198	910	56	276	5041077
19389	10134	925	56	274	5041087
19389	10066	945	56	274	5041097
19389	10000	959	56	273	5041107
19368	9941	963	56	273	5041117
19347	9891	961	56	273	5041127
19320	9854	930	56	273	5041137
19295	9833	892	57	273	5041147
19273	9823	803	57	273	5041157
19257	9823	302	57.5	273	5041177
19
19424	10340	341	54	278	5041415
19417	10377	402	54	278	5041425
19409	10389	514	54	277	5041435
19409	10396	588	54	277	5041445
19415	10396	642	54	275	5041455
19435	10388	708	54	275	5041465
19470	10363	771	54	275	5041475
19517	10325	819	55	276	5041485
19564	10273	852	55	276	5041495
19604	10208	901	55	274	5041505
19626	10137	916	55	274	5041515
19626	10063	940	55	273	5041525
19626	9993	942	55	273	5041535
19609	9937	939	56	273	5041545
19593	9894	920	56	273	5041555
19582	9869	888	56	273	5041565
19572	9859	831	56	273	5041575
19563	9859	687	57	273	5041585
19563	9868	155	57	273	5041605
15
19504	10373	425	53	275	5041799
19470	10392	522	53	275	5041809
19470	10402	576	53	275	5041819
19499	10415	648	53	275	5041829
19550	10423	700	53	275	5041839
19627	10423	726	53	274	5041849
19723	10423	777	53	274	5041859
19822	10401	807	54	273	5041869
19917	10371	848	54	273	5041879
19993	10336	866	54	273	5041889
20048	10296	875	54	271	5041899
20085	10262	875	55	271	5041909
20104	10238	873	55	270	5041919
20112	10221	845	55	270	5041929
20112	10213	443	55.6667	268.333	5041959
22
19567	9887	393	57	272	5042147
19522	9860	476	57	272	5042157
19515	9851	620	57	273	5042167
19515	9842	700	58	273	5042177
19542	9834	775	58	273	5042187
19577	9823	846	58	273	5042197
19630	9813	871	59	273	5042207
19694	9813	899	59	273	5042217
19764	9820	912	59	273	5042227
19835	9840	911	59	273	5042237
19907	9878	903	59	273	5042247
19971	9927	884	59	273	5042257
20025	9978	877	59	273	5042267
20066	10030	866	59	272	5042277
20088	10072	873	59	272	5042287
20099	10106	867	59	270	5042297
20099	10132	875	59	270	5042307
20099	10151	874	59	270	5042317
20090	10167	858	59	270	5042327
20084	10177	807	59	268	5042337
20084	10183	647	59	268	5042347
20077	10183	148	58	267	5042367
13
20215	10195	382	56	270	5042503
20177	10195	541	56	270	5042513
20166	10195	718	56	270	5042533
20174	10186	837	56	270	5042543
20199	10186	918	56	270	5042553
20243	10175	979	56	269	5042563
20299	10168	1013	57	268	5042573
20365	10162	1023	57	267	5042583
20430	10162	1023	57	265	5042593
20480	10154	1023	57	265	5042603
20518	10154	1023	58	264	5042613
20538	10154	963	58	262	5042623
20549	10154	290	58	260.667	5042653
14
18670	9302	364	55	283	5043167
18617	9295	428	55	283	5043177
18595	9295	548	56	285	5043187
18575	9286	674	56	284	5043207
18583	9277	780	56	282	5043217
18616	9268	821	56	282	5043227
18672	9260	857	56	282	5043237
18750	9253	874	57	283	5043247
18840	9253	878	57	283	5043257
18929	9253	873	57	283	5043267
19005	9253	856	58	281	5043277
19065	9253	790	58	281	5043287
19103	9261	668	58	280	5043297
19128	9261	215	59	280	5043317
12
18799	9157	199	57	279	5043467
18720	9150	372	57	279	5043477
18697	9144	509	58	280	5043487
18686	9150	652	58	280	5043507
18703	9150	770	58	280	5043517
18735	9150	811	58	280	5043527
18787	9141	840	58	280	5043537
18856	9141	839	58	280	5043547
18933	9141	824	58	280	5043557
19010	9134	779	59	280	5043567
19080	9134	627	59	280	5043577
19135	9128	108	59	280	5043597
16
19069	9388	374	54	283	5043775
19046	9388	458	55	282.5	5043795
19053	9388	583	55	282	5043805
19073	9373	668	55	282	5043815
19102	9349	725	56	282	5043825
19135	9313	785	57	281	5043835
19167	9266	838	57	281	5043845
19187	9207	889	57	279	5043855
19196	9141	920	57	279	5043865
19196	9071	944	58	278	5043875
19184	9003	953	58	278	5043885
19169	8947	955	58	276	5043895
19155	8906	949	59	277	5043905
19141	8883	920	59	277	5043915
19135	8872	808	59	277	5043935
19135	8879	168	59.5	277	5043955
18
19292	9397	158	55	280	5044171
19265	9421	388	55	279	5044181
19259	9421	475	55	279	5044201
19265	9421	595	55	279	5044211
19283	9403	661	55	279	5044221
19311	9372	736	56	279	5044231
19347	9328	804	56	277	5044241
19382	9269	840	56	277	5044251
19412	9207	889	57	276	5044261
19431	9138	905	57	276	5044271
19438	9070	918	57	276	5044281
19438	9009	914	58	275	5044291
19424	8957	910	58	275	5044301
19411	8919	889	58	273	5044311
19398	8897	864	59	273	5044321
19388	8887	829	59	273	5044331
19380	8887	700	59	273	5044341
19380	8901	244	60	273	5044361
16
19251	9354	333	56	279	5044547
19221	9367	417	56	279	5044557
19221	9377	491	56	279	5044567
19235	9390	566	56	279	5044577
19263	9405	582	56	279	5044587
19306	9418	606	56	277	5044597
19365	9428	644	56	277	5044607
19434	9428	697	56	276	5044617
19512	9420	748	56	276	5044627
19593	9399	799	56	274	5044637
19666	9368	810	56	274	5044647
19726	9332	818	57	273	5044657
19770	9299	822	57	273	5044667
19793	9274	803	57	272	5044677
19806	9257	741	57	272	5044687
19806	9249	278	57	270	5044707
18
19374	8877	377	59	275	5044903
19329	8848	599	59.6667	277	5044933
19347	8848	778	60	277	5044943
19375	8848	840	60	277	5044953
19415	8848	870	60	277	5044963
19469	8861	897	60	277	5044973
19530	8880	904	61	277	5044983
19601	8911	906	61	277	5044993
19677	8953	910	61	275	5045003
19745	8999	906	61	275	5045013
19804	9052	901	61	274	5045023
19841	9102	897	61	274	5045033
19858	9146	885	61	274	5045043
19858	9183	882	61	272	5045053
19851	9214	829	61	272	5045063
19835	9238	763	60	270	5045073
19819	9256	587	60	270	5045083
19804	9267	61	60	270	5045103
12
19905	9222	10	56	267	5045263
19882	9222	489	57	267	5045273
19873	9222	760	57	267	5045303
19889	9222	907	58	267	5045313
19920	9215	941	58	267	5045323
19972	9215	976	58	267	5045333
20040	9215	997	58	267	5045343
20111	9215	1005	58	267	5045353
20175	9215	1000	58	265	5045363
20221	9215	972	59	265	5045373
20245	9215	896	59	263	5045383
20254	9215	337	59	262.5	5045403
13
18625	8346	367	66	270	5046039
18558	8353	483	64	272	5046049
18539	8360	608	62	274	5046059
18528	8360	744	60	277.5	5046079
18554	8360	828	58	280	5046089
18594	8360	866	57	281	5046099
18660	8360	892	56	280	5046109
18745	8360	907	56	280	5046119
18838	8368	901	57	279	5046129
18922	8368	884	57	279	5046139
18990	8368	831	57	279	5046149
19034	8368	708	57	279	5046159
19061	8359	220	57	279	5046179
13
18600	8225	381	54	278	5046359
18565	8217	493	54	280	5046369
18557	8217	669	54.5	280.5	5046389
18572	8217	800	54	281	5046399
18606	8217	853	54	281	5046409
18658	8217	888	56	280	5046419
18728	8217	894	56	280	5046429
18800	8217	895	56	279	5046439
18873	8217	889	56	279	5046449
18933	8208	865	56	279	5046459
18977	8202	807	56	279	5046469
19011	8194	690	57	279	5046479
19032	8194	199	57	279	5046499
20
19005	8466	16	55	279	5046815
18980	8490	118	55	279	5046825
18967	8505	301	55	279	5046835
18955	8519	430	55	279	5046845
18946	8532	525	55	279	5046855
18946	8538	587	54	278	5046875
18956	8525	653	54	278	5046885
18973	8498	709	54	278	5046895
18993	8450	778	54	278	5046905
19016	8389	824	54	278	5046915
19034	8317	871	54	278	5046925
19044	8240	895	55	279	5046935
19044	8171	914	55	279	5046945
19044	8108	920	55	279	5046955
19037	8058	920	55	279	5046965
19025	8021	924	55	279	5046975
19005	7992	919	56	279	5046985
18984	7972	890	56	279	5046995
18965	7959	815	56	279	5047005
18951	7959	310	57	279	5047025
18
19145	8499	282	53	281	5047311
19112	8536	428	53	281	5047321
19101	8550	558	53	281	5047331
19093	8560	627	53	281	5047351
19105	8560	658	53	281	5047361
19127	8547	701	54	280	5047371
19157	8518	755	54	280	5047381
19193	8471	794	54	278	5047391
19225	8406	834	55	279	5047401
19247	8326	864	55	279	5047411
19261	8242	880	55	277	5047421
19261	8161	892	55	277	5047431
19261	8089	902	55	276	5047441
19251	8036	899	55	276	5047451
19243	8003	896	56	276	5047461
19236	7985	853	56	276	5047481
19226	7985	682	57	276	5047491
19226	8002	31	57	276	5047511
15
19197	8483	268	54	280	5047767
19168	8493	399	54	278	5047777
19156	8501	510	54	278	5047787
19156	8514	606	55	279	5047797
19156	8528	637	55	279	5047807
19192	8538	674	55	279	5047817
19240	8538	697	55	279	5047827
19303	8538	720	55	277	5047837
19374	8527	746	55	277	5047847
19446	8500	773	55	276	5047857
19515	8464	792	55	276	5047867
19575	8424	803	55	274	5047877
19620	8389	807	55	274	5047887
19649	8365	806	55	273	5047897
19662	8351	354	55	272	5047937
20
19233	7991	259	56	279	5048143
19221	7982	392	57	279	5048153
19221	7990	584	57	279	5048173
19240	7979	748	58	280	5048183
19266	7979	825	58	280	5048193
19302	7971	855	58	280	5048203
19351	7978	874	58	278	5048213
19411	7995	885	58	278	5048223
19476	8025	878	58	276	5048233
19538	8066	874	58	276	5048243
19591	8112	872	58	276	5048253
19634	8161	868	58	275	5048263
19661	8208	865	58	275	5048273
19676	8252	866	58	273	5048283
19676	8288	865	58	273	5048293
19676	8316	862	58	273	5048303
19669	8339	850	58	273	5048313
19658	8356	812	58	272	5048323
19649	8368	689	58	272	5048333
19639	8368	197	58	270	5048353
14
19758	8316	357	54	270	5048539
19701	8316	528	55	270	5048549
19682	8316	663	55	270	5048559
19673	8325	755	55	270	5048569
19682	8325	810	56	270	5048579
19715	8325	858	56	270	5048589
19769	8325	892	56	270	5048599
19841	8325	917	56	270	5048609
19923	8332	941	57	270	5048619
20007	8332	945	57	268	5048629
20080	8332	944	57	268	5048639
20136	8332	930	57	267	5048649
20170	8332	880	57	267	5048659
20183	8332	303	57	264.667	5048689
15
18521	7499	249	52	283	5049267
18483	7511	372	52	283	5049277
18466	7511	513	53	284	5049287
18452	7519	622	53	282	5049297
18445	7519	698	53	282	5049307
18455	7519	753	53	281	5049317
18482	7519	798	53	281	5049327
18528	7519	833	53	281	5049337
18594	7519	855	53	281	5049347
18675	7519	858	53	281	5049357
18759	7519	853	53	281	5049367
18835	7519	838	54	280	5049377
18895	7519	784	54	280	5049387
18935	7519	693	54	278	5049397
18960	7512	236	54	278	5049417
11
18511	7309	382	54	280	5049563
18463	7288	489	54	280	5049573
18454	7288	677	53	281	5049593
18471	7288	773	54	281	5049603
18510	7298	815	55	280	5049613
18567	7298	831	55	280	5049623
18643	7308	832	55	279	5049633
18724	7308	809	55	279	5049643
18798	7308	743	56	279	5049653
18864	7308	605	56	279	5049663
18916	7308	142	56	279	5049683
18
18964	7550	135	54	278	5049863
18929	7583	292	54	278	5049873
18915	7603	430	54	278	5049883
18906	7619	529	54	278	5049893
18906	7631	586	54	278	5049913
18922	7631	632	54	278	5049923
18942	7624	663	54	278	5049933
18968	7600	695	54	278	5049943
19001	7560	725	54	278	5049953
19032	7503	750	54	278	5049963
19052	7435	783	54	278	5049973
19062	7361	803	54	278	5049983
19062	7287	818	54	278	5049993
19045	7222	824	55	279	5050003
19031	7169	824	55	279	5050013
19017	7131	823	55	279	5050023
19005	7110	808	55	279	5050033
18999	7101	435	56	279	5050063
19
19053	7586	260	53	278	5050271
19028	7613	393	53	278	5050281
19028	7627	486	53	278	5050291
19028	7636	536	54	278	5050301
19028	7646	576	54	278	5050311
19051	7637	649	54	278	5050321
19080	7619	681	54	278	5050331
19118	7587	732	54	278	5050341
19162	7540	758	54	278	5050351
19206	7480	786	54	278	5050361
19242	7409	806	54	277	5050371
19261	7337	816	55	277	5050381
19261	7270	818	55	276	5050391
19251	7213	818	55	276	5050401
19230	7168	819	55	276	5050411
19206	7137	814	55	276	5050421
19187	7118	788	56	276	5050431
19170	7111	702	56	276	5050441
19156	7111	260	56	276	5050461
15
19130	7585	299	53	278	5050707
19096	7603	477	53	278	5050717
19096	7609	611	54	278	5050727
19096	7616	646	54	278	5050737
19121	7622	697	54	278	5050747
19165	7622	743	54	278	5050757
19226	7622	757	54	277	5050767
19300	7622	790	54	277	5050777
19376	7612	801	54	275	5050787
19446	7599	804	54	275	5050797
19506	7581	804	53	274	5050807
19549	7566	797	53	274	5050817
19576	7554	754	53	273	5050827
19592	7546	672	53	273	5050837
19600	7540	235	53	271	5050857
20
19174	7139	354	54	275	5051043
19103	7108	414	54	275	5051053
19082	7101	545	54	277	5051063
19082	7109	652	55	277	5051073
19091	7109	710	55	279	5051083
19135	7109	780	55	279	5051093
19198	7109	824	56	279	5051103
19277	7109	852	56	277	5051113
19358	7109	875	57	278	5051123
19429	7121	875	57	276	5051133
19490	7138	880	57	276	5051143
19538	7161	878	57	276	5051153
19575	7193	876	57	275	5051163
19605	7230	871	57	275	5051173
19632	7277	846	58	273	5051183
19649	7328	840	58	273	5051193
19649	7374	788	58	272	5051203
19649	7414	724	58	272	5051213
19634	7441	529	57	270	5051223
19634	7441	0	57	270	5051233
11
19686	7481	208	53	270	5051431
19655	7481	416	53	270	5051441
19645	7481	691	53.3333	270	5051471
19680	7481	846	54	270	5051481
19724	7481	888	54	270	5051491
19782	7481	902	54	270	5051501
19848	7481	905	54	269	5051511
19907	7481	900	54	269	5051521
19959	7481	871	54	267	5051531
19999	7481	765	55	267	5051541
20023	7481	236	55	267	5051561
12
18595	6600	381	56	285	5052255
18570	6600	495	56	285	5052265
18557	6612	592	56	285	5052275
18544	6612	732	55	283	5052295
18565	6612	820	55	282	5052305
18615	6612	850	55	282	5052315
18690	6612	861	55	282	5052325
18785	6622	861	55	282	5052335
18882	6622	843	54	281	5052345
18962	6630	802	54	281	5052355
19024	6630	691	55	280	5052365
19064	6630	218	55	279.5	5052385
10
18653	6486	462	56	279	5052503
18558	6458	538	56	279	5052513
18539	6458	689	56	279	5052533
18557	6458	769	56	279	5052543
18603	6458	810	56	279	5052553
18666	6458	829	57	279	5052563
18745	6451	832	57	279	5052573
18828	6451	800	57	279	5052583
18906	6451	726	57	279	5052593
18979	6451	246	57	279	5052613
19
19064	6676	252	56	279	5052779
19011	6713	341	56	279	5052789
18996	6729	472	56	279	5052799
18996	6750	518	56	279	5052809
18996	6758	566	56	279	5052819
19013	6758	607	55	279	5052829
19035	6743	658	55	279	5052839
19062	6719	692	55	279	5052849
19085	6682	757	55	279	5052859
19103	6632	808	55	279	5052869
19114	6570	836	55	279	5052879
19114	6503	854	55	279	5052889
19114	6436	863	55	279	5052899
19104	6380	865	55	279	5052909
19095	6336	869	55	279	5052919
19086	6306	868	55	279	5052929
19077	6287	858	55	279	5052939
19066	6277	803	56	279	5052949
19057	6277	253	56	278.333	5052979
19
19155	6712	339	55	279	5053147
19121	6735	445	55	279	5053157
19113	6744	529	55	279	5053167
19113	6759	571	55	279	5053177
19136	6759	604	55	279	5053187
19167	6759	641	55	279	5053197
19206	6743	680	55	277	5053207
19246	6719	714	55	277	5053217
19284	6680	758	55	276	5053227
19315	6631	809	55	276	5053237
19333	6569	827	55	274	5053247
19333	6503	843	55	274	5053257
19333	6438	850	55	273	5053267
19316	6382	851	55	273	5053277
19301	6340	851	55	273	5053287
19287	6312	843	55	273	5053297
19277	6297	811	56	273	5053307
19270	6288	739	56	273	5053317
19263	6288	272	56	271	5053337
17
19202	6688	325	56	277	5053523
19174	6731	418	56	276	5053533
19174	6750	495	56	276	5053543
19190	6775	574	56	276	5053553
19218	6782	626	56	276	5053563
19261	6782	673	56	276	5053573
19315	6776	706	56	276	5053583
19381	6763	735	56	274	5053593
19453	6747	758	55	274	5053603
19530	6725	775	55	273	5053613
19605	6700	785	55	273	5053623
19666	6673	780	55	271	5053633
19710	6645	778	55	271	5053643
19733	6621	770	55	270	5053653
19740	6602	725	55	270	5053663
19740	6590	583	55	270	5053673
19740	6582	45	55	270	5053693
18
19297	6298	409	56	274	5053879
19250	6268	491	56	274	5053889
19244	6268	627	56	276	5053899
19252	6268	725	56	276	5053909
19279	6268	788	56	276	5053919
19323	6268	832	57	276	5053929
19382	6268	869	57	276	5053939
19448	6278	893	57	276	5053949
19515	6291	901	58	276	5053959
19582	6312	905	58	275	5053969
19638	6342	907	58	275	5053979
19687	6382	904	58	273	5053989
19721	6428	898	58	273	5053999
19743	6476	889	58	273	5054009
19757	6521	875	58	272	5054019
19757	6556	842	58	272	5054029
19757	6583	758	58	270	5054039
19757	6601	287	58	270	5054059
11
19811	6601	479	58	267	5054247
19790	6588	622	58	267	5054257
19790	6582	810	57	267	5054277
19812	6582	890	57	267	5054287
19856	6582	938	57	267	5054297
19919	6590	964	57	267	5054307
19991	6590	976	57	267	5054317
20060	6590	977	56	267	5054327
20118	6590	976	56	267	5054337
20156	6597	945	56	266	5054347
20175	6597	487	56	264.667	5054377
17
21923	10154	93	57	267	5055440
21884	10145	403	54	270	5055450
21858	10145	533	53	270	5055460
21833	10145	678	52	271	5055470
21815	10157	764	52	273	5055480
21807	10157	810	52	273	5055490
21813	10157	853	53	273	5055500
21840	10157	875	53	273	5055510
21892	10157	892	53	273	5055520
21967	10157	896	53	271	5055530
22060	10150	904	53	271	5055540
22153	10142	892	54	270	5055550
22236	10142	873	54	270	5055560
22302	10142	830	54	270	5055570
22346	10142	733	54	269	5055580
22374	10142	585	54	269	5055590
22386	10142	109	54	267	5055610
15
22033	10032	19	53	267	5055708
21891	9989	347	53	267	5055718
21834	9978	429	53	267	5055728
21792	9978	604	53	269	5055738
21771	9978	728	53	269.5	5055758
21788	9978	801	53	270	5055768
21828	9978	828	53	270	5055778
21887	9978	865	53	270	5055788
21961	9978	875	53	270	5055798
22045	9978	877	53	270	5055808
22126	9971	873	53	269	5055818
22195	9971	837	53	269	5055828
22246	9971	756	54	267	5055838
22277	9971	630	54	267	5055848
22293	9964	155	54	266.5	5055868
20
22395	10232	185	53	267	5056064
22354	10271	301	53	267	5056074
22335	10292	486	53	267	5056084
22320	10312	577	53	266	5056094
22312	10325	621	54	265.5	5056114
22325	10325	656	54	265	5056124
22344	10307	711	54	265	5056134
22369	10277	749	54	265	5056144
22399	10235	801	54	265	5056154
22426	10177	834	54	265	5056164
22444	10104	866	54	265	5056174
22444	10021	900	54	265	5056184
22444	9933	925	54	263	5056194
22419	9854	934	54	263	5056204
22396	9789	941	54	262	5056214
22377	9738	940	54	262	5056224
22361	9705	941	54	262	5056234
22350	9685	931	54	262	5056244
22350	9675	842	54.6667	262	5056274
22350	9682	147	55	263.5	5056294
21
22539	10242	214	53	267	5056480
22503	10271	328	53	267	5056490
22487	10288	441	53	267	5056500
22478	10307	573	53	267	5056510
22478	10324	612	54	267	5056520
22478	10335	630	54	267	5056530
22492	10335	638	54	267	5056540
22511	10335	670	54	267	5056550
22540	10309	713	54	267	5056560
22576	10274	757	54	266	5056570
22617	10224	803	54	266	5056580
22651	10161	857	55	264	5056590
22671	10079	887	55	264	5056600
22671	9989	920	55	264	5056610
22665	9902	931	55	264	5056620
22650	9827	934	55	264	5056630
22632	9772	941	55	264	5056640
22618	9736	940	55	264	5056650
22608	9718	934	55	264	5056660
22608	9708	913	55	264	5056670
22602	9708	514	55.25	264	5056710
16
22604	10275	296	53	267	5056968
22548	10275	365	53	267	5056978
22530	10275	515	53	267	5056988
22522	10284	615	53	267	5056998
22532	10291	665	54	267	5057008
22565	10291	705	54	267	5057018
22616	10291	740	54	267	5057028
22683	10291	778	54	267	5057038
22763	10285	802	54	267	5057048
22845	10273	828	54	267	5057058
22922	10259	823	54	266	5057068
22990	10243	824	55	266	5057078
23039	10228	810	55	264	5057088
23067	10216	770	55	264	5057098
23079	10208	631	55	263.5	5057118
23079	10198	38	55	262	5057138
22
22669	9734	198	55	264	5057332
22614	9718	295	56	266	5057342
22600	9710	532	56	266.5	5057362
22600	9701	709	56	267	5057372
22608	9693	812	56	267	5057382
22628	9687	867	56	267	5057392
22661	9687	895	56	267	5057402
22701	9687	908	56	267	5057412
22752	9687	908	56	267	5057422
22808	9710	902	56	267	5057432
22859	9740	888	56	267	5057442
22911	9782	865	56	267	5057452
22957	9834	823	56	267	5057462
22994	9892	809	56	267	5057472
23025	9952	803	56	267	5057482
23045	10007	803	56	266	5057492
23055	10057	809	56	266	5057502
23055	10096	831	56	264	5057512
23048	10129	828	56	264	5057522
23040	10153	828	56	264	5057532
23030	10169	794	56	264	5057542
23024	10180	352	56	264	5057572
13
23125	10115	328	53	266	5057740
23103	10115	431	54	265	5057750
23095	10122	669	54	265	5057770
23095	10131	795	54	265	5057780
23128	10131	846	54	265	5057790
23170	10131	899	54	263	5057800
23227	10131	928	55	263	5057810
23295	10131	957	55	261	5057820
23358	10131	961	55	260	5057830
23414	10131	957	55	260	5057840
23455	10131	936	54	259	5057850
23475	10131	880	54	259	5057860
23482	10124	364	54	257.667	5057890
14
21820	9065	336	54	275	5058552
21785	9058	424	54	275	5058562
21769	9058	561	54	275	5058572
21757	9058	744	54	275	5058602
21792	9058	851	54	274	5058612
21847	9066	889	54	274	5058622
21931	9066	906	54	273	5058632
22035	9076	912	54	273	5058642
22140	9076	911	54	271	5058652
22233	9076	896	54	271	5058662
22302	9076	850	54	270	5058672
22342	9069	791	54	270	5058682
22365	9061	681	54	270	5058692
22375	9061	236	54	269	5058712
14
21870	8880	339	54	270	5058860
21800	8853	422	54	270	5058870
21785	8846	670	54	270	5058900
21808	8846	802	54	270	5058910
21845	8846	860	54	270	5058920
21900	8846	892	54	270	5058930
21968	8846	897	54	270	5058940
22041	8846	903	55	270	5058950
22114	8837	903	55	270	5058960
22180	8837	891	55	269	5058970
22238	8837	862	55	269	5058980
22284	8837	793	55	267	5058990
22314	8837	672	55	267	5059000
22339	8837	203	55	266.5	5059020
20
22389	9171	215	54	267	5059228
22347	9193	278	54	267	5059238
22330	9203	366	54	266	5059248
22320	9212	472	54	265.5	5059268
22327	9212	528	54	265	5059278
22345	9212	578	55	264	5059288
22370	9192	636	55	264	5059298
22395	9163	690	55	264	5059308
22414	9122	746	55	264	5059318
22421	9061	792	55	264	5059328
22421	8985	828	55	263	5059338
22409	8907	861	55	263	5059348
22393	8830	878	55	261	5059358
22377	8767	884	55	261	5059368
22361	8718	890	55	261	5059378
22346	8683	890	55	261	5059388
22335	8662	884	55	261	5059398
22327	8652	829	55.5	261	5059418
22319	8652	561	56	261	5059428
22319	8665	0	56	262	5059448
19
22508	9206	170	54	267	5059692
22485	9222	311	54	267	5059702
22474	9230	453	54	267	5059712
22468	9238	563	54	267	5059732
22474	9244	605	54	267	5059742
22492	9244	637	55	267	5059752
22518	9225	677	55	267	5059762
22552	9199	724	55	267	5059772
22584	9155	767	55	267	5059782
22610	9094	803	55	266	5059792
22628	9017	838	55	266	5059802
22628	8929	864	55	264	5059812
22621	8842	881	55	264	5059822
22602	8761	896	56	264	5059832
22577	8695	897	56	264	5059842
22559	8648	895	56	264	5059852
22543	8616	882	56	264	5059862
22536	8601	752	56	264	5059892
22536	8616	66	56	264	5059912
17
22613	9153	199	55	267	5060092
22567	9171	324	54	267	5060102
22554	9179	433	54	267	5060112
22554	9190	546	54	267	5060122
22574	9200	569	54	267	5060132
22614	9208	611	54	267	5060142
22668	9208	653	55	267	5060152
22727	9208	694	55	267	5060162
22793	9194	746	55	267	5060172
22858	9170	789	55	267	5060182
22917	9135	814	55	266	5060192
22973	9094	817	55	266	5060202
23018	9053	829	55	264	5060212
23050	9014	830	56	264	5060222
23071	8984	817	56	264	5060232
23085	8963	769	56	264	5060242
23085	8953	240	56	262.333	5060272
20
22576	8663	392	57	265	5060488
22552	8637	439	57	267	5060498
22552	8628	590	57	267	5060508
22561	8622	728	57	267	5060518
22576	8622	799	57	267	5060528
22605	8622	869	57	267	5060538
22648	8615	883	57	267	5060548
22710	8622	890	57	267	5060558
22779	8637	888	57	267	5060568
22849	8663	879	57	267	5060578
22918	8697	857	57	267	5060588
22972	8736	849	57	267	5060598
23010	8780	836	57	267	5060608
23034	8821	838	57	265	5060618
23046	8863	836	57	265	5060628
23046	8902	830	57	264	5060638
23055	8937	814	57	264	5060648
23055	8967	779	57	264	5060658
23055	8989	666	57	264	5060668
23055	9001	191	57	264	5060688
11
23155	9012	391	55	267	5060876
23116	9002	456	55	266	5060886
23103	9002	694	55	264.667	5060916
23137	8996	830	56	263	5060926
23180	8996	884	56	263	5060936
23231	8996	905	56	261	5060946
23289	8987	917	56	260	5060956
23342	8987	913	56	260	5060966
23385	8981	882	55	258	5060976
23422	8981	800	55	257	5060986
23439	8981	303	55	256	5061006
16
21708	8080	255	54	273	5061580
21657	8080	354	54	273	5061590
21635	8073	481	54	273	5061600
21624	8073	642	54	273	5061620
21645	8073	749	54	273	5061630
21681	8073	812	54	273	5061640
21735	8073	857	54	273	5061650
21809	8073	888	54	273	5061660
21892	8064	894	54	273	5061670
21984	8064	902	55	271	5061680
22075	8057	895	55	271	5061690
22156	8057	877	55	270	5061700
22224	8057	829	55	270	5061710
22271	8050	754	55	269	5061720
22297	8050	619	55	269	5061730
22308	8040	184	55	267	5061750
13
21825	7923	373	55	267	5061868
21737	7896	468	55	269	5061878
21717	7896	655	55	269.5	5061898
21729	7896	786	55	270	5061908
21764	7905	833	55	270	5061918
21814	7905	873	55	270	5061928
21884	7905	893	55	270	5061938
21967	7905	905	55	270	5061948
22047	7905	891	55	270	5061958
22121	7895	860	55	269	5061968
22179	7887	773	55	269	5061978
22216	7878	603	56	267	5061988
22244	7878	20	56	267	5062008
19
22292	8197	329	54	270	5062192
22247	8224	408	54	270	5062202
22229	8236	521	54	269	5062212
22218	8246	591	54	269	5062222
22218	8252	636	54	267	5062232
22231	8252	673	54	267	5062242
22258	8232	733	54	267	5062252
22293	8201	766	54	266	5062262
22333	8150	803	55	266	5062272
22363	8079	845	55	264	5062282
22377	7990	879	55	264	5062292
22377	7898	898	55	264	5062302
22362	7808	915	55	264	5062312
22342	7729	920	56	263	5062322
22321	7670	919	56	263	5062332
22304	7626	911	56	261	5062342
22293	7600	885	56	261	5062352
22293	7590	846	56	261	5062362
22286	7590	420	56	262.333	5062392
20
22420	8239	257	55	267	5062680
22386	8253	372	55	267	5062690
22370	8263	480	55	267	5062700
22360	8275	570	55	267	5062710
22360	8285	612	55	267	5062720
22366	8293	623	55	267	5062730
22387	8293	651	55	267	5062740
22415	8284	689	55	267	5062750
22449	8261	732	55	266	5062760
22489	8218	766	55	266	5062770
22525	8154	800	56	264	5062780
22552	8071	839	56	264	5062790
22568	7976	863	56	264	5062800
22568	7879	884	56	264	5062810
22558	7789	902	56	264	5062820
22537	7716	903	56	264	5062830
22519	7663	905	56	264	5062840
22503	7629	900	56	264	5062850
22493	7611	790	56	264	5062880
22493	7621	149	56.5	264	5062900
17
22468	8196	3	53	267	5063088
22425	8209	363	54	267	5063098
22412	8218	455	54	267	5063108
22412	8231	575	54	267	5063118
22427	8245	644	54	267	5063128
22456	8255	686	54	267	5063138
22503	8262	715	54	267	5063148
22570	8262	747	55	267	5063158
22643	8248	766	55	267	5063168
22722	8228	793	55	267	5063178
22795	8200	801	55	267	5063188
22854	8167	809	56	266	5063198
22905	8136	810	56	266	5063208
22942	8109	813	56	264	5063218
22969	8089	795	56	264	5063228
22987	8078	740	56	264	5063238
22994	8078	238	56	263.667	5063268
18
22522	7648	327	57	265	5063492
22509	7615	488	58	267	5063502
22509	7604	627	58	267	5063512
22520	7604	703	58	267	5063522
22549	7604	765	58	267	5063532
22592	7604	809	58	267	5063542
22653	7620	817	58	267	5063552
22726	7644	829	58	267	5063562
22798	7674	837	58	267	5063572
22868	7714	837	58	267	5063582
22924	7761	822	58	267	5063592
22966	7813	820	58	267	5063602
22998	7869	830	58	267	5063612
23017	7923	829	58	267	5063622
23026	7968	828	58	265	5063632
23026	8002	817	58	265	5063642
23019	8024	800	58	264	5063652
23011	8037	386	57	264	5063682
15
23076	8026	428	55	266	5063848
23034	8026	461	55	267	5063858
23023	8026	663	55	267	5063878
23039	8026	768	56	267	5063888
23073	8017	822	56	266	5063898
23124	8017	860	56	266	5063908
23187	8017	897	56	264	5063918
23254	8017	932	56	263	5063928
23320	8017	941	56	263	5063938
23371	8017	939	56	261	5063948
23411	8017	917	56	260	5063958
23435	8017	870	57	259	5063968
23445	8017	796	56	258	5063978
23455	8017	648	56	258	5063988
23464	8017	46	56	257	5064008
17
21747	7072	108	54	277	5064524
21686	7057	372	54	275	5064534
21655	7067	485	55	274	5064544
21626	7067	642	55	273	5064554
21608	7067	756	55	273	5064574
21626	7075	853	56	273	5064584
21672	7075	907	56	273	5064594
21743	7081	925	56	273	5064604
21845	7081	957	56	273	5064614
21969	7081	967	56	271	5064624
22095	7081	970	56	271	5064634
22213	7072	968	56	270	5064644
22310	7063	962	56	270	5064654
22377	7057	946	56	269	5064664
22419	7057	927	56	269	5064674
22444	7049	883	56	267	5064684
22454	7049	471	56	266.667	5064714
15
21741	6853	33	56	270	5064972
21716	6846	385	56	270	5064982
21707	6836	502	56	270	5064992
21701	6836	665	56	269	5065012
21715	6836	766	56	267	5065022
21749	6836	833	56	267	5065032
21803	6836	879	56	267	5065042
21877	6836	910	56	267	5065052
21969	6836	929	56	267	5065062
22066	6836	940	56	267	5065072
22159	6829	941	56	267	5065082
22238	6823	925	56	267	5065092
22293	6823	891	56	267	5065102
22327	6811	840	56	267	5065112
22342	6811	426	56	265.75	5065152
21
22428	7160	319	56	267	5065328
22380	7195	389	56	267	5065338
22354	7212	539	56	267	5065348
22337	7224	610	56	267	5065358
22330	7230	646	56	266	5065378
22349	7230	681	56	264	5065388
22373	7210	698	56	264	5065398
22400	7184	751	56	264	5065408
22428	7144	791	56	264	5065418
22455	7088	847	56	264	5065428
22475	7016	884	56	264	5065438
22482	6932	920	57	262	5065448
22482	6847	938	57	262	5065458
22468	6771	948	57	261	5065468
22450	6709	954	57	261	5065478
22434	6663	965	57	261	5065488
22417	6632	969	57	261	5065498
22403	6613	966	57	261	5065508
22389	6603	947	57	261	5065518
22379	6603	852	57.5	262	5065538
22370	6603	220	58	264	5065568
20
22586	7228	354	56	267	5065864
22559	7259	422	56	267	5065874
22551	7268	571	56	267	5065904
22576	7258	665	56	266	5065914
22605	7241	716	56	266	5065924
22641	7212	761	56	264	5065934
22680	7167	825	57	264	5065944
22712	7104	861	57	264	5065954
22732	7019	899	57	264	5065964
22732	6928	926	57	264	5065974
22732	6834	945	57	264	5065984
22707	6748	956	57	264	5065994
22682	6681	963	57	264	5066004
22659	6628	965	57	264	5066014
22642	6596	965	58	264	5066024
22632	6578	956	58	264	5066034
22632	6570	927	58	264	5066044
22625	6570	865	58	264	5066054
22625	6577	681	58	264	5066064
22625	6593	64	58	264	5066084
17
22611	7214	211	55	264	5066308
22599	7237	409	55	264	5066318
22599	7247	527	55	264	5066328
22599	7256	603	55	264	5066338
22617	7266	666	55	264	5066348
22650	7266	709	56	264	5066358
22703	7266	761	56	264	5066368
22776	7266	810	56	264	5066378
22858	7252	833	56	264	5066388
22943	7232	875	56	264	5066398
23018	7207	883	56	264	5066408
23077	7179	889	56	263	5066418
23116	7152	892	56	263	5066428
23135	7127	893	57	261	5066438
23143	7108	887	57	261	5066448
23143	7095	862	57	259	5066458
23143	7089	461	56.3333	258.333	5066488
23
22704	6654	190	59	263	5066716
22669	6631	352	59	263	5066726
22657	6619	486	59	263	5066736
22650	6609	612	59	263	5066746
22650	6600	698	59	265	5066756
22666	6590	793	59	265	5066766
22689	6580	873	59	267	5066776
22729	6568	910	59	267	5066786
22783	6561	939	59	267	5066796
22849	6561	949	59	267	5066806
22920	6575	950	59	265	5066816
22989	6601	948	59	265	5066826
23050	6639	933	59	263	5066836
23100	6684	909	59	263	5066846
23141	6739	915	59	263	5066856
23168	6793	907	59	263	5066866
23186	6845	913	59	262	5066876
23197	6892	910	59	262	5066886
23197	6931	909	59	260	5066896
23197	6966	881	59	260	5066906
23185	6992	820	58	258	5066916
23175	7009	642	58	258	5066926
23169	7017	18	57.5	257	5066946
13
23207	7049	366	57	261	5067152
23154	7043	531	57	261	5067162
23141	7043	712	57	260	5067182
23156	7043	838	57	259	5067192
23194	7049	911	56	258	5067202
23246	7049	975	56	258	5067212
23314	7049	1023	56	258	5067222
23396	7049	1023	56	258	5067232
23479	7049	1023	56	256	5067242
23558	7049	1023	57	256	5067252
23621	7049	1023	57	254	5067262
23659	7049	1013	57	254	5067272
23675	7049	525	57	254	5067312
16
21853	6024	393	61	274	5068964
21778	6042	466	60	273	5068974
21739	6042	605	60	272	5068984
21708	6048	726	59	272	5068994
21695	6048	784	59	270	5069004
21695	6055	830	59	270	5069014
21717	6055	865	58	270	5069024
21771	6062	918	58	270	5069034
21839	6062	939	58	270	5069044
21932	6062	948	58	270	5069054
22037	6052	956	58	270	5069064
22133	6043	952	58	268	5069074
22223	6035	927	58	268	5069084
22297	6035	877	58	267	5069094
22351	6027	745	58	267	5069104
22389	6027	256	58	267	5069124
16
21977	5890	316	58	270	5069244
21830	5842	407	58	270	5069254
21775	5828	486	58	270	5069264
21741	5821	620	58	270	5069274
21729	5821	688	58	270	5069284
21741	5821	767	58	272	5069294
21775	5821	811	58	272	5069304
21825	5821	850	58	272	5069314
21887	5821	882	58	270	5069324
21968	5821	889	58	270	5069334
22049	5821	897	58	270	5069344
22126	5821	891	59	270	5069354
22193	5821	875	59	270	5069364
22241	5814	808	59	270	5069374
22276	5814	715	59	270	5069384
22302	5814	271	59	270	5069404
18
22412	6186	403	58	268	5069588
22367	6210	445	58	268	5069598
22351	6219	544	58	267	5069608
22344	6225	630	58	267	5069628
22363	6211	690	58	267	5069638
22389	6184	738	58	267	5069648
22419	6140	790	58	267	5069658
22445	6079	843	58	267	5069668
22459	6006	889	58	267	5069678
22459	5921	925	58	267	5069688
22444	5843	958	58	265	5069698
22422	5773	988	59	265	5069708
22396	5713	1006	59	263	5069718
22372	5670	1006	59	263	5069728
22352	5638	1004	59	263	5069738
22342	5621	939	59.6667	263	5069768
22349	5627	682	60	265	5069778
22362	5645	133	60	266	5069798
21
22625	6158	404	59	267	5070008
22597	6197	473	58	267	5070018
22585	6215	597	58	267	5070028
22585	6231	650	58	267	5070038
22585	6238	689	58	267	5070058
22609	6218	766	59	267	5070068
22641	6182	815	59	267	5070078
22679	6126	875	59	267	5070088
22714	6050	923	59	267	5070098
22736	5962	951	59	267	5070108
22736	5872	970	59	267	5070118
22736	5787	980	60	267	5070128
22713	5716	984	60	265	5070138
22692	5661	984	60	265	5070148
22671	5622	983	60	263	5070158
22647	5598	976	60	263	5070168
22629	5586	964	60	265	5070178
22616	5586	924	61	265	5070188
22605	5586	825	61	266	5070198
22605	5607	681	61	266	5070208
22613	5627	179	61	266	5070228
19
22577	6087	55	60	267	5070404
22531	6118	420	59	267	5070414
22523	6137	526	59	267	5070424
22523	6155	663	59	267	5070434
22545	6171	707	59	267	5070444
22586	6186	755	59	267	5070454
22646	6198	794	59	267	5070464
22722	6198	829	59	267	5070474
22815	6198	887	59	267	5070484
22911	6189	913	59	267	5070494
23012	6164	934	59	267	5070504
23107	6133	950	59	265	5070514
23186	6100	957	59	265	5070524
23241	6071	959	60	263	5070534
23274	6050	961	60	263	5070544
23291	6038	963	60	261	5070554
23297	6038	932	60	260.5	5070574
23297	6044	801	60	260	5070584
23297	6055	176	59.5	259	5070604
22
22733	5666	405	62	266	5070828
22706	5647	497	62	266	5070838
22696	5637	625	62	266	5070848
22696	5628	721	62	266	5070858
22696	5621	832	62	266	5070868
22708	5613	908	62	266	5070878
22734	5613	945	62	266	5070888
22785	5613	979	62	266	5070898
22847	5632	980	62	266	5070908
22932	5666	988	62	266	5070918
23024	5711	979	62	266	5070928
23107	5763	960	62	266	5070938
23187	5829	939	62	266	5070948
23247	5890	935	62	266	5070958
23291	5948	934	62	266	5070968
23319	5997	938	62	264	5070978
23334	6031	948	62	264	5070988
23334	6056	949	62	263	5070998
23334	6073	946	62	263	5071008
23334	6085	932	61	263	5071018
23325	6091	818	61	261	5071038
23316	6091	235	61	259	5071058
14
23378	6036	367	60	263	5071264
23347	6036	507	60	261	5071274
23336	6036	775	60	260.333	5071304
23344	6036	917	60	260	5071314
23370	6036	968	60	260	5071324
23417	6036	1007	60	260	5071334
23489	6036	1023	60	260	5071344
23581	6036	1023	59	258	5071354
23674	6044	1023	59	258	5071364
23756	6044	1023	59	256	5071374
23820	6044	1023	60	256	5071384
23858	6053	1023	60	256	5071394
23880	6053	981	60	256	5071404
23890	6053	487	60	253.333	5071434
