44
28
1938	8107	191	59	308	4529326
1928	8072	367	59	308	4529336
1920	8047	488	59	308	4529346
1912	8024	578	59	308	4529356
1905	8006	636	60	309	4529366
1905	7991	679	60	309	4529376
1905	7983	764	61	307.333	4529406
1911	7983	823	62	307	4529416
1911	8006	836	62	307	4529426
1925	8041	828	62	307	4529436
1937	8094	828	62	307	4529446
1958	8161	818	62	307	4529456
1982	8235	815	62	307	4529466
2008	8304	816	62	307	4529476
2030	8358	817	62	307	4529486
2045	8395	818	62	307	4529496
2054	8413	817	62	305.5	4529516
2065	8413	827	62	304	4529526
2074	8390	849	62	303	4529536
2086	8352	876	62	303	4529546
2100	8297	903	62	303	4529556
2115	8233	917	62	303	4529566
2129	8166	929	61	302	4529576
2143	8108	933	61	302	4529586
2155	8059	932	62	303	4529596
2165	8025	927	62	303	4529606
2172	8006	912	62	303	4529616
2172	7995	575	62.4	303.4	4529666
10
1998	8086	60	62	307	4529743
1940	8094	495	62	307	4529753
1920	8094	616	62	307	4529763
1911	8100	719	62	307	4529783
1931	8109	794	62	307	4529792
1964	8109	817	61	306	4529802
2009	8116	821	61	306	4529812
2061	8124	799	61	306	4529822
2114	8131	709	61	306	4529832
2158	8139	155	61	306	4529852
22
2500	8224	224	55	291	4532263
2456	8205	340	55	291	4532273
2431	8205	448	55	291	4532283
2410	8205	579	56	292	4532293
2392	8205	670	56	292	4532303
2385	8205	701	56	292	4532313
2392	8205	748	56	292	4532323
2420	8205	789	56	292	4532333
2480	8205	831	56	290	4532343
2573	8205	870	57	291	4532353
2700	8205	897	57	289	4532363
2861	8217	917	57	289	4532373
3045	8223	927	57	289	4532383
3239	8223	938	57	289	4532393
3425	8223	945	58	288	4532403
3582	8213	949	58	288	4532413
3698	8199	952	58	286	4532423
3775	8184	952	58	285	4532433
3819	8173	949	58	285	4532443
3840	8165	942	58	283	4532453
3848	8165	839	58	283	4532473
3840	8165	78	58	282	4532493
13
2001	7584	423	61	297	4533347
1980	7571	514	61	297	4533357
1970	7559	606	61	294	4533367
1970	7546	697	61	294	4533377
1970	7515	767	61	293	4533387
1970	7471	796	60	292	4533397
1970	7418	839	60	292	4533407
1984	7364	844	60	292	4533417
1993	7315	845	60	292	4533427
2002	7276	846	60	292	4533437
2010	7252	822	60	292	4533447
2010	7237	776	60	292	4533457
2020	7237	314	60	292.333	4533487
37
1966	7459	346	60	295	4533543
1951	7498	433	60	295	4533553
1945	7513	536	60	295	4533563
1945	7529	596	60	295	4533573
1945	7546	630	60	293	4533583
1963	7561	650	60	293	4533593
1993	7575	661	60	292	4533603
2036	7588	660	60	292	4533613
2085	7597	657	60	292	4533623
2132	7597	658	59	291	4533633
2174	7597	652	59	291	4533643
2199	7575	656	60	289	4533653
2211	7553	665	60	289	4533663
2211	7524	672	60	288	4533673
2193	7494	672	60	288	4533683
2162	7464	668	60	288	4533693
2123	7440	671	60	288	4533703
2083	7424	668	60	288	4533713
2045	7417	668	60	288	4533723
2021	7417	660	60	288	4533733
2009	7423	632	60	289	4533743
2009	7433	626	60	289	4533753
2035	7442	621	59	291	4533763
2068	7442	621	59	291	4533773
2110	7442	625	59	291	4533783
2153	7442	637	59	291	4533793
2188	7415	658	60	292	4533803
2213	7388	696	60	292	4533813
2222	7351	726	60	292	4533823
2213	7312	736	60	292	4533833
2187	7275	742	60	292	4533843
2145	7244	726	60	292	4533853
2091	7224	710	60	292	4533863
2035	7215	663	60	292	4533873
1987	7215	541	60	293	4533883
1955	7228	302	60	293	4533893
1948	7250	0	60	295	4533913
22
2475	7488	104	59	287	4534851
2443	7495	182	59	287	4534861
2432	7504	287	59	287	4534871
2424	7504	403	60	288	4534881
2424	7513	548	60.3333	288	4534911
2435	7513	668	61	287	4534921
2460	7513	711	61	287	4534931
2504	7513	756	61	285	4534941
2569	7513	814	61	285	4534951
2663	7513	862	61	285	4534961
2782	7519	902	61	285	4534971
2921	7519	931	61	285	4534981
3073	7519	942	61	285	4534991
3225	7519	956	61	285	4535001
3375	7519	955	61	283	4535011
3512	7512	957	61	283	4535021
3630	7512	960	62	281	4535031
3722	7501	962	62	281	4535041
3782	7501	962	62	281	4535051
3813	7491	955	62	279	4535061
3826	7491	876	62	278	4535081
3818	7506	298	62	277	4535101
24
3751	8284	168	58	286	4535327
3705	8328	290	58	286	4535337
3688	8350	423	58	285	4535347
3677	8370	527	58	285	4535357
3677	8388	590	58	283	4535367
3677	8399	621	58	283	4535387
3697	8399	686	58	283	4535397
3722	8384	730	58	283	4535407
3757	8353	761	58	282	4535417
3802	8301	808	58	282	4535427
3851	8227	841	60	280	4535437
3896	8129	871	60	280	4535447
3930	8012	890	60	280	4535457
3950	7888	910	60	279	4535467
3950	7765	927	60	279	4535477
3940	7652	948	60	277	4535487
3918	7556	976	61	277	4535497
3887	7473	992	61	277	4535507
3856	7408	1001	61	277	4535517
3828	7364	1003	62	277	4535527
3807	7339	1003	62	277	4535537
3794	7330	1000	63	278	4535557
3785	7330	892	63.6667	278	4535587
3785	7347	35	64	280	4535607
24
3946	8351	331	56	296	4536759
3931	8396	462	57	296	4536769
3931	8416	528	57	296	4536779
3917	8433	594	58	295	4536789
3917	8442	615	58	295	4536799
3924	8442	639	58	293	4536809
3939	8431	671	58	293	4536819
3966	8403	733	58	293	4536829
4005	8357	766	58	293	4536839
4050	8283	812	59	294	4536849
4091	8193	852	59	293	4536859
4124	8085	879	59	293	4536869
4147	7971	910	60	292	4536879
4158	7862	934	60	292	4536889
4158	7758	955	60	292	4536899
4158	7667	977	61	291	4536909
4144	7590	992	61	291	4536919
4128	7525	999	62	289	4536929
4116	7475	998	63	290	4536939
4107	7445	996	63	290	4536949
4107	7426	977	62	292	4536959
4099	7426	898	63	293	4536969
4092	7447	718	63	295	4536979
4085	7487	68	63.5	295.5	4536999
23
3995	8379	174	57	289	4537451
3957	8390	319	57	289	4537461
3936	8390	479	57	289	4537471
3919	8400	591	57	289	4537481
3908	8407	658	57	289	4537491
3908	8416	704	57	289	4537501
3922	8429	732	58	290	4537511
3953	8444	770	58	290	4537521
4008	8461	798	58	290	4537531
4085	8474	832	59	289	4537541
4188	8474	872	59	289	4537551
4320	8474	898	59	287	4537561
4466	8451	916	59	287	4537571
4620	8407	939	59	285	4537581
4768	8349	951	59	285	4537591
4904	8280	973	59	284	4537601
5021	8207	982	59	282	4537611
5118	8143	989	59	282	4537621
5192	8090	995	60	280	4537631
5237	8052	995	61	279	4537641
5263	8031	992	61	279	4537651
5272	8022	939	61	277	4537671
5265	8028	350	61.5	275.5	4537691
26
4202	7575	234	65	293	4537979
4183	7554	399	65	293	4537989
4174	7554	486	65	293	4537999
4174	7543	558	65	293	4538009
4167	7543	627	64	292	4538019
4178	7535	693	64	292	4538029
4200	7525	749	64	292	4538039
4237	7513	804	64	292	4538049
4296	7504	840	64	292	4538059
4380	7504	893	64	292	4538069
4487	7512	921	64	292	4538079
4614	7531	927	64	292	4538089
4752	7562	926	65	290	4538099
4892	7605	925	65	290	4538109
5029	7660	914	64	287	4538119
5154	7725	909	64	287	4538129
5259	7798	898	64	285	4538139
5337	7872	911	64	285	4538149
5387	7939	939	64	283	4538159
5414	7994	973	64	283	4538169
5424	8037	995	65	281	4538179
5424	8066	1023	65	281	4538189
5424	8083	1023	65	279	4538199
5424	8093	1023	64.1667	274.667	4538259
5417	8093	1012	62.8974	271.128	4538649
5424	8081	46	62.5	274	4538669
22
5375	8078	324	58	276	4539067
5339	8078	422	58	275	4539077
5325	8078	546	58	275	4539087
5316	8089	688	58	273.667	4539117
5344	8089	785	59	275	4539127
5395	8089	845	59	277	4539137
5476	8089	895	59	277	4539147
5591	8089	940	59	277	4539157
5737	8089	970	59	277	4539167
5909	8101	979	59	277	4539177
6104	8113	993	59	277	4539187
6313	8121	995	59	275	4539197
6521	8121	1010	60	275	4539207
6724	8121	1023	60	273	4539217
6916	8121	1023	60	272	4539227
7089	8113	1023	60	272	4539237
7235	8113	1023	60	270	4539247
7338	8101	1023	60	270	4539257
7395	8101	1019	60	268	4539267
7418	8095	970	60.5	267	4539287
7410	8095	833	61	266	4539297
7401	8095	234	61	266	4539317
21
7440	8292	208	57	289	4540151
7401	8344	327	57	289	4540161
7384	8369	457	57	289	4540171
7370	8392	546	57	289	4540181
7362	8407	599	57	289	4540191
7362	8413	647	57.5	288.5	4540211
7369	8392	720	58	288	4540221
7381	8353	790	58	286	4540231
7397	8289	858	58	286	4540241
7416	8194	916	58	286	4540251
7432	8073	946	59	287	4540261
7443	7933	987	59	285	4540271
7452	7792	1014	59	285	4540281
7452	7666	1023	59	284	4540291
7459	7562	1023	60	284	4540301
7459	7488	1023	60	284	4540311
7468	7438	1023	60	284	4540321
7468	7408	1023	61	285	4540331
7468	7396	1011	61	285	4540361
7468	7406	840	61	285	4540371
7468	7431	249	62	285	4540391
47
7390	8444	253	54	281	4540655
7372	8444	377	56	280	4540665
7365	8454	497	56	280	4540675
7365	8460	580	56	279	4540685
7365	8470	649	56	279	4540695
7387	8477	669	56	279	4540705
7425	8485	686	56	279	4540715
7484	8485	716	56	279	4540725
7560	8485	749	57	279	4540735
7650	8485	775	57	278	4540745
7754	8467	809	57	278	4540755
7872	8448	829	57	276	4540765
8001	8425	843	57	276	4540775
8136	8397	859	57	276	4540785
8268	8363	861	57	275	4540795
8385	8323	869	57	275	4540805
8484	8279	877	58	273	4540815
8564	8233	883	58	272	4540825
8623	8181	890	58	270	4540835
8666	8128	896	58	270	4540845
8700	8064	904	59	268	4540855
8725	8008	911	59	268	4540865
8744	7955	918	59	267	4540875
8755	7899	917	60	265	4540885
8761	7853	926	60	265	4540895
8761	7798	924	60	263	4540905
8761	7743	926	61	263	4540915
8753	7696	932	61	263	4540925
8738	7649	946	61	263	4540935
8717	7603	952	61	261	4540945
8690	7558	958	61	261	4540955
8655	7512	962	61	259	4540965
8610	7468	965	62	259	4540975
8555	7424	973	62	259	4540985
8491	7384	984	62	261	4540995
8417	7349	987	63	260	4541005
8335	7319	994	63	262	4541015
8247	7296	1002	63	262	4541025
8150	7274	1011	63	264	4541035
8048	7258	1019	64	264	4541045
7942	7245	1016	64	266	4541055
7841	7245	1023	64	266	4541065
7751	7245	1017	64	268	4541075
7674	7245	986	64	268	4541085
7612	7245	959	64	270	4541095
7562	7245	838	64	270	4541105
7524	7245	266	64	272	4541125
55
8882	7941	163	58	281	4542459
8819	7934	372	58	281	4542469
8790	7925	460	58	280	4542479
8775	7938	572	59	280	4542489
8768	7938	629	59	280	4542499
8780	7938	711	59	280	4542509
8820	7938	746	59	280	4542519
8888	7948	785	59	280	4542529
8987	7955	815	59	280	4542539
9110	7962	832	59	280	4542549
9250	7962	839	59	278	4542559
9391	7962	843	59	278	4542569
9528	7962	844	59	277	4542579
9656	7962	846	60	277	4542589
9770	7950	843	60	275	4542599
9877	7950	843	60	275	4542609
9967	7943	845	60	273	4542619
10036	7943	846	60	273	4542629
10081	7943	846	60	273	4542639
10106	7935	851	60	272	4542649
10117	7935	857	60	272	4542659
10124	7935	885	60.7143	270	4542729
10124	7929	890	61	270	4542749
10130	7929	890	61	270	4542789
10130	7913	895	61	270	4542799
10130	7898	897	61	270	4542809
10130	7874	899	62	270	4542819
10140	7840	907	62	270	4542829
10140	7791	920	62	270	4542839
10140	7719	935	62	270	4542849
10140	7623	950	62	270	4542859
10131	7513	967	62	270	4542869
10120	7402	982	63	270	4542879
10110	7304	992	63	270	4542889
10099	7226	1006	63	270	4542899
10093	7168	1015	63	270	4542909
10093	7125	1015	63	270	4542919
10093	7095	1020	64	270	4542929
10086	7078	1023	64	270	4542939
10086	7068	1023	65.1538	270	4543069
10093	7068	1023	65.125	273	4543149
10093	7062	1023	63	279	4543269
10103	7068	1023	62	281	4543279
10132	7068	1023	62	281	4543289
10187	7075	1023	61	281	4543299
10274	7075	1023	61	281	4543309
10385	7075	1023	61	281	4543319
10514	7082	1023	61	279	4543329
10649	7082	1023	61	279	4543339
10782	7082	1023	61	277	4543349
10902	7071	1023	61	277	4543359
10997	7062	1023	61	277	4543369
11062	7052	1023	61	277	4543379
11098	7052	1023	61	277	4543389
11114	7043	803	61	274.714	4543459
24
11010	7368	258	58	276	4543999
10965	7383	358	58	276	4544009
10938	7392	495	58	276	4544019
10918	7401	612	59	277	4544029
10903	7401	665	59	277	4544039
10903	7409	700	59	277	4544059
10910	7409	733	59	277	4544069
10936	7388	770	60	277	4544079
10979	7360	801	60	277	4544089
11039	7316	832	60	275	4544099
11106	7258	851	60	275	4544109
11173	7184	868	61	274	4544119
11225	7094	884	61	274	4544129
11259	6991	904	61	274	4544139
11272	6884	924	61	274	4544149
11272	6782	954	61	274	4544159
11248	6691	979	62	274	4544169
11221	6615	1008	62	274	4544179
11190	6553	1023	62	274	4544189
11162	6505	1023	62	274	4544199
11143	6477	1023	62	274	4544209
11130	6462	970	63.5	274	4544249
11130	6481	657	65	274	4544259
11130	6505	31	65	274	4544279
26
11106	7416	254	56	274	4544603
11061	7416	341	56	274	4544613
11044	7416	460	57	273	4544623
11034	7430	534	57	273	4544633
11034	7446	589	57	273	4544643
11060	7466	618	57	273	4544653
11100	7488	666	58	273	4544663
11162	7511	705	58	273	4544673
11251	7531	740	58	273	4544683
11359	7547	776	58	273	4544693
11487	7556	814	59	273	4544703
11631	7556	827	59	272	4544713
11789	7543	851	59	272	4544723
11954	7518	861	59	270	4544733
12118	7482	873	59	270	4544743
12268	7436	884	59	270	4544753
12392	7385	898	59	268	4544763
12491	7333	910	60	268	4544773
12558	7285	922	60	267	4544783
12601	7241	941	60	265	4544793
12627	7200	954	60	265	4544803
12641	7168	955	60	263	4544813
12648	7147	956	60	261	4544823
12648	7134	963	61	261	4544833
12656	7134	999	60.9574	255.298	4545303
12662	7134	961	61	255	4545753
33
11157	6503	207	67	279	4546111
11119	6503	335	67	279	4546121
11106	6503	468	67	279	4546131
11097	6509	648	67	278.333	4546161
11108	6503	770	67	277	4546171
11129	6503	823	66	274	4546181
11162	6493	844	66	274	4546191
11216	6493	861	66	274	4546201
11291	6493	867	66	274	4546211
11384	6501	875	66	274	4546221
11492	6512	879	66	274	4546231
11611	6533	882	66	274	4546241
11736	6556	888	66	274	4546251
11862	6585	893	66	274	4546261
11985	6626	899	66	274	4546271
12102	6671	908	66	274	4546281
12209	6724	924	65	272	4546291
12301	6783	926	65	272	4546301
12383	6844	931	65	270	4546311
12450	6905	941	65	270	4546321
12500	6961	961	65	268	4546331
12537	7009	975	65	268	4546341
12559	7045	1014	65	266	4546351
12570	7070	1021	65	264	4546361
12579	7087	1023	64	264	4546371
12579	7097	1023	64	262	4546381
12586	7105	1023	63.2143	258.857	4546521
12586	7111	1023	63	258	4546621
12594	7111	1023	64.1667	260.333	4546681
12600	7111	1023	65	266.375	4546761
12607	7111	1023	63.3529	276.824	4546931
12600	7111	971	62	277.182	4547041
12611	7111	16	61	277	4547061
19
12759	7173	356	57	275	4547319
12702	7164	399	57	275	4547329
12675	7164	542	57	273	4547339
12656	7164	620	58	273	4547349
12646	7164	673	58	273	4547359
12655	7164	726	58	273	4547369
12686	7164	779	58	273	4547379
12747	7164	834	58	273	4547389
12841	7164	870	59	273	4547399
12969	7164	915	59	273	4547409
13122	7164	925	59	273	4547419
13283	7164	939	59	273	4547429
13440	7164	941	59	272	4547439
13576	7164	940	60	272	4547449
13678	7164	938	60	270	4547459
13741	7164	933	60	270	4547469
13774	7157	920	60	270	4547479
13785	7157	852	60	270	4547499
13778	7157	378	61	268.667	4547529
19
13772	7325	278	60	270	4547627
13744	7386	381	60	270	4547637
13738	7413	527	60	270	4547647
13738	7433	587	60	270	4547657
13738	7440	639	60	270	4547667
13748	7440	708	60	270	4547677
13761	7418	779	60	270	4547687
13779	7381	850	59	270	4547697
13798	7327	909	59	270	4547707
13814	7254	955	60	270	4547717
13822	7169	978	60	270	4547727
13829	7085	993	60	270	4547737
13829	7009	998	61	270	4547747
13835	6948	1001	61	270	4547757
13835	6906	999	61	268	4547767
13835	6882	993	61	268	4547777
13835	6868	929	62	266	4547807
13835	6886	701	62	266	4547817
13835	6913	178	63	266	4547837
26
13828	7323	443	62	270	4547907
13794	7365	514	62	270	4547917
13781	7378	649	61	270	4547927
13781	7386	752	61	270	4547947
13799	7386	803	61	270	4547957
13836	7366	826	61	270	4547967
13894	7346	839	60	268	4547977
13971	7320	840	60	268	4547987
14057	7292	832	60	267	4547997
14142	7264	823	60	267	4548007
14214	7234	815	60	267	4548017
14266	7209	802	60	267	4548027
14297	7187	794	61	266	4548037
14304	7168	804	61	266	4548047
14287	7150	828	61	266	4548057
14249	7125	861	61	266	4548067
14192	7098	883	62	266	4548077
14119	7062	918	62	266	4548087
14043	7021	941	62	266	4548097
13973	6982	957	62	266	4548107
13912	6942	967	62	266	4548117
13870	6913	970	63	266	4548127
13845	6893	964	63	266	4548137
13834	6882	906	63	266	4548157
13844	6882	775	63	266	4548167
13861	6902	241	63	266	4548187
20
14459	7271	422	61	266	4548303
14475	7301	522	60	267	4548313
14475	7317	622	60	267	4548323
14465	7331	647	60	267	4548333
14444	7331	670	60	267	4548343
14413	7331	714	60	267	4548353
14374	7303	747	61	266	4548363
14337	7266	779	61	266	4548373
14312	7223	818	61	266	4548383
14302	7178	838	62	266	4548393
14311	7138	881	62	266	4548403
14340	7106	907	62	266	4548413
14379	7085	939	63	266	4548423
14429	7085	943	63	266	4548433
14479	7093	937	63	264	4548443
14523	7122	917	63	264	4548453
14550	7161	882	63	262	4548463
14558	7205	823	63	262	4548473
14543	7245	718	63	262	4548483
14511	7275	210	63	262	4548503
20
14644	7183	97	58	276	4549571
14621	7199	195	58	276	4549581
14610	7207	295	58	276	4549591
14598	7213	391	58	276	4549601
14590	7220	493	58	276	4549611
14583	7220	671	58	276	4549651
14606	7220	824	58	276	4549661
14648	7212	870	58	276	4549671
14722	7212	919	58	276	4549681
14832	7212	951	58	276	4549691
14969	7212	969	58	276	4549701
15125	7212	974	59	275	4549711
15286	7212	986	59	275	4549721
15435	7212	986	59	273	4549731
15567	7212	987	59	273	4549741
15672	7212	987	59	273	4549751
15747	7204	986	59	272	4549761
15795	7204	984	59	272	4549771
15819	7204	985	59	270	4549781
15826	7197	759	59.5714	269	4549851
36
2948	7378	60	52	292	4552255
2938	7408	210	52	292	4552265
2938	7424	322	52	292	4552275
2928	7439	407	52	292	4552285
2928	7452	495	53	291	4552295
2928	7460	554	53	290.5	4552315
2928	7468	579	53	290	4552335
2928	7457	594	54	290	4552345
2928	7438	611	54	290	4552355
2940	7400	633	54	290	4552365
2948	7342	678	54	290	4552375
2956	7260	715	54	290	4552385
2968	7153	749	54	290	4552395
2979	7021	771	54	290	4552405
2986	6865	787	54	290	4552415
2998	6696	799	55	291	4552425
3005	6538	821	55	291	4552435
3005	6402	844	55	291	4552445
3015	6301	862	55	290	4552455
3015	6236	866	56	290	4552465
3015	6195	870	57	289	4552475
3022	6174	875	57	289	4552485
3022	6164	893	57	289	4552525
3030	6164	897	58	290	4552535
3039	6164	899	58	290	4552545
3064	6164	899	58	290	4552555
3111	6164	900	58	290	4552565
3183	6164	898	58	290	4552575
3275	6172	899	58	290	4552585
3377	6172	898	58	290	4552595
3480	6172	899	59	289	4552605
3573	6172	899	59	289	4552615
3645	6172	898	59	287	4552625
3691	6172	893	59	287	4552635
3714	6172	875	59	287	4552645
3721	6172	480	59	287	4552675
17
3723	6422	185	53	299	4552999
3715	6455	271	53	299	4553009
3708	6465	404	53	299	4553029
3702	6465	506	54	299	4553039
3702	6457	579	54	299	4553049
3702	6429	646	55	297	4553059
3702	6383	718	55	297	4553069
3710	6306	787	55	297	4553079
3717	6222	838	55	297	4553089
3724	6133	865	56	298	4553099
3734	6046	883	56	297	4553109
3742	5981	892	56	297	4553119
3751	5928	893	56	296	4553129
3759	5893	898	56	296	4553139
3759	5873	902	56	296	4553149
3767	5865	787	56.5	296	4553189
3767	5880	140	57	296	4553209
32
3739	6357	307	53	297	4553495
3749	6376	407	53	297	4553505
3749	6386	576	53	296	4553515
3749	6393	671	54	297	4553525
3737	6393	712	54	297	4553535
3737	6401	730	54	297	4553555
3754	6394	762	54	295	4553565
3786	6386	773	54	295	4553575
3832	6374	780	55	294	4553585
3891	6359	784	55	295	4553595
3956	6343	785	55	295	4553605
4017	6328	786	55	295	4553615
4071	6310	784	55	295	4553625
4112	6294	779	56	293	4553635
4140	6279	778	56	293	4553645
4155	6266	776	56	292	4553655
4162	6256	776	56	292	4553665
4162	6247	774	56	292	4553675
4162	6240	777	56	292	4553685
4155	6234	776	56	292	4553695
4141	6223	780	56	292	4553705
4119	6208	781	56	292	4553715
4084	6184	791	56	292	4553725
4035	6149	796	56	292	4553735
3976	6108	807	56	292	4553745
3913	6063	821	56	292	4553755
3854	6018	828	56	292	4553765
3807	5978	832	56	292	4553775
3773	5944	838	57	293	4553785
3753	5921	833	57	293	4553795
3743	5906	825	57	293	4553805
3743	5899	477	57	293	4553845
25
4199	6204	93	55	294	4553999
4224	6251	246	55	294	4554009
4224	6271	375	55	294	4554019
4224	6289	493	55	294	4554029
4224	6303	557	55	294	4554039
4217	6313	583	55	292	4554049
4209	6320	606	55	292	4554059
4198	6320	626	55	291	4554069
4182	6313	651	55	291	4554079
4163	6297	675	55	291	4554089
4147	6269	722	55	291	4554099
4134	6234	725	56	292	4554109
4134	6195	748	56	292	4554119
4140	6153	763	56	292	4554129
4164	6117	777	56	292	4554139
4208	6088	792	56	292	4554149
4265	6076	803	56	292	4554159
4327	6084	807	56	292	4554169
4385	6107	801	56	292	4554179
4425	6147	780	56	292	4554189
4440	6193	753	56	292	4554199
4427	6241	733	56	292	4554209
4388	6283	701	56	292	4554219
4334	6310	593	56	292	4554229
4275	6319	135	56	292	4554249
82
4509	6212	75	54	293	4555199
4509	6220	180	54	293	4555209
4509	6227	335	54	293	4555229
4501	6234	485	54	293	4555259
4514	6234	576	54	293	4555269
4527	6234	615	54	293	4555279
4543	6234	643	54	292	4555289
4564	6234	676	54	292	4555299
4593	6234	704	55	291	4555309
4634	6234	735	55	291	4555319
4686	6240	750	55	291	4555329
4749	6240	774	55	290	4555339
4824	6247	792	55	290	4555349
4910	6247	806	56	288	4555359
5008	6247	815	56	288	4555369
5117	6247	832	56	287	4555379
5238	6247	830	56	287	4555389
5370	6247	835	56	285	4555399
5505	6240	831	56	284	4555409
5638	6240	832	56	284	4555419
5761	6232	831	56	282	4555429
5865	6224	831	56	282	4555439
5954	6214	832	57	281	4555449
6027	6206	832	57	281	4555459
6082	6206	832	57	279	4555469
6124	6206	833	57	279	4555479
6155	6206	833	57	279	4555489
6180	6206	833	57	279	4555499
6203	6206	833	57	278	4555509
6223	6212	833	57	278	4555519
6237	6212	833	58	276	4555529
6243	6212	872	58	276	4555609
6243	6219	931	58	276	4555629
6243	6226	940	58	276	4555639
6243	6238	941	58	276	4555649
6243	6256	942	58	276	4555659
6243	6283	939	58	276	4555669
6243	6325	933	58	276	4555679
6243	6382	928	58	276	4555689
6236	6448	929	58	276	4555699
6236	6523	935	58	276	4555709
6236	6598	932	58	276	4555719
6236	6673	935	57	276	4555729
6246	6750	933	57	276	4555739
6246	6831	933	57	276	4555749
6256	6916	931	57	276	4555759
6263	7006	933	57	276	4555769
6263	7091	929	56	276	4555779
6272	7168	926	56	276	4555789
6272	7236	924	56	276	4555799
6272	7293	921	56	276	4555809
6279	7349	921	55	276	4555819
6279	7406	917	55	276	4555829
6279	7462	918	55	276	4555839
6279	7512	918	54	275	4555849
6269	7552	918	54	275	4555859
6269	7582	917	54	275	4555869
6262	7600	918	53	275	4555879
6262	7613	918	53	275	4555889
6262	7621	912	51.7778	275	4555979
6272	7621	904	51	275	4555989
6283	7621	904	51	275	4555999
6304	7621	907	51	275	4556009
6341	7613	905	51	275	4556019
6386	7613	906	51	275	4556029
6446	7613	905	51	275	4556039
6513	7613	907	51	275	4556049
6582	7613	913	51	274	4556059
6659	7613	917	51	274	4556069
6735	7613	919	51	272	4556079
6814	7613	920	51	272	4556089
6899	7613	921	51	272	4556099
6989	7613	926	51	272	4556109
7080	7613	934	51	271	4556119
7168	7613	934	51	271	4556129
7254	7613	939	51	270	4556139
7328	7613	940	51	270	4556149
7396	7613	943	51	270	4556159
7453	7613	947	51	269	4556169
7491	7613	950	51	269	4556179
7516	7613	954	51	268	4556189
7527	7613	749	51.625	264.25	4556269
36
6207	6208	66	52	286	4557219
6207	6231	152	52	286	4557229
6207	6242	268	52	286	4557239
6207	6253	376	52	286	4557249
6207	6263	453	52	286	4557259
6207	6269	526	52	286	4557279
6207	6279	621	52	286	4557309
6207	6285	758	51.2727	285.152	4557639
6207	6267	793	51	283	4557649
6207	6240	794	51	283	4557659
6207	6201	794	51	283	4557669
6200	6143	797	51	283	4557679
6200	6068	799	51	283	4557689
6200	5980	801	51	283	4557699
6200	5882	802	52	283	4557709
6200	5790	813	52	283	4557719
6200	5712	825	52	283	4557729
6200	5648	831	52	283	4557739
6208	5602	832	52	283	4557749
6208	5572	835	53	284	4557759
6208	5555	839	53	284	4557769
6208	5548	875	53.7	284	4557869
6215	5548	890	54	284	4557879
6239	5548	898	54	284	4557889
6286	5556	898	54	284	4557899
6364	5556	902	54	283	4557909
6470	5556	905	54	283	4557919
6585	5556	906	54	281	4557929
6705	5556	910	54	281	4557939
6816	5548	913	54	281	4557949
6914	5533	917	54	281	4557959
6989	5520	918	55	280	4557969
7038	5509	921	55	280	4557979
7065	5502	925	55	279	4557989
7073	5502	868	55	278	4558029
7063	5502	104	55	276	4558049
20
6949	5764	223	55	287	4558427
6911	5780	336	54	287	4558437
6889	5796	432	54	287	4558447
6868	5796	513	54	287	4558457
6856	5796	587	54	287	4558477
6881	5779	643	53	286	4558487
6920	5752	695	53	285	4558497
6980	5708	721	53	285	4558507
7051	5647	756	53	284	4558517
7120	5563	796	53	284	4558527
7174	5469	824	53	284	4558537
7205	5368	848	53	284	4558547
7215	5266	876	53	284	4558557
7203	5177	897	54	284	4558567
7183	5099	905	54	284	4558577
7154	5033	920	54	283	4558587
7121	4984	925	54	283	4558597
7096	4950	924	54	281	4558607
7079	4928	914	55	282	4558617
7068	4921	422	55.5	282	4558657
20
7039	5703	253	51	281	4558875
7029	5718	392	52	282	4558885
7029	5732	460	53	284	4558895
7029	5761	515	53	284	4558905
7059	5787	552	54	284	4558915
7111	5816	598	54	284	4558925
7191	5847	646	53	284	4558935
7300	5871	687	53	284	4558945
7425	5885	711	53	284	4558955
7566	5885	752	53	282	4558965
7707	5870	777	53	282	4558975
7835	5836	801	53	281	4558985
7951	5788	829	53	279	4558995
8045	5725	852	53	279	4559005
8117	5664	866	53	278	4559015
8169	5608	876	53	277	4559025
8205	5563	884	53	277	4559035
8222	5536	884	53	275	4559045
8233	5521	852	53	274.667	4559075
8233	5534	294	53	273.5	4559095
26
7192	4999	237	55	285	4559339
7158	4967	343	55	286	4559349
7146	4953	490	56	287.5	4559369
7146	4945	617	56	287	4559379
7171	4931	689	56	287	4559389
7215	4915	741	56	285	4559399
7278	4904	785	56	285	4559409
7364	4904	827	56	285	4559419
7463	4904	859	57	286	4559429
7575	4924	874	57	286	4559439
7691	4952	884	57	286	4559449
7802	4994	880	57	284	4559459
7906	5045	881	57	284	4559469
7997	5104	875	57	283	4559479
8071	5173	874	57	283	4559489
8130	5240	880	58	281	4559499
8169	5304	896	57	281	4559509
8190	5363	918	57	279	4559519
8203	5410	942	57	279	4559529
8203	5444	962	57	279	4559539
8203	5473	971	57	278	4559549
8203	5490	978	56	277	4559559
8203	5499	995	54.9286	275.643	4559699
8203	5505	1023	54	275	4559789
8209	5505	1023	53.3333	279.394	4560119
8203	5505	810	50.4	281.4	4560269
26
8290	5564	97	53	281	4560460
8298	5586	198	53	281	4560470
8298	5598	291	53	281	4560480
8298	5610	409	53	281	4560489
8288	5620	488	53	281	4560499
8280	5620	536	53	281	4560509
8271	5620	572	53	281	4560519
8261	5620	618	53	281	4560529
8245	5595	696	54	281	4560539
8228	5561	761	54	281	4560549
8216	5515	780	54	283	4560559
8208	5467	806	54	283	4560569
8216	5423	844	54	284	4560579
8239	5391	861	54	284	4560589
8279	5372	876	54	284	4560599
8339	5372	882	54	284	4560609
8405	5372	886	54	284	4560619
8463	5400	883	54	284	4560629
8503	5438	869	54	284	4560639
8515	5484	836	54	283	4560649
8498	5536	830	54	283	4560659
8457	5588	826	54	281	4560669
8397	5624	824	54	281	4560679
8325	5645	785	54	281	4560689
8265	5645	673	54	283	4560699
8226	5645	202	54	283	4560719
102
8561	5522	9	51	280	4561076
8554	5522	184	51	280	4561106
8554	5515	376	51.6667	280	4561136
8554	5507	589	53.3333	279.556	4561225
8561	5507	705	53.5	278	4561245
8567	5507	732	53	278	4561275
8574	5507	784	52.8571	277.714	4561415
8580	5507	851	52	275	4561645
8587	5507	885	52.75	275	4561685
8596	5507	885	53	275	4561705
8605	5507	884	53	275	4561715
8612	5514	885	53	275	4561725
8622	5514	884	53	275	4561735
8633	5514	886	53	275	4561745
8646	5514	888	53	275	4561755
8660	5514	886	53	275	4561765
8674	5514	887	53	275	4561775
8692	5521	887	53	275	4561785
8713	5521	888	53	275	4561795
8736	5528	887	53	275	4561805
8766	5528	889	53	275	4561815
8807	5536	889	53	275	4561825
8860	5536	890	53	275	4561835
8924	5536	892	53	275	4561845
8997	5543	891	53	275	4561855
9074	5543	894	53	274	4561865
9157	5543	895	53	274	4561875
9246	5543	895	53	273	4561885
9335	5543	898	53	273	4561895
9430	5543	909	53	273	4561905
9521	5543	907	53	273	4561915
9607	5550	910	53	271	4561925
9697	5550	910	53	271	4561935
9778	5550	910	53	270	4561945
9847	5550	912	53	270	4561955
9907	5541	912	53	270	4561965
9952	5541	913	53	270	4561975
9984	5541	917	54	270	4561985
10006	5534	924	54	269	4561995
10020	5534	935	54	268	4562015
10027	5534	996	54.3846	267	4562145
10027	5541	1023	56.3333	269.524	4562355
10027	5548	1023	56	274	4562365
10027	5560	1023	56	274	4562375
10027	5583	1023	56	276	4562385
10017	5622	1023	56	276	4562395
10017	5668	1023	56	276	4562405
10007	5722	1023	56	276	4562415
10007	5772	1023	55	276	4562425
9997	5840	1023	55	276	4562435
9990	5917	1023	55	276	4562445
9990	5999	1014	55	276	4562455
9990	6098	1005	55	276	4562465
9990	6178	1001	54	275	4562475
9997	6254	991	54	275	4562485
9997	6321	988	54	275	4562495
9997	6373	989	54	275	4562505
9997	6416	988	54	275	4562515
9997	6445	986	54	275	4562525
9997	6463	984	53	275	4562535
9997	6478	984	53	275	4562545
9997	6486	982	53	275	4562555
9997	6493	981	52	275	4562565
9997	6502	980	52	275	4562575
10005	6511	980	52	275	4562585
10005	6521	980	51	275	4562595
10011	6528	979	50.6154	275	4562725
10018	6528	978	51	275	4562745
10026	6528	980	51	275	4562755
10038	6536	980	51	275	4562765
10064	6542	984	51	275	4562775
10103	6552	984	51	275	4562785
10156	6566	985	51	275	4562795
10227	6584	984	51	275	4562805
10312	6604	985	51	275	4562815
10406	6624	988	51	275	4562825
10503	6643	992	51	275	4562835
10601	6663	995	51	274	4562845
10694	6682	998	51	274	4562855
10785	6701	1000	51	272	4562865
10875	6718	999	51	272	4562875
10953	6729	1000	51	272	4562885
11020	6736	1000	51	272	4562895
11068	6736	1000	51	271	4562905
11100	6744	1006	51	271	4562915
11125	6744	1006	51	270	4562925
11137	6744	1008	50	270	4562935
11144	6744	1017	50	268.533	4563085
11150	6744	1023	50	268	4563115
11158	6744	1023	50	268	4563125
11164	6744	1023	50	268	4563135
11173	6744	1023	50	268	4563145
11182	6750	1023	50	268	4563155
11193	6750	1023	50	268	4563165
11206	6750	1023	50	268	4563175
11219	6750	1023	50	268	4563185
11235	6757	1023	50	268	4563195
11251	6757	1023	50	268	4563205
11261	6757	1023	50	268	4563215
11268	6765	1007	50	268	4563395
11262	6765	472	50	268	4563405
11249	6765	8	50	268	4563425
182
9989	5512	59	48	277	4564172
9989	5525	218	48	277	4564192
9989	5532	617	48	277	4564332
9989	5525	844	48.75	276.5	4564412
9997	5525	888	51	275	4564432
10007	5525	905	50.5	275	4564452
10016	5525	917	50	273	4564522
10023	5525	931	48.6667	270.889	4564612
10030	5525	940	47	270	4564702
10030	5518	941	47	270	4564712
10036	5518	941	47	270	4564732
10044	5518	943	47	270	4564742
10053	5518	943	47	270	4564752
10063	5518	943	47	270	4564762
10070	5511	943	47	270	4564782
10078	5511	944	47	270	4564811
10089	5511	948	47	270	4564821
10097	5511	948	47	270	4564831
10112	5511	952	47	270	4564841
10130	5511	951	47	271	4564851
10152	5511	956	47	271	4564861
10176	5511	956	47	272	4564871
10200	5511	954	48	272	4564881
10231	5511	955	48	272	4564891
10263	5511	955	48	272	4564901
10302	5511	954	48	272	4564911
10344	5511	956	48	271	4564921
10390	5501	956	48	271	4564931
10440	5501	958	48	270	4564941
10492	5501	962	48	270	4564951
10549	5494	963	49	270	4564961
10605	5494	963	49	270	4564971
10664	5494	964	49	270	4564981
10723	5501	965	49	270	4564991
10785	5501	965	49	270	4565001
10849	5501	965	49	270	4565011
10916	5501	968	50	270	4565021
10983	5501	970	50	270	4565031
11050	5501	970	50	270	4565041
11122	5501	971	50	269	4565051
11199	5501	970	50	269	4565061
11280	5507	970	50	268	4565071
11370	5507	976	50	268	4565081
11459	5515	977	50	268	4565091
11551	5515	979	50	268	4565101
11649	5525	980	50	268	4565111
11750	5525	979	50	268	4565121
11856	5533	979	50	268	4565131
11961	5533	980	50	268	4565141
12060	5533	980	50	268	4565151
12155	5533	979	51	268	4565161
12248	5533	978	51	268	4565171
12341	5533	980	51	268	4565181
12428	5527	979	51	268	4565191
12512	5527	984	51	268	4565201
12596	5527	984	51	268	4565211
12677	5527	985	51	268	4565221
12766	5527	984	51	268	4565231
12858	5520	984	51	268	4565241
12949	5520	984	51	268	4565251
13039	5520	985	51	268	4565261
13128	5520	984	51	268	4565271
13218	5520	982	51	268	4565281
13307	5512	985	51	266	4565291
13394	5512	986	51	266	4565301
13477	5503	986	51	265	4565311
13554	5503	987	52	265	4565321
13630	5493	987	52	265	4565331
13702	5493	987	52	265	4565341
13770	5484	986	52	265	4565351
13829	5477	987	52	265	4565361
13876	5477	987	52	265	4565371
13909	5470	988	52	265	4565381
13927	5470	989	52	265	4565391
13935	5470	998	52.9796	265.898	4565881
13935	5478	1013	53	267	4565891
13935	5487	1013	53	267	4565901
13935	5501	1013	53	267	4565911
13942	5519	1012	53	267	4565921
13949	5540	1010	53	267	4565931
13955	5568	1010	53	267	4565941
13963	5594	1009	53	267	4565951
13972	5624	1011	53	267	4565961
13979	5659	1011	53	267	4565971
13986	5694	1013	53	267	4565981
13994	5726	1010	53	267	4565991
14003	5771	1009	53	267	4566001
14011	5817	1007	53	267	4566011
14021	5866	1008	52	267	4566021
14027	5927	1007	52	267	4566031
14027	5978	1005	52	267	4566041
14038	6027	1007	52	267	4566051
14038	6072	1005	52	267	4566061
14038	6115	1006	52	267	4566071
14048	6152	1002	52	267	4566081
14048	6188	1002	52	267	4566091
14048	6219	1003	52	267	4566101
14048	6245	1003	52	267	4566111
14048	6268	1003	52	267	4566121
14048	6289	1002	52	267	4566131
14048	6307	1005	52	267	4566141
14048	6320	1005	52	267	4566151
14055	6329	1005	52	267	4566171
14055	6341	1002	52	267	4566181
14061	6347	1003	52.5	267	4566201
14061	6358	1003	53	267.667	4566231
14061	6367	1002	53	269.5	4566251
14069	6380	1002	53	270	4566261
14069	6388	1002	53	270	4566271
14069	6401	1002	53	270	4566281
14069	6413	1002	53	270	4566291
14069	6429	999	53	270	4566301
14069	6454	1000	53	270	4566311
14069	6473	1000	53	270	4566321
14069	6498	1000	52	270	4566331
14069	6524	1001	52	270	4566341
14069	6542	1001	52	270	4566351
14069	6562	1002	52	270	4566361
14069	6575	1003	52	270	4566371
14069	6583	1003	52	270	4566381
14069	6591	1002	52	270	4566401
14069	6601	1003	51.5	270	4566421
14075	6601	1002	51	270	4566491
14075	6608	1002	51	270	4566511
14083	6624	1003	51	270	4566521
14083	6635	1002	51	270	4566531
14083	6647	1002	51	270	4566541
14083	6657	1002	50	270	4566551
14083	6665	1001	50	270	4566561
14090	6676	1001	50	270	4566571
14090	6687	1002	50	270	4566581
14090	6695	1002	50	270	4566591
14100	6695	1001	50	270	4566601
14100	6703	999	50	270	4566691
14106	6703	992	50	270	4566731
14114	6703	991	50	270	4566741
14120	6703	990	50	270	4566751
14133	6696	991	50	270	4566761
14158	6696	991	50	270	4566771
14189	6689	992	50	270	4566781
14229	6689	992	50	270	4566791
14275	6689	993	50	270	4566801
14325	6689	995	50	270	4566811
14380	6689	995	50	270	4566821
14429	6689	995	50	269	4566831
14478	6689	996	50	269	4566841
14521	6689	998	50	268	4566851
14561	6689	998	50	268	4566861
14602	6689	998	51	268	4566871
14639	6689	1000	51	268	4566881
14676	6689	1001	51	268	4566891
14717	6689	1001	51	268	4566901
14761	6689	999	51	268	4566911
14807	6689	999	51	268	4566921
14855	6689	1000	51	268	4566931
14904	6689	999	51	268	4566941
14952	6689	999	51	268	4566951
15001	6689	1000	51	268	4566961
15054	6689	1000	51	268	4566971
15109	6696	1001	51	268	4566981
15164	6696	1001	51	268	4566991
15221	6703	1001	51	268	4567001
15277	6703	1003	51	268	4567011
15330	6713	1001	51	268	4567021
15381	6713	1001	51	268	4567031
15427	6719	1004	51	268	4567041
15471	6719	1006	51	268	4567051
15513	6726	1006	51	268	4567061
15560	6726	1007	51	268	4567071
15609	6726	1008	51	266	4567081
15660	6735	1008	51	266	4567091
15719	6735	1007	51	265	4567101
15773	6735	1009	51	265	4567111
15825	6735	1009	51	265	4567121
15872	6735	1010	51	265	4567131
15904	6742	1009	51	265	4567141
15926	6742	1010	51	265	4567151
15937	6742	1013	51	265	4567211
15930	6742	968	51	265	4567231
15922	6742	827	51	265	4567241
15911	6742	491	51	265	4567251
15897	6742	14	51	265	4567271
23
15910	7316	282	53	281	4567952
15881	7384	343	53	281	4567962
15867	7413	439	53	281	4567972
15851	7438	489	53	281	4567982
15840	7455	558	53	281	4567992
15840	7464	603	53	281	4568022
15840	7456	663	53	281	4568032
15840	7430	710	53	281	4568042
15840	7378	757	53	281	4568052
15840	7301	818	53	279	4568062
15840	7193	870	53	279	4568072
15852	7062	914	53	278	4568082
15866	6917	942	53	278	4568092
15881	6767	965	53	278	4568102
15898	6629	989	53	278	4568112
15913	6516	1003	54	278	4568122
15922	6432	1017	54	278	4568132
15930	6374	1023	54	277	4568142
15937	6341	1023	55	277	4568152
15937	6324	1023	55	276	4568162
15937	6317	998	55.6667	276	4568192
15937	6333	791	57	276	4568202
15937	6352	278	57	276	4568222
38
15763	7478	291	50	277	4568504
15731	7478	363	50	277	4568514
15718	7478	502	50	277	4568524
15711	7490	600	49	277	4568534
15711	7498	658	49	277	4568544
15726	7498	735	49	277	4568554
15765	7498	791	49	276	4568564
15826	7498	813	49	276	4568574
15910	7498	836	49	275	4568584
16013	7483	851	49	275	4568594
16132	7467	859	50	275	4568604
16252	7440	865	50	274	4568614
16370	7405	866	50	274	4568624
16482	7357	874	51	272	4568634
16577	7301	876	51	271	4568644
16666	7242	881	52	271	4568654
16744	7177	880	52	270	4568664
16803	7110	880	52	270	4568674
16844	7043	884	52	269	4568684
16865	6973	885	53	269	4568694
16872	6902	884	53	267	4568704
16872	6837	895	53	267	4568714
16856	6776	895	53	266	4568724
16834	6718	898	53	266	4568734
16800	6664	910	54	265	4568744
16749	6609	919	54	265	4568754
16680	6553	935	54	265	4568764
16600	6502	942	54	265	4568774
16506	6454	951	54	265	4568784
16405	6415	956	54	265	4568794
16298	6383	957	55	264	4568804
16194	6358	962	55	266	4568814
16103	6339	963	55	266	4568824
16029	6325	961	55	267	4568834
15978	6325	944	55	267	4568844
15946	6317	904	56	269	4568854
15930	6317	787	56	269	4568864
15930	6328	255	56	270	4568884
17
16935	7014	96	55	270	4569288
16922	7014	183	55	270	4569298
16916	7014	298	55	270	4569308
16909	7014	420	55	270	4569328
16903	7020	656	55	270	4569378
16910	7020	800	55	270	4569388
16927	7020	828	55	270	4569398
16965	7028	854	55	269	4569408
17022	7028	880	55	269	4569418
17102	7035	907	55	267	4569428
17194	7035	927	55	267	4569438
17290	7035	940	55	267	4569448
17385	7035	943	55	267	4569458
17462	7035	944	55	266	4569468
17520	7035	947	55	266	4569478
17551	7029	944	55	264	4569488
17564	7029	606	55.2857	262	4569558
9
17904	7200	254	55	279	4569992
17896	7222	280	55	279	4570002
17889	7233	395	55	279	4570012
17889	7252	513	55	279	4570022
17878	7262	620	55	279	4570032
17878	7269	743	55	279	4570072
17885	7269	835	56	277.556	4570162
17892	7269	821	56	276	4570252
17900	7269	42	56	276	4570272
28
16950	7001	112	53	281	4570628
16950	7016	324	53	281	4570638
16950	7024	422	53	281	4570648
16950	7032	477	53	281	4570658
16950	7038	586	53	281	4570678
16950	7049	656	53	281	4570688
16939	7049	681	53	282	4570698
16929	7049	694	53	282	4570708
16913	7049	724	53	284	4570718
16892	7034	756	53	282	4570728
16870	7017	785	53	282	4570738
16852	6994	813	53	281	4570748
16838	6967	847	53	281	4570758
16838	6936	873	53	281	4570768
16838	6906	901	53	281	4570778
16848	6879	923	53	281	4570788
16871	6860	948	53	281	4570798
16906	6851	970	53	281	4570808
16953	6851	977	53	281	4570818
17001	6863	980	53	281	4570828
17045	6879	997	53	281	4570838
17070	6895	994	53	281	4570848
17079	6918	981	53	281	4570858
17067	6942	965	53	281	4570868
17032	6964	931	53	281	4570878
16983	6986	876	53	281	4570888
16922	7000	750	53	281	4570898
16869	7007	158	53	281	4570918
19
17917	7245	185	54	275	4571460
17899	7267	269	54	275	4571470
17888	7283	392	54	275	4571480
17878	7298	533	54	275	4571490
17871	7315	611	54	275	4571500
17871	7326	679	54	275	4571510
17871	7333	710	55	276	4571530
17879	7333	742	55	276	4571540
17887	7322	793	55	276	4571550
17905	7300	850	55	276	4571560
17934	7266	888	55	276	4571570
17975	7223	911	55	276	4571580
18024	7177	924	55	276	4571590
18071	7134	929	55	274	4571600
18114	7096	933	55	274	4571610
18148	7067	924	55	273	4571620
18169	7048	891	55	273	4571630
18180	7037	741	55	273	4571650
18171	7037	133	55	273	4571670
23
18320	7224	408	54	270	4571760
18356	7224	509	54	270	4571780
18346	7214	599	54	270	4571790
18326	7199	665	54	269	4571800
18297	7175	686	54	269	4571810
18258	7145	710	54	267	4571820
18212	7113	754	54	267	4571830
18168	7085	764	54	267	4571840
18133	7064	770	55	267	4571850
18105	7049	798	55	267	4571860
18089	7043	836	55	269	4571870
18079	7043	866	55	269	4571880
18073	7036	906	55	270.889	4571970
18081	7024	907	55	273	4571980
18089	7005	913	55	273	4571990
18095	6973	923	55	273	4572000
18105	6930	942	55	273	4572010
18115	6883	963	55	273	4572020
18115	6838	972	55	273	4572030
18125	6799	998	55	273	4572040
18125	6769	1005	55	273	4572050
18125	6751	1009	55	273	4572060
18125	6743	734	55	270.286	4572130
71
7154	5178	101	55	279	4573552
7171	5188	270	55	279	4573572
7179	5188	408	55	279	4573582
7179	5196	474	55	279	4573592
7185	5196	542	55	279	4573602
7185	5204	591	55	277	4573612
7193	5204	629	55	277	4573622
7193	5210	655	55	276	4573632
7200	5210	805	55	274.118	4573972
7193	5210	882	55	273	4574032
7193	5204	884	55	273	4574052
7185	5204	887	55	273	4574082
7176	5204	887	55	273	4574092
7164	5204	890	55	273	4574102
7140	5193	889	55	271	4574112
7109	5193	892	55	271	4574122
7072	5182	895	55	270	4574132
7034	5182	898	55	270	4574142
6990	5174	899	55	270	4574152
6945	5174	909	55	270	4574162
6899	5174	911	55	270	4574172
6849	5168	914	55	270	4574182
6800	5168	914	55	270	4574192
6750	5161	917	55	270	4574202
6694	5161	921	55	270	4574212
6638	5152	924	55	270	4574222
6585	5152	923	55	270	4574232
6526	5145	925	55	270	4574242
6465	5145	926	55	270	4574252
6398	5145	928	55	270	4574262
6318	5145	932	55	270	4574272
6233	5145	935	55	270	4574282
6146	5145	937	55	270	4574292
6047	5145	937	55	270	4574302
5952	5145	935	55	270	4574312
5853	5139	939	56	270	4574322
5748	5139	938	56	271	4574332
5642	5129	937	56	271	4574342
5532	5122	940	56	273	4574352
5419	5122	940	56	273	4574362
5310	5122	941	56	273	4574372
5208	5122	941	56	273	4574382
5106	5122	943	56	273	4574392
5007	5122	943	56	273	4574402
4907	5114	942	56	273	4574412
4805	5114	942	56	273	4574422
4703	5102	943	56	273	4574432
4597	5095	943	56	273	4574442
4492	5095	945	56	273	4574452
4385	5085	945	56	273	4574462
4282	5085	947	56	274	4574472
4181	5078	948	56	274	4574482
4075	5071	949	56	276	4574492
3970	5065	950	56	276	4574502
3865	5058	950	56	276	4574512
3762	5052	949	56	277	4574522
3666	5052	949	56	277	4574532
3573	5041	952	56	279	4574542
3486	5041	953	56	279	4574552
3404	5030	955	56	280	4574562
3318	5021	954	56	280	4574572
3236	5013	956	55	282	4574582
3150	5005	955	55	282	4574592
3067	4997	955	55	282	4574602
2996	4997	955	55	282	4574612
2933	4989	955	55	282	4574622
2886	4989	955	55	282	4574632
2849	4989	955	55	282	4574642
2821	4989	957	55	283	4574652
2806	4989	947	55	283	4574662
2799	4989	539	55.5	285	4574702
28
2295	5085	201	53	288	4574940
2341	5103	338	52	289	4574950
2357	5103	470	52	289	4574960
2366	5112	634	52	289	4574980
2366	5120	734	52	289	4574990
2366	5129	757	52	289	4575000
2366	5140	773	52	289	4575010
2359	5154	784	52	290	4575020
2346	5170	788	52	290	4575030
2327	5185	788	52	290	4575040
2300	5195	793	52	290	4575050
2265	5195	793	52	289	4575060
2223	5178	807	52	289	4575070
2176	5144	827	52	289	4575080
2136	5096	847	52	289	4575090
2107	5031	874	52	289	4575100
2107	4962	889	52	289	4575110
2118	4896	920	53	290	4575120
2153	4836	954	53	290	4575130
2206	4792	986	53	290	4575140
2269	4766	1008	53	290	4575150
2335	4753	1018	53	290	4575160
2397	4753	1023	53	290	4575170
2446	4771	1023	53	290	4575180
2481	4790	1023	53	290	4575190
2500	4808	1023	53	290	4575200
2507	4821	1023	53	290	4575210
2507	4829	704	54.6667	287.333	4575270
19
11116	7039	92	46	288	4578204
11128	7033	182	46	287	4578214
11145	7025	260	47	285	4578224
11161	7025	315	48	285	4578234
11181	7033	381	49	283	4578244
11205	7041	444	50	282	4578254
11229	7048	501	51	280	4578264
11245	7048	569	52	279	4578274
11253	7048	690	53	277	4578324
11244	7048	777	53	275	4578334
11233	7042	810	53	275	4578344
11211	7042	829	53	275	4578354
11176	7035	847	53	275	4578364
11123	7035	862	53	275	4578374
11071	7035	882	53	275	4578384
11025	7045	881	53	275	4578394
10987	7045	854	53	275	4578404
10966	7053	752	53	275	4578414
10951	7053	182	53	275	4578434
