60
15
3176	10356	377	53	282	5129190
3123	10344	485	53	282	5129200
3090	10336	608	53	281	5129210
3060	10336	716	53	281	5129220
3037	10336	805	54	281	5129250
3067	10330	887	55	282	5129260
3119	10323	906	55	282	5129270
3194	10323	920	55	282	5129280
3290	10315	933	56	282	5129290
3394	10315	935	56	282	5129300
3489	10315	936	57	281	5129310
3566	10315	935	58	281	5129320
3618	10315	933	58	280	5129330
3644	10315	915	58	280	5129340
3654	10315	438	58	280	5129380
16
3284	10132	17	57	281	5129614
3228	10113	316	57	281	5129624
3195	10104	469	58	280	5129634
3166	10097	588	58	280	5129644
3142	10097	693	58	280	5129654
3132	10091	793	58	280	5129674
3165	10091	883	58	280	5129684
3218	10091	918	58	280	5129694
3294	10091	943	59	280	5129704
3386	10091	957	59	280	5129714
3483	10084	966	59	280	5129724
3569	10077	966	59	280	5129734
3639	10069	969	59	280	5129744
3690	10061	964	59	280	5129754
3717	10061	949	59	278	5129764
3730	10053	494	59	277.25	5129804
22
3649	10382	269	55	285	5130082
3629	10422	398	55	283	5130092
3618	10441	529	55	283	5130102
3608	10456	607	55	282	5130112
3608	10465	630	55	282	5130122
3601	10465	640	55	282	5130132
3601	10458	690	56	280	5130142
3619	10434	749	56	280	5130152
3638	10389	818	57	279	5130162
3661	10323	868	57	279	5130172
3687	10242	895	57	279	5130182
3708	10152	954	57	279	5130192
3726	10067	968	57	278	5130202
3738	9992	984	58	278	5130212
3747	9931	990	58	276	5130222
3747	9894	991	58	276	5130232
3754	9872	993	59	277	5130242
3754	9866	986	59	277	5130262
3754	9875	927	60	277	5130272
3754	9890	852	60	277	5130282
3754	9907	715	60	277	5130292
3754	9929	215	61	277	5130312
23
3701	10333	384	58	283	5130438
3635	10390	522	58	283	5130448
3612	10412	620	57	283	5130458
3603	10434	666	57	283	5130468
3603	10447	681	57	283	5130478
3632	10453	692	57	281	5130488
3677	10453	710	57	281	5130498
3740	10441	731	57	279	5130508
3819	10416	747	57	279	5130518
3898	10377	766	57	279	5130528
3970	10325	779	57	278	5130538
4028	10265	797	57	278	5130548
4064	10200	808	57	276	5130558
4077	10134	823	57	276	5130568
4065	10067	831	57	276	5130578
4035	10005	835	58	275	5130588
3990	9952	844	58	275	5130598
3937	9912	844	58	273	5130608
3885	9887	843	58	273	5130618
3838	9874	838	59	273	5130628
3798	9874	808	59	273	5130638
3773	9874	695	59	273	5130648
3758	9886	187	60	274	5130668
21
4160	10204	259	58	281	5130806
4175	10224	347	58	281	5130816
4175	10233	507	58	280	5130826
4168	10243	615	58	280	5130836
4154	10249	645	58	280	5130846
4141	10249	652	58	280	5130856
4127	10249	657	58	280	5130866
4112	10232	676	58	280	5130876
4098	10212	686	58	278	5130886
4098	10185	708	59	278	5130896
4098	10156	715	59	277	5130906
4098	10130	737	59	277	5130916
4124	10109	775	59	277	5130926
4153	10098	809	60	277	5130936
4182	10098	822	60	277	5130946
4213	10108	821	60	277	5130956
4233	10128	819	60	277	5130966
4242	10155	784	60	277	5130976
4242	10186	702	60	277	5130986
4234	10211	568	60	277	5130996
4220	10229	150	60	277	5131016
14
4305	10196	391	57	276	5131162
4275	10196	545	57	276	5131172
4261	10196	681	57	276	5131182
4254	10196	787	58	276	5131202
4271	10196	877	58	276	5131212
4303	10196	905	58	276	5131222
4350	10196	929	58	276	5131232
4411	10196	962	58	276	5131242
4486	10202	976	59	275	5131252
4566	10202	981	59	275	5131262
4643	10202	984	59	273	5131272
4708	10202	978	59	272	5131282
4746	10202	971	59	270	5131292
4765	10202	552	59	268.25	5131332
16
3086	9327	241	58	286	5131846
3023	9320	393	58	286	5131856
2997	9320	533	59	287	5131866
2970	9320	653	59	287	5131876
2959	9320	769	59	287	5131896
2978	9320	853	59	287	5131906
3020	9320	902	60	288	5131916
3089	9320	936	60	288	5131926
3183	9313	961	60	288	5131936
3287	9313	971	60	286	5131946
3393	9313	972	60	286	5131956
3486	9313	973	60	284	5131966
3553	9305	970	60	284	5131976
3594	9305	963	60	284	5131986
3615	9305	893	60	284	5132006
3624	9305	272	60	284	5132036
14
3122	9137	133	59	284	5132166
3045	9112	386	59	284	5132176
3023	9105	510	59	284	5132186
3012	9105	684	59	284	5132206
3032	9105	815	60	284	5132216
3073	9098	858	60	284	5132226
3135	9098	901	60	284	5132236
3220	9098	919	60	284	5132246
3313	9088	921	61	285	5132256
3401	9082	924	61	285	5132266
3475	9072	919	61	285	5132276
3526	9062	902	61	285	5132286
3556	9055	851	61	285	5132296
3570	9055	400	62	285	5132326
19
3655	9433	366	57	289	5132494
3623	9477	484	58	288	5132504
3609	9491	587	58	288	5132514
3595	9501	644	58	286	5132524
3588	9501	680	58	285	5132544
3588	9471	763	58	283	5132554
3601	9432	807	58	283	5132564
3611	9369	854	58	283	5132574
3619	9289	907	59	282	5132584
3619	9203	947	59	282	5132594
3629	9113	969	60	280	5132604
3629	9034	990	60	280	5132614
3636	8969	999	61	281	5132624
3636	8927	999	61	281	5132634
3643	8905	1000	61	279	5132644
3643	8895	974	62	277.667	5132674
3643	8904	847	63	278	5132684
3643	8917	659	63	278	5132694
3643	8935	132	63.5	280	5132714
24
3639	9363	394	61	288	5132830
3585	9405	465	60	288	5132840
3566	9420	561	60	288	5132850
3556	9434	626	60	288	5132860
3568	9445	663	59	287	5132870
3600	9445	670	59	285	5132880
3648	9445	681	59	285	5132890
3710	9445	704	58	283	5132900
3777	9418	725	58	283	5132910
3838	9382	752	58	282	5132920
3891	9334	766	58	282	5132930
3933	9278	791	59	280	5132940
3959	9216	804	59	280	5132950
3968	9154	813	60	279	5132960
3957	9091	825	60	279	5132970
3928	9030	833	60	277	5132980
3882	8974	833	60	277	5132990
3824	8927	832	61	277	5133000
3762	8893	825	61	277	5133010
3704	8873	800	61	277	5133020
3659	8863	775	62	277	5133030
3631	8863	705	62	277	5133040
3620	8863	518	62	277	5133050
3627	8863	14	63	278	5133070
24
4026	9196	383	61	285	5133198
4035	9230	507	61	285	5133208
4035	9246	590	61	285	5133218
4029	9259	647	60	284	5133228
4020	9268	693	60	284	5133238
4008	9268	707	60	282	5133248
3990	9268	746	60	282	5133258
3974	9244	747	61	281	5133268
3959	9221	753	61	281	5133278
3949	9192	764	61	281	5133288
3949	9163	800	61	281	5133298
3970	9138	829	62	281	5133308
3997	9117	852	62	281	5133318
4030	9103	871	62	281	5133328
4064	9103	891	62	281	5133338
4095	9103	895	62	281	5133348
4121	9127	891	62	281	5133358
4136	9151	880	62	281	5133368
4136	9180	865	62	281	5133378
4136	9208	833	62	281	5133388
4114	9231	802	62	281	5133398
4087	9246	729	62	281	5133408
4058	9253	580	62	281	5133418
4033	9253	69	62	281	5133438
16
4174	9211	294	61	281	5133522
4145	9205	460	61	281	5133532
4127	9205	629	61	281	5133542
4110	9205	743	61	281	5133552
4110	9211	832	61	281	5133572
4129	9211	914	61	279	5133582
4161	9211	963	61	279	5133592
4211	9211	1007	62	277	5133602
4276	9211	1017	62	277	5133612
4353	9202	1023	62	277	5133622
4430	9202	1023	62	277	5133632
4500	9202	1023	62	276	5133642
4557	9195	1019	63	276	5133652
4592	9195	1004	63	274	5133662
4614	9195	964	63	274	5133672
4621	9195	508	63	271.333	5133702
15
3089	8433	399	63	295	5134306
3058	8416	538	63	295	5134316
3041	8410	647	63	295	5134326
3034	8410	788	63	295	5134346
3057	8402	882	63	295	5134356
3097	8402	918	62	294	5134366
3160	8402	953	62	294	5134376
3245	8402	976	62	294	5134386
3346	8402	987	62	294	5134396
3443	8402	989	62	292	5134406
3526	8391	989	61	291	5134416
3589	8391	973	62	289	5134426
3629	8384	934	62	289	5134436
3649	8384	855	62	289	5134446
3660	8384	291	61.6667	288.667	5134476
16
3189	8194	203	58	290	5134626
3125	8170	409	59	291	5134636
3106	8170	542	60	289	5134646
3096	8170	703	60.5	288.5	5134666
3109	8170	803	61	288	5134676
3137	8163	853	61	288	5134686
3183	8163	902	61	288	5134696
3246	8156	935	62	289	5134706
3327	8156	954	62	289	5134716
3407	8144	957	62	289	5134726
3485	8138	956	62	289	5134736
3549	8131	949	63	290	5134746
3593	8124	920	63	290	5134756
3621	8124	861	63	290	5134766
3636	8116	754	63	290	5134776
3644	8116	224	63	290	5134796
18
3639	8433	97	59	294	5134934
3615	8491	367	59	293	5134944
3606	8513	498	59	293	5134954
3599	8525	599	59	291	5134964
3599	8533	662	59	291	5134984
3599	8518	736	60	289	5134994
3609	8491	788	60	289	5135004
3623	8450	847	61	288	5135014
3635	8391	887	61	288	5135024
3644	8319	940	61	288	5135034
3644	8240	962	62	287	5135044
3651	8166	969	62	287	5135054
3651	8101	973	62	285	5135064
3658	8053	978	62	285	5135074
3658	8023	977	62	285	5135084
3658	8004	974	62	285	5135094
3658	7997	841	62.75	285.75	5135134
3658	8016	37	63	286	5135154
23
3677	8462	330	61	293	5135250
3644	8507	480	60	292	5135260
3628	8519	621	60	292	5135270
3617	8527	702	60	291	5135290
3638	8527	732	60	290	5135300
3681	8527	740	60	288	5135310
3744	8503	763	60	288	5135320
3822	8473	792	60	286	5135330
3903	8430	812	60	286	5135340
3975	8378	832	61	285	5135350
4030	8321	837	61	283	5135360
4063	8263	847	61	283	5135370
4076	8207	850	62	281	5135380
4065	8155	856	62	281	5135390
4033	8105	862	62	281	5135400
3982	8061	864	63	282	5135410
3913	8023	865	63	282	5135420
3842	7994	862	63	282	5135430
3780	7977	858	63	282	5135440
3732	7970	837	63	282	5135450
3705	7970	784	63	282	5135460
3691	7970	627	63	284	5135470
3691	7984	121	63	285	5135490
21
4150	8277	328	59	284	5135714
4162	8293	462	60	284	5135724
4162	8303	575	60	284	5135734
4162	8312	641	60	284	5135744
4162	8319	668	60	284	5135764
4152	8319	680	61	285	5135774
4140	8303	693	61	285	5135784
4128	8282	724	61	285	5135794
4117	8255	741	62	285	5135804
4117	8223	774	62	285	5135814
4117	8193	794	62	285	5135824
4133	8167	823	62	285	5135834
4155	8148	850	62	285	5135844
4183	8141	861	63	286	5135854
4209	8141	867	63	286	5135864
4232	8167	861	63	284	5135874
4247	8201	845	63	284	5135884
4247	8240	821	63	282	5135894
4247	8278	768	63	282	5135904
4232	8306	675	63	282	5135914
4214	8319	228	63	283	5135934
13
4320	8236	507	60	280	5136074
4288	8258	657	60	280	5136084
4276	8258	748	60	280	5136094
4276	8267	832	61	281	5136114
4301	8267	918	61	281	5136124
4343	8259	951	62	281	5136134
4403	8259	988	62	281	5136144
4478	8259	1010	62	281	5136154
4555	8250	1020	63	280	5136164
4628	8250	1020	63	280	5136174
4683	8250	1017	63	278	5136184
4720	8250	999	63	276	5136194
4740	8250	602	64	274.5	5136234
16
3238	7608	305	57	293	5137750
3184	7579	453	57	293	5137760
3154	7570	577	57	293	5137770
3130	7570	675	57	293	5137780
3121	7570	771	57	292	5137800
3128	7570	846	56	290	5137810
3150	7570	883	57	289	5137820
3191	7570	924	57	289	5137830
3254	7563	949	57	289	5137840
3336	7563	962	57	289	5137850
3428	7555	966	57	289	5137860
3516	7545	966	57	289	5137870
3593	7534	955	56	287	5137880
3645	7525	914	56	287	5137890
3675	7517	852	56	285	5137900
3689	7517	393	56	284.667	5137930
16
3154	7201	232	57	289	5138166
3100	7167	388	57	289	5138176
3075	7153	536	57	289	5138186
3063	7145	709	57	289	5138206
3079	7145	836	57	289	5138216
3118	7138	922	58	290	5138226
3175	7138	961	58	290	5138236
3251	7138	992	58	290	5138246
3337	7138	1000	58	290	5138256
3420	7138	1002	59	291	5138266
3494	7138	1000	59	291	5138276
3548	7138	982	60	289	5138286
3585	7138	940	60	289	5138296
3605	7138	855	60	288	5138306
3621	7138	715	60	288	5138316
3634	7145	168	60	288	5138336
20
3694	7543	353	55	291	5138514
3670	7597	471	55	290	5138524
3656	7617	566	55	290	5138534
3644	7633	650	56	288	5138544
3636	7641	691	56.5	287.5	5138564
3636	7628	771	57	287	5138574
3645	7598	838	57	286	5138584
3656	7550	882	57	286	5138594
3667	7477	956	58	285	5138604
3681	7388	1006	58	285	5138614
3690	7292	1023	58	283	5138624
3701	7197	1023	58	283	5138634
3710	7118	1023	58	283	5138644
3717	7056	1023	58	283	5138654
3717	7016	1023	58	283	5138664
3725	6995	1023	59	284	5138674
3725	6987	1009	59.3333	284	5138704
3725	6999	866	60	286	5138714
3725	7014	724	60	286	5138724
3725	7034	215	60	288	5138744
23
3681	7580	398	57	289	5138890
3643	7614	486	57	289	5138900
3633	7625	566	57	289	5138910
3633	7633	617	58	288	5138920
3652	7633	644	57	287	5138930
3688	7633	668	57	286	5138940
3738	7619	687	57	286	5138950
3803	7597	708	57	284	5138960
3868	7559	727	57	284	5138970
3925	7505	768	58	283	5138980
3972	7440	804	58	283	5138990
4002	7367	851	58	282	5139000
4012	7288	877	58	282	5139010
4005	7214	892	58	280	5139020
3980	7143	912	59	280	5139030
3940	7078	919	59	280	5139040
3897	7030	922	59	280	5139050
3847	6993	918	59	280	5139060
3801	6972	894	60	280	5139070
3767	6963	849	60	280	5139080
3740	6963	783	59	282	5139090
3727	6963	579	60	282	5139100
3727	6984	63	60	284	5139120
21
4124	7371	331	56	285	5139338
4131	7389	488	57	284	5139348
4131	7400	582	57	284	5139358
4125	7416	653	57	283	5139368
4125	7431	686	57	283	5139378
4116	7443	696	57	283	5139398
4100	7443	703	58	283	5139408
4082	7424	718	58	283	5139418
4059	7393	753	58	283	5139428
4038	7355	780	58	283	5139438
4025	7319	794	58	283	5139448
4025	7288	830	58	283	5139458
4037	7268	847	59	284	5139468
4058	7257	875	59	284	5139478
4084	7257	891	59	284	5139488
4110	7263	891	59	284	5139498
4136	7284	876	59	284	5139508
4152	7311	829	59	284	5139518
4161	7346	747	59	284	5139528
4161	7379	627	59	284	5139538
4161	7405	50	59	284	5139558
16
4245	7393	189	54	281	5139702
4201	7393	423	54	281	5139712
4183	7400	586	54	281	5139722
4170	7400	690	55	282	5139732
4170	7407	762	56	280	5139742
4179	7407	839	56	280	5139752
4208	7399	888	57	279	5139762
4256	7392	931	57	279	5139772
4327	7392	962	58	280	5139782
4415	7392	985	58	280	5139792
4510	7392	994	58	280	5139802
4596	7402	993	59	278	5139812
4666	7402	986	59	278	5139822
4711	7410	962	59	277	5139832
4733	7410	914	59	275	5139842
4742	7410	464	59	272.667	5139872
18
3154	6583	287	60	295	5140418
3118	6593	432	60	295	5140428
3095	6593	562	59	294	5140438
3075	6600	679	59	294	5140448
3058	6600	758	59	294	5140458
3049	6600	818	59	293	5140478
3073	6600	897	58	290	5140488
3110	6600	920	58	290	5140498
3167	6600	968	58	290	5140508
3243	6600	991	58	290	5140518
3326	6600	995	58	290	5140528
3412	6592	993	57	289	5140538
3492	6592	985	57	289	5140548
3553	6592	952	57	289	5140558
3595	6584	912	58	288	5140568
3617	6584	809	58	288	5140578
3626	6572	650	58	286	5140588
3626	6564	71	58	286	5140608
14
3255	6419	348	59	289	5140734
3187	6379	461	59	289	5140744
3167	6369	593	58	290	5140754
3155	6369	749	58	290	5140774
3186	6369	862	59	289	5140784
3227	6375	911	59	289	5140794
3282	6375	936	59	287	5140804
3345	6375	947	59	287	5140814
3409	6368	951	59	287	5140824
3472	6360	943	59	287	5140834
3533	6360	906	59	287	5140844
3590	6360	800	58	286	5140854
3641	6360	630	59	287	5140864
3683	6373	52	59	287	5140884
19
3682	6606	155	58	290	5141014
3660	6650	327	58	290	5141024
3646	6670	481	58	290	5141034
3632	6688	603	58	290	5141044
3622	6704	684	59	289	5141054
3615	6716	774	59	288	5141074
3615	6723	820	59	287	5141084
3615	6714	884	59	287	5141094
3628	6693	918	59	285	5141104
3644	6657	977	59	285	5141114
3659	6600	1010	59	284	5141124
3673	6531	1023	59	284	5141134
3681	6453	1023	58	283	5141144
3681	6381	1023	58	283	5141154
3690	6323	1023	58	283	5141164
3690	6279	1023	58	283	5141174
3690	6254	1023	59	284	5141184
3690	6241	923	59	284.25	5141224
3690	6257	202	59	286	5141244
23
3725	6641	388	58	290	5141370
3690	6649	518	59	289	5141380
3675	6658	625	59	289	5141390
3667	6658	683	59	287	5141400
3667	6669	703	59	287	5141410
3697	6669	717	59	287	5141420
3743	6669	733	59	285	5141430
3806	6669	755	59	285	5141440
3882	6649	779	59	284	5141450
3957	6620	792	59	284	5141460
4020	6580	812	58	282	5141470
4066	6527	834	58	282	5141480
4093	6467	876	59	280	5141490
4093	6404	894	59	280	5141500
4083	6343	922	59	280	5141510
4053	6290	940	59	280	5141520
4005	6248	944	59	280	5141530
3947	6216	942	59	280	5141540
3887	6196	923	59	280	5141550
3831	6186	896	59	280	5141560
3792	6186	837	60	280	5141570
3767	6186	734	59	282	5141580
3767	6203	252	59	283	5141600
24
4178	6480	336	57	283	5141818
4187	6493	422	57	283	5141828
4187	6506	530	58	283	5141838
4187	6522	611	58	283	5141848
4187	6538	656	59	282	5141858
4175	6551	672	59	282	5141868
4163	6557	693	60	280	5141878
4144	6557	738	61	281	5141888
4119	6545	791	61	281	5141898
4095	6527	837	61	281	5141908
4077	6499	862	61	281	5141918
4069	6469	878	61	281	5141928
4078	6437	905	61	281	5141938
4098	6407	920	61	281	5141948
4132	6386	931	60	280	5141958
4172	6374	941	60	280	5141968
4209	6374	943	60	280	5141978
4241	6391	947	59	282	5141988
4262	6417	937	59	282	5141998
4273	6448	911	59	284	5142008
4273	6480	860	59	284	5142018
4266	6509	803	59	284	5142028
4251	6530	657	59	284	5142038
4230	6539	144	59	284	5142058
16
4346	6496	415	62	279	5142182
4316	6496	536	62	279	5142192
4299	6496	695	62	279	5142202
4287	6496	801	62	277	5142212
4280	6504	883	62	277	5142232
4295	6504	963	61	277	5142242
4322	6493	1006	61	277	5142252
4369	6487	1023	61	277	5142262
4434	6487	1023	61	277	5142272
4509	6487	1023	61	277	5142282
4577	6487	1023	60	277	5142292
4630	6487	1023	60	275	5142302
4665	6487	1023	60	275	5142312
4680	6487	980	60	273	5142322
4686	6487	870	60	273	5142332
4686	6480	316	60	273	5142352
18
5981	10148	333	66	274	5143058
5895	10148	477	64	272	5143068
5851	10148	621	62	272	5143078
5819	10148	715	61	270	5143088
5803	10148	806	58.5	270	5143108
5822	10148	877	57	270	5143118
5860	10148	906	56	269	5143128
5919	10148	928	56	269	5143138
5998	10148	935	56	267	5143148
6086	10148	945	56	267	5143158
6173	10140	943	56	267	5143168
6246	10140	940	57	267	5143178
6302	10126	918	57	267	5143188
6341	10117	869	57	265	5143198
6360	10109	788	57	265	5143208
6370	10109	669	57	264	5143218
6370	10103	461	57	264	5143228
6358	10103	9	56	264	5143248
16
5996	9993	158	56	267	5143354
5886	9963	325	56	267	5143364
5849	9954	484	56	267	5143374
5828	9954	676	56	267	5143394
5842	9954	788	56	267	5143404
5874	9954	847	57	267	5143414
5919	9944	876	57	267	5143424
5976	9938	903	57	267	5143434
6042	9928	920	57	267	5143444
6105	9919	926	57	267	5143454
6168	9909	927	57	267	5143464
6223	9901	916	57	267	5143474
6269	9901	882	57	265	5143484
6301	9901	799	57	265	5143494
6325	9901	641	57	264	5143504
6339	9901	58	57	264	5143524
19
6349	10136	236	57	264	5143642
6343	10178	363	56	264	5143652
6343	10195	548	56	264	5143662
6336	10209	634	56	264	5143672
6336	10216	672	56	264	5143692
6336	10207	722	57	264	5143702
6336	10184	812	57	264	5143712
6336	10145	851	57	264	5143722
6336	10088	903	57	265	5143732
6336	10018	960	57	265	5143742
6336	9943	983	57	265	5143752
6336	9874	1003	57	265	5143762
6345	9819	1007	57	264	5143772
6353	9780	1009	58	264	5143782
6360	9762	1012	58	264	5143792
6360	9754	990	58	264	5143822
6360	9763	865	58	264	5143832
6360	9778	694	58	264	5143842
6360	9802	84	58	264	5143862
22
6384	10120	285	58	264	5143962
6351	10155	374	58	264	5143972
6340	10169	538	58	264	5143982
6340	10184	599	57	264	5143992
6340	10197	634	57	264	5144002
6358	10205	638	57	264	5144012
6387	10205	660	57	264	5144022
6429	10205	674	57	264	5144032
6479	10183	715	57	264	5144042
6526	10152	750	57	264	5144052
6567	10108	773	57	264	5144062
6593	10056	792	57	264	5144072
6602	9998	815	57	264	5144082
6596	9943	827	57	264	5144092
6570	9893	832	58	262	5144102
6534	9853	829	58	262	5144112
6487	9822	826	58	260	5144122
6436	9798	800	58	260	5144132
6390	9787	743	58	260	5144142
6346	9780	659	58	260	5144152
6314	9780	530	58	260	5144162
6294	9780	50	58	260	5144182
20
6700	10058	266	57	267	5144346
6706	10065	348	57	267	5144356
6691	10072	489	57	267	5144366
6678	10072	568	57	267	5144376
6665	10072	614	57	267	5144386
6652	10072	641	57	267	5144396
6640	10060	682	57	265	5144406
6630	10045	725	58	265	5144416
6621	10025	741	58	264	5144426
6615	10000	764	58	264	5144436
6615	9973	771	58	264	5144446
6621	9948	796	58	264	5144456
6633	9929	821	58	264	5144466
6652	9921	831	58	262	5144476
6675	9921	839	58	262	5144486
6701	9935	825	58	260	5144496
6724	9959	814	58	260	5144506
6741	9989	755	58	260	5144516
6741	10020	641	58	260	5144526
6741	10047	149	58	260	5144546
15
6788	10034	384	57	267	5144694
6756	10034	512	57	267	5144704
6743	10034	679	57	267	5144714
6735	10034	834	57	265	5144734
6751	10034	941	57	264	5144744
6781	10034	976	57	264	5144754
6830	10034	993	57	264	5144764
6893	10034	1000	57	262	5144774
6969	10034	1008	57	262	5144784
7043	10044	1006	58	260	5144794
7105	10044	995	58	260	5144804
7156	10051	980	58	260	5144814
7185	10051	924	58	259	5144824
7202	10051	795	58	259	5144834
7209	10045	220	57	257	5144854
15
5808	9188	382	60	280	5145434
5767	9211	532	58	280	5145444
5753	9211	638	58	280	5145454
5746	9220	748	57	279	5145474
5760	9220	837	57	279	5145484
5798	9212	881	57	279	5145494
5865	9212	935	57	278	5145504
5956	9206	949	57	278	5145514
6066	9206	966	57	276	5145524
6174	9206	970	57	276	5145534
6263	9206	968	58	275	5145544
6330	9206	961	58	275	5145554
6374	9196	940	58	273	5145564
6397	9196	886	58	273	5145574
6407	9188	358	58	271.75	5145614
17
5915	8988	53	57	275	5145742
5850	8965	383	57	275	5145752
5827	8965	534	57	276	5145762
5811	8957	664	57	276	5145772
5805	8957	750	57	276	5145782
5805	8964	808	57	276	5145792
5834	8964	858	57	276	5145802
5878	8973	895	58	276	5145812
5941	8973	919	58	276	5145822
6021	8973	944	58	275	5145832
6102	8973	952	58	275	5145842
6178	8973	952	58	273	5145852
6242	8967	949	58	273	5145862
6289	8967	929	58	273	5145872
6325	8967	889	58	273	5145882
6348	8967	770	58	273	5145892
6366	8967	256	58	273	5145912
18
6467	9248	265	57	270	5146050
6460	9297	377	57	270	5146060
6460	9317	518	57	272	5146070
6448	9331	619	57	272	5146080
6448	9342	650	57	273	5146090
6438	9342	687	57	273	5146110
6438	9316	762	57	272	5146120
6430	9283	829	57	272	5146130
6430	9230	892	58	270	5146140
6430	9163	934	58	270	5146150
6430	9083	972	58	270	5146160
6430	8998	1002	58	270	5146170
6423	8922	1014	58	270	5146180
6423	8860	1023	58	270	5146190
6431	8818	1023	58	270	5146200
6431	8797	1023	58	270	5146210
6437	8787	920	59	268.25	5146250
6437	8805	246	59	267	5146270
22
6435	9298	393	57	272	5146399
6395	9307	459	57	272	5146409
6383	9307	589	57	273	5146429
6391	9307	674	57	273	5146439
6429	9307	707	57	273	5146449
6485	9293	740	57	272	5146459
6560	9271	767	57	272	5146468
6641	9237	784	57	270	5146478
6708	9198	795	57	270	5146488
6763	9150	817	57	268	5146498
6795	9095	833	57	268	5146508
6809	9034	855	58	267	5146518
6809	8971	875	58	267	5146528
6780	8909	903	58	267	5146538
6735	8852	913	58	267	5146548
6676	8809	914	58	267	5146558
6608	8775	913	58	267	5146568
6544	8758	902	58	267	5146578
6492	8758	864	58	267	5146588
6456	8758	805	58	267	5146598
6440	8758	644	59	267	5146608
6440	8773	172	59	267	5146628
23
6900	9048	223	58	272	5146803
6908	9062	410	58	270	5146823
6908	9076	544	58	270	5146833
6908	9086	601	58	270	5146843
6899	9092	644	58	270	5146852
6899	9099	671	59	268	5146862
6885	9099	686	59	268	5146872
6872	9099	710	59	267	5146882
6857	9084	724	59	267	5146892
6837	9064	763	59	267	5146902
6822	9039	784	59	267	5146912
6822	9012	810	59	267	5146922
6822	8983	834	59	267	5146932
6837	8963	858	59	267	5146942
6864	8946	891	59	267	5146952
6895	8939	902	59	267	5146962
6928	8939	910	59	267	5146972
6957	8956	893	59	267	5146982
6975	8981	841	59	267	5146992
6983	9011	786	59	267	5147002
6983	9040	691	59	267	5147012
6962	9063	553	59	267	5147022
6945	9075	103	59	267	5147042
17
7031	9020	334	58	267	5147143
7004	9012	506	58	267	5147153
6986	9012	657	58	267	5147163
6974	9012	750	58	267	5147173
6974	9018	800	58	267	5147183
6982	9018	873	58	267	5147193
7008	9026	928	58	267	5147203
7050	9026	970	58	267	5147213
7106	9026	1000	58	267	5147223
7170	9026	1023	59	265	5147232
7237	9026	1023	59	265	5147242
7301	9026	1023	59	263	5147252
7359	9026	1023	59	263	5147262
7402	9026	1023	59	263	5147272
7431	9026	1019	59	262	5147282
7447	9032	973	59	262	5147292
7454	9032	490	59	260	5147322
15
5804	8255	269	53	278	5147847
5769	8269	388	54	278	5147857
5754	8269	551	55	279	5147867
5744	8281	666	56	279	5147877
5737	8281	777	56.5	279	5147897
5754	8281	887	57	279	5147907
5796	8281	933	57	278	5147917
5863	8281	961	57	278	5147927
5960	8281	989	57	276	5147937
6067	8273	989	57	276	5147947
6165	8273	992	57	276	5147957
6251	8273	978	57	275	5147967
6303	8282	950	57	275	5147977
6336	8282	914	57	273	5147987
6349	8282	518	57	273	5148027
17
5895	8038	231	56	274	5148171
5855	8031	428	56	274	5148181
5839	8031	605	57	276	5148191
5829	8031	734	57	276	5148201
5822	8031	846	57	276	5148221
5836	8031	911	57	276	5148231
5864	8031	956	57	275	5148241
5910	8031	980	57	275	5148251
5973	8031	994	58	273	5148261
6049	8031	1005	58	273	5148271
6123	8039	1002	58	273	5148281
6192	8039	1003	58	273	5148291
6243	8049	981	58	273	5148301
6276	8049	948	58	273	5148311
6299	8049	882	58	273	5148321
6306	8049	688	58	273	5148341
6314	8041	48	58	272	5148361
19
6321	8235	334	57	273	5148459
6314	8288	414	57	273	5148469
6305	8315	560	57	273	5148479
6305	8339	654	57	273	5148489
6305	8360	717	57	273	5148499
6305	8372	754	57	273	5148529
6305	8355	814	57	273	5148539
6305	8328	859	57	273	5148549
6313	8285	901	58	273	5148559
6321	8229	949	58	273	5148569
6329	8161	980	58	273	5148579
6337	8087	1005	58	273	5148589
6345	8013	1017	58	273	5148599
6352	7951	1020	58	273	5148609
6360	7908	1023	58	273	5148619
6360	7882	1023	58	273	5148629
6369	7872	970	58.5	271	5148669
6369	7886	757	59	270	5148679
6369	7902	250	59	270	5148699
24
6369	8277	152	58	270	5148807
6337	8322	418	57	270	5148817
6322	8338	497	57	270	5148827
6313	8347	585	57	270	5148837
6313	8353	640	57	270	5148847
6320	8353	660	57	270	5148857
6352	8346	673	57	270	5148867
6406	8333	696	57	270	5148877
6475	8313	720	57	270	5148887
6548	8285	747	57	270	5148897
6613	8248	770	57	270	5148907
6659	8203	785	57	270	5148917
6689	8156	812	57	270	5148927
6703	8104	828	58	270	5148937
6703	8055	845	58	270	5148947
6684	8004	861	58	270	5148957
6650	7955	881	58	268	5148967
6600	7915	890	58	268	5148977
6538	7881	897	58	267	5148987
6474	7859	889	58	267	5148997
6421	7849	871	58	268	5149007
6388	7849	794	59	268	5149017
6374	7849	620	59	270	5149027
6374	7865	40	59	270	5149047
19
6744	8146	334	57	273	5149223
6713	8146	424	57	273	5149233
6702	8146	696	57	272.333	5149263
6708	8146	870	57	270	5149273
6737	8146	914	57	270	5149283
6781	8139	949	58	270	5149293
6838	8139	970	58	270	5149303
6899	8139	978	58	268	5149313
6946	8139	980	58	268	5149323
6979	8139	977	58	267	5149333
6997	8139	973	58	267	5149343
7004	8139	830	58	265.833	5149403
7004	8151	459	58	264	5149413
7004	8158	388	58	264	5149423
7004	8165	384	58	264	5149433
6997	8165	472	58	264	5149453
6986	8165	624	58	264	5149473
6979	8165	777	58	264.571	5149543
6979	8172	591	58	264.25	5149623
24
6764	8149	258	57	273	5150019
6775	8160	371	58	273	5150029
6775	8168	526	58	272	5150039
6782	8175	615	58	272	5150049
6782	8183	674	58	270	5150059
6782	8189	720	58	270	5150079
6767	8189	774	58	270	5150089
6755	8189	803	58	270	5150099
6740	8189	828	58	270	5150109
6722	8172	871	58	270	5150119
6705	8154	905	58	270	5150129
6699	8128	926	59	270	5150139
6699	8096	967	59	270	5150149
6716	8068	984	59	270	5150159
6746	8041	1008	59	270	5150169
6782	8024	1023	59	270	5150179
6823	8024	1023	59	270	5150189
6858	8024	1023	59	270	5150199
6884	8044	1023	59	270	5150209
6895	8069	1006	59	270	5150219
6888	8100	986	59	270	5150229
6867	8132	943	59	270	5150239
6834	8158	876	59	270	5150249
6797	8174	322	59	270	5150269
17
5686	7395	390	64	287	5151047
5642	7402	547	62	285	5151057
5625	7412	676	60	284	5151067
5610	7412	765	59	284	5151077
5610	7420	824	57	283	5151087
5617	7420	875	56	282	5151097
5646	7420	924	56	280	5151107
5699	7420	965	56	280	5151117
5775	7420	985	56	279	5151127
5874	7420	993	56	279	5151137
5978	7411	999	56	277	5151147
6074	7411	996	56	277	5151157
6152	7405	992	56	276	5151167
6203	7405	977	56	276	5151177
6236	7396	944	57	276	5151187
6252	7396	834	57	276	5151207
6261	7396	220	56.3333	274.667	5151237
16
5781	7175	348	55	277	5151367
5725	7149	464	55	279	5151377
5707	7149	627	55	279	5151387
5697	7149	727	55	279	5151397
5697	7155	790	56	279	5151407
5705	7155	843	56	279	5151417
5734	7155	883	56	279	5151427
5781	7148	913	56	279	5151437
5845	7148	929	57	279	5151447
5923	7141	942	57	279	5151457
6002	7141	947	57	279	5151467
6075	7141	944	57	278	5151477
6131	7141	934	57	278	5151487
6166	7141	897	57	276	5151497
6185	7135	836	57	276	5151507
6194	7135	268	58	276	5151537
19
6272	7408	316	56	277	5151663
6256	7476	447	56	279	5151673
6256	7501	614	56	279	5151683
6245	7521	677	56	279	5151693
6245	7530	709	55.5	279	5151713
6245	7521	775	56	279	5151723
6245	7497	812	56	279	5151733
6245	7453	865	56	279	5151743
6245	7393	910	56	279	5151753
6245	7315	946	56	279	5151763
6245	7228	984	57	279	5151773
6245	7140	1001	57	279	5151783
6245	7061	1010	57	279	5151793
6252	7000	1016	57	279	5151803
6252	6959	1018	57	278	5151813
6252	6938	1018	57	278	5151823
6252	6929	945	58	276	5151853
6252	6938	667	58	276	5151863
6252	6954	100	58	276	5151883
24
6275	7375	358	57	276	5151999
6248	7422	460	56	276	5152009
6236	7439	602	56	276	5152019
6236	7453	651	56	276	5152029
6236	7465	678	56	276	5152039
6257	7465	693	56	276	5152049
6298	7465	710	55	276	5152059
6354	7443	750	55	276	5152069
6420	7414	773	55	276	5152079
6487	7375	790	56	276	5152089
6544	7328	802	56	276	5152099
6585	7274	823	56	276	5152109
6605	7217	834	56	274	5152119
6605	7156	850	56	274	5152129
6591	7092	865	57	273	5152139
6556	7031	873	57	273	5152149
6507	6977	879	57	273	5152159
6448	6937	885	57	273	5152169
6386	6913	880	57	273	5152179
6334	6902	874	58	273	5152189
6298	6902	826	58	273	5152199
6275	6913	717	58	273	5152209
6268	6929	540	58	273	5152219
6277	6952	48	58	273	5152239
22
6624	7261	301	56	276	5152395
6641	7279	456	56	276	5152405
6641	7287	564	56	276	5152415
6641	7295	598	56	276	5152425
6641	7302	668	56	276	5152445
6641	7308	697	57	276	5152455
6626	7308	749	57	276	5152465
6613	7289	767	57	275	5152475
6597	7270	784	57	275	5152485
6584	7245	801	57	273	5152495
6584	7214	819	57	273	5152505
6592	7188	837	58	273	5152515
6612	7164	860	58	273	5152525
6644	7146	878	58	273	5152535
6675	7146	892	58	273	5152545
6701	7146	901	58	273	5152555
6720	7163	884	58	273	5152565
6720	7193	874	58	273	5152575
6720	7227	818	58	273	5152585
6707	7259	741	58	273	5152595
6688	7288	587	58	273	5152605
6667	7301	71	58	273	5152625
15
6812	7263	350	55	276	5152775
6786	7273	502	55	274	5152785
6772	7273	649	56	274	5152795
6761	7273	742	56	273	5152805
6752	7273	835	56	273	5152825
6769	7273	924	56	271	5152835
6801	7263	971	57	272	5152845
6849	7263	1003	57	270	5152855
6920	7263	1023	57	270	5152865
7005	7257	1023	57	270	5152875
7086	7257	1023	57	270	5152885
7155	7257	1023	57	268	5152895
7200	7257	1023	57	268	5152905
7223	7257	1023	57	267	5152915
7230	7249	616	57	266.5	5152955
17
5808	6598	291	57	286	5153587
5759	6608	445	57	286	5153597
5730	6617	598	57	286	5153607
5711	6625	707	56	285	5153617
5696	6636	803	56	285	5153637
5707	6636	889	55	285	5153647
5735	6636	926	55	283	5153657
5783	6628	965	55	283	5153667
5852	6619	984	55	282	5153677
5939	6611	993	54	281	5153687
6030	6602	992	54	281	5153697
6118	6602	981	54	281	5153707
6188	6593	951	55	280	5153717
6238	6593	894	55	280	5153727
6266	6593	810	55	279	5153737
6276	6593	652	54	278	5153747
6276	6584	211	54	278	5153767
17
5775	6330	78	54	281	5153943
5715	6309	408	54	281	5153953
5690	6309	574	54	281	5153963
5676	6309	703	54	281	5153973
5670	6309	814	55	282	5153993
5690	6309	890	55	282	5154003
5727	6309	929	55	282	5154013
5780	6309	955	56	282	5154023
5851	6309	965	56	282	5154033
5932	6309	969	56	282	5154043
6005	6302	968	56	282	5154053
6071	6302	960	56	282	5154063
6118	6302	932	57	281	5154073
6149	6294	892	57	281	5154083
6169	6294	814	57	279	5154093
6184	6294	668	57	279	5154103
6199	6294	126	57	279	5154123
19
6236	6598	253	56	279	5154251
6222	6641	357	55	279	5154261
6212	6665	477	55	279	5154271
6205	6690	574	55	279	5154281
6198	6710	661	55	279	5154291
6198	6721	702	55	279	5154311
6198	6714	785	55	279	5154321
6198	6689	838	56	279	5154331
6213	6643	895	56	279	5154341
6224	6574	939	56	279	5154351
6237	6493	985	56	279	5154361
6249	6402	1007	56	279	5154371
6257	6318	1023	56	279	5154381
6267	6247	1023	56	279	5154391
6267	6195	1023	57	279	5154401
6276	6167	1023	57	279	5154411
6276	6153	970	57	279	5154451
6276	6166	700	58	280	5154461
6276	6185	145	58	280	5154481
22
6240	6610	414	56	279	5154599
6217	6652	536	56	279	5154609
6217	6661	652	56	279	5154629
6225	6661	735	55	279	5154639
6254	6652	756	55	279	5154649
6299	6635	791	55	279	5154659
6359	6611	818	55	279	5154669
6424	6577	834	55	279	5154679
6485	6535	853	56	279	5154689
6536	6480	865	56	279	5154699
6570	6421	873	56	279	5154709
6586	6358	885	56	277	5154719
6586	6300	895	56	277	5154729
6572	6247	905	56	276	5154739
6535	6199	904	56	276	5154749
6475	6160	904	56	276	5154759
6400	6128	897	56	276	5154769
6323	6110	862	57	276	5154779
6261	6101	833	57	276	5154789
6225	6101	728	57	276	5154799
6217	6109	478	57	276	5154809
6233	6126	3	58	277	5154829
24
6661	6443	96	53	281	5154995
6672	6459	372	53	281	5155005
6672	6465	480	53	281	5155015
6672	6473	574	53	281	5155025
6661	6480	644	54	280	5155035
6653	6487	668	55	280	5155045
6644	6487	681	55	279	5155055
6632	6487	706	55	279	5155065
6615	6487	747	55	279	5155075
6593	6462	771	56	277	5155085
6569	6431	794	56	277	5155095
6552	6391	829	56	276	5155105
6552	6349	857	57	276	5155115
6568	6315	871	57	276	5155125
6602	6289	899	57	276	5155135
6647	6277	910	57	276	5155145
6695	6277	917	57	276	5155155
6734	6296	912	57	276	5155165
6762	6320	899	57	276	5155175
6774	6351	880	57	276	5155185
6766	6388	843	57	276	5155195
6748	6419	779	57	276	5155205
6720	6446	675	57	276	5155215
6690	6460	226	57	276	5155235
15
6831	6390	374	54	278	5155383
6801	6380	536	54	278	5155393
6790	6373	707	54	277	5155403
6778	6373	866	54.6667	276.333	5155433
6796	6373	973	55	276	5155443
6834	6373	1006	56	276	5155453
6893	6373	1023	56	274	5155463
6973	6380	1023	57	275	5155473
7059	6380	1023	57	273	5155483
7142	6380	1023	57	273	5155493
7211	6380	1023	57	272	5155503
7263	6380	1023	57	272	5155513
7302	6380	1023	57	270	5155523
7324	6380	1023	57	270	5155533
7338	6380	566	57	269.5	5155573
