50
20
3178	13932	376	53	290	5166959
3126	13922	477	53	290	5166969
3100	13922	585	53	290	5166979
3071	13913	670	53	290	5166989
3055	13913	716	53	290	5166999
3055	13904	770	53	290	5167019
3080	13892	836	53	290	5167029
3122	13885	883	53	290	5167039
3183	13875	907	53	290	5167049
3258	13868	927	53	290	5167059
3341	13868	945	53	290	5167069
3423	13860	952	53	290	5167079
3500	13860	959	53	290	5167089
3567	13860	964	54	288	5167099
3619	13860	966	54	288	5167109
3660	13860	966	54	287	5167119
3685	13860	963	54	287	5167129
3700	13869	958	54	287	5167139
3706	13869	821	54.75	287	5167179
3700	13869	43	55	287	5167199
19
3723	13959	132	54	293	5167611
3716	13987	307	54	293	5167621
3704	14002	412	54	292	5167631
3695	14014	532	54	292	5167641
3687	14023	606	54	290	5167671
3687	14007	722	54	290	5167681
3687	13978	799	54	290	5167691
3697	13932	857	54	290	5167701
3697	13877	924	55	289	5167711
3709	13815	963	55	289	5167721
3709	13753	980	55	287	5167731
3723	13703	993	56	288	5167741
3735	13662	998	56	288	5167751
3744	13636	1000	56	288	5167761
3752	13623	1003	56	287	5167781
3759	13617	971	56	285	5167811
3759	13623	831	56	285	5167821
3759	13630	634	56	285	5167831
3759	13643	111	56	285	5167851
29
3744	13922	209	56	288	5167931
3705	13953	436	56	288	5167941
3682	13962	569	55	290	5167951
3664	13968	691	55	290	5167961
3653	13968	756	55	291	5167981
3663	13968	818	55	291	5167991
3690	13968	839	55	291	5168001
3731	13949	858	55	291	5168011
3786	13933	867	54	290	5168021
3849	13917	867	54	290	5168031
3911	13900	867	55	289	5168041
3968	13885	859	55	289	5168051
4013	13873	848	55	287	5168061
4047	13864	841	56	288	5168071
4068	13864	830	56	288	5168081
4078	13856	832	56	288	5168111
4067	13848	837	56	288	5168121
4046	13835	848	56	288	5168131
4014	13812	865	56	287	5168141
3970	13776	891	56	287	5168151
3921	13731	901	56	285	5168161
3871	13686	919	56	285	5168171
3830	13645	925	56	285	5168181
3801	13615	928	56	285	5168191
3786	13599	933	56	285	5168201
3786	13591	920	56	285	5168231
3786	13603	815	57	286	5168241
3801	13615	646	57	286	5168251
3816	13631	59	57	286	5168271
22
4126	13895	273	55	287	5168387
4135	13915	436	55	287	5168397
4142	13925	578	55	287	5168407
4142	13935	663	55	287	5168417
4142	13945	689	55	287	5168427
4132	13945	700	55	287	5168437
4119	13945	717	55	287	5168447
4098	13918	760	55	287	5168457
4074	13887	764	55	287	5168467
4056	13848	772	55	286	5168477
4056	13809	785	56	287	5168487
4063	13779	799	56	285	5168497
4087	13753	833	56	285	5168507
4118	13739	862	56	285	5168517
4154	13739	868	56	285	5168527
4186	13752	868	56	285	5168537
4215	13782	855	56	285	5168547
4229	13820	817	56	285	5168557
4229	13860	787	56	285	5168567
4219	13897	704	56	285	5168577
4200	13923	598	56	285	5168587
4178	13935	88	56	285	5168607
15
4275	13884	266	55	285	5168743
4251	13873	430	55	285	5168753
4238	13866	581	55	285	5168763
4228	13866	751	55	285	5168793
4241	13866	865	55	285	5168803
4271	13866	919	55	283	5168813
4316	13866	959	55	283	5168823
4384	13866	1000	55	282	5168833
4471	13866	1019	55	282	5168843
4560	13866	1023	55	282	5168853
4649	13866	1023	57	281	5168863
4718	13866	1023	57	281	5168873
4767	13866	1014	57	279	5168883
4797	13866	998	57	278	5168893
4811	13866	632	57	276.25	5168933
15
3207	13274	383	54	287	5169387
3171	13267	528	55	287	5169397
3154	13260	621	55	287	5169407
3148	13260	731	56	288	5169427
3171	13252	829	56	288	5169437
3209	13252	887	56	288	5169447
3270	13252	940	56	288	5169457
3350	13252	968	57	289	5169467
3450	13252	988	57	289	5169477
3549	13260	992	57	289	5169487
3632	13267	994	57	289	5169497
3695	13267	992	57	289	5169507
3731	13274	984	57	289	5169517
3748	13274	965	57	289	5169527
3754	13274	549	57.8	286.6	5169577
20
3725	13394	336	57	291	5169735
3709	13422	471	56	290	5169745
3709	13434	602	57	289	5169755
3700	13443	666	57	289	5169765
3700	13452	706	57	289	5169775
3700	13445	757	57	289	5169785
3711	13427	808	57	287	5169795
3722	13394	852	56	287	5169805
3734	13343	911	56	285	5169815
3744	13278	929	56	285	5169825
3751	13211	957	56	285	5169835
3759	13147	971	56	285	5169845
3759	13097	976	56	285	5169855
3771	13062	980	56	285	5169865
3771	13039	984	57	286	5169875
3780	13028	970	57	286	5169905
3780	13034	861	58	286	5169915
3780	13047	741	58	286	5169925
3780	13067	534	58	286	5169935
3771	13093	0	58	286	5169955
28
3771	13358	442	58	288	5170023
3750	13391	563	58	288	5170033
3742	13398	686	58	286	5170043
3735	13398	743	57	286	5170053
3735	13405	793	57	286	5170073
3757	13398	815	56	285	5170083
3785	13389	821	56	284	5170093
3825	13377	829	56	284	5170103
3872	13360	830	55	282	5170113
3924	13338	830	55	282	5170123
3977	13319	830	55	282	5170133
4026	13302	825	55	282	5170143
4065	13289	817	55	282	5170153
4092	13282	813	55	282	5170163
4105	13282	814	55	282	5170173
4105	13275	824	56	282	5170193
4090	13267	841	56	282	5170203
4067	13254	858	56	282	5170213
4035	13230	874	57	283	5170223
3991	13196	896	57	283	5170233
3946	13158	915	57	283	5170243
3903	13122	924	57	283	5170253
3868	13090	933	58	283	5170263
3843	13064	936	58	283	5170273
3831	13048	936	58	283	5170283
3831	13038	919	58	285	5170293
3824	13038	822	58	285.5	5170313
3830	13038	274	58	286	5170333
22
4126	13285	227	57	286	5170431
4168	13323	409	56	285	5170441
4174	13341	515	56	285	5170451
4174	13356	606	56	285	5170461
4164	13365	649	56	285	5170471
4151	13365	677	56	284	5170481
4135	13353	724	56	284	5170491
4118	13328	771	55	282	5170501
4103	13295	780	55	282	5170511
4103	13257	794	56	282	5170521
4103	13221	810	56	282	5170531
4119	13194	835	56	282	5170541
4149	13175	856	57	283	5170551
4181	13175	874	57	283	5170561
4215	13175	882	57	283	5170571
4243	13197	887	57	283	5170581
4261	13229	876	57	283	5170591
4270	13271	853	57	283	5170601
4270	13314	806	57	283	5170611
4258	13347	758	57	283	5170621
4244	13371	631	57	283	5170631
4228	13378	142	57	283	5170651
18
4319	13293	388	57	279	5170775
4290	13293	542	57	279	5170785
4278	13293	698	57	279	5170795
4271	13293	806	57	279	5170805
4271	13300	887	57	279	5170825
4280	13300	951	57	279	5170835
4300	13287	996	57	279	5170845
4343	13287	1014	57	281	5170855
4420	13278	1023	58	281	5170865
4526	13287	1023	58	281	5170875
4647	13299	1023	58	280	5170885
4765	13311	1023	58	278	5170895
4856	13321	1023	58	278	5170905
4915	13321	1015	58	276	5170915
4948	13321	987	58	276	5170925
4957	13321	903	58	275	5170945
4947	13321	700	58	273	5170955
4932	13321	111	58	273	5170975
18
3230	12659	290	55	301	5171391
3161	12647	442	55	300	5171401
3124	12641	580	56	297	5171411
3086	12641	697	56	296	5171421
3070	12641	757	57	293	5171431
3070	12634	812	57	291	5171441
3090	12634	891	57	289	5171451
3140	12634	927	57	289	5171461
3205	12634	967	57	289	5171471
3291	12644	984	57	287	5171481
3385	12652	994	57	287	5171491
3467	12652	997	57	286	5171501
3539	12658	999	57	286	5171511
3592	12658	991	57	286	5171521
3624	12658	979	57	286	5171531
3645	12652	943	57	284	5171541
3655	12652	822	57	283.5	5171561
3661	12652	263	57	283	5171581
19
3653	12758	314	57	286	5171711
3630	12798	517	57	286	5171721
3619	12812	631	57	286	5171731
3612	12822	737	57	286	5171761
3612	12804	842	57	286	5171771
3621	12777	892	57	284	5171781
3633	12738	951	57	284	5171791
3645	12684	980	57	283	5171801
3660	12623	1004	58	283	5171811
3671	12563	1015	58	283	5171821
3679	12508	1015	58	282	5171831
3687	12467	1019	58	282	5171841
3687	12433	1013	59	280	5171851
3693	12413	998	59	280	5171861
3693	12403	951	59	280	5171881
3693	12411	815	59	280	5171891
3693	12430	703	59	280	5171901
3693	12455	543	59	280	5171911
3693	12488	0	59.5	280	5171931
29
3686	12697	357	59	284	5171987
3661	12736	525	59	284	5171997
3645	12752	650	59	284	5172007
3631	12764	738	59	284	5172017
3622	12773	791	58.5	283.5	5172037
3631	12773	822	58	283	5172047
3662	12773	833	58	283	5172057
3710	12759	845	58	283	5172067
3768	12743	848	58	282	5172077
3836	12721	850	58	282	5172087
3892	12697	852	59	280	5172097
3939	12674	850	59	280	5172107
3974	12655	850	59	280	5172117
3995	12640	849	59	280	5172127
4005	12630	852	59	280	5172137
4005	12624	861	59	280	5172147
3998	12617	867	59	280	5172157
3980	12617	869	59	278	5172167
3955	12601	878	59	278	5172177
3918	12582	891	59	277	5172187
3874	12556	908	59	277	5172197
3828	12524	920	59	277	5172207
3782	12490	940	59	277	5172217
3747	12459	944	59	277	5172227
3723	12435	949	59	277	5172237
3709	12419	949	59	277	5172247
3709	12409	941	59	277	5172257
3701	12409	819	59	277.667	5172287
3713	12417	198	59	280	5172307
24
4072	12634	129	59	280	5172403
4109	12664	375	59	280	5172413
4116	12680	536	59	280	5172423
4116	12697	624	59	280	5172433
4116	12713	708	59	280	5172443
4104	12722	735	59	280	5172453
4093	12722	749	59	280	5172463
4075	12722	765	59	280	5172473
4050	12709	792	59	278	5172483
4026	12687	822	59	278	5172493
4004	12660	852	59	277	5172503
3990	12630	847	59	277	5172513
3990	12604	867	59	277	5172523
4004	12580	887	59	277	5172533
4032	12564	906	59	277	5172543
4072	12564	919	59	277	5172553
4119	12564	920	59	277	5172563
4158	12589	911	59	277	5172573
4188	12616	905	59	277	5172583
4202	12651	862	59	277	5172593
4202	12687	804	59	277	5172603
4194	12717	707	59	277	5172613
4173	12740	566	59	277	5172623
4152	12748	80	59	277	5172643
16
4245	12659	368	59	275	5172779
4207	12659	449	59	275	5172789
4189	12659	603	59	273	5172799
4178	12666	743	59	273	5172829
4187	12666	873	59	273	5172839
4206	12657	912	59	273	5172849
4237	12650	962	59	273	5172859
4290	12650	993	59	273	5172869
4373	12641	1014	59	272	5172879
4472	12641	1023	59	272	5172889
4585	12641	1023	59	270	5172899
4691	12641	1023	59	270	5172909
4771	12648	1023	59	270	5172919
4831	12648	1023	59	270	5172929
4863	12655	1015	59	268	5172939
4878	12655	685	59.4	267.2	5172989
20
3069	11952	211	57	289	5173427
3033	11952	359	57	287	5173437
3019	11961	522	57	287	5173447
3010	11961	627	57	286	5173457
3010	11969	726	57	286	5173477
3019	11969	813	57	286	5173487
3043	11969	868	57	286	5173497
3088	11969	927	57	286	5173507
3156	11969	951	57	286	5173517
3246	11969	973	57	286	5173527
3354	11969	979	57	286	5173537
3464	11982	981	57	284	5173547
3558	11989	980	57	284	5173557
3633	11989	979	57	283	5173567
3681	11989	971	57	283	5173577
3705	11979	963	57	283	5173587
3715	11979	946	58	283	5173597
3715	11972	882	58	283	5173617
3706	11972	709	58	283	5173627
3700	11981	118	58	283	5173647
18
3717	12126	284	56	287	5173851
3702	12147	416	56	285	5173861
3702	12156	544	56	285	5173871
3702	12163	646	56	285	5173901
3709	12154	746	57	284	5173911
3718	12133	818	57	284	5173921
3727	12098	872	57	283	5173931
3735	12050	922	57	283	5173941
3735	11994	942	57	283	5173951
3742	11937	952	57	283	5173961
3742	11890	958	58	282	5173971
3742	11855	961	58	282	5173981
3752	11835	963	59	280	5173991
3752	11829	946	59	280	5174011
3752	11836	885	59	280	5174021
3752	11848	804	59	280	5174031
3752	11863	672	59	280	5174041
3752	11880	234	60	280	5174061
31
3752	12094	281	58	282	5174139
3727	12120	425	58	283	5174149
3715	12127	565	58	283	5174159
3707	12127	701	58	283	5174179
3715	12127	795	58	283	5174189
3732	12120	835	58	283	5174199
3760	12107	859	57	283	5174209
3806	12093	876	58	281	5174219
3862	12081	880	58	281	5174229
3931	12068	881	58	280	5174239
4003	12056	878	58	280	5174249
4065	12041	874	58	280	5174259
4120	12026	870	58	280	5174269
4157	12013	865	58	280	5174279
4181	12004	861	58	278	5174289
4192	12004	861	58	276.667	5174319
4175	12004	868	59	277	5174329
4156	11993	874	59	277	5174339
4128	11982	880	59	277	5174349
4087	11962	881	59	277	5174359
4035	11935	887	59	277	5174369
3973	11905	895	59	277	5174379
3903	11876	895	59	277	5174389
3839	11852	899	59	277	5174399
3780	11832	911	59	277	5174409
3736	11819	914	59	277	5174419
3714	11812	910	59	277	5174429
3706	11812	885	59	277	5174439
3706	11805	824	60	277	5174449
3722	11805	707	60	277	5174459
3737	11805	194	60	277	5174479
25
4259	11997	249	58	280	5174635
4275	12008	406	58	280	5174655
4275	12022	527	58	280	5174665
4275	12031	563	59	280	5174675
4275	12041	588	59	278	5174685
4263	12047	603	59	278	5174695
4251	12047	626	59	277	5174705
4233	12047	649	59	277	5174715
4209	12040	684	59	277	5174725
4183	12023	705	59	277	5174735
4156	12002	716	59	277	5174745
4138	11980	736	59	277	5174755
4138	11956	762	59	277	5174765
4138	11934	806	60	277	5174775
4167	11914	829	60	277	5174785
4203	11902	844	60	277	5174795
4243	11902	849	60	277	5174805
4280	11902	847	60	277	5174815
4308	11926	845	60	277	5174825
4323	11951	834	60	277	5174835
4323	11980	815	60	277	5174845
4323	12008	771	60	277	5174855
4303	12031	714	60	277	5174865
4283	12047	592	60	277	5174875
4263	12047	155	59.5	277	5174895
17
4417	11997	250	58	276	5175043
4387	11997	431	58	276	5175053
4374	11997	590	58	276	5175063
4365	11997	727	58.5	275	5175083
4365	11991	797	59	273	5175093
4377	11991	852	59	273	5175103
4400	11991	907	59	273	5175113
4444	11981	958	59	273	5175123
4510	11973	989	59	273	5175133
4602	11973	1005	59	272	5175143
4703	11966	1007	59	272	5175153
4800	11966	1009	59	270	5175163
4885	11966	1006	59	270	5175173
4945	11959	996	60	270	5175183
4980	11959	986	60	268	5175193
5000	11959	968	60	268	5175203
5000	11952	536	60	266.5	5175243
23
3278	11513	124	59	287	5175943
3278	11521	340	59	287	5175953
3256	11521	460	59	287	5175963
3240	11529	564	59	287	5175973
3224	11529	612	59	287	5175983
3217	11529	658	59	287	5175993
3217	11515	724	59	287	5176003
3217	11506	764	58	286	5176013
3224	11506	806	58	286	5176023
3224	11495	945	57.7778	286	5176113
3230	11495	972	57	283.2	5176213
3239	11495	970	57	283	5176223
3256	11495	971	57	283	5176233
3292	11495	971	57	283	5176243
3345	11495	970	57	283	5176253
3415	11495	968	57	283	5176263
3495	11495	969	57	283	5176273
3570	11495	968	57	283	5176283
3638	11495	968	57	283	5176293
3690	11488	967	58	281	5176303
3723	11481	965	58	281	5176313
3741	11481	968	58	280	5176323
3750	11471	740	58.8889	279.222	5176413
18
3763	11569	81	58	282	5176667
3746	11582	290	58	282	5176677
3746	11592	445	59	280	5176687
3735	11602	555	59	280	5176697
3735	11610	635	59	280	5176727
3735	11597	724	59	280	5176737
3735	11572	812	59	280	5176747
3735	11529	866	59	278	5176757
3735	11477	919	59	278	5176767
3735	11415	954	59	277	5176777
3744	11360	976	59	277	5176787
3744	11318	980	59	277	5176797
3753	11290	979	59	277	5176807
3753	11276	972	59	277	5176827
3760	11276	914	59	277	5176837
3760	11287	819	60	277	5176847
3760	11305	661	60	279	5176857
3760	11331	211	60	279.5	5176877
26
3786	11584	101	60	280	5176955
3773	11592	394	60	280	5176965
3758	11592	496	60	280	5176975
3747	11592	628	59.3333	279.333	5177005
3775	11582	696	59	278	5177015
3821	11570	700	59	277	5177025
3884	11554	703	59	277	5177035
3960	11538	705	59	277	5177045
4030	11526	705	59	277	5177055
4093	11513	700	59	277	5177065
4141	11501	697	59	277	5177075
4170	11492	694	59	277	5177085
4183	11486	711	59	275	5177105
4174	11486	736	59	273	5177115
4155	11479	746	59	273	5177125
4126	11472	759	59	273	5177135
4091	11461	772	59	273	5177145
4042	11440	804	59	273	5177155
3990	11412	825	59	273	5177165
3933	11382	844	60	273	5177175
3877	11348	855	60	273	5177185
3832	11321	863	60	273	5177195
3798	11301	862	60	275	5177205
3782	11290	845	60	275	5177215
3776	11290	740	60	277	5177235
3794	11290	234	60	277	5177255
22
4255	11488	311	61	279	5177371
4283	11516	427	61	277	5177381
4283	11527	519	61	277	5177391
4269	11537	607	60	277	5177401
4248	11544	651	60	277	5177411
4222	11544	674	60	277	5177421
4192	11544	714	60	275	5177431
4164	11535	753	60	275	5177441
4139	11521	768	60	273	5177451
4123	11506	804	60	273	5177461
4116	11486	808	60	273	5177471
4116	11464	824	60	273	5177481
4142	11443	843	60	273	5177491
4173	11427	857	60	273	5177501
4213	11419	861	60	273	5177511
4253	11419	859	60	273	5177521
4285	11431	847	60	273	5177531
4307	11450	831	60	273	5177541
4320	11474	771	60	273	5177551
4320	11501	715	60	273	5177561
4320	11524	549	60	273	5177571
4302	11541	50	60	273	5177591
18
4373	11487	335	60	270	5177720
4341	11487	519	60	270	5177730
4323	11487	649	60	270	5177740
4309	11487	775	60	270	5177750
4301	11487	826	60	270	5177760
4301	11493	873	60	270	5177770
4307	11493	931	60	270	5177779
4333	11493	970	60	270	5177789
4375	11484	994	60	270	5177799
4441	11477	1016	60	270	5177809
4528	11477	1023	60	270	5177819
4615	11464	1023	60	270	5177829
4697	11464	1023	60	268	5177839
4762	11456	1023	60	268	5177849
4805	11456	1023	60	267	5177859
4830	11456	1021	60	267	5177869
4841	11449	914	60	267	5177899
4834	11449	45	60	267	5177919
22
5948	13820	66	55	282	5178916
5917	13812	119	55	282	5178926
5898	13812	229	55	282	5178936
5885	13812	335	55	282	5178946
5875	13812	407	55	282	5178956
5868	13818	522	55	282	5178986
5862	13818	671	55	282	5179006
5862	13812	781	55.4	281.2	5179056
5869	13812	843	56	279	5179066
5881	13803	871	56	279	5179076
5906	13803	895	56	279	5179086
5951	13803	913	56	279	5179096
6014	13803	933	56	279	5179106
6091	13803	949	56	279	5179116
6173	13803	951	56	279	5179126
6246	13803	957	56	279	5179136
6308	13796	956	55	279	5179146
6353	13796	957	55	277	5179156
6387	13784	959	55	277	5179165
6408	13784	959	55	276	5179175
6420	13784	902	55.4286	276	5179245
6413	13784	90	56	276	5179265
17
6454	13949	253	55	277	5179432
6454	13986	335	55	277	5179442
6444	14001	456	55	279	5179452
6436	14012	534	55	279	5179462
6430	14019	582	55	279	5179482
6430	14008	675	56	279	5179492
6430	13986	749	56	279	5179502
6430	13947	833	56	279	5179512
6430	13893	870	56	279	5179522
6430	13827	906	56	279	5179532
6430	13763	926	56	279	5179542
6439	13708	931	56	279	5179552
6439	13668	933	56	279	5179562
6439	13646	935	56	279	5179572
6446	13635	886	56	279	5179622
6446	13645	639	56	279	5179632
6446	13659	216	56	279	5179652
27
6485	13937	296	56	279	5179732
6465	13973	409	56	279	5179742
6455	13984	543	56	279	5179752
6447	13992	651	56	279	5179762
6440	13992	707	56	279	5179782
6465	13983	746	56	279	5179792
6502	13968	768	56	279	5179802
6555	13946	776	56	279	5179812
6618	13917	784	56	277	5179822
6688	13888	785	56	277	5179832
6757	13858	778	56	276	5179842
6818	13832	777	56	276	5179852
6866	13811	761	56	276	5179862
6898	13796	752	56	274	5179872
6909	13787	758	56	273.5	5179892
6890	13787	773	56	273	5179902
6858	13787	780	56	273	5179912
6813	13781	788	56	273	5179922
6755	13768	808	56	273	5179932
6689	13750	824	56	273	5179942
6621	13724	839	56	273	5179952
6560	13694	852	56	273	5179962
6511	13666	855	56	273	5179972
6477	13641	855	56	273	5179982
6457	13622	855	56	273	5179992
6447	13610	837	56	273	5180002
6447	13603	489	57	274	5180042
23
6876	13825	269	56	276	5180148
6934	13848	359	56	276	5180158
6952	13862	485	56	276	5180168
6965	13879	616	56	276	5180178
6965	13894	678	56	276	5180188
6965	13903	716	56	274	5180208
6954	13903	735	56	273	5180218
6943	13903	769	56	273	5180228
6927	13880	803	56	273	5180238
6909	13852	822	56	273	5180248
6897	13821	823	57	273	5180258
6897	13789	832	57	273	5180268
6897	13764	838	57	273	5180278
6921	13747	851	57	273	5180288
6945	13739	863	57	272	5180298
6971	13739	886	57	272	5180308
6994	13757	883	57	270	5180318
7014	13783	877	57	270	5180328
7022	13811	847	57	270	5180338
7022	13842	813	57	270	5180348
7009	13867	748	57	270	5180358
6993	13880	632	57	270	5180368
6979	13880	203	57	270	5180388
15
7118	13834	339	56	270	5180524
7087	13834	481	56	270	5180534
7073	13834	645	56	270	5180544
7062	13834	764	56	270	5180564
7074	13834	881	56	270	5180574
7109	13834	923	56	270	5180584
7165	13834	977	56	270	5180594
7239	13834	1002	56	270	5180604
7326	13834	1023	56	270	5180614
7413	13827	1023	56	269	5180624
7485	13827	1023	56	269	5180634
7541	13820	1023	56	267	5180644
7573	13812	1023	56	267	5180654
7588	13812	977	56	266	5180664
7588	13804	429	56.5	264.5	5180704
15
5902	13291	268	57	283	5181160
5887	13291	346	57	283	5181170
5880	13299	534	57	283	5181190
5868	13299	743	57	283	5181250
5879	13299	844	57	283	5181260
5895	13299	871	57	283	5181270
5928	13299	896	57	283	5181280
5978	13299	907	57	283	5181290
6042	13299	915	58	282	5181300
6112	13299	917	58	282	5181310
6179	13299	920	59	280	5181320
6235	13299	919	59	280	5181330
6276	13299	917	59	280	5181340
6299	13299	917	59	280	5181350
6308	13299	543	59	280	5181410
16
6356	13413	361	60	277	5181556
6343	13437	458	59	277	5181566
6343	13446	558	59	277	5181576
6334	13446	653	59	277.5	5181596
6334	13434	757	59	278	5181606
6334	13400	825	59	280	5181616
6334	13348	882	59	280	5181626
6334	13281	935	58	280	5181636
6334	13215	947	58	280	5181646
6343	13156	966	58	280	5181656
6343	13110	976	58	280	5181666
6351	13082	973	59	280	5181676
6351	13063	966	59	280	5181686
6351	13056	875	59	280	5181716
6351	13066	537	59	280	5181726
6351	13083	25	60	279.5	5181746
27
6374	13373	389	60	277	5181812
6374	13412	522	60	279	5181822
6364	13425	642	60	279	5181832
6364	13436	694	59	280	5181852
6386	13436	723	59	280	5181862
6422	13429	741	59	278	5181872
6472	13416	747	59	278	5181882
6532	13395	753	58	276	5181892
6591	13369	754	58	276	5181902
6645	13338	753	58	276	5181912
6690	13307	736	58	276	5181922
6720	13281	726	58	276	5181932
6737	13260	718	58	276	5181942
6737	13245	732	58	276	5181952
6726	13236	740	58	276	5181962
6697	13228	756	59	277	5181972
6658	13219	800	59	277	5181982
6605	13207	810	59	277	5181992
6546	13190	836	59	277	5182002
6488	13167	853	59	277	5182012
6437	13144	868	60	277	5182022
6397	13122	873	60	277	5182032
6374	13106	873	60	277	5182042
6360	13094	854	60	277	5182052
6360	13088	819	60	277	5182062
6354	13088	696	60.5	277	5182082
6370	13088	144	61	277	5182102
22
6822	13323	343	58	280	5182220
6861	13340	420	58	280	5182230
6872	13349	566	58	278	5182240
6872	13358	645	58	278	5182250
6872	13365	677	57.5	276	5182270
6851	13365	712	57	276	5182280
6828	13349	749	57	276	5182290
6801	13329	791	58	276	5182300
6775	13301	824	58	275	5182310
6755	13271	836	58	275	5182320
6748	13241	851	59	273	5182330
6754	13213	866	59	273	5182340
6774	13196	876	59	273	5182350
6810	13188	895	59	273	5182360
6852	13188	902	60	273	5182370
6893	13208	907	60	273	5182380
6926	13233	913	60	273	5182390
6944	13268	898	60	273	5182400
6944	13305	877	60	273	5182410
6934	13335	831	60	273	5182420
6915	13356	711	60	273	5182430
6891	13362	230	60	273	5182450
18
7034	13285	318	58	273	5182576
6998	13276	515	58	273	5182586
6977	13267	668	58	273	5182596
6962	13267	774	58	273	5182606
6950	13267	830	58	273	5182616
6950	13260	872	58	273	5182626
6974	13260	919	58	273	5182636
7009	13260	948	58	272	5182646
7062	13260	980	58	272	5182656
7127	13260	1002	59	270	5182666
7197	13260	1009	59	270	5182676
7266	13269	1012	59	270	5182686
7332	13269	1009	59	270	5182696
7384	13269	1008	60	270	5182706
7422	13269	1003	60	268	5182716
7443	13269	990	60	268	5182726
7451	13269	870	60	267	5182756
7444	13275	66	60	266	5182776
26
6017	12666	29	60	288	5183252
6004	12672	61	60	288	5183262
5994	12672	109	60	288	5183272
5982	12672	165	60	288	5183282
5970	12672	287	60	288	5183292
5960	12679	412	60	288	5183302
5952	12679	526	60	288	5183312
5944	12679	682	60	288	5183332
5937	12679	839	59.2	286.8	5183382
5946	12679	906	59	285	5183392
5953	12679	921	59	284	5183402
5960	12679	925	59	284	5183412
5967	12679	927	59	284	5183422
5973	12679	930	59	284	5183452
5983	12679	941	59	284	5183462
5995	12679	958	59	284	5183472
6020	12679	972	58	283	5183482
6060	12679	988	58	283	5183492
6112	12679	990	58	283	5183502
6172	12687	995	58	282	5183512
6234	12687	996	58	282	5183522
6292	12687	994	59	280	5183532
6339	12687	988	59	280	5183542
6369	12681	982	59	280	5183552
6382	12681	840	59	280	5183592
6372	12681	108	59	280	5183612
18
6410	12766	49	60	280	5183768
6410	12787	241	60	280	5183778
6410	12798	374	60	280	5183788
6410	12809	502	60	280	5183798
6400	12819	594	60	280	5183828
6400	12807	721	60	280	5183838
6400	12783	785	59	282	5183848
6400	12745	867	59	282	5183858
6393	12697	895	59	284	5183868
6393	12642	945	59	282	5183878
6393	12586	965	59	282	5183888
6393	12540	971	60	280	5183898
6393	12504	980	60	280	5183908
6402	12479	979	60	280	5183918
6402	12468	934	60	280	5183958
6402	12477	710	60	280	5183968
6402	12492	496	60	280	5183978
6402	12513	8	60	280	5183998
28
6432	12749	84	61	281	5184064
6404	12777	408	60	280	5184074
6391	12785	561	60	280	5184084
6383	12792	697	60	280	5184104
6390	12792	743	60	280	5184114
6415	12792	786	60	280	5184124
6454	12782	797	60	280	5184134
6506	12767	813	60	280	5184144
6567	12748	816	60	280	5184154
6631	12727	817	60	280	5184164
6694	12706	815	60	280	5184174
6751	12685	814	60	280	5184184
6796	12664	805	60	280	5184194
6826	12648	799	60	280	5184204
6840	12633	801	60	280	5184214
6840	12623	813	60	279	5184224
6825	12613	830	60	279	5184234
6796	12605	844	60	277	5184244
6754	12594	862	60	277	5184254
6704	12581	882	59	277	5184264
6645	12561	895	60	277	5184274
6585	12537	906	60	277	5184284
6527	12510	919	60	277	5184294
6480	12486	921	60	277	5184304
6450	12470	918	60	277	5184314
6435	12461	855	60	278.333	5184344
6443	12461	692	60	280	5184354
6459	12468	224	60	280	5184374
24
6881	12635	246	60	280	5184472
6943	12654	353	60	280	5184482
6960	12666	521	60	280	5184492
6970	12678	627	60	280	5184502
6970	12689	681	60	280	5184512
6970	12696	712	60	280	5184522
6958	12696	728	60	280	5184532
6943	12696	756	60	279	5184542
6922	12696	775	60	279	5184552
6894	12681	801	60	277	5184562
6868	12660	822	60	277	5184572
6845	12637	829	60	277	5184582
6832	12613	839	60	277	5184592
6832	12593	851	60	277	5184602
6848	12576	858	60	277	5184612
6871	12565	870	60	277	5184622
6903	12565	877	60	277	5184632
6936	12565	879	60	277	5184642
6967	12583	877	60	277	5184652
6990	12607	858	60	277	5184662
6998	12634	835	60	277	5184672
6998	12659	783	60	277	5184682
6981	12680	663	60	277	5184692
6964	12690	229	60	277	5184712
17
7095	12611	104	60	273	5184820
7076	12603	396	60	273	5184830
7065	12603	530	60	273	5184840
7053	12603	693	60	273	5184850
7047	12618	762	60	273	5184860
7047	12627	800	60	273	5184870
7058	12633	824	60	273	5184880
7083	12633	870	60	273	5184890
7123	12633	901	60	273	5184900
7177	12633	927	60	273	5184910
7245	12633	952	60	273	5184920
7319	12633	960	60	273	5184930
7389	12625	962	60	272	5184940
7446	12625	961	60	272	5184950
7485	12625	954	60	270	5184960
7504	12625	929	60	270	5184970
7511	12625	478	60	270	5185010
14
5902	12057	117	60	288	5185512
5887	12057	464	60	288	5185562
5894	12051	754	60	288	5185572
5905	12051	815	60	288	5185582
5926	12051	858	60	288	5185592
5961	12051	882	60	288	5185602
6015	12051	903	60	286	5185612
6076	12044	912	60	286	5185622
6143	12044	912	60	284	5185632
6207	12044	910	60	284	5185642
6257	12044	906	60	284	5185652
6292	12044	889	60	284	5185662
6310	12044	845	60	284	5185672
6316	12044	403	60	284	5185702
18
6348	12141	301	59	284	5185800
6326	12168	389	59	284	5185810
6317	12184	520	59	284	5185820
6311	12199	620	59	284	5185830
6311	12209	707	59	284	5185860
6311	12193	841	59	284	5185870
6320	12163	893	59	284	5185880
6328	12118	924	59	284	5185890
6328	12065	949	59	284	5185900
6337	12003	977	60	284	5185910
6337	11945	984	60	284	5185920
6337	11895	981	60	284	5185930
6337	11857	979	60	284	5185940
6337	11837	974	60	282	5185950
6337	11830	922	61	281.333	5185980
6337	11847	772	62	281	5185990
6337	11865	606	62	281	5186000
6337	11892	93	62	281	5186020
29
6329	12092	316	62	281	5186068
6329	12138	465	62	281	5186078
6329	12154	608	62	281	5186088
6329	12167	710	62	281	5186098
6322	12177	778	62	281	5186118
6345	12177	813	61	281	5186128
6380	12177	828	61	281	5186138
6433	12170	834	61	281	5186148
6502	12157	837	61	281	5186158
6578	12143	833	61	281	5186168
6654	12127	834	61	281	5186178
6723	12110	831	61	281	5186188
6780	12094	829	61	281	5186198
6819	12079	824	61	281	5186208
6839	12069	825	61	279	5186218
6839	12059	841	61	279	5186228
6829	12052	856	61	277	5186238
6806	12042	874	61	277	5186248
6770	12029	895	61	277	5186258
6725	12011	912	61	277	5186268
6673	11985	928	61	277	5186278
6615	11953	954	61	277	5186288
6557	11918	963	61	277	5186298
6504	11882	973	61	277	5186308
6460	11852	973	61	277	5186318
6429	11831	971	62	277	5186328
6410	11819	957	62	277	5186338
6401	11819	833	62	277.667	5186368
6421	11819	211	62	280	5186388
24
6809	12008	90	62	281	5186476
6886	12030	325	62	281	5186486
6912	12045	466	62	281	5186496
6926	12062	621	62	281	5186506
6926	12077	720	61	281	5186516
6926	12087	761	61	281	5186526
6917	12094	779	61	281	5186536
6903	12094	795	61	281	5186546
6883	12087	815	61	279	5186556
6855	12072	820	61	279	5186566
6828	12054	836	61	277	5186576
6810	12028	845	61	277	5186586
6800	12005	858	61	277	5186596
6807	11982	867	62	277	5186606
6827	11964	876	62	277	5186616
6857	11952	889	62	277	5186626
6895	11952	895	62	277	5186636
6931	11963	895	62	277	5186646
6961	11983	892	62	277	5186656
6981	12012	871	62	277	5186666
6988	12042	846	62	277	5186676
6988	12069	769	62	277	5186686
6969	12090	627	62	277	5186696
6953	12101	144	62	277	5186716
16
7109	12030	443	60	273	5186832
7071	12024	552	60	273	5186842
7054	12034	728	60	273	5186852
7043	12034	804	60	273	5186862
7043	12045	852	60	273	5186882
7074	12045	907	61	274	5186892
7114	12045	941	61	274	5186902
7170	12045	964	61	274	5186912
7241	12032	992	61	274	5186922
7314	12032	1001	61	274	5186932
7389	12024	1007	62	272	5186942
7455	12024	1002	62	272	5186952
7506	12024	998	62	270	5186962
7541	12024	976	62	270	5186972
7558	12024	928	62	270	5186982
7565	12024	383	62	270	5187022
22
5942	11482	92	61	285	5187428
5905	11482	274	61	285	5187438
5888	11491	435	61	285	5187448
5874	11491	589	61	285	5187458
5863	11506	700	61	285	5187468
5856	11506	821	60.6667	284.667	5187498
5856	11513	892	60	280.929	5187638
5863	11513	904	59	280	5187668
5873	11513	914	59	280	5187678
5894	11513	919	59	280	5187688
5934	11505	924	59	280	5187698
5997	11505	930	59	278	5187708
6077	11505	934	59	278	5187718
6166	11497	936	59	277	5187728
6253	11497	935	60	277	5187738
6324	11488	933	60	277	5187748
6375	11488	934	60	277	5187758
6402	11488	934	60	277	5187768
6410	11481	931	60	277	5187788
6403	11481	869	60	277	5187808
6391	11488	576	60	277	5187828
6391	11495	0	60	277	5187848
19
6439	11548	100	60	277	5187924
6439	11569	269	60	277	5187934
6439	11583	399	60	277	5187944
6430	11597	537	60	277	5187954
6430	11609	641	60	277	5187974
6423	11616	709	60	277	5187984
6423	11608	770	60	277	5187994
6423	11592	820	60	277	5188004
6423	11562	882	60	277	5188014
6431	11519	913	60	277	5188024
6431	11468	936	60	277	5188034
6431	11414	950	60	277	5188044
6440	11368	956	60	277	5188054
6440	11333	959	61	277	5188064
6449	11309	959	61	277	5188074
6449	11299	931	61	277	5188104
6449	11310	811	61	277	5188114
6449	11327	684	62	277	5188124
6449	11352	220	62	277	5188144
29
6428	11607	148	62	277	5188200
6419	11638	454	62	277	5188210
6411	11638	595	62	277	5188220
6411	11645	711	62	277	5188230
6401	11645	750	62	277	5188240
6410	11645	783	61	277	5188250
6435	11645	816	61	277	5188260
6476	11634	837	61	277	5188270
6532	11618	853	61	277	5188280
6600	11596	862	60	275	5188290
6668	11573	864	60	275	5188300
6735	11550	861	60	273	5188310
6797	11530	858	60	273	5188320
6847	11512	854	60	273	5188330
6883	11500	845	60	273	5188340
6902	11492	840	60	273	5188360
6902	11486	850	59	273	5188370
6868	11475	862	60	273	5188380
6825	11459	875	60	273	5188390
6767	11432	890	60	273	5188400
6703	11397	905	60	273	5188410
6635	11357	917	60	273	5188420
6569	11314	935	60	273	5188430
6512	11277	940	60	273	5188440
6469	11252	942	61	274	5188450
6445	11239	942	61	274	5188460
6435	11239	904	61.6667	274	5188490
6447	11239	762	62	274	5188500
6466	11247	272	62	275	5188520
23
6914	11463	95	62	277	5188616
6973	11492	410	62	277	5188626
6988	11508	522	62	277	5188636
6995	11526	652	62	277	5188646
6995	11543	711	62	277	5188656
6986	11554	733	61	277	5188666
6971	11562	745	61	275	5188676
6945	11562	780	61	275	5188686
6915	11547	818	61	274	5188696
6884	11529	835	61	274	5188706
6859	11502	856	61	274	5188716
6846	11473	881	61	274	5188726
6846	11446	887	61	274	5188736
6862	11422	898	61	274	5188746
6894	11404	911	61	274	5188756
6936	11396	919	61	274	5188766
6982	11396	922	61	274	5188776
7022	11411	920	61	274	5188786
7050	11433	903	61	274	5188796
7063	11465	873	61	274	5188806
7063	11500	816	61	274	5188816
7053	11531	708	61	274	5188826
7036	11553	248	61	274	5188846
15
7147	11475	424	61	270	5188984
7147	11486	599	61	270	5188994
7136	11486	755	61	270	5189004
7127	11496	847	61	270	5189014
7121	11496	927	61	270	5189044
7140	11496	968	61	270	5189054
7176	11496	994	61	270	5189064
7228	11496	1009	61	270	5189074
7298	11496	1023	61	270	5189084
7376	11487	1023	61	270	5189094
7447	11487	1023	61	268	5189104
7505	11480	1023	61	268	5189114
7542	11480	1023	61	266	5189124
7559	11472	1023	61	265.5	5189144
7565	11472	705	61	263.4	5189194
