57
28
3378	16745	428	52	297	4415575
3387	16706	501	52	297	4415585
3387	16689	576	53	298	4415595
3387	16700	669	53	298	4415615
3393	16700	715	53	299	4415625
3402	16720	731	53	299	4415635
3412	16741	735	53	299	4415645
3425	16777	731	54	300	4415655
3438	16820	729	54	300	4415665
3450	16866	715	54	300	4415675
3460	16916	717	54	300	4415685
3467	16961	711	54	300	4415695
3467	16997	717	54	300	4415705
3478	17024	717	54	300	4415715
3478	17042	717	54	300	4415725
3487	17050	711	54	300	4415735
3497	17050	714	54	300	4415745
3511	17033	725	54	300	4415755
3530	17004	764	54	300	4415765
3551	16960	779	54	299	4415775
3572	16907	800	54	299	4415785
3594	16851	812	55	297	4415795
3615	16798	815	55	297	4415805
3634	16756	817	55	297	4415815
3650	16719	816	55	297	4415825
3660	16693	801	55	297	4415835
3668	16677	765	55	297	4415845
3668	16666	409	55	297	4415875
9
3411	16821	434	54	300	4416019
3373	16803	533	54	300	4416029
3363	16796	679	54	300	4416049
3377	16796	785	54	300	4416059
3406	16796	800	54	300	4416069
3450	16808	792	54	300	4416079
3498	16817	742	54	300	4416089
3544	16828	590	54	300	4416099
3585	16841	4	54	300	4416119
15
3494	17016	220	53	301	4416387
3487	17040	377	53	301	4416397
3479	17049	455	53	299	4416407
3468	17049	513	54	300	4416427
3460	17037	615	54	300	4416437
3460	17010	725	54	300	4416447
3460	16967	793	54	300	4416457
3460	16908	847	54	300	4416467
3453	16840	869	54	300	4416477
3446	16773	890	55	301	4416487
3446	16717	894	55	301	4416497
3436	16670	895	55	301	4416507
3436	16642	881	55	301	4416517
3436	16627	841	55	301	4416527
3436	16618	356	56	302	4416557
62
4566	16841	244	52	288	4418595
4566	16834	284	52	288	4418605
4555	16834	322	52	288	4418615
4547	16853	401	53	288	4418625
4537	16853	540	53	286.667	4418655
4537	16859	607	53	286	4418665
4545	16859	644	53	285	4418675
4554	16859	660	54	286	4418685
4566	16859	683	54	284	4418695
4579	16859	697	54	284	4418705
4594	16853	724	54	283	4418715
4615	16853	741	54	283	4418725
4645	16853	758	54	281	4418735
4684	16853	772	54	281	4418745
4740	16861	779	54	281	4418755
4804	16861	780	54	281	4418765
4880	16870	784	54	281	4418775
4966	16870	786	54	281	4418785
5056	16877	787	54	281	4418795
5153	16877	786	55	280	4418805
5254	16885	790	55	280	4418815
5364	16891	800	55	279	4418825
5478	16898	800	55	279	4418835
5595	16906	807	55	279	4418845
5718	16914	806	55	279	4418855
5842	16920	809	55	279	4418865
5970	16929	811	55	279	4418875
6104	16935	810	56	279	4418885
6240	16935	811	56	279	4418895
6376	16945	809	56	279	4418905
6510	16945	813	56	279	4418915
6643	16951	816	56	277	4418925
6777	16951	816	56	277	4418935
6911	16951	817	56	276	4418945
7046	16958	817	56	276	4418955
7185	16958	815	56	276	4418965
7323	16958	815	56	276	4418975
7464	16958	816	57	275	4418985
7607	16958	816	57	275	4418995
7755	16958	817	57	273	4419005
7903	16958	820	57	273	4419015
8051	16965	825	57	273	4419025
8204	16965	824	57	273	4419035
8355	16965	825	57	272	4419045
8506	16965	825	57	272	4419055
8661	16965	826	57	270	4419065
8818	16965	828	57	270	4419075
8974	16965	829	58	270	4419085
9132	16965	833	58	270	4419095
9286	16965	834	58	270	4419105
9439	16974	847	58	268	4419115
9592	16974	845	58	268	4419125
9747	16980	847	58	267	4419135
9894	16980	845	58	267	4419145
10032	16980	852	58	267	4419155
10145	16980	857	58	265	4419165
10236	16980	861	58	265	4419175
10308	16980	868	58	264	4419185
10355	16980	883	58	264	4419195
10393	16980	890	58	264	4419205
10414	16980	898	58	264	4419215
10423	16980	669	58	264	4419275
15
3498	15822	235	53	298	4421055
3480	15852	308	53	298	4421065
3470	15879	446	53	298	4421075
3460	15891	532	53	297.5	4421095
3452	15891	555	53	296.5	4421115
3462	15867	623	53	296	4421125
3470	15833	645	53	296	4421135
3480	15786	664	53	296	4421145
3490	15732	686	53	296	4421155
3500	15679	690	53	296	4421165
3510	15635	688	53	296	4421175
3519	15598	687	53	296	4421185
3528	15572	646	53	296	4421195
3528	15558	520	53	296	4421205
3535	15558	1	53.5	296.5	4421225
34
3475	15792	286	54	297	4421303
3475	15820	331	54	297	4421313
3475	15835	423	54	297	4421323
3475	15850	484	54	297	4421333
3475	15866	518	53	296	4421343
3508	15877	529	53	296	4421353
3550	15887	530	53	296	4421363
3603	15896	529	53	296	4421373
3659	15896	528	53	296	4421383
3703	15886	525	53	296	4421393
3732	15866	525	53	296	4421403
3744	15837	528	53	296	4421413
3737	15802	528	53	294	4421423
3715	15763	534	53	294	4421433
3678	15729	544	54	293	4421443
3634	15700	543	54	293	4421453
3592	15681	551	54	293	4421463
3560	15674	557	55	294	4421473
3543	15674	558	55	294	4421483
3543	15688	550	55	294	4421493
3569	15703	547	55	294	4421503
3605	15718	548	55	294	4421513
3658	15728	548	55	294	4421523
3711	15728	551	55	294	4421533
3762	15718	551	55	294	4421543
3795	15701	560	55	294	4421553
3810	15674	594	55	294	4421563
3810	15646	620	55	294	4421573
3782	15617	643	55	294	4421583
3745	15592	646	55	294	4421593
3697	15573	642	55	294	4421603
3644	15564	634	55	294	4421613
3596	15564	557	55	294	4421623
3562	15572	139	55	294	4421643
23
4961	15945	170	53	284	4422967
4932	15945	248	53	284	4422977
4919	15945	321	53	284	4422987
4907	15952	397	53	284	4422997
4893	15952	566	53.75	284	4423037
4920	15958	671	54	284	4423047
4968	15958	710	54	284	4423057
5046	15974	740	54	284	4423067
5155	15988	760	54	284	4423077
5297	16004	772	54	283	4423087
5457	16020	780	54	283	4423097
5629	16032	788	55	282	4423107
5807	16041	795	55	282	4423117
5981	16050	808	56	280	4423127
6151	16050	815	56	280	4423137
6320	16061	817	56	279	4423147
6475	16061	823	56	279	4423157
6615	16061	829	56	277	4423167
6736	16061	824	56	277	4423177
6825	16061	818	56	276	4423187
6884	16061	792	56	276	4423197
6913	16061	753	57	275	4423207
6919	16061	270	57	273.667	4423237
17
6853	16214	186	54	281	4423523
6836	16249	255	54	281	4423533
6836	16266	388	54	281	4423543
6827	16281	490	54	281	4423553
6827	16290	539	54	281	4423573
6834	16278	621	54	281	4423583
6844	16250	672	55	282	4423593
6859	16201	737	55	282	4423603
6874	16135	775	56	280	4423613
6888	16054	807	56	280	4423623
6903	15977	832	56	279	4423633
6914	15910	845	57	279	4423643
6927	15852	852	57	279	4423653
6937	15813	854	57	279	4423663
6944	15785	854	57	279	4423673
6944	15769	815	57.6667	279.667	4423703
6944	15781	291	58	280	4423723
31
6920	16266	321	55	282	4423871
6876	16308	420	54	281	4423881
6858	16320	504	55	280	4423891
6846	16328	583	55	279.5	4423911
6872	16315	667	54	278	4423921
6914	16297	704	54	278	4423931
6975	16273	721	54	278	4423941
7054	16245	736	55	279	4423951
7142	16216	733	55	279	4423961
7230	16186	733	55	279	4423971
7311	16159	732	55	279	4423981
7379	16135	726	56	277	4423991
7431	16114	718	56	277	4424001
7468	16101	717	56	276	4424011
7491	16091	716	56	276	4424021
7503	16091	715	56	276	4424031
7503	16085	716	57	276	4424071
7485	16078	715	58	276	4424081
7457	16064	725	58	276	4424091
7412	16041	739	58	276	4424101
7353	16010	756	58	276	4424111
7282	15974	773	58	276	4424121
7208	15937	790	58	276	4424131
7143	15901	800	58	276	4424141
7088	15869	804	58	276	4424151
7048	15843	806	59	277	4424161
7023	15825	807	59	277	4424171
7005	15810	806	59	277	4424181
6990	15800	790	59	277	4424191
6973	15800	733	59	277	4424201
6951	15800	267	59	277	4424221
24
7597	16118	118	55	276	4424407
7620	16133	244	55	276	4424417
7627	16142	388	56	276	4424427
7627	16154	505	56	276	4424437
7634	16166	580	56	276	4424447
7634	16177	616	57	276	4424457
7634	16187	627	57	275	4424467
7619	16195	627	57	275	4424477
7605	16195	631	57	273	4424487
7584	16195	632	58	273	4424497
7559	16188	637	58	273	4424507
7530	16166	670	58	273	4424517
7502	16135	689	58	273	4424527
7486	16097	705	58	273	4424537
7486	16055	741	58	273	4424547
7505	16017	778	58	273	4424557
7545	15984	794	58	273	4424567
7592	15965	807	58	273	4424577
7639	15965	809	58	273	4424587
7676	15976	817	58	273	4424597
7695	16003	814	58	273	4424607
7695	16036	796	58	273	4424617
7688	16071	750	58	273	4424627
7663	16100	301	58	273	4424647
75
7732	16071	133	52	284	4425967
7712	16071	208	53	284	4425977
7703	16071	299	53	284	4425987
7695	16071	423	53.5	284	4426007
7689	16077	518	54	284	4426037
7700	16077	563	54	283	4426047
7710	16077	580	55	283	4426057
7721	16077	597	55	282	4426067
7736	16077	612	55	282	4426077
7751	16077	629	55	282	4426087
7767	16077	642	55	282	4426097
7783	16084	652	55	282	4426107
7800	16084	675	55	282	4426117
7817	16084	689	55	282	4426127
7837	16094	708	55	282	4426137
7859	16094	713	55	282	4426147
7879	16105	720	55	282	4426157
7900	16105	732	55	282	4426167
7921	16111	739	55	282	4426177
7947	16111	746	55	282	4426187
7975	16111	746	55	282	4426197
8009	16118	761	55	282	4426207
8046	16118	762	55	282	4426217
8088	16118	768	55	282	4426227
8134	16118	776	55	282	4426237
8180	16118	779	55	282	4426247
8231	16118	778	55	282	4426257
8282	16118	780	55	282	4426267
8334	16118	780	55	282	4426277
8385	16118	784	55	282	4426287
8433	16118	792	55	282	4426297
8477	16118	796	56	280	4426307
8520	16124	806	56	280	4426317
8563	16124	813	56	279	4426327
8606	16131	812	57	279	4426337
8653	16131	815	57	279	4426347
8700	16139	821	57	279	4426357
8749	16139	822	57	278	4426367
8796	16139	820	57	278	4426377
8844	16146	822	57	276	4426387
8895	16146	822	57	276	4426397
8945	16146	827	57	276	4426407
8997	16153	831	57	276	4426417
9050	16153	829	57	275	4426427
9101	16163	829	57	275	4426437
9152	16163	831	57	273	4426447
9204	16176	832	57	273	4426457
9255	16182	831	57	273	4426467
9309	16182	834	57	273	4426477
9368	16195	832	57	273	4426487
9427	16202	833	57	273	4426497
9485	16202	835	57	273	4426507
9538	16214	835	57	273	4426517
9585	16214	837	57	273	4426527
9630	16224	837	57	272	4426537
9673	16224	838	57	272	4426547
9718	16234	839	57	270	4426557
9760	16234	839	57	270	4426567
9804	16245	839	57	270	4426577
9848	16252	839	56	270	4426587
9889	16252	838	56	270	4426597
9933	16259	838	56	270	4426607
9975	16259	839	56	270	4426617
10013	16259	839	56	269	4426627
10049	16266	839	56	269	4426637
10079	16266	838	55	267	4426647
10108	16266	840	55	267	4426657
10138	16273	839	55	267	4426667
10166	16273	840	55	267	4426677
10192	16273	839	55	267	4426687
10215	16282	840	55	267	4426697
10235	16282	844	55	267	4426707
10249	16282	848	55	267	4426717
10260	16282	854	55	267	4426737
10268	16288	672	55.1429	267	4426807
21
10298	17153	298	53	286	4427407
10290	17203	322	53	286	4427417
10290	17229	407	53	286	4427427
10277	17249	470	53	286	4427437
10277	17261	497	53	287	4427457
10277	17250	558	53	288	4427467
10277	17218	602	53	290	4427477
10287	17166	652	53	290	4427487
10294	17083	701	53	290	4427497
10294	16986	749	54	290	4427507
10308	16874	792	54	290	4427517
10319	16754	844	55	291	4427527
10333	16642	870	55	291	4427537
10350	16528	913	55	291	4427547
10369	16433	935	55	290	4427557
10384	16353	956	55	290	4427567
10397	16286	971	57	289	4427577
10406	16241	969	57	289	4427587
10406	16211	969	57	289	4427597
10413	16194	911	57.4	289.4	4427647
10413	16221	2	58	290	4427667
62
10479	17247	175	51	283	4428599
10445	17255	291	51	281	4428609
10434	17255	389	51	281	4428619
10427	17261	517	52.5	280.5	4428639
10438	17261	602	53	281	4428649
10464	17272	651	53	281	4428659
10511	17272	700	53	281	4428669
10576	17286	715	53	279	4428679
10662	17298	740	53	279	4428689
10767	17307	763	54	278	4428699
10884	17317	774	54	278	4428709
11017	17317	772	54	278	4428719
11159	17317	776	54	277	4428729
11294	17317	776	54	277	4428739
11418	17302	780	53	275	4428749
11521	17281	779	53	275	4428759
11604	17255	787	53	274	4428769
11672	17225	787	53	274	4428779
11730	17192	798	54	273	4428789
11782	17159	802	54	273	4428799
11830	17130	803	54	273	4428809
11877	17100	809	54	271	4428819
11922	17071	813	54	271	4428829
11963	17033	816	55	270	4428839
11998	16996	818	55	270	4428849
12027	16956	822	55	270	4428859
12046	16915	824	56	270	4428869
12061	16881	828	56	269	4428879
12072	16839	828	56	269	4428889
12072	16796	831	57	267	4428899
12072	16754	836	57	267	4428909
12072	16709	840	57	267	4428919
12060	16666	845	58	267	4428929
12049	16627	852	58	267	4428939
12034	16587	853	58	267	4428949
12015	16549	862	58	267	4428959
11994	16513	867	58	267	4428969
11966	16475	874	58	267	4428979
11933	16439	880	58	267	4428989
11898	16407	882	58	267	4428999
11861	16379	886	58	267	4429009
11822	16354	891	58	268	4429019
11780	16331	893	58	268	4429029
11731	16311	899	58	270	4429039
11678	16292	901	58	270	4429049
11621	16274	906	58	270	4429059
11560	16259	907	58	270	4429069
11499	16244	909	58	270	4429079
11431	16232	911	59	270	4429089
11355	16225	911	59	270	4429099
11272	16225	924	59	272	4429109
11180	16225	932	59	272	4429119
11085	16225	943	59	273	4429129
10983	16234	950	59	273	4429139
10875	16243	954	59	273	4429149
10769	16253	954	59	275	4429159
10667	16260	952	59	275	4429169
10577	16260	949	59	277	4429179
10508	16271	944	59	277	4429189
10454	16271	926	59	277	4429199
10418	16271	868	59	278	4429209
10400	16271	246	59	279	4429229
27
5725	15897	67	51	294	4431523
5725	15944	211	53	294	4431533
5716	15959	331	53	294	4431543
5710	15969	420	53	292	4431563
5702	15969	454	53	291.5	4431583
5710	15954	533	53	291	4431593
5721	15923	563	53	290	4431603
5734	15867	618	53	290	4431613
5749	15784	657	53	290	4431623
5766	15675	703	54	290	4431633
5783	15537	749	54	290	4431643
5800	15367	785	55	289	4431653
5817	15176	817	55	290	4431663
5835	14969	852	56	288	4431673
5853	14771	869	56	288	4431683
5874	14596	895	57	289	4431693
5895	14445	911	57	289	4431703
5911	14322	924	57	289	4431713
5926	14221	933	57	289	4431723
5936	14142	939	58	290	4431733
5943	14083	941	59	291	4431743
5943	14050	945	60	292	4431753
5952	14030	954	60	292	4431763
5952	14022	967	62.6667	294.667	4431823
5952	14029	928	65	297	4431833
5952	14041	833	65	297	4431843
5952	14060	299	64	299	4431863
23
6145	14044	237	49	288	4432879
6097	14036	300	49	287	4432889
6078	14036	367	50	286	4432899
6060	14036	537	52	286	4432939
6076	14036	634	53	286	4432949
6107	14036	666	54	287	4432959
6165	14046	685	54	286	4432969
6261	14061	712	54	286	4432979
6400	14083	715	54	284	4432989
6580	14112	732	55	285	4432999
6796	14143	738	55	285	4433009
7036	14177	743	55	285	4433019
7295	14211	755	55	283	4433029
7559	14241	761	55	283	4433039
7819	14268	761	55	282	4433049
8068	14289	764	55	282	4433059
8288	14300	763	56	280	4433069
8474	14300	762	56	280	4433079
8616	14300	764	56	279	4433089
8714	14300	764	56	277	4433099
8774	14291	766	56	277	4433109
8807	14291	763	56	276	4433119
8821	14283	512	56	272.4	4433169
22
3932	12995	152	55	296	4434835
3952	12995	288	55	297	4434845
3952	13006	404	54	298	4434855
3962	13018	489	54	298	4434865
3962	13035	529	53	299	4434875
3962	13054	562	53	299	4434885
3962	13073	589	53	299	4434895
3950	13089	623	54	298	4434905
3931	13098	622	54	298	4434915
3901	13098	621	54	297	4434925
3864	13089	625	54	297	4434935
3822	13064	636	55	297	4434945
3785	13026	660	55	297	4434955
3761	12981	694	55	297	4434965
3761	12932	724	55	297	4434975
3768	12885	748	55	297	4434985
3798	12846	756	55	297	4434995
3840	12812	761	55	297	4435005
3888	12790	752	55	297	4435015
3936	12779	710	55	297	4435025
3984	12779	613	55	297	4435035
4024	12790	167	56	298	4435055
49
4419	13007	337	55	287	4435539
4411	12998	394	55	287	4435569
4405	12998	470	55	287	4435579
4413	12998	528	55	287	4435589
4430	12998	581	56	288	4435599
4454	12998	604	56	288	4435609
4490	13004	629	56	288	4435619
4536	13004	638	56	288	4435629
4590	13015	673	56	288	4435639
4656	13023	696	56	288	4435649
4728	13033	712	56	288	4435659
4815	13046	726	57	287	4435669
4910	13062	730	57	287	4435679
5015	13079	736	57	286	4435689
5127	13101	740	57	284	4435699
5237	13124	740	57	284	4435709
5353	13147	753	57	283	4435719
5464	13168	757	57	283	4435729
5573	13190	761	58	281	4435739
5681	13212	772	58	281	4435749
5788	13234	785	59	280	4435759
5902	13257	787	59	278	4435769
6021	13278	791	59	278	4435779
6141	13297	794	59	277	4435789
6265	13317	795	59	277	4435799
6387	13336	805	59	277	4435809
6507	13354	808	58	276	4435819
6628	13372	813	58	276	4435829
6750	13386	817	58	276	4435839
6870	13400	816	58	276	4435849
6990	13410	818	58	275	4435859
7108	13421	816	58	275	4435869
7218	13430	817	58	273	4435879
7327	13437	817	58	273	4435889
7432	13437	817	58	273	4435899
7531	13447	819	58	273	4435909
7625	13447	818	58	273	4435919
7710	13447	820	58	273	4435929
7788	13453	820	58	272	4435939
7865	13453	820	57	272	4435949
7940	13461	822	57	270	4435959
8009	13461	825	57	270	4435969
8073	13467	827	58	270	4435979
8127	13467	827	58	270	4435989
8171	13467	829	58	270	4435999
8206	13467	829	58	270	4436009
8231	13467	829	58	270	4436019
8246	13467	829	58	270	4436029
8254	13467	794	57.6296	270	4436299
16
8245	13673	276	56	287	4437016
8223	13718	380	56	287	4437025
8213	13730	477	55	287	4437035
8202	13739	518	54.5	287	4437055
8202	13722	617	54	287	4437065
8208	13685	669	54	287	4437075
8217	13630	722	54	287	4437085
8226	13558	779	54	287	4437095
8235	13480	797	54	287	4437105
8243	13407	810	54	287	4437115
8251	13338	825	54	287	4437125
8260	13279	830	54	287	4437135
8268	13237	830	55	287	4437145
8268	13208	832	55	287	4437155
8277	13192	740	55.25	287.25	4437195
8277	13203	151	56	288	4437215
30
8252	13602	353	56	288	4437316
8223	13653	457	56	288	4437326
8214	13673	546	55	287	4437336
8214	13688	580	55	287	4437346
8214	13700	593	55	287	4437356
8229	13700	604	55	287	4437366
8262	13692	610	54	287	4437375
8315	13676	618	54	287	4437385
8386	13653	620	54	287	4437395
8464	13627	614	54	287	4437405
8542	13601	611	54	286	4437415
8610	13576	607	54	286	4437425
8665	13557	606	54	284	4437435
8703	13543	605	53	284	4437445
8726	13536	612	53	284	4437455
8737	13536	641	53	283	4437495
8730	13536	660	53	281	4437505
8724	13536	658	53	281	4437515
8714	13536	667	53	281	4437525
8697	13527	684	53	281	4437535
8670	13508	715	53	281	4437545
8631	13476	750	53	281	4437555
8579	13431	775	53	281	4437565
8517	13379	809	54	281	4437575
8450	13323	821	54	281	4437585
8388	13271	823	54	281	4437595
8341	13231	828	54	281	4437605
8311	13207	823	55	282	4437615
8296	13196	752	55	283.667	4437645
8312	13210	222	56	285	4437665
19
8805	13579	270	55	287	4437800
8843	13610	357	55	286	4437810
8843	13627	454	55	286	4437820
8843	13642	528	55	285	4437830
8830	13651	558	55	285	4437840
8820	13651	579	54	283	4437850
8805	13640	607	54	283	4437860
8791	13617	633	54	281	4437870
8779	13588	643	54	281	4437880
8779	13557	659	55	280	4437890
8779	13529	673	55	280	4437900
8805	13507	717	55	279	4437910
8837	13493	758	55	279	4437920
8877	13493	768	54	278	4437930
8916	13506	771	54	278	4437939
8945	13533	769	54	278	4437949
8956	13571	701	54	278	4437959
8946	13612	631	54	278	4437969
8915	13647	204	54	278	4437989
13
8817	14319	206	50	283	4439444
8804	14319	295	51	284	4439454
8786	14319	397	51	283	4439464
8773	14319	494	51	283	4439474
8755	14319	549	51	283	4439484
8755	14308	636	51	283	4439504
8779	14299	698	51	281	4439514
8821	14299	718	52	282	4439524
8886	14299	717	53	281	4439534
8971	14299	711	53	281	4439544
9066	14313	665	53	281	4439554
9162	14322	546	53	281	4439564
9250	14322	141	53	281	4439584
12
8985	13587	249	54	284	4440060
8969	13596	382	54	284	4440070
8961	13596	520	54	284	4440080
8949	13596	648	54	284	4440100
8957	13596	740	54	284	4440110
8982	13596	769	54	284	4440120
9022	13602	791	54	284	4440130
9080	13614	797	54	284	4440140
9150	13629	781	54	284	4440150
9230	13645	713	54	284	4440160
9313	13662	552	54	283	4440170
9392	13677	6	54	282	4440190
21
9395	14496	204	52	283	4440616
9372	14553	300	52	283	4440626
9362	14578	383	52	283	4440636
9353	14598	466	52	283	4440646
9353	14609	492	51	283	4440666
9353	14596	576	51	283	4440676
9370	14558	639	51	283	4440686
9388	14484	695	51	281	4440696
9399	14372	756	51	281	4440706
9408	14234	807	52	280	4440716
9418	14086	848	52	280	4440726
9418	13939	881	52	280	4440736
9438	13805	903	52	280	4440746
9459	13693	915	53	281	4440756
9476	13600	924	53	281	4440766
9497	13537	925	53	279	4440776
9511	13501	926	54	280	4440786
9511	13482	927	54	278	4440796
9520	13482	874	54.3333	278.333	4440826
9510	13497	641	55	279	4440836
9503	13516	47	55.5	279	4440856
62
9449	14571	277	52	280	4441212
9399	14588	346	52	280	4441222
9379	14588	462	52	280	4441232
9369	14595	545	51	280	4441242
9369	14603	582	51	280	4441252
9390	14609	622	51	279	4441262
9430	14617	649	51	279	4441272
9490	14617	680	51	277	4441282
9567	14623	712	51	276	4441292
9653	14623	732	51	276	4441302
9754	14611	745	51	275	4441312
9867	14597	759	51	275	4441322
9990	14577	770	50	274	4441332
10118	14556	773	50	274	4441342
10247	14531	776	50	272	4441352
10364	14505	772	50	272	4441362
10459	14478	771	51	271	4441372
10538	14450	771	51	271	4441382
10592	14423	768	51	270	4441392
10628	14395	768	51	269	4441402
10657	14365	768	51	269	4441412
10679	14335	769	51	268	4441422
10694	14307	771	51	268	4441432
10714	14281	771	52	266	4441442
10733	14257	774	52	266	4441452
10750	14233	773	52	265	4441462
10767	14208	775	52	265	4441472
10776	14183	775	53	265	4441482
10785	14157	777	53	265	4441492
10785	14128	776	53	265	4441502
10785	14098	780	53	265	4441512
10785	14068	780	54	265	4441522
10771	14036	785	54	265	4441532
10758	14003	783	54	265	4441542
10744	13968	792	54	265	4441552
10724	13931	792	54	265	4441562
10701	13895	802	54	265	4441572
10680	13859	803	55	264	4441582
10659	13824	804	55	264	4441592
10635	13789	806	55	264	4441602
10607	13758	807	55	264	4441612
10579	13731	809	55	264	4441622
10544	13705	809	55	264	4441632
10506	13684	812	55	264	4441642
10466	13662	817	55	264	4441652
10421	13637	824	55	266	4441662
10373	13613	829	55	266	4441672
10325	13588	832	55	267	4441682
10275	13563	837	55	267	4441692
10221	13540	845	55	267	4441702
10170	13520	850	55	267	4441712
10113	13500	859	56	269	4441722
10050	13485	866	56	269	4441732
9985	13471	877	56	270	4441742
9917	13459	885	56	270	4441752
9845	13448	897	56	270	4441762
9779	13438	906	56	271	4441772
9720	13438	908	56	271	4441782
9664	13438	912	56	273	4441792
9626	13438	911	56	273	4441802
9601	13445	892	56	273	4441812
9587	13445	442	56	273.667	4441842
75
5711	13263	129	56	299	4447500
5717	13272	221	56	299	4447520
5717	13278	677	57.0962	296.654	4448040
5717	13266	764	59	294	4448050
5717	13258	764	59	294	4448060
5717	13246	765	59	294	4448070
5717	13228	765	59	294	4448080
5726	13209	765	59	294	4448090
5726	13183	764	59	294	4448100
5738	13152	765	59	294	4448110
5745	13107	767	59	294	4448120
5745	13060	769	59	294	4448130
5758	13007	769	59	294	4448140
5758	12949	775	59	294	4448150
5771	12891	779	59	294	4448160
5781	12822	785	59	294	4448170
5791	12746	790	59	294	4448180
5804	12664	792	59	294	4448190
5814	12579	795	60	295	4448200
5823	12489	799	60	295	4448210
5833	12397	805	60	295	4448220
5843	12306	814	60	295	4448230
5854	12215	820	60	295	4448240
5866	12126	829	60	296	4448250
5880	12038	834	60	296	4448260
5892	11949	840	60	296	4448270
5905	11859	846	60	296	4448280
5918	11771	849	60	296	4448290
5931	11684	853	61	297	4448300
5944	11599	852	61	297	4448310
5955	11521	856	61	297	4448320
5966	11448	854	61	297	4448330
5974	11381	856	62	298	4448340
5974	11322	860	62	298	4448350
5985	11279	862	62	298	4448360
5985	11248	860	62	298	4448370
5993	11230	862	62	298	4448380
5993	11220	864	62	298	4448400
5993	11212	898	62.1429	297.143	4448540
6000	11212	915	62	294	4448560
6012	11212	914	62	294	4448570
6025	11212	913	62	294	4448580
6046	11219	914	62	294	4448590
6080	11219	915	62	294	4448600
6127	11219	914	62	294	4448610
6186	11230	918	63	295	4448620
6261	11236	911	63	295	4448630
6352	11247	907	63	295	4448640
6453	11255	905	63	295	4448650
6567	11265	905	63	295	4448660
6689	11275	906	63	295	4448670
6820	11282	906	63	295	4448680
6960	11282	905	63	295	4448690
7110	11291	908	62	294	4448700
7273	11291	905	62	294	4448710
7437	11291	906	62	294	4448720
7607	11291	906	62	294	4448730
7780	11291	903	62	294	4448740
7953	11291	902	62	294	4448750
8134	11291	898	62	294	4448760
8321	11291	894	62	294	4448770
8506	11291	897	62	294	4448780
8694	11297	898	62	294	4448790
8877	11306	899	62	294	4448800
9046	11317	899	62	294	4448810
9208	11328	898	62	294	4448820
9347	11341	904	61	291	4448830
9463	11351	907	61	291	4448840
9555	11361	911	62	289	4448850
9617	11368	915	62	289	4448860
9658	11368	921	62	289	4448870
9679	11379	926	62	289	4448880
9689	11379	904	62	286.333	4448910
9689	11394	704	62	285	4448920
9675	11411	212	62	285	4448940
23
9648	11573	281	60	300	4449196
9629	11627	339	61	299	4449206
9612	11656	445	60	298	4449216
9602	11681	519	60	296	4449226
9591	11708	576	60	295	4449236
9591	11718	599	59.5	293	4449256
9591	11711	657	59	291	4449266
9601	11678	693	59	291	4449276
9611	11612	734	58	290	4449286
9621	11497	775	58	290	4449296
9629	11341	816	59	289	4449306
9629	11148	846	60	289	4449316
9629	10939	884	60	288	4449326
9629	10754	919	60	288	4449336
9636	10592	942	61	288	4449346
9644	10469	969	61	288	4449356
9653	10378	972	62	289	4449366
9664	10306	979	63	290	4449376
9675	10261	980	64	291	4449386
9682	10232	981	64	292	4449396
9682	10223	945	65	293	4449426
9682	10232	746	67	295	4449436
9682	10265	217	67.5	295.5	4449456
51
9590	11718	373	57	287	4449672
9572	11744	443	58	286	4449682
9566	11765	532	58	285.5	4449702
9566	11772	640	59	285	4449712
9581	11772	682	59	284	4449722
9611	11772	739	59	284	4449732
9659	11772	770	59	284	4449742
9738	11772	800	58	282	4449752
9840	11761	817	58	282	4449762
9964	11761	837	59	280	4449772
10107	11742	846	59	280	4449782
10256	11726	850	59	278	4449792
10408	11702	854	60	279	4449802
10559	11672	860	60	277	4449812
10710	11637	865	60	275	4449822
10857	11593	864	60	273	4449832
11000	11545	866	60	273	4449842
11132	11490	866	60	273	4449852
11246	11430	864	60	272	4449862
11341	11365	866	61	272	4449872
11418	11298	868	61	270	4449882
11481	11231	871	61	268	4449892
11531	11163	870	61	268	4449902
11570	11097	874	62	266	4449912
11599	11034	880	62	264	4449922
11618	10970	886	62	264	4449932
11625	10902	890	62	263	4449942
11625	10832	892	63	262	4449952
11608	10764	898	63	262	4449962
11581	10694	904	63	262	4449972
11548	10633	910	64	262	4449982
11505	10577	915	64	260	4449992
11451	10525	921	64	260	4450002
11385	10476	925	64	260	4450012
11306	10429	934	64	262	4450022
11218	10386	943	65	261	4450032
11120	10344	951	65	261	4450042
11016	10313	955	65	261	4450052
10900	10288	961	66	261	4450062
10773	10273	966	66	263	4450072
10640	10266	973	67	263	4450082
10504	10266	978	67	265	4450092
10377	10258	985	67	265	4450102
10263	10258	985	67	268	4450112
10167	10258	979	68	268	4450122
10086	10266	967	68	270	4450132
10020	10266	932	68	270	4450142
9960	10276	904	68	270	4450152
9910	10286	840	68	270	4450162
9870	10300	678	68	272	4450172
9848	10322	4	68	273.5	4450192
33
9510	10614	198	63	266	4451336
9539	10614	241	62	266	4451346
9562	10628	275	62	266	4451356
9592	10638	396	62	266	4451366
9622	10655	441	62	266	4451376
9648	10655	491	62	266	4451386
9668	10664	541	62	266	4451396
9678	10664	598	62	266	4451426
9667	10664	615	62	266	4451436
9649	10657	641	62	266	4451446
9621	10657	646	62	264	4451456
9576	10644	653	61	265	4451466
9510	10633	656	62	263	4451476
9418	10622	666	62	263	4451486
9301	10609	689	62	264	4451496
9164	10598	700	62	264	4451506
9006	10587	710	62	266	4451516
8836	10576	720	62	266	4451526
8652	10567	722	62	266	4451536
8460	10556	729	62	266	4451546
8265	10544	751	62	268	4451556
8070	10533	763	62	268	4451566
7879	10520	777	62	270	4451576
7694	10510	784	62	270	4451586
7515	10503	786	62	270	4451596
7353	10503	806	62	272	4451606
7206	10503	832	62	272	4451616
7078	10503	839	62	274	4451626
6970	10511	840	62	274	4451636
6885	10517	851	62	274	4451646
6826	10526	838	62	276	4451656
6792	10526	775	62	276	4451666
6777	10534	203	62.6667	277.667	4451696
15
6761	10640	270	60	292	4452000
6761	10682	349	60	292	4452010
6754	10709	450	60	290	4452020
6754	10723	519	60	289	4452030
6754	10731	586	60	288	4452050
6754	10706	675	60	288	4452060
6765	10669	721	60	288	4452070
6772	10612	768	60	288	4452080
6772	10541	796	60	288	4452090
6780	10463	824	60	288	4452100
6780	10387	839	60	288	4452110
6780	10324	848	60	288	4452120
6780	10279	861	60	286	4452130
6780	10254	876	61	287	4452140
6787	10243	770	61.7333	285.267	4452290
18
6807	10687	232	58	290	4455280
6777	10721	357	58	290	4455290
6759	10734	533	58	290	4455300
6738	10746	666	58	290	4455310
6726	10758	762	58	290	4455320
6720	10765	812	58	290	4455340
6727	10765	847	58	290	4455350
6744	10758	874	59	289	4455360
6780	10745	893	59	289	4455370
6832	10725	908	59	287	4455380
6899	10698	912	59	287	4455390
6975	10671	912	59	287	4455400
7044	10646	910	58	286	4455410
7102	10623	903	58	286	4455420
7146	10607	895	58	286	4455430
7171	10596	887	58	286	4455440
7185	10589	814	58	286	4455480
7174	10589	221	58	286	4455500
18
7106	10561	274	60	288	4455656
7153	10588	439	60	288	4455666
7165	10594	617	60	288	4455686
7172	10594	731	59.3333	287.333	4455716
7157	10585	810	59	287	4455726
7129	10562	850	59	287	4455736
7080	10528	887	59	287	4455746
7009	10481	917	59	287	4455756
6928	10425	932	59	287	4455766
6841	10369	952	59	287	4455776
6772	10320	958	60	288	4455786
6727	10286	964	60	288	4455796
6709	10268	972	60	288	4455816
6718	10268	966	60	288	4455826
6726	10268	942	60	288	4455836
6734	10284	875	60	288	4455846
6749	10303	732	61	288	4455856
6771	10325	200	61	288	4455876
27
7252	10598	317	60	288	4456044
7283	10618	458	60	288	4456054
7295	10630	591	60	288	4456064
7302	10639	668	60	288	4456074
7302	10648	733	59	287	4456094
7287	10654	779	59	287	4456104
7268	10654	790	59	287	4456114
7241	10647	814	59	287	4456124
7214	10639	844	59	287	4456134
7183	10626	882	59	287	4456144
7153	10610	902	59	287	4456154
7133	10588	917	59	287	4456164
7112	10561	926	59	287	4456174
7102	10536	929	59	287	4456184
7102	10511	932	59	287	4456194
7117	10488	945	59	287	4456204
7142	10469	959	59	287	4456214
7185	10455	966	59	287	4456224
7230	10455	976	59	287	4456234
7277	10455	977	59	287	4456244
7319	10475	975	59	287	4456254
7342	10506	969	59	287	4456264
7352	10544	954	59	287	4456274
7344	10585	933	59	287	4456284
7319	10622	881	59	287	4456294
7277	10650	749	59	287	4456304
7227	10667	129	59	287	4456324
37
6747	10533	6	60	280	4457644
6753	10533	36	60	280	4457654
6753	10547	83	60	280	4457664
6763	10547	243	60	278.333	4457694
6770	10547	453	59.3333	277	4457724
6770	10555	588	59	274.333	4457784
6777	10555	751	58.4737	272	4458164
6770	10555	826	58	270	4458214
6764	10555	829	58	270	4458244
6747	10555	830	58	270	4458254
6725	10547	831	58	270	4458264
6696	10547	830	58	270	4458274
6660	10538	830	58	270	4458284
6623	10538	831	58	270	4458294
6588	10529	830	58	270	4458304
6547	10529	830	58	270	4458314
6505	10529	832	58	270	4458324
6451	10517	831	58	270	4458334
6384	10510	832	58	270	4458344
6304	10498	831	58	270	4458354
6200	10481	834	58	270	4458364
6079	10461	837	58	270	4458374
5950	10438	839	58	270	4458384
5818	10416	839	58	270	4458394
5687	10394	847	58	270	4458404
5555	10370	847	59	270	4458414
5416	10345	850	59	270	4458424
5264	10316	855	59	270	4458434
5106	10289	873	59	270	4458444
4959	10267	881	59	270	4458454
4829	10248	891	59	270	4458464
4725	10236	899	59	270	4458474
4650	10228	927	59	270	4458484
4596	10228	937	59	270	4458494
4563	10228	942	59	272	4458504
4549	10228	843	60	272.667	4458534
4562	10234	74	60	273	4458554
14
3889	10328	253	55	291	4458872
3874	10372	306	55	291	4458882
3855	10388	421	55	291	4458892
3843	10397	505	55	291	4458902
3831	10397	570	55	291	4458922
3839	10384	660	55	291	4458932
3850	10354	727	55	291	4458942
3866	10310	783	55	290	4458952
3882	10251	814	56	290	4458962
3900	10200	822	57	289	4458972
3917	10157	824	57	289	4458982
3929	10126	822	57	289	4458992
3937	10114	802	57	289	4459002
3937	10106	449	57.25	289.25	4459042
19
3890	10374	357	55	295	4459140
3854	10380	453	55	295	4459150
3834	10380	502	55	295	4459160
3824	10380	531	55	294	4459170
3824	10392	556	55	292	4459180
3849	10392	574	55	292	4459190
3897	10392	598	54	290	4459200
3965	10392	621	54	290	4459210
4037	10378	621	54	290	4459220
4105	10352	645	54	290	4459230
4155	10318	667	54	290	4459240
4177	10274	713	54	290	4459250
4177	10230	749	55	290	4459260
4153	10185	766	55	290	4459270
4110	10144	776	56	288	4459280
4051	10111	767	57	289	4459290
3986	10088	742	57	289	4459300
3929	10079	673	57	289	4459310
3885	10079	230	57	289	4459330
75
12045	16874	37	47	288	4463392
12036	16874	110	47	288	4463402
12018	16861	157	48	288	4463412
12000	16861	208	48	288	4463422
11986	16861	299	48	288	4463432
11975	16854	450	48	288.75	4463472
11983	16854	550	49	289	4463482
11990	16854	577	49	289	4463492
12004	16854	608	49	289	4463502
12030	16854	640	49	289	4463512
12062	16864	652	49	289	4463522
12105	16872	652	49	289	4463532
12158	16882	666	49	289	4463542
12225	16891	675	50	289	4463552
12314	16900	687	50	289	4463562
12423	16906	688	51	288	4463572
12548	16913	693	51	288	4463582
12688	16913	692	51	286	4463592
12840	16923	701	51	286	4463602
13007	16923	704	51	285	4463612
13184	16931	704	51	285	4463622
13356	16931	703	51	284	4463632
13524	16931	705	51	284	4463642
13680	16931	704	51	283	4463652
13822	16931	703	51	281	4463662
13953	16931	702	52	282	4463672
14069	16924	702	53	281	4463682
14164	16924	703	53	279	4463692
14245	16924	704	53	279	4463702
14310	16916	705	53	278	4463712
14363	16916	704	53	277	4463722
14402	16916	705	53	275	4463732
14430	16916	708	53	275	4463742
14446	16916	705	53	274	4463752
14453	16916	705	53	273.25	4463792
14453	16905	701	53	273	4463802
14460	16891	710	53	271	4463812
14460	16862	710	53	271	4463822
14460	16817	711	53	270	4463832
14460	16758	715	53	270	4463842
14471	16686	718	53	270	4463852
14479	16605	722	53	270	4463862
14486	16514	726	53	270	4463872
14496	16416	724	53	270	4463882
14496	16314	727	53	270	4463892
14507	16214	734	54	270	4463902
14517	16126	745	54	270	4463912
14526	16046	747	54	270	4463922
14526	15975	753	54	270	4463932
14535	15913	752	54	270	4463942
14535	15860	753	55	270	4463952
14535	15821	754	55	270	4463962
14535	15788	760	55	270	4463972
14535	15763	765	55	270	4463982
14535	15747	763	55	270	4463992
14535	15734	763	56	270	4464022
14535	15728	787	56	272.2	4464072
14541	15728	820	56	273	4464082
14563	15728	834	56	273	4464092
14606	15728	837	56	273	4464102
14672	15728	842	56	273	4464112
14765	15728	855	56	273	4464122
14883	15728	858	56	273	4464132
15023	15728	858	56	273	4464142
15182	15728	859	56	273	4464152
15349	15720	862	56	273	4464162
15510	15711	862	56	273	4464172
15656	15699	865	56	273	4464182
15779	15684	864	56	273	4464192
15873	15669	868	56	273	4464202
15937	15657	874	56	273	4464212
15975	15648	877	56	273	4464222
15991	15642	883	56	273.5	4464242
15999	15642	835	56	275.333	4464272
15987	15642	266	56	276	4464292
82
10850	14195	90	51	288	4464908
10810	14195	115	52	288	4464918
10797	14195	186	52	288	4464928
10786	14195	384	52	288.5	4464968
10786	14202	494	52	289	4464978
10793	14202	522	52	289	4464988
10805	14209	561	52	289	4464998
10825	14209	576	52	289	4465008
10855	14220	594	52	289	4465018
10898	14231	614	52	289	4465028
10954	14242	636	52	289	4465038
11021	14257	651	52	289	4465048
11097	14273	659	52	289	4465058
11181	14287	668	52	289	4465068
11269	14301	675	52	289	4465078
11359	14311	678	52	289	4465088
11452	14321	694	52	289	4465098
11546	14327	703	52	289	4465108
11646	14327	715	53	288	4465118
11760	14339	727	53	288	4465128
11887	14349	733	53	286	4465138
12028	14364	734	54	287	4465148
12180	14382	737	54	287	4465158
12338	14405	750	54	287	4465168
12497	14422	754	54	287	4465178
12662	14437	762	54	286	4465188
12830	14450	764	54	286	4465198
13009	14461	776	54	284	4465208
13198	14479	778	54	284	4465218
13388	14497	787	54	283	4465228
13586	14515	787	54	283	4465238
13780	14536	791	54	281	4465248
13965	14552	792	54	281	4465258
14147	14569	796	55	280	4465268
14315	14585	800	55	280	4465278
14474	14597	799	55	279	4465288
14627	14611	801	55	279	4465298
14761	14623	802	55	277	4465308
14879	14637	802	55	277	4465318
14972	14647	807	55	276	4465328
15040	14655	814	55	276	4465338
15085	14655	822	55	276	4465348
15108	14665	841	55	276	4465358
15119	14665	868	55	273.667	4465388
15119	14671	886	55	273	4465418
15119	14682	883	55	273	4465428
15105	14699	882	55	273	4465438
15091	14724	881	55	273	4465448
15070	14762	875	55	273	4465458
15040	14809	873	55	273	4465468
15007	14863	874	55	273	4465478
14967	14926	869	55	273	4465488
14925	14991	866	55	273	4465498
14881	15055	862	55	273	4465508
14837	15120	861	55	273	4465518
14797	15187	862	55	273	4465528
14757	15252	862	55	273	4465538
14723	15312	866	55	273	4465548
14695	15361	867	55	273	4465558
14670	15399	869	54	271	4465568
14657	15423	869	54	271	4465578
14648	15441	868	54	270	4465588
14648	15451	869	54	270	4465608
14648	15460	868	53	270	4465678
14658	15460	869	52	270	4465688
14670	15460	871	52	270	4465698
14697	15460	873	52	270	4465708
14744	15467	873	52	270	4465718
14814	15467	868	52	270	4465728
14910	15475	871	52	270	4465738
15023	15475	869	52	270	4465748
15150	15475	867	52	270	4465758
15290	15475	870	52	270	4465768
15430	15467	870	52	270	4465778
15568	15467	870	52	270	4465788
15692	15453	871	52	270	4465798
15797	15444	870	52	270	4465808
15878	15435	871	52	270	4465818
15936	15428	873	52	270	4465828
15966	15428	875	52	270	4465838
15979	15428	832	52	270	4465888
15971	15428	38	52	270	4465908
23
15820	15937	136	51	275	4466448
15800	15947	232	51	275	4466458
15785	15955	314	51	275	4466468
15770	15962	427	51	275	4466478
15758	15969	542	51	275	4466508
15773	15969	603	51	275	4466518
15809	15969	636	51	275	4466528
15867	15953	642	51	275	4466538
15944	15928	656	51	275	4466548
16024	15886	667	51	275	4466558
16098	15827	672	51	274	4466568
16153	15751	706	51	274	4466578
16183	15655	731	52	273	4466588
16183	15547	769	52	273	4466598
16159	15432	803	52	273	4466608
16113	15317	838	52	273	4466618
16059	15217	862	52	274	4466628
16009	15139	884	52	274	4466638
15966	15082	891	52	275	4466648
15939	15049	895	53	275	4466658
15923	15032	896	53	275	4466668
15915	15024	794	53.3333	275	4466698
15915	15040	74	54	277	4466718
21
15954	16018	147	49	275	4467180
15935	16012	213	49	275	4467190
15927	16012	322	49	275	4467200
15927	16022	454	49.5	275	4467220
15935	16022	566	50	275	4467230
15968	16022	613	50	275	4467240
16024	16022	674	50	275	4467250
16110	16022	705	51	275	4467260
16226	16009	734	51	275	4467270
16360	15997	749	51	275	4467280
16508	15975	768	51	274	4467290
16659	15942	772	51	274	4467300
16798	15896	779	51	272	4467310
16914	15840	784	51	272	4467320
17003	15782	787	51	272	4467330
17061	15725	795	51	271	4467340
17097	15678	804	51	271	4467350
17118	15644	806	51	270	4467360
17129	15624	808	51	270	4467370
17129	15615	771	51	270	4467400
17129	15623	173	51	269	4467420
21
16006	15066	268	52	280	4467704
15978	15066	315	52	280	4467714
15969	15066	422	53	281	4467724
15969	15073	591	53	281	4467744
16005	15073	708	53	281	4467754
16063	15073	763	53	281	4467764
16152	15081	796	53	281	4467774
16269	15094	808	54	281	4467784
16410	15114	814	54	281	4467794
16562	15144	820	54	281	4467804
16716	15187	815	54	281	4467814
16862	15244	808	55	280	4467824
16996	15314	803	55	280	4467834
17108	15387	806	55	279	4467844
17191	15462	808	55	277	4467854
17252	15525	817	55	276	4467864
17286	15579	830	54	274	4467874
17302	15621	852	54	274	4467884
17310	15650	874	54	273	4467894
17310	15667	883	54	271	4467904
17310	15675	821	51.7895	264.263	4468094
65
13365	14460	26	49	280	4471953
13365	14468	48	49	279	4471973
13375	14478	120	49	279	4471993
13375	14487	188	49	279	4472003
13383	14487	313	49	279	4472053
13383	14494	651	47.732	276.577	4473022
13383	14485	682	47	276	4473032
13383	14478	682	47	276	4473042
13390	14466	682	47	276	4473052
13390	14448	682	47	275	4473062
13396	14429	681	47	275	4473072
13396	14409	679	47	274	4473082
13409	14389	680	47	274	4473092
13415	14367	680	47	274	4473102
13415	14342	679	47	274	4473112
13425	14311	680	48	274	4473122
13431	14277	681	48	274	4473132
13431	14242	683	48	274	4473142
13442	14201	685	48	274	4473152
13449	14160	686	49	275	4473162
13449	14120	685	49	275	4473172
13463	14079	687	49	275	4473182
13470	14039	689	50	275	4473192
13479	13997	696	50	275	4473202
13489	13954	700	50	275	4473212
13497	13909	700	50	275	4473222
13507	13861	701	51	275	4473232
13507	13815	705	51	276	4473242
13516	13767	705	51	276	4473252
13516	13720	711	51	277	4473262
13524	13674	717	52	278	4473272
13530	13625	720	52	278	4473282
13539	13576	722	52	278	4473292
13547	13525	727	52	278	4473302
13555	13472	737	52	278	4473312
13562	13421	740	52	278	4473322
13562	13366	746	52	278	4473332
13572	13312	748	53	278	4473342
13572	13258	756	53	278	4473352
13581	13201	758	53	278	4473362
13581	13146	764	54	278	4473372
13593	13093	767	54	278	4473382
13593	13039	775	54	278	4473392
13605	12988	776	55	279	4473402
13605	12938	785	55	279	4473412
13618	12884	791	55	279	4473422
13624	12832	793	55	279	4473432
13624	12780	796	56	279	4473442
13631	12727	800	56	279	4473452
13631	12678	803	56	279	4473462
13637	12630	803	56	279	4473472
13637	12584	807	56	279	4473482
13649	12544	807	56	279	4473492
13649	12505	808	56	279	4473502
13649	12474	808	56	279	4473512
13657	12448	809	56	279	4473522
13657	12424	815	56	279	4473532
13657	12404	814	56	279	4473542
13665	12383	816	56	279	4473552
13665	12358	818	56	279	4473562
13665	12337	818	57	279	4473572
13665	12313	817	57	279	4473582
13665	12294	819	57	279	4473592
13665	12279	820	57	279	4473602
13665	12269	763	58.5882	279.941	4473772
29
13730	12288	33	55	282	4474545
13724	12296	74	55	282	4474555
13724	12306	120	55	282	4474565
13713	12306	168	55	282	4474575
13707	12312	231	55	282	4474595
13696	12312	333	56	279.5	4474635
13690	12312	606	55.1333	279	4474785
13696	12312	742	55	277.889	4474875
13704	12312	782	55	276	4474895
13716	12312	788	55	276	4474905
13726	12312	797	55	276	4474915
13747	12312	800	55	276	4474925
13780	12312	801	55	276	4474935
13826	12312	803	55	276	4474945
13884	12312	803	55	276	4474955
13951	12312	807	55	276	4474965
14029	12312	810	55	276	4474975
14120	12312	810	55	276	4474985
14225	12302	811	55	276	4474995
14337	12293	818	55	276	4475005
14451	12283	825	55	276	4475015
14566	12273	829	55	276	4475025
14680	12273	834	55	276	4475035
14788	12263	836	56	276	4475045
14876	12263	840	56	276	4475055
14947	12253	843	56	276	4475065
14992	12247	848	56	276	4475075
15016	12247	852	56	276	4475085
15033	12247	652	56	273.714	4475155
61
11654	11034	118	54	287	4475885
11630	11034	151	54	287	4475895
11618	11034	168	55	287	4475905
11604	11034	236	55	287	4475915
11595	11034	363	55	286.667	4475945
11602	11034	461	55	286	4475955
11610	11042	501	55	285	4475965
11617	11042	526	55	285	4475975
11626	11042	561	55	285	4475985
11635	11049	611	55	285	4475995
11645	11049	651	55	285	4476005
11660	11056	679	55	285	4476015
11683	11065	698	55	285	4476025
11714	11076	712	55	285	4476035
11755	11088	734	55	285	4476045
11808	11100	740	55	285	4476055
11866	11112	747	56	285	4476065
11928	11122	752	56	285	4476075
11992	11132	757	56	285	4476085
12055	11142	770	56	285	4476095
12124	11152	781	56	285	4476105
12201	11162	785	56	285	4476115
12283	11175	788	56	285	4476125
12372	11189	800	56	285	4476135
12463	11206	813	56	284	4476145
12556	11225	816	56	284	4476155
12656	11241	817	56	282	4476165
12752	11261	822	56	282	4476175
12848	11274	823	56	282	4476185
12939	11289	827	56	282	4476195
13025	11304	830	56	282	4476205
13112	11318	831	56	282	4476215
13202	11335	836	57	281	4476225
13295	11352	839	57	281	4476235
13390	11369	844	57	279	4476245
13485	11387	846	57	279	4476255
13582	11406	855	57	279	4476265
13682	11421	858	57	278	4476275
13780	11436	857	57	278	4476285
13872	11449	857	57	276	4476295
13955	11461	859	56	276	4476305
14027	11472	857	56	276	4476315
14100	11484	865	56	276	4476325
14175	11494	867	56	276	4476335
14254	11505	868	56	276	4476345
14338	11519	868	56	276	4476355
14422	11532	871	56	276	4476365
14502	11543	871	55	276	4476375
14580	11555	871	55	276	4476385
14655	11566	870	55	274	4476395
14730	11574	871	56	274	4476405
14806	11580	872	56	273	4476415
14875	11580	872	56	273	4476425
14937	11580	870	56	273	4476435
14993	11580	872	56	273	4476445
15041	11588	873	56	273	4476455
15080	11588	873	56	273	4476465
15106	11588	874	56	273	4476475
15120	11588	893	56	274.119	4476895
15120	11594	922	55.2289	276	4477724
15113	11594	364	55.3333	276	4477754
25
14949	12444	253	50	272	4478177
14897	12468	317	51	272	4478187
14873	12477	363	51	274	4478197
14856	12492	453	51	274	4478207
14847	12492	518	52	275	4478217
14856	12492	560	52	275	4478227
14886	12492	589	52	275	4478237
14936	12477	610	52	275	4478247
15004	12453	634	52	275	4478257
15078	12416	641	52	275	4478267
15147	12357	651	52	275	4478277
15204	12279	682	52	275	4478287
15242	12183	703	52	275	4478297
15256	12066	736	52	275	4478307
15256	11938	775	52	275	4478317
15226	11810	804	52	275	4478327
15183	11683	837	53	275	4478337
15135	11575	875	53	275	4478347
15086	11485	895	53	275	4478357
15039	11410	915	54	275	4478367
15006	11355	920	54	275	4478377
14987	11320	925	55	276	4478387
14979	11302	929	55	276	4478397
14979	11295	872	56.4	276.8	4478447
14979	11319	24	57	279	4478467
24
15061	12409	165	50	276	4478721
15029	12433	257	51	276	4478731
15016	12454	339	51	275	4478741
15016	12479	430	51	275	4478751
15016	12511	490	51	275	4478761
15040	12537	512	51	275	4478771
15086	12562	558	52	275	4478781
15156	12583	607	52	275	4478791
15253	12597	660	52	275	4478801
15375	12597	682	52	275	4478811
15525	12597	722	52	275	4478821
15693	12584	736	52	275	4478831
15876	12560	755	51	275	4478841
16063	12524	764	51	274	4478851
16236	12475	780	51	274	4478861
16393	12416	800	51	272	4478871
16518	12351	807	51	271	4478881
16609	12289	817	52	270	4478891
16670	12238	834	52	269	4478901
16703	12203	839	52	269	4478911
16720	12182	846	52	267	4478921
16720	12172	850	53	266	4478931
16727	12172	777	53.3333	265.333	4478961
16727	12178	62	54	265	4478981
31
16703	12138	337	52	270	4479177
16716	12173	406	53	269	4479187
16716	12182	485	53.5	268	4479207
16710	12182	501	54	267	4479227
16710	12164	532	54	267	4479237
16695	12135	587	55	266	4479247
16675	12090	636	55	266	4479257
16639	12027	680	55	264	4479267
16587	11948	721	55	264	4479277
16521	11858	743	55	264	4479287
16443	11761	784	56	264	4479297
16357	11669	808	56	264	4479307
16261	11581	837	56	264	4479317
16155	11500	872	56	266	4479327
16038	11425	892	56	266	4479337
15898	11353	913	56	267	4479347
15750	11297	920	57	268	4479357
15600	11252	929	57	268	4479367
15457	11220	943	57	270	4479377
15339	11203	957	57	270	4479387
15240	11194	966	58	272	4479397
15165	11194	980	58	273	4479407
15110	11202	985	58	275	4479417
15077	11202	984	58	275	4479427
15060	11215	979	59	277	4479437
15045	11215	973	59	278	4479447
15035	11222	970	59	280	4479457
15027	11222	966	58	282	4479467
15020	11229	959	58.5714	283.714	4479537
15027	11229	969	59	287	4479577
15027	11235	653	59	287	4479627
28
16812	12299	55	57	286	4480777
16800	12292	100	57	286	4480787
16792	12292	189	57	286	4480797
16784	12292	270	57	286	4480807
16777	12292	345	58	286	4480817
16777	12285	425	58	286	4480827
16770	12285	609	58	285.5	4480867
16763	12285	774	58	283	4480897
16770	12285	830	58	283	4480917
16793	12292	858	58	283	4480927
16825	12299	873	58	283	4480937
16878	12312	887	58	283	4480947
16953	12327	901	58	283	4480957
17053	12344	920	58	283	4480967
17175	12360	938	58	283	4480977
17312	12375	951	58	282	4480987
17468	12387	957	58	282	4480997
17623	12393	961	59	280	4481007
17775	12402	964	59	280	4481017
17916	12402	969	59	280	4481027
18035	12414	968	59	278	4481037
18128	12424	973	59	278	4481047
18192	12431	984	59	277	4481057
18232	12438	1001	58	275	4481067
18252	12438	1009	58	275	4481077
18262	12438	1017	58	272.5	4481097
18262	12445	1016	58	271	4481117
18255	12445	708	58	270	4481177
68
17286	15636	102	56	285	4481781
17257	15636	171	56	285	4481791
17244	15636	264	56	285	4481801
17235	15628	401	56	285	4481821
17229	15628	636	56	284.714	4481891
17235	15628	749	55.75	282	4481931
17242	15628	831	55	282	4482041
17249	15628	878	55	282	4482061
17255	15628	886	55	282	4482071
17278	15628	892	55	282	4482081
17318	15628	896	56	282	4482091
17382	15635	902	57	281	4482101
17473	15635	904	57	281	4482111
17583	15646	907	57	279	4482121
17713	15653	907	57	279	4482131
17849	15660	905	57	279	4482141
17985	15660	903	57	279	4482151
18113	15660	902	57	279	4482161
18222	15660	904	57	279	4482171
18320	15660	905	57	278	4482181
18395	15660	905	57	278	4482191
18456	15660	905	58	276	4482201
18502	15667	905	58	276	4482211
18531	15667	907	58	275	4482221
18562	15667	907	58	275	4482231
18579	15667	907	58	273	4482241
18591	15667	908	58	273	4482251
18600	15667	908	58	272.667	4482281
18606	15667	909	58.3333	270.667	4482311
18613	15667	908	59	270	4482351
18613	15660	907	59	270	4482361
18620	15660	909	59	270	4482371
18620	15646	909	59	270	4482381
18631	15634	910	59	270	4482391
18640	15621	910	59	270	4482401
18651	15604	910	59	270	4482411
18664	15581	910	59	270	4482421
18679	15545	910	59	270	4482431
18694	15494	911	59	270	4482441
18708	15422	913	59	270	4482451
18720	15334	912	59	270	4482461
18730	15243	916	59	270	4482471
18739	15144	921	60	270	4482481
18746	15052	922	60	270	4482491
18746	14967	928	60	270	4482501
18758	14881	934	61	270	4482511
18758	14806	940	61	270	4482521
18765	14734	943	61	270	4482531
18765	14668	944	62	270	4482541
18765	14620	945	62	270	4482551
18765	14587	948	62	270	4482561
18765	14571	948	63	270	4482571
18772	14571	950	63	270	4482581
18772	14564	961	64	270	4482661
18780	14564	978	65	270	4482681
18801	14564	987	65	270	4482691
18838	14564	987	65	270	4482701
18900	14573	985	65	270	4482711
18997	14583	986	65	270	4482721
19113	14596	991	65	270	4482731
19239	14607	990	65	270	4482741
19362	14616	991	65	270	4482751
19466	14616	993	65	270	4482761
19545	14616	996	65	270	4482771
19604	14616	1000	65	270	4482781
19641	14616	1001	65	270	4482791
19660	14616	1000	65	270	4482801
19669	14616	693	65	270	4482851
36
18665	14048	267	58	280	4483429
18665	14087	349	58	280	4483439
18665	14102	448	58	280	4483449
18657	14118	526	58	280	4483459
18657	14129	588	58	278	4483469
18663	14136	614	58	278	4483479
18670	14136	634	58	276	4483489
18676	14136	659	58	276	4483499
18676	14122	705	58	276	4483509
18676	14086	756	58	276	4483519
18676	14022	790	59	277	4483529
18676	13919	829	59	277	4483539
18667	13780	861	59	277	4483549
18657	13614	887	59	277	4483559
18648	13438	912	60	277	4483569
18642	13277	945	60	277	4483579
18642	13137	963	61	277	4483589
18634	13017	981	61	277	4483599
18634	12916	991	62	277	4483609
18634	12822	998	63	278	4483619
18634	12739	1000	63	278	4483629
18634	12673	1002	64	278	4483639
18634	12627	1002	65	279	4483649
18641	12602	1003	66	279	4483659
18641	12592	1020	69.2632	280.526	4483849
18641	12585	1021	70	281	4483869
18633	12585	1017	70	281	4483879
18611	12585	1015	69	280	4483889
18573	12585	1015	69	280	4483899
18522	12585	1016	69	280	4483909
18454	12567	1014	69	280	4483919
18388	12557	1013	69	280	4483929
18328	12546	1009	69	284	4483939
18278	12536	1004	69	284	4483949
18249	12536	972	69	286	4483959
18236	12529	500	69	286	4483999
19
18747	14099	105	56	273	4484401
18712	14099	159	56	273	4484411
18687	14109	277	56	273	4484421
18668	14118	370	56	273	4484431
18656	14118	507	57	273	4484451
18656	14125	624	57	273	4484461
18671	14125	696	57	273	4484471
18697	14125	757	57	273	4484481
18738	14125	808	57	273	4484491
18801	14136	838	57	273	4484501
18890	14149	871	57	273	4484511
18998	14164	881	57	273	4484521
19125	14182	899	58	273	4484531
19251	14195	910	58	272	4484541
19365	14205	908	58	272	4484551
19455	14205	910	58	270	4484561
19509	14213	912	58	270	4484571
19536	14213	911	58	268.25	4484611
19529	14213	606	58	266.2	4484661
21
19451	14747	470	58	270	4485609
19407	14799	519	58	270	4485619
19390	14817	612	57	270	4485629
19380	14845	668	57	270	4485639
19380	14852	693	57	270	4485649
19390	14846	718	57	270	4485659
19427	14828	748	57	270	4485669
19485	14796	772	57	270	4485679
19554	14742	800	57	270	4485689
19624	14668	836	57	270	4485699
19675	14573	853	57	270	4485709
19700	14455	870	57	270	4485719
19700	14328	899	58	270	4485729
19677	14202	927	58	268	4485739
19636	14085	957	58	268	4485749
19590	13994	988	59	267	4485759
19543	13924	994	59	267	4485769
19505	13880	996	59	267	4485779
19483	13858	992	60	267	4485789
19472	13846	909	60.6667	266.333	4485819
19484	13866	266	62	268	4485839
24
19724	14890	69	55	267	4486313
19691	14898	302	56	267	4486323
19671	14910	435	56	267	4486333
19654	14910	542	56	267	4486343
19644	14921	626	56	267	4486363
19655	14921	660	56	267	4486373
19682	14921	689	56	267	4486383
19723	14908	698	56	267	4486393
19779	14887	731	56	267	4486403
19844	14844	751	56	267	4486413
19905	14776	770	56	267	4486423
19958	14682	807	57	267	4486433
19995	14560	838	57	267	4486443
20013	14423	876	57	265	4486453
20013	14292	924	57	265	4486463
20004	14163	948	58	264	4486473
19991	14063	973	58	264	4486483
19975	13983	992	58	264	4486493
19967	13917	999	59	263	4486503
19967	13878	1001	59	263	4486513
19957	13852	1002	60	263	4486523
19957	13842	979	60.3333	263	4486553
19957	13848	818	61	263	4486563
19966	13871	183	62	263	4486583
20
19867	14889	335	54	265	4486949
19816	14916	432	54	265	4486959
19803	14941	567	54	265	4486969
19803	14959	627	55	264	4486979
19821	14979	663	55	264	4486989
19853	14994	692	55	264	4486999
19912	15009	721	55	264	4487009
19996	15021	764	55	264	4487019
20106	15021	792	56	264	4487029
20237	15011	818	56	264	4487039
20384	14982	848	56	264	4487049
20533	14932	876	56	264	4487059
20673	14863	895	56	263	4487069
20798	14789	908	57	262	4487079
20895	14719	914	57	261	4487089
20968	14665	920	57	259	4487099
21012	14631	920	57	259	4487109
21034	14610	913	56	258	4487119
21044	14603	818	56	257	4487139
21044	14615	140	56	255.5	4487159
24
20955	14532	314	57	251	4487425
20964	14574	352	57	251	4487435
20964	14592	465	57	251	4487445
20970	14616	537	57	251	4487455
20970	14625	558	57	251	4487465
20962	14619	600	57	251	4487475
20962	14598	651	57	251	4487485
20952	14558	716	57	251	4487495
20930	14491	779	57	251	4487505
20893	14400	843	57	251	4487515
20832	14292	890	57	251	4487525
20760	14177	928	57	251	4487535
20678	14073	950	57	251	4487545
20585	13985	982	57	251	4487555
20499	13917	987	59	251	4487565
20405	13869	999	59	251	4487575
20311	13834	1002	59	253	4487585
20225	13815	1006	60	252	4487595
20136	13807	1009	60	252	4487605
20064	13807	1002	61	253	4487615
20006	13814	978	61	253	4487625
19962	13824	914	61	255	4487635
19942	13832	758	62	256	4487645
19935	13839	89	62.5	257	4487665
15
21113	14631	406	56	270	4488545
21088	14646	539	56	270	4488555
21076	14666	685	56	270	4488565
21076	14672	775	56	270	4488575
21065	14672	837	56	270	4488585
21075	14672	882	56	269	4488595
21108	14672	933	56	269	4488605
21171	14672	956	56	267	4488615
21264	14661	968	56	267	4488625
21376	14661	969	56	266	4488635
21486	14661	965	56	264	4488645
21579	14661	926	56	263	4488655
21650	14661	851	56	263	4488665
21695	14661	689	56	261	4488675
21720	14672	54	56	260.5	4488695
14
22117	15180	478	51	260	4488885
22117	15227	541	51	260	4488895
22117	15243	674	51	260	4488915
22134	15243	765	51	260	4488925
22167	15221	810	51	259	4488935
22213	15181	871	51	259	4488945
22274	15124	892	51	257	4488955
22333	15068	910	52	257	4488965
22388	15006	910	52	256	4488975
22431	14952	905	53	255	4488985
22463	14911	877	53	254	4488995
22488	14870	805	53	252	4489005
22507	14844	659	54	252	4489015
22527	14828	108	53	250	4489035
27
22789	15054	495	52	251	4489113
22833	15046	514	52	251	4489123
22833	15040	556	52	251	4489133
22827	15030	632	52	251	4489143
22800	15016	679	52	251	4489153
22747	14990	707	52	250	4489163
22677	14959	735	52	250	4489173
22595	14925	762	52	248	4489183
22520	14897	766	52	248	4489193
22467	14873	778	52	250	4489203
22433	14857	781	53	249	4489213
22417	14847	789	53	250	4489223
22410	14840	851	54	249.833	4489283
22418	14840	856	55	249	4489333
22425	14832	853	55	249	4489343
22425	14818	859	55	249	4489353
22432	14789	890	55	249	4489363
22432	14737	927	55	249	4489373
22432	14662	958	55	249	4489383
22432	14573	992	55	249	4489393
22432	14482	1011	55	249	4489403
22425	14401	1023	55	249	4489413
22425	14341	1023	55	249	4489423
22425	14304	1023	55	249	4489433
22425	14283	990	56	248	4489463
22425	14303	820	56	248	4489473
22425	14325	186	56	250	4489493
