64
33
2426	18602	435	57	300	4648866
2426	18551	512	57	300	4648876
2426	18535	633	57	300	4648886
2426	18524	712	57	300	4648896
2418	18534	784	57	300	4648926
2426	18534	831	57	300	4648936
2434	18553	842	57	300	4648946
2445	18581	848	58	301	4648956
2459	18617	851	58	301	4648966
2472	18665	844	58	301	4648976
2485	18721	844	58	301	4648986
2498	18777	837	57	300	4648996
2510	18835	837	57	300	4649006
2523	18883	834	57	300	4649016
2535	18923	833	57	300	4649026
2543	18953	832	57	300	4649036
2552	18973	830	57	300	4649046
2559	18989	830	57	300	4649056
2559	18998	827	57	300	4649066
2570	18998	824	57	300	4649076
2577	18998	828	56	299	4649086
2585	18990	831	56	299	4649096
2598	18969	850	56	299	4649106
2614	18935	872	56	299	4649116
2632	18889	889	56	299	4649126
2652	18832	905	56	299	4649136
2670	18773	914	56	299	4649146
2688	18716	920	56	299	4649156
2704	18671	919	56	299	4649166
2717	18639	918	56	299	4649176
2727	18621	906	56	299	4649186
2727	18614	768	56.3333	299.333	4649216
2727	18623	9	57	300	4649236
9
2466	18722	495	53	307	4649382
2432	18701	561	53	307	4649392
2424	18693	709	53	306	4649412
2437	18693	799	54	305	4649422
2472	18693	814	54	305	4649432
2522	18706	821	54	304	4649442
2586	18718	822	55	303	4649452
2652	18734	770	55	303	4649462
2715	18753	278	56	302	4649482
15
6195	19064	317	57	293	4650030
6203	19089	445	57	293	4650040
6203	19095	600	57	293	4650060
6195	19095	703	58	293	4650070
6195	19079	779	58	293	4650080
6202	19050	844	58	293	4650090
6210	19006	891	58	293	4650100
6219	18941	923	58	293	4650110
6228	18881	933	59	294	4650120
6237	18823	939	59	294	4650130
6245	18773	934	59	294	4650140
6254	18743	921	59	294	4650150
6260	18716	866	60	293	4650160
6260	18702	795	60	293	4650170
6267	18702	242	60	292	4650200
36
6245	19004	464	60	295	4650278
6214	19031	553	60	295	4650288
6202	19046	651	60	295	4650298
6195	19064	677	59	294	4650308
6202	19086	679	59	294	4650318
6224	19105	682	59	294	4650328
6257	19121	683	59	293	4650338
6302	19131	687	59	293	4650348
6351	19131	701	58	290	4650358
6395	19121	715	58	290	4650368
6431	19100	724	58	290	4650378
6452	19070	750	58	290	4650388
6463	19036	763	58	290	4650398
6463	19003	772	58	290	4650408
6441	18971	772	59	291	4650418
6414	18943	771	59	291	4650428
6375	18920	771	59	291	4650438
6335	18901	771	59	291	4650448
6297	18890	768	59	291	4650458
6269	18890	766	59	291	4650468
6254	18890	759	59.5	291.5	4650488
6274	18908	749	60	292	4650498
6307	18921	741	60	292	4650508
6352	18931	737	60	292	4650518
6403	18931	742	60	292	4650528
6450	18931	751	60	292	4650538
6490	18914	773	60	292	4650548
6519	18893	799	60	292	4650558
6535	18860	829	60	292	4650568
6535	18821	845	60	292	4650578
6528	18779	858	60	292	4650588
6501	18737	864	60	292	4650598
6458	18703	861	60	292	4650608
6408	18679	854	61	293	4650618
6358	18664	801	61	293	4650628
6320	18664	314	61	293	4650648
24
10110	19093	489	59	291	4651258
10149	19103	595	59	291	4651268
10149	19115	697	59	291	4651278
10149	19124	730	59	291	4651288
10149	19131	749	59	291	4651298
10140	19138	757	59	291	4651308
10127	19146	764	59	291	4651318
10109	19146	768	60	292	4651328
10081	19152	802	60	292	4651338
10049	19145	826	60	292	4651348
10007	19126	853	60	292	4651358
9965	19094	882	61	293	4651368
9929	19046	906	61	293	4651378
9902	18990	921	61	293	4651388
9896	18933	933	62	294	4651398
9913	18874	945	62	294	4651408
9955	18826	969	63	295	4651418
10014	18790	980	63	295	4651428
10085	18761	987	63	295	4651438
10155	18750	984	64	296	4651448
10215	18750	970	64	296	4651458
10259	18761	947	64	296	4651468
10286	18776	875	65	297	4651478
10299	18794	305	65	297	4651498
102
2416	18191	201	59	308	4652546
2427	18210	300	59	308	4652556
2416	18218	399	60	309	4652566
2408	18225	493	60	309	4652576
2396	18232	742	61	308.6	4652726
2396	18222	816	61	306	4652736
2396	18209	822	61	306	4652746
2396	18189	826	61	306	4652756
2396	18159	826	61	306	4652766
2396	18121	829	62	307	4652776
2402	18081	831	62	307	4652786
2409	18034	832	62	307	4652796
2416	17985	837	62	307	4652806
2425	17936	841	62	310	4652816
2433	17881	845	62	310	4652826
2433	17825	847	61	312	4652836
2443	17768	849	62	313	4652846
2443	17705	849	62	313	4652856
2443	17641	847	62	313	4652866
2450	17580	848	63	315	4652876
2450	17520	849	63	315	4652886
2457	17461	849	63	317	4652896
2457	17398	852	63	317	4652906
2457	17332	851	64	315	4652916
2457	17258	852	65	317	4652926
2457	17179	852	65	315	4652936
2448	17097	855	65	315	4652946
2448	17017	855	66	317	4652956
2437	16937	858	66	317	4652966
2437	16855	863	67	319	4652976
2427	16771	863	67	319	4652986
2419	16681	866	67	319	4652996
2419	16590	868	67	320	4653006
2409	16497	874	67	320	4653016
2409	16402	879	67	320	4653026
2409	16307	882	68	322	4653036
2409	16210	884	68	322	4653046
2409	16110	890	68	322	4653056
2416	16012	897	68	325	4653066
2416	15909	903	68	325	4653076
2416	15804	906	69	327	4653086
2416	15697	907	69	327	4653096
2416	15585	912	69	327	4653106
2416	15476	911	69	327	4653116
2423	15357	912	69	327	4653126
2423	15238	912	69	327	4653136
2423	15116	917	69	329	4653146
2423	14989	914	69	329	4653156
2423	14863	917	69	329	4653166
2423	14734	919	69	329	4653176
2430	14605	921	69	329	4653186
2430	14473	917	69	329	4653196
2430	14340	919	69	329	4653206
2430	14205	919	69	329	4653216
2430	14069	921	69	329	4653226
2436	13932	921	70	328	4653236
2436	13797	920	70	328	4653246
2436	13664	921	71	326	4653256
2436	13529	917	71	326	4653266
2436	13392	914	71	326	4653276
2436	13257	918	71	326	4653286
2436	13120	924	71	326	4653296
2426	12983	925	71	326	4653306
2426	12846	926	71	326	4653316
2412	12710	927	71	326	4653326
2403	12570	929	71	326	4653336
2395	12423	931	71	326	4653346
2385	12279	935	71	328	4653356
2377	12132	937	71	328	4653366
2368	11983	935	71	328	4653376
2356	11835	938	71	328	4653386
2343	11680	939	71	328	4653396
2332	11518	940	72	331	4653406
2322	11356	947	72	331	4653416
2313	11197	948	72	331	4653426
2313	11037	950	72	331	4653436
2302	10877	951	72	334	4653446
2295	10716	952	72	334	4653456
2295	10548	952	72	334	4653466
2284	10379	956	72	334	4653476
2284	10210	958	73	337	4653486
2272	10035	957	73	337	4653496
2264	9863	957	73	337	4653506
2253	9690	961	73	337	4653516
2242	9515	969	73	340	4653526
2231	9343	972	73	340	4653536
2220	9177	979	73	343	4653546
2208	9006	981	73	343	4653556
2192	8841	992	74	346	4653566
2178	8671	1004	74	346	4653576
2161	8503	1009	74	350	4653586
2146	8343	1021	74	350	4653596
2133	8192	1023	74	353	4653606
2122	8055	1023	74	353	4653616
2115	7929	1023	74	357	4653626
2115	7817	1023	74	357	4653636
2115	7719	1023	74	0	4653646
2115	7636	1023	74	0	4653656
2115	7577	1023	74	0	4653666
2115	7536	992	74	0	4653676
2109	7515	842	75	0	4653686
2101	7515	186	75	2	4653706
47
2561	17778	356	58	315	4654323
2520	17769	469	58	315	4654333
2500	17760	582	58	315	4654343
2485	17760	683	58	315	4654353
2473	17770	742	58	313	4654373
2482	17770	791	58	311	4654383
2506	17770	817	58	311	4654393
2553	17761	844	58	311	4654403
2630	17761	865	58	311	4654413
2728	17761	873	59	309	4654423
2851	17761	869	59	309	4654433
2989	17768	870	60	309	4654443
3132	17779	862	60	309	4654453
3279	17789	852	60	309	4654463
3420	17798	852	61	308	4654473
3551	17806	853	61	308	4654483
3664	17815	853	61	306	4654493
3759	17824	854	61	306	4654503
3825	17831	852	61	306	4654513
3865	17831	858	61	306	4654523
3885	17831	891	62.3333	307.667	4654612
3885	17810	902	63	309	4654622
3885	17779	901	63	309	4654632
3873	17729	905	63	310	4654642
3867	17658	911	63	310	4654652
3859	17573	925	63	310	4654662
3849	17467	934	63	310	4654672
3836	17347	951	64	312	4654682
3825	17216	970	64	312	4654692
3816	17080	987	64	312	4654702
3808	16938	995	65	313	4654712
3808	16799	1003	65	313	4654722
3798	16659	1007	65	312	4654732
3798	16517	1009	66	313	4654742
3798	16380	1015	67	311	4654752
3790	16246	1023	67	313	4654762
3790	16117	1023	68	315	4654772
3790	15993	1023	68	315	4654782
3782	15875	1023	69	317	4654792
3782	15758	1023	69	317	4654802
3782	15652	1023	69	319	4654812
3782	15561	1023	69	319	4654822
3776	15488	1023	70	321	4654832
3776	15444	1023	70	321	4654842
3776	15419	1023	70	323	4654852
3776	15408	909	70	323	4654872
3776	15418	101	70	323	4654892
38
3692	15416	86	63	317	4655531
3665	15416	430	63	317	4655541
3648	15422	602	63	317	4655551
3631	15422	725	63	313	4655561
3617	15422	809	63.6667	312.333	4655591
3629	15422	856	64	312	4655601
3656	15422	874	63	310	4655611
3701	15422	887	63	310	4655621
3754	15422	887	63	310	4655631
3814	15422	881	63	310	4655641
3871	15432	871	64	309	4655651
3917	15432	861	64	309	4655661
3955	15432	853	64	307	4655671
3978	15432	847	64	307	4655681
3990	15432	854	64	307	4655711
3980	15424	860	64	307	4655721
3969	15412	865	64	307	4655731
3951	15387	870	64	307	4655741
3929	15348	877	64	307	4655751
3902	15297	891	64	307	4655761
3871	15231	914	64	307	4655771
3840	15162	928	65	308	4655781
3813	15105	941	65	308	4655791
3793	15056	952	65	308	4655801
3778	15025	960	65	310	4655811
3771	15009	966	65	312	4655821
3771	15000	979	65	313	4655841
3771	15012	976	65	313	4655851
3765	15033	972	65	313	4655861
3752	15070	958	65	313	4655871
3732	15123	952	65	315	4655881
3702	15186	950	65	315	4655891
3668	15252	954	65	315	4655901
3636	15312	959	65	315	4655911
3608	15359	964	65	313	4655921
3588	15395	957	65	313	4655931
3574	15417	934	65	313	4655941
3565	15431	377	65	313	4655970
18
3771	15049	374	55	318	4656247
3765	15064	590	56.5	319	4656267
3743	15076	736	58	318	4656277
3730	15076	757	58	319	4656287
3716	15066	764	59	318	4656297
3699	15044	786	60	316	4656307
3683	15011	804	60	318	4656317
3674	14972	809	61	316	4656327
3674	14935	824	61	316	4656337
3697	14904	833	61	318	4656347
3731	14887	851	61	318	4656357
3772	14887	866	62	317	4656367
3810	14887	877	62	317	4656377
3839	14916	894	63	317	4656387
3849	14950	882	63	317	4656397
3842	14987	843	63	317	4656407
3826	15025	734	63	317	4656417
3806	15054	123	63	317	4656437
81
3816	14814	244	61	318	4656783
3800	14838	349	61	318	4656793
3800	14848	490	61	318	4656803
3790	14848	540	61	318	4656813
3790	14862	608	61	318	4656833
3790	14845	683	61	316	4656843
3790	14822	711	61	316	4656853
3790	14786	742	61	316	4656863
3790	14740	758	61	316	4656873
3799	14687	778	62	315	4656883
3799	14624	797	62	315	4656893
3806	14560	813	62	313	4656903
3806	14490	835	62	313	4656913
3812	14416	853	62	313	4656923
3812	14341	869	62	313	4656933
3823	14262	886	63	315	4656943
3823	14184	894	63	313	4656953
3823	14106	908	63	313	4656963
3829	14027	918	64	312	4656973
3829	13947	922	65	313	4656983
3829	13864	929	65	313	4656993
3829	13776	940	65	313	4657003
3829	13686	942	65	313	4657013
3829	13592	943	65	315	4657023
3821	13495	946	65	315	4657033
3821	13393	947	65	315	4657043
3821	13287	950	66	317	4657053
3814	13181	954	66	317	4657063
3814	13072	954	66	317	4657073
3814	12960	951	67	319	4657083
3814	12848	952	67	319	4657093
3808	12732	952	67	319	4657103
3808	12616	952	67	319	4657113
3795	12503	951	67	319	4657123
3785	12386	954	67	320	4657133
3773	12267	955	67	320	4657143
3759	12147	958	67	320	4657153
3742	12026	958	68	322	4657163
3726	11909	963	68	322	4657173
3708	11792	963	68	322	4657183
3691	11676	965	68	325	4657192
3678	11563	969	69	323	4657202
3668	11447	968	69	323	4657212
3660	11335	971	70	321	4657222
3653	11223	976	70	321	4657232
3653	11112	976	70	321	4657242
3642	11005	980	70	323	4657252
3642	10896	981	70	323	4657262
3632	10787	982	70	323	4657272
3626	10677	986	70	323	4657282
3619	10564	985	70	323	4657292
3612	10451	987	71	326	4657302
3603	10335	990	71	326	4657312
3603	10220	994	71	326	4657322
3591	10107	996	71	326	4657332
3585	9995	998	71	326	4657342
3585	9881	1001	71	328	4657352
3574	9765	1003	71	328	4657362
3574	9644	1006	71	328	4657372
3559	9517	1004	71	328	4657382
3549	9389	1009	72	331	4657392
3537	9261	1013	72	331	4657402
3526	9132	1015	72	331	4657412
3515	9004	1019	71	335	4657422
3505	8876	1018	71	335	4657432
3496	8743	1023	71	337	4657442
3487	8609	1023	71	339	4657452
3478	8473	1023	71	339	4657462
3470	8335	1023	71	342	4657472
3461	8199	1023	71	342	4657482
3450	8061	1023	71	342	4657492
3441	7927	1023	71	345	4657502
3429	7795	1023	71	345	4657512
3419	7671	1023	71	345	4657522
3411	7558	1023	71	345	4657532
3411	7459	1023	72	348	4657542
3401	7378	1023	72	348	4657552
3401	7318	1023	72	348	4657562
3401	7270	1023	72	348	4657572
3401	7240	1023	72	348	4657582
3401	7228	556	72	348	4657612
90
6255	18372	228	56	303	4658439
6245	18381	318	56	303	4658449
6230	18390	406	56	303	4658459
6230	18399	440	56	302	4658469
6222	18399	457	56	302	4658489
6222	18387	480	56	302	4658499
6222	18371	502	56	302	4658509
6232	18343	541	56	302	4658519
6240	18299	572	56	302	4658529
6240	18238	597	56	302	4658539
6250	18162	617	56	302	4658549
6250	18077	633	56	303	4658559
6260	17984	655	56	303	4658569
6268	17893	675	56	303	4658579
6278	17797	698	57	304	4658589
6290	17698	720	57	304	4658599
6302	17598	735	58	306	4658609
6315	17487	764	58	306	4658619
6328	17381	773	59	307	4658629
6335	17273	784	59	307	4658639
6335	17159	795	59	308	4658649
6335	17052	799	60	309	4658659
6325	16945	810	61	309	4658669
6325	16834	823	62	310	4658679
6315	16722	832	63	309	4658689
6306	16605	844	63	310	4658699
6295	16484	852	64	312	4658709
6280	16362	861	64	312	4658719
6264	16237	867	65	313	4658729
6248	16107	874	65	313	4658739
6234	15977	880	65	315	4658749
6218	15846	881	65	315	4658759
6209	15714	884	66	317	4658769
6200	15582	886	66	317	4658779
6190	15445	887	66	317	4658789
6180	15300	892	67	319	4658799
6165	15159	897	67	319	4658809
6150	15008	899	67	319	4658819
6136	14858	901	67	320	4658829
6120	14708	901	67	320	4658839
6105	14551	901	67	320	4658849
6091	14396	904	68	322	4658859
6078	14236	906	68	322	4658869
6071	14079	909	68	322	4658879
6063	13918	912	68	325	4658889
6056	13756	912	68	325	4658899
6056	13587	911	69	323	4658909
6042	13417	913	69	323	4658919
6033	13243	915	70	321	4658929
6026	13072	919	70	323	4658939
6017	12899	919	70	323	4658949
6006	12727	921	70	323	4658959
5996	12551	924	70	323	4658969
5984	12370	927	70	323	4658979
5973	12192	928	70	323	4658989
5973	12013	928	71	326	4658999
5963	11835	932	71	326	4659009
5963	11661	933	71	326	4659019
5970	11485	932	71	326	4659029
5976	11309	937	71	326	4659039
5976	11139	940	71	326	4659049
5988	10966	943	71	328	4659059
5988	10795	943	71	328	4659069
5997	10618	947	71	328	4659079
5997	10438	950	71	328	4659089
5997	10258	952	71	328	4659099
5997	10083	953	71	328	4659109
5997	9912	955	72	331	4659119
5997	9741	961	72	331	4659129
5997	9571	961	72	331	4659139
5997	9396	963	72	331	4659149
6003	9222	966	72	334	4659159
6003	9047	964	72	334	4659169
6003	8876	966	72	334	4659179
5990	8708	970	72	334	4659189
5990	8538	974	73	337	4659199
5977	8372	982	73	337	4659209
5970	8210	993	73	337	4659219
5970	8046	1000	73	337	4659229
5960	7890	1016	73	340	4659239
5960	7738	1023	73	340	4659249
5960	7596	1023	73	340	4659259
5960	7469	1023	73	340	4659269
5960	7360	1023	73	340	4659279
5960	7271	1023	73	343	4659289
5960	7198	1023	73	343	4659299
5960	7144	1023	73	343	4659309
5960	7100	969	73	343	4659319
5960	7077	810	73	343	4659329
5960	7069	65	73	343	4659348
44
6314	17999	308	57	304	4659887
6255	17991	357	56	305	4659897
6229	17984	440	55	305	4659907
6212	17984	525	54	304	4659917
6212	17977	604	54	304	4659927
6234	17970	647	55	303	4659937
6285	17970	685	55	303	4659947
6369	17962	701	55	301	4659957
6479	17962	717	56	302	4659967
6606	17955	716	56	302	4659977
6745	17955	716	56	302	4659987
6878	17946	717	56	301	4659997
7004	17938	715	56	301	4660007
7117	17932	714	57	300	4660017
7209	17925	714	57	300	4660027
7280	17925	715	57	300	4660037
7328	17919	717	57	300	4660047
7356	17919	716	57	300	4660057
7366	17912	718	57.5	300	4660077
7366	17902	728	58	300	4660087
7366	17891	735	59	298	4660097
7366	17877	739	59	298	4660107
7360	17856	746	59	298	4660117
7360	17820	752	60	299	4660127
7360	17770	765	60	299	4660137
7371	17694	791	60	299	4660147
7371	17591	813	60	300	4660157
7379	17466	836	60	300	4660167
7379	17317	866	60	300	4660177
7364	17153	902	62	300	4660187
7348	16985	933	62	300	4660197
7329	16806	955	63	299	4660207
7307	16631	983	64	300	4660217
7290	16464	998	64	300	4660227
7277	16303	1014	65	302	4660237
7277	16170	1018	65	303	4660247
7277	16065	1023	65	303	4660257
7287	15983	1023	66	304	4660267
7295	15926	1023	67	306	4660277
7295	15887	1023	68	308	4660287
7295	15861	1010	68	309	4660297
7295	15851	965	68	309	4660307
7288	15851	818	69	311	4660317
7288	15862	60	69.5	312	4660337
39
7166	15787	352	67	311	4660699
7116	15805	489	67	311	4660709
7082	15805	639	67	311	4660719
7059	15805	717	67	311	4660729
7043	15805	767	67	311	4660749
7062	15796	808	67	311	4660759
7101	15796	818	67	311	4660769
7160	15796	821	67	311	4660779
7239	15796	814	67	311	4660789
7321	15810	809	67	311	4660799
7397	15825	802	67	311	4660809
7459	15837	796	67	311	4660819
7500	15837	790	67	311	4660829
7521	15837	792	67	311	4660839
7528	15837	801	67	311	4660849
7528	15824	813	67	310	4660859
7513	15801	818	67	310	4660869
7499	15774	830	68	308	4660879
7479	15737	836	68	308	4660889
7454	15691	861	68	309	4660899
7425	15638	874	68	309	4660909
7391	15573	888	68	309	4660919
7358	15507	911	68	309	4660929
7328	15444	925	69	311	4660939
7311	15399	924	69	311	4660949
7301	15369	929	69	311	4660959
7301	15355	945	69.5	314	4660979
7301	15363	962	69	315	4660989
7294	15376	956	69	317	4660999
7279	15402	954	69	317	4661009
7258	15437	942	69	317	4661019
7225	15486	942	69	319	4661029
7185	15545	936	69	319	4661039
7145	15611	933	69	319	4661049
7105	15675	933	69	319	4661059
7071	15729	936	69	317	4661069
7045	15767	929	69	317	4661079
7030	15787	871	69	317	4661089
7030	15794	234	69	317	4661119
18
7333	15360	415	71	315	4661335
7367	15370	540	70.5	316	4661355
7346	15362	656	69	315	4661365
7316	15350	683	69	317	4661375
7287	15322	708	69	317	4661385
7259	15282	741	69	317	4661395
7239	15237	757	69	317	4661405
7231	15186	775	69	319	4661415
7239	15138	800	69	319	4661425
7263	15105	833	69	319	4661435
7299	15086	852	69	319	4661445
7346	15086	883	69	319	4661455
7387	15119	903	69	319	4661465
7419	15162	906	69	319	4661475
7438	15219	889	69	319	4661485
7438	15274	848	69	319	4661495
7419	15321	773	69	319	4661505
7396	15353	239	69	319	4661525
72
7379	14995	210	66	320	4661791
7379	15038	331	67	319	4661801
7379	15057	484	67	317	4661811
7379	15070	563	68	315	4661821
7379	15077	685	69	311.5	4661861
7371	15069	741	69	311	4661871
7371	15049	763	69	311	4661881
7371	15018	779	69	313	4661891
7364	14976	795	69	313	4661901
7364	14915	810	69	317	4661911
7356	14844	829	69	317	4661921
7356	14761	846	69	315	4661931
7356	14671	854	69	315	4661941
7356	14582	865	71	315	4661951
7356	14496	873	71	315	4661961
7356	14411	889	71	315	4661971
7356	14321	899	71	317	4661981
7356	14230	903	71	317	4661991
7349	14133	909	71	317	4662001
7349	14037	917	72	320	4662011
7349	13941	921	72	320	4662021
7339	13838	925	72	322	4662031
7333	13726	935	72	322	4662041
7333	13609	940	72	322	4662051
7321	13485	944	73	325	4662061
7321	13361	943	72	327	4662071
7311	13236	949	73	329	4662081
7305	13114	952	72	331	4662091
7297	12995	954	72	331	4662101
7297	12876	956	72	334	4662111
7287	12762	959	72	334	4662121
7287	12642	957	72	334	4662131
7276	12522	957	72	334	4662141
7268	12392	958	72	334	4662151
7259	12259	962	73	337	4662161
7259	12124	964	73	337	4662171
7246	11983	963	73	337	4662181
7246	11847	962	73	337	4662191
7238	11708	964	73	337	4662201
7231	11570	965	73	337	4662211
7231	11429	965	73	340	4662221
7231	11289	969	73	340	4662231
7222	11148	971	73	340	4662241
7222	11005	970	73	340	4662251
7222	10863	970	73	340	4662261
7215	10717	970	73	340	4662271
7215	10567	971	73	340	4662281
7215	10408	972	73	340	4662291
7215	10253	976	73	340	4662301
7215	10093	977	73	340	4662311
7215	9935	978	73	340	4662321
7215	9782	980	73	343	4662331
7215	9622	979	73	343	4662341
7215	9458	979	73	343	4662351
7226	9289	987	73	343	4662361
7226	9118	992	73	343	4662371
7233	8950	993	74	346	4662381
7233	8784	996	74	346	4662391
7233	8614	998	74	346	4662401
7243	8441	1009	74	346	4662411
7243	8260	1023	74	350	4662421
7254	8078	1023	74	350	4662431
7262	7902	1023	74	350	4662441
7271	7732	1023	74	350	4662451
7281	7569	1023	74	353	4662461
7293	7421	1023	74	353	4662471
7308	7289	1023	74	353	4662481
7324	7183	1023	74	353	4662491
7336	7102	1023	74	353	4662501
7347	7045	980	74	353	4662511
7347	7005	851	74	353	4662521
7357	6986	177	74	353	4662541
86
10062	18108	416	71	311	4663151
10051	18151	464	70	309	4663161
10043	18165	521	68	309	4663171
10031	18173	533	66.5	309	4663191
10031	18161	556	66	310	4663201
10031	18130	576	65	310	4663211
10031	18086	594	64	309	4663221
10043	18026	622	63	309	4663231
10050	17956	655	63	309	4663241
10050	17878	683	63	309	4663251
10050	17786	710	63	310	4663261
10050	17679	728	63	310	4663271
10050	17562	742	64	312	4663281
10050	17434	750	64	312	4663291
10037	17295	764	65	313	4663301
10029	17158	770	65	313	4663311
10029	17021	784	65	315	4663321
10022	16886	785	65	315	4663331
10022	16758	790	66	317	4663341
10031	16633	794	67	319	4663351
10031	16513	796	67	317	4663361
10037	16393	800	68	319	4663371
10037	16278	798	69	317	4663381
10037	16162	809	69	319	4663391
10037	16044	821	69	319	4663401
10029	15927	830	70	321	4663411
10020	15802	832	70	321	4663421
10006	15675	833	70	321	4663431
9991	15542	835	70	323	4663441
9975	15406	836	70	323	4663451
9960	15269	840	70	323	4663461
9947	15132	844	70	323	4663471
9932	14996	847	70	323	4663481
9917	14855	853	70	323	4663491
9902	14715	855	70	323	4663501
9889	14569	860	70	323	4663511
9879	14420	861	71	326	4663521
9868	14268	866	71	326	4663531
9857	14118	870	71	326	4663541
9844	13966	876	71	326	4663551
9830	13813	880	71	326	4663561
9818	13662	880	71	326	4663571
9804	13500	879	71	326	4663581
9791	13336	882	71	326	4663591
9777	13173	884	71	326	4663601
9764	13006	890	70	323	4663611
9753	12840	891	70	323	4663621
9743	12675	895	70	323	4663631
9734	12503	898	71	326	4663641
9722	12330	901	71	326	4663651
9712	12160	902	71	326	4663661
9702	11983	907	71	326	4663671
9694	11810	910	71	326	4663681
9688	11634	908	71	326	4663691
9688	11457	911	71	328	4663701
9679	11285	918	71	328	4663711
9679	11113	917	71	328	4663721
9669	10944	925	72	331	4663731
9669	10776	926	72	331	4663741
9655	10609	928	72	331	4663751
9647	10440	928	72	331	4663761
9640	10273	933	72	331	4663771
9630	10105	933	72	331	4663781
9621	9935	938	72	331	4663791
9614	9772	941	72	334	4663801
9607	9607	942	72	334	4663811
9607	9445	945	72	334	4663821
9599	9289	950	72	334	4663831
9599	9134	950	73	337	4663841
9599	8984	951	73	337	4663851
9592	8836	956	73	337	4663861
9592	8679	956	73	337	4663871
9592	8526	959	73	340	4663881
9592	8377	968	73	340	4663891
9592	8233	976	73	340	4663901
9592	8100	987	73	340	4663911
9601	7973	998	73	340	4663921
9601	7847	1008	73	343	4663931
9610	7734	1019	73	343	4663941
9617	7631	1023	73	343	4663951
9617	7539	1023	73	343	4663961
9629	7463	1023	73	343	4663971
9629	7402	1023	73	343	4663981
9636	7354	1017	73	343	4663991
9636	7327	967	73	343	4664001
9636	7313	427	73	343	4664031
39
10271	17756	249	64	312	4664591
10217	17764	327	63	310	4664601
10189	17775	454	62	307	4664611
10171	17784	542	61	306	4664621
10156	17784	623	60	305	4664641
10174	17784	687	60	304	4664651
10207	17784	718	60	304	4664661
10262	17784	738	60	304	4664671
10347	17784	764	60	304	4664681
10457	17784	785	60	302	4664691
10593	17797	794	60	302	4664701
10754	17808	795	60	300	4664711
10927	17822	795	60	300	4664721
11111	17832	793	61	302	4664731
11285	17841	793	61	302	4664741
11441	17847	791	61	302	4664751
11577	17847	788	62	300	4664761
11689	17855	791	62	300	4664771
11780	17855	790	62	298	4664781
11848	17855	792	62	298	4664791
11889	17844	792	62	298	4664801
11907	17844	794	62	298	4664811
11907	17835	794	63	296	4664831
11907	17827	795	63	295	4664841
11907	17813	799	63	295	4664851
11907	17783	803	64	296	4664861
11907	17733	804	64	296	4664871
11907	17661	809	64	296	4664881
11907	17564	822	64	296	4664891
11907	17446	850	64	296	4664901
11907	17315	871	65	297	4664911
11907	17177	895	65	297	4664921
11900	17050	907	65	298	4664931
11900	16944	917	65	298	4664941
11910	16863	924	66	299	4664951
11910	16812	922	66	299	4664961
11918	16784	919	66	299	4664971
11918	16774	809	67	300	4664991
11918	16789	144	68	302	4665011
40
11790	16705	622	64	307	4665175
11713	16684	618	64	307	4665185
11688	16675	673	65	308	4665195
11681	16681	734	65	308	4665205
11689	16681	750	65	308	4665215
11728	16697	757	66	310	4665225
11790	16715	765	66	310	4665235
11872	16740	769	66	308	4665245
11966	16765	765	66	308	4665255
12057	16788	756	67	306	4665265
12135	16808	755	67	306	4665275
12195	16817	753	68	308	4665285
12232	16817	748	68	308	4665295
12250	16817	746	68	308	4665305
12250	16810	753	68	305	4665315
12250	16798	759	68	305	4665325
12229	16778	776	69	303	4665335
12210	16751	786	69	303	4665345
12186	16707	795	69	303	4665355
12155	16649	817	69	303	4665365
12118	16578	835	69	303	4665375
12077	16496	851	70	305	4665385
12039	16412	867	70	305	4665395
12011	16333	873	70	305	4665405
11993	16272	882	70	305	4665415
11993	16226	884	70	307	4665425
11985	16199	887	70	307	4665435
11985	16188	908	70.5	309	4665455
11976	16188	942	71	311	4665465
11976	16203	930	70	313	4665475
11958	16236	928	71	315	4665485
11940	16284	916	71	315	4665495
11908	16350	914	71	315	4665505
11865	16420	921	71	315	4665515
11821	16485	923	71	315	4665525
11778	16545	921	71	315	4665535
11743	16592	910	71	315	4665545
11716	16629	857	71	315	4665555
11702	16655	729	71	315	4665565
11702	16669	172	70	313	4665585
20
11963	16131	358	67	317	4665803
12004	16156	457	67	317	4665813
12004	16164	607	68	315	4665823
12015	16164	755	68	315	4665853
12003	16164	802	68	315	4665863
11986	16144	810	68	315	4665873
11964	16113	815	68	315	4665883
11939	16068	830	68	315	4665893
11915	16019	833	69	317	4665903
11906	15975	837	69	317	4665913
11912	15941	855	69	317	4665923
11934	15919	881	69	317	4665933
11973	15919	912	69	319	4665943
12017	15936	937	69	319	4665953
12060	15973	952	70	317	4665963
12088	16017	949	70	317	4665973
12097	16066	944	71	315	4665983
12097	16110	903	71	315	4665993
12074	16141	776	71	315	4666003
12048	16166	133	70.5	316	4666023
88
12015	15832	340	65	322	4666455
12015	15857	444	66	320	4666465
12003	15864	558	65	319	4666485
11992	15864	610	65	320	4666505
11992	15849	674	65	320	4666515
11992	15828	728	65	320	4666525
11999	15791	769	65	318	4666535
12005	15747	801	66	320	4666545
12005	15687	820	67	319	4666555
12005	15617	833	67	319	4666565
12005	15543	847	67	319	4666575
12005	15456	860	67	319	4666585
12005	15372	877	67	319	4666595
12005	15282	894	67	320	4666605
12005	15190	907	67	320	4666615
12005	15100	919	67	320	4666625
11996	15004	931	67	320	4666635
11989	14916	936	68	322	4666645
11989	14829	946	68	322	4666655
11978	14742	951	68	322	4666665
11978	14657	962	68	325	4666675
11970	14564	966	68	325	4666685
11970	14469	972	68	325	4666695
11970	14368	972	69	327	4666705
11970	14262	979	69	327	4666715
11970	14157	985	69	327	4666725
11970	14056	987	69	327	4666735
11970	13954	995	69	327	4666745
11970	13854	999	70	328	4666755
11980	13754	1001	70	328	4666765
11980	13642	1006	71	326	4666775
11980	13532	1010	71	326	4666785
11980	13417	1012	71	326	4666795
11980	13301	1016	71	326	4666805
11970	13194	1016	71	328	4666815
11970	13085	1023	71	328	4666825
11970	12980	1023	71	328	4666835
11970	12875	1023	71	328	4666845
11964	12764	1023	71	328	4666855
11964	12657	1023	71	328	4666865
11955	12539	1023	71	328	4666875
11946	12421	1023	72	331	4666885
11935	12299	1023	72	331	4666895
11926	12176	1023	72	331	4666905
11914	12056	1023	72	334	4666915
11906	11937	1023	72	334	4666925
11897	11817	1023	72	334	4666935
11890	11697	1023	72	334	4666945
11883	11578	1023	72	334	4666955
11883	11455	1023	72	334	4666965
11876	11333	1023	72	334	4666975
11876	11212	1023	72	334	4666985
11876	11089	1023	72	334	4666995
11867	10969	1023	72	334	4667005
11867	10849	1023	72	334	4667015
11867	10725	1023	72	334	4667025
11867	10605	1023	72	334	4667035
11867	10481	1023	72	334	4667045
11867	10358	1023	72	334	4667055
11867	10239	1023	73	337	4667065
11867	10119	1023	74	335	4667075
11867	10005	1023	74	335	4667085
11867	9888	1023	74	334	4667095
11867	9772	1023	74	334	4667105
11857	9655	1023	74	334	4667115
11849	9538	1023	74	334	4667125
11849	9417	1023	74	334	4667135
11835	9303	1023	75	337	4667145
11835	9188	1023	75	337	4667155
11828	9074	1023	75	337	4667165
11828	8964	1023	75	337	4667175
11828	8846	1023	75	341	4667185
11821	8729	1023	75	341	4667195
11821	8612	1023	75	341	4667205
11830	8503	1023	75	341	4667215
11836	8397	1023	75	341	4667225
11844	8292	1023	75	344	4667235
11854	8197	1023	75	345	4667245
11864	8109	1023	75	345	4667255
11876	8032	1023	74	346	4667265
11885	7971	1023	74	346	4667275
11892	7916	1023	74	346	4667285
11892	7883	1023	74	350	4667295
11899	7855	1023	74	350	4667305
11899	7836	1023	74	350	4667315
11899	7828	1017	74	350	4667325
11899	7820	919	74	350	4667335
11899	7832	272	74	350	4667355
111
2421	14457	152	53	284	4683291
2413	14457	224	53	284	4683301
2405	14457	383	53	284	4683341
2405	14463	581	52	283	4683431
2412	14463	652	51	283	4683441
2412	14456	662	51	283	4683461
2424	14456	690	51	283	4683471
2434	14456	714	51	283	4683481
2450	14456	720	51	281	4683491
2471	14456	722	51	281	4683501
2495	14456	727	52	280	4683511
2523	14456	734	52	280	4683521
2557	14456	743	52	280	4683531
2596	14456	755	52	280	4683541
2640	14456	759	52	280	4683551
2691	14456	765	52	280	4683561
2746	14449	770	52	280	4683571
2807	14449	773	52	280	4683581
2877	14442	778	52	280	4683591
2955	14442	779	52	280	4683601
3034	14433	787	52	280	4683611
3119	14433	790	52	280	4683621
3209	14427	792	52	280	4683631
3300	14427	792	52	280	4683641
3403	14417	792	52	280	4683651
3511	14417	795	52	280	4683661
3624	14404	796	52	280	4683671
3738	14395	797	52	280	4683681
3850	14383	799	53	281	4683691
3964	14371	801	53	281	4683701
4081	14358	804	53	281	4683711
4202	14348	803	53	281	4683721
4329	14337	807	53	281	4683731
4461	14329	808	53	281	4683741
4595	14322	813	53	281	4683751
4733	14314	814	53	281	4683761
4875	14307	816	53	281	4683771
5019	14301	814	53	281	4683781
5166	14301	817	53	281	4683791
5318	14291	822	53	279	4683801
5466	14284	824	53	279	4683811
5618	14284	829	53	278	4683821
5775	14277	831	53	278	4683831
5931	14277	835	53	278	4683841
6093	14277	837	53	278	4683851
6257	14277	839	53	278	4683861
6420	14277	841	53	278	4683871
6581	14277	843	53	277	4683881
6742	14277	841	53	277	4683891
6903	14277	847	53	275	4683901
7062	14277	841	53	275	4683911
7221	14277	838	53	275	4683921
7375	14277	838	53	275	4683931
7524	14277	841	53	275	4683941
7672	14283	838	53	275	4683951
7819	14283	838	53	275	4683961
7964	14283	838	53	275	4683971
8107	14283	839	53	275	4683981
8248	14283	839	53	274	4683991
8383	14275	840	53	274	4684001
8513	14275	844	53	273	4684011
8643	14275	844	53	273	4684021
8773	14275	840	53	273	4684031
8905	14267	843	53	273	4684041
9036	14267	840	53	271	4684051
9165	14267	845	53	271	4684061
9293	14260	843	53	270	4684071
9414	14260	846	53	270	4684081
9535	14252	846	53	270	4684091
9654	14252	844	53	269	4684101
9773	14246	847	53	269	4684111
9893	14246	841	53	267	4684121
10010	14246	842	53	267	4684131
10126	14238	840	53	267	4684141
10242	14238	843	53	267	4684151
10357	14238	844	54	267	4684161
10470	14231	843	54	266	4684171
10586	14231	847	54	266	4684181
10699	14222	843	54	265	4684191
10814	14222	845	54	265	4684201
10929	14216	838	54	265	4684211
11047	14216	839	54	265	4684221
11166	14208	839	54	265	4684231
11287	14208	838	54	265	4684241
11409	14199	839	54	265	4684251
11533	14199	841	54	265	4684261
11661	14190	838	55	264	4684271
11792	14190	838	55	263	4684281
11927	14182	838	55	263	4684291
12062	14182	839	55	261	4684301
12201	14169	841	55	261	4684311
12337	14160	839	55	261	4684321
12474	14151	838	55	261	4684331
12612	14142	835	55	261	4684341
12750	14134	833	55	260	4684351
12889	14127	833	55	260	4684361
13030	14121	828	54	259	4684371
13172	14112	827	54	259	4684381
13313	14105	831	54	257	4684391
13455	14097	831	54	257	4684401
13598	14087	832	54	256	4684411
13742	14080	832	54	256	4684421
13885	14071	833	54	256	4684431
14021	14064	834	54	254	4684441
14146	14056	836	54	254	4684451
14252	14049	838	54	253	4684461
14340	14041	847	54	253	4684471
14408	14035	847	54	253	4684481
14451	14035	844	54	253	4684491
14475	14027	771	54	252	4684511
14469	14027	207	53	250	4684531
41
2430	14400	69	52	297	4685120
2430	14412	118	51	297	4685130
2437	14430	165	51	295	4685140
2437	14445	257	50	295	4685150
2437	14458	319	51	293	4685160
2437	14470	362	51	293	4685170
2437	14478	416	51	293	4685180
2430	14478	441	51	293	4685190
2419	14478	490	51	293	4685200
2406	14478	513	51	293	4685210
2389	14478	526	50	295	4685220
2371	14468	542	50	295	4685230
2357	14457	542	50	296	4685240
2346	14443	541	50	296	4685250
2346	14431	539	49	295	4685260
2346	14420	543	49	295	4685270
2356	14407	553	49	295	4685280
2371	14396	568	49	295	4685290
2391	14389	574	49	295	4685300
2414	14389	589	49	295	4685310
2434	14389	591	49	295	4685320
2450	14407	598	49	295	4685330
2460	14422	597	49	295	4685340
2460	14441	602	49	295	4685349
2460	14457	606	49	295	4685359
2446	14472	619	49	295	4685369
2431	14479	644	49	295	4685379
2417	14479	656	49	295	4685389
2407	14479	652	49	295	4685409
2407	14472	651	49	295	4685419
2407	14461	641	49	295	4685429
2407	14450	638	49	295	4685439
2430	14439	640	49	295	4685449
2453	14439	638	49	295	4685459
2478	14439	638	49	295	4685469
2501	14439	641	49	295	4685479
2513	14454	643	49	295	4685489
2513	14468	644	49	295	4685499
2499	14478	649	49	295	4685509
2475	14485	592	49	295	4685519
2450	14485	230	49	295	4685539
98
6058	14062	51	52	288	4686252
6050	14062	143	52	287	4686262
6040	14062	257	52	287	4686272
6040	14069	510	52.25	286	4686352
6054	14069	658	53	286	4686362
6070	14069	679	53	286	4686372
6089	14069	691	53	286	4686382
6115	14069	715	53	286	4686392
6145	14069	728	53	286	4686402
6183	14069	745	53	285	4686412
6231	14077	754	53	285	4686422
6287	14077	764	53	284	4686432
6351	14085	764	53	284	4686442
6420	14085	768	53	284	4686452
6489	14085	771	53	284	4686462
6559	14085	775	53	284	4686472
6633	14085	779	53	284	4686482
6711	14085	786	53	282	4686492
6795	14085	788	53	282	4686502
6886	14085	787	53	281	4686512
6982	14085	789	53	281	4686522
7080	14085	790	53	281	4686532
7178	14092	794	54	281	4686542
7277	14092	794	54	281	4686552
7378	14098	792	54	281	4686562
7478	14098	795	55	280	4686572
7578	14098	796	55	280	4686582
7678	14098	795	55	279	4686592
7776	14098	795	55	279	4686602
7878	14098	794	55	277	4686612
7983	14098	796	55	277	4686622
8093	14098	793	55	276	4686632
8203	14098	794	55	276	4686642
8317	14098	795	55	276	4686652
8432	14092	796	55	276	4686662
8548	14092	795	55	276	4686672
8666	14092	797	55	274	4686681
8786	14092	794	55	274	4686691
8910	14085	792	55	273	4686701
9037	14085	791	55	273	4686711
9167	14085	793	55	273	4686721
9296	14085	794	55	271	4686731
9420	14085	794	55	271	4686741
9542	14085	795	55	270	4686751
9661	14079	798	55	270	4686761
9783	14079	794	55	270	4686771
9905	14079	800	56	269	4686781
10028	14079	798	56	269	4686791
10153	14079	796	56	267	4686801
10275	14079	798	56	267	4686811
10394	14079	796	56	267	4686821
10507	14079	798	56	266	4686831
10614	14079	797	56	266	4686841
10716	14079	796	56	264	4686851
10818	14072	795	56	264	4686861
10921	14072	790	56	264	4686871
11025	14065	791	56	264	4686881
11129	14065	797	56	264	4686891
11229	14065	796	56	264	4686901
11328	14065	797	56	264	4686911
11427	14065	795	56	263	4686921
11524	14057	796	57	262	4686931
11621	14057	799	57	261	4686941
11716	14057	796	57	261	4686951
11810	14057	800	57	261	4686961
11905	14057	799	57	261	4686971
12000	14057	800	57	261	4686981
12092	14057	797	57	261	4686991
12186	14057	798	57	261	4687001
12281	14057	799	57	261	4687011
12375	14057	803	57	259	4687021
12467	14057	806	57	259	4687031
12558	14049	806	56	258	4687041
12649	14049	802	56	258	4687051
12742	14041	801	57	257	4687061
12839	14041	798	57	256	4687071
12934	14035	797	57	256	4687081
13028	14035	796	57	254	4687091
13120	14028	796	57	254	4687101
13210	14028	797	57	254	4687111
13300	14020	798	57	254	4687121
13390	14012	798	57	253	4687131
13481	14005	800	57	253	4687141
13571	13995	796	57	251	4687151
13664	13986	797	57	251	4687161
13760	13977	800	57	251	4687171
13856	13966	799	57	251	4687181
13949	13955	799	57	251	4687191
14034	13944	798	57	251	4687201
14112	13932	802	57	249	4687211
14180	13921	806	57	249	4687221
14240	13911	805	57	247	4687231
14292	13901	808	57	247	4687241
14332	13892	808	57	247	4687251
14363	13885	810	57	247	4687261
14382	13885	815	57	247	4687271
14391	13885	817	57	247	4687281
14391	13878	540	56.5	245	4687321
46
6137	14056	85	52	292	4687828
6131	14073	183	52	292	4687838
6131	14082	246	53	292	4687848
6122	14090	327	53	292	4687858
6115	14097	412	53	292	4687868
6107	14104	473	53	292	4687878
6095	14104	501	53	292	4687888
6082	14104	557	53	292	4687898
6069	14104	575	53	292	4687908
6053	14104	599	53	292	4687918
6036	14088	605	53	292	4687928
6020	14073	615	53	292	4687938
6008	14057	614	53	292	4687948
6008	14043	620	53	292	4687958
6008	14032	628	53	292	4687968
6022	14024	664	53	292	4687978
6044	14024	675	53	292	4687988
6068	14024	688	53	292	4687998
6094	14024	702	53	292	4688008
6115	14035	709	53	292	4688018
6130	14049	709	53	292	4688028
6138	14062	710	53	292	4688038
6138	14074	727	53	292	4688048
6138	14086	734	53	292	4688058
6129	14086	734	53	292	4688068
6116	14086	740	53	292	4688078
6098	14086	742	53	292	4688088
6078	14079	744	53	292	4688098
6062	14069	742	53	292	4688108
6051	14062	741	53	292	4688118
6051	14055	741	53	292	4688128
6051	14049	739	53	292	4688138
6063	14040	741	53	292	4688148
6077	14034	741	53	292	4688158
6095	14034	743	53	292	4688168
6111	14034	747	53	292	4688178
6121	14034	757	53	292	4688188
6121	14045	755	53	292	4688198
6121	14057	752	53	292	4688208
6114	14071	769	53	292	4688218
6105	14085	777	53	292	4688228
6090	14092	775	53	292	4688238
6075	14092	780	53	292	4688248
6059	14078	779	53	292	4688258
6044	14063	745	53	292	4688268
6035	14044	299	53	292	4688288
18
14307	14234	211	53	281	4689024
14307	14274	344	53	281	4689034
14298	14291	453	53	281	4689044
14298	14303	505	53	281	4689054
14288	14303	527	53	279	4689074
14288	14292	616	54	278	4689084
14288	14262	660	54	278	4689094
14288	14215	729	54	278	4689104
14288	14151	778	55	279	4689114
14288	14080	808	55	279	4689124
14280	14010	849	55	277	4689134
14280	13949	888	55	277	4689144
14280	13897	895	55	276	4689154
14287	13857	896	55	276	4689164
14287	13830	899	55	276	4689174
14295	13814	903	55	276	4689184
14295	13808	862	55.3333	276	4689214
14288	13814	260	56	276	4689234
25
14343	14259	268	50	280	4689420
14332	14286	356	50	280	4689430
14325	14296	437	50	278	4689440
14325	14306	481	51	279	4689450
14335	14306	515	51	277	4689460
14361	14306	548	51	277	4689470
14404	14296	583	52	276	4689480
14462	14276	642	52	276	4689490
14530	14247	671	52	275	4689500
14607	14211	687	53	274	4689510
14680	14172	700	53	273	4689520
14739	14132	728	53	273	4689530
14780	14095	731	53	271	4689540
14801	14058	739	53	271	4689550
14801	14022	742	53	270	4689560
14787	13987	749	54	270	4689570
14754	13951	756	54	270	4689580
14700	13917	763	54	270	4689590
14625	13883	772	54	270	4689600
14534	13852	787	54	270	4689610
14439	13827	797	55	270	4689620
14354	13812	813	55	270	4689630
14294	13806	821	55	270	4689640
14258	13806	824	55	270	4689650
14243	13806	463	55	271.25	4689690
84
9796	13616	41	52	288	4694748
9781	13616	156	52	287	4694768
9773	13616	534	52	285.765	4694938
9782	13616	672	52	283	4694948
9794	13616	699	52	283	4694958
9818	13616	725	51	283	4694968
9855	13616	728	51	283	4694978
9902	13608	743	51	283	4694988
9958	13608	748	51	283	4694998
10018	13608	756	51	283	4695008
10077	13608	759	52	283	4695018
10138	13608	764	52	283	4695028
10202	13608	769	52	283	4695038
10268	13600	770	52	283	4695048
10340	13600	772	52	282	4695058
10417	13588	778	52	282	4695068
10498	13588	784	53	281	4695078
10580	13578	787	53	281	4695088
10668	13578	791	53	281	4695098
10760	13578	793	53	281	4695108
10857	13578	797	53	279	4695118
10959	13578	797	53	279	4695128
11059	13578	799	53	278	4695138
11160	13578	796	53	278	4695148
11257	13570	796	53	278	4695158
11350	13570	800	54	278	4695168
11439	13559	801	54	277	4695178
11525	13553	800	54	277	4695188
11613	13546	802	54	275	4695198
11704	13546	802	54	275	4695208
11799	13538	803	54	274	4695218
11895	13538	806	54	274	4695228
11986	13530	807	54	273	4695238
12074	13530	808	54	273	4695248
12156	13524	806	54	273	4695258
12236	13524	806	55	273	4695268
12315	13524	807	55	271	4695278
12392	13516	807	55	271	4695288
12469	13516	808	55	270	4695298
12543	13516	808	55	270	4695308
12618	13510	808	55	270	4695318
12697	13510	810	55	269	4695328
12778	13510	809	55	269	4695338
12859	13510	810	55	267	4695348
12941	13503	810	55	267	4695358
13018	13503	809	56	267	4695368
13092	13503	810	56	267	4695378
13164	13503	813	56	266	4695388
13234	13497	812	56	266	4695398
13305	13497	813	56	264	4695408
13372	13497	814	56	264	4695418
13437	13488	815	56	264	4695428
13499	13488	814	56	264	4695438
13559	13488	816	56	263	4695448
13620	13488	816	56	263	4695458
13685	13488	817	56	261	4695468
13756	13482	817	56	261	4695478
13830	13482	818	56	261	4695488
13902	13482	818	56	261	4695498
13971	13482	818	57	261	4695508
14037	13482	818	57	261	4695518
14100	13482	818	57	261	4695528
14165	13482	815	57	261	4695538
14232	13473	817	57	261	4695548
14301	13473	818	57	259	4695558
14370	13467	819	57	259	4695568
14443	13467	818	56	258	4695578
14516	13460	820	56	258	4695588
14590	13460	818	56	258	4695598
14669	13460	822	56	258	4695608
14750	13460	822	56	258	4695618
14835	13453	820	56	258	4695628
14924	13453	820	56	258	4695638
15012	13453	821	56	258	4695648
15102	13453	821	57	257	4695658
15195	13453	822	57	257	4695668
15285	13453	823	57	257	4695678
15370	13442	828	57	257	4695688
15445	13436	827	57	257	4695698
15507	13436	830	57	257	4695708
15555	13436	829	57	257	4695718
15585	13436	833	57	257	4695728
15602	13436	829	57	257	4695738
15602	13429	502	57	257	4695778
21
14857	14089	116	54	281	4696356
14835	14096	186	54	281	4696366
14821	14096	294	54	281	4696376
14806	14096	384	54	281	4696386
14792	14096	477	54	281	4696396
14782	14096	604	55.75	279.5	4696436
14799	14096	724	56	279	4696446
14823	14096	747	56	279	4696456
14861	14096	779	56	279	4696466
14910	14096	793	56	279	4696476
14970	14107	805	56	279	4696486
15048	14107	816	56	279	4696496
15142	14116	828	56	279	4696506
15242	14116	831	56	279	4696516
15345	14116	832	56	279	4696526
15437	14109	834	56	277	4696536
15511	14102	834	56	277	4696546
15566	14102	832	56	276	4696556
15600	14092	836	56	276	4696566
15616	14092	874	56	275.429	4696636
15623	14092	548	56	273	4696696
28
15507	13478	230	59	287	4698906
15507	13470	612	58.375	284	4698986
15507	13486	779	58	283	4698996
15514	13503	793	58	283	4699006
15522	13527	809	58	283	4699016
15530	13550	811	58	283	4699026
15530	13586	814	58	283	4699036
15538	13627	814	58	282	4699046
15538	13676	818	58	282	4699056
15538	13734	822	59	280	4699066
15529	13780	830	58	280	4699076
15529	13817	837	58	280	4699086
15518	13846	838	58	280	4699096
15518	13867	844	58	280	4699106
15509	13880	845	58	280	4699116
15509	13888	846	58	280	4699156
15509	13895	848	57.5	278.667	4699216
15517	13895	854	57	276	4699226
15536	13895	858	57	276	4699236
15570	13895	860	57	276	4699246
15616	13895	865	57	276	4699256
15675	13895	865	57	276	4699266
15739	13895	866	57	276	4699276
15796	13888	864	57	276	4699286
15845	13888	865	57	276	4699296
15879	13879	863	57	276	4699306
15896	13879	867	57	276	4699316
15902	13879	587	57	276	4699386
15
15595	14096	97	55	279	4699868
15579	14096	201	55	279	4699878
15570	14104	327	56	279	4699888
15562	14104	436	56	279	4699898
15555	14112	637	56	278.2	4699948
15570	14112	791	56	276	4699958
15590	14104	820	56	276	4699968
15623	14104	843	56	276	4699978
15670	14104	865	56	276	4699988
15726	14104	881	56	276	4699998
15785	14104	887	56	276	4700008
15837	14104	895	56	276	4700018
15875	14104	892	56	276	4700028
15896	14096	892	56	276	4700038
15903	14096	633	56	276	4700088
21
15819	14225	252	55	279	4700612
15789	14240	367	55	279	4700622
15778	14247	525	55	279	4700632
15767	14247	594	55	279	4700642
15767	14258	629	55	279	4700652
15777	14258	656	55	279	4700662
15799	14250	682	56	279	4700672
15832	14235	715	56	279	4700682
15872	14208	751	56	279	4700692
15915	14165	787	56	277	4700702
15951	14114	815	56	277	4700712
15975	14056	860	56	276	4700722
15986	13992	890	56	276	4700732
15986	13932	907	56	276	4700742
15969	13875	925	57	276	4700752
15951	13825	943	57	276	4700762
15934	13787	958	57	276	4700772
15917	13763	963	57	276	4700782
15908	13747	966	57	276	4700792
15901	13747	968	57	276	4700802
15901	13740	573	57	276	4700852
18
15882	14234	377	52	278	4701116
15855	14234	479	53	277	4701126
15855	14243	597	53	277	4701136
15869	14257	657	53	275	4701146
15905	14271	691	53	275	4701156
15963	14284	725	53	275	4701166
16039	14294	751	53	275	4701176
16133	14294	768	53	275	4701186
16232	14294	795	54	275	4701196
16329	14277	809	54	275	4701206
16415	14252	822	54	274	4701216
16480	14219	848	55	274	4701226
16526	14187	866	55	273	4701236
16554	14157	874	55	273	4701246
16572	14135	880	55	271	4701256
16582	14120	885	55	271	4701266
16582	14112	887	55	270	4701276
16592	14112	544	56	269.167	4701336
24
15931	13739	225	58	276	4701960
15916	13739	390	58	276	4701970
15910	13739	607	58	276	4702000
15920	13739	759	58	278	4702010
15946	13739	808	58	278	4702020
15988	13739	846	58	280	4702030
16045	13750	883	58	280	4702040
16122	13759	905	58	278	4702050
16209	13773	919	58	278	4702060
16296	13791	929	58	276	4702070
16380	13812	936	58	276	4702080
16451	13836	941	58	276	4702090
16501	13860	948	58	276	4702100
16543	13887	953	58	275	4702110
16575	13917	965	58	275	4702120
16598	13948	972	58	273	4702130
16622	13983	979	58	273	4702140
16641	14015	987	58	272	4702150
16654	14041	989	58	272	4702160
16664	14066	1007	58	270	4702170
16664	14082	1023	58	270	4702180
16664	14093	1023	58	270	4702190
16664	14099	1023	57.125	267.625	4702270
16670	14099	802	57	267	4702350
49
16677	14116	167	50	282	4704912
16646	14138	301	50	282	4704922
16629	14145	423	50	282	4704932
16606	14153	547	51	281	4704942
16593	14160	643	51	281	4704952
16586	14160	693	53	281	4704972
16592	14160	755	53	281	4704982
16615	14160	785	53	281	4704992
16665	14149	816	53	281	4705002
16752	14142	849	54	280	4705012
16884	14142	865	54	280	4705022
17058	14142	877	54	278	4705032
17261	14142	883	54	278	4705042
17485	14135	882	54	277	4705052
17709	14135	884	54	277	4705062
17918	14123	885	55	276	4705072
18104	14114	888	55	274	4705082
18250	14108	890	55	274	4705092
18360	14108	890	55	273	4705102
18429	14108	895	55	273	4705112
18466	14108	912	55	271	4705122
18482	14108	933	55	270.333	4705152
18482	14114	942	55	266.429	4705222
18489	14114	945	55.4375	265.438	4705542
18489	14102	935	55	270	4705552
18499	14087	935	55	270	4705562
18512	14055	936	54	270	4705572
18530	14005	939	54	270	4705582
18550	13933	939	54	270	4705592
18566	13844	939	54	270	4705602
18580	13752	941	54	270	4705612
18593	13666	940	54	270	4705622
18605	13597	940	54	270	4705632
18615	13547	940	54	270	4705642
18621	13514	938	54	270	4705652
18621	13493	939	54	270	4705662
18621	13482	944	54	270	4705752
18628	13482	948	54	270	4705772
18652	13482	949	54	270	4705782
18699	13488	948	54	270	4705792
18777	13488	949	55	270	4705802
18882	13488	948	55	270	4705812
19004	13488	945	55	270	4705822
19131	13488	947	55	270	4705832
19251	13478	947	55	270	4705842
19351	13470	948	55	270	4705852
19423	13464	948	55	270	4705862
19461	13456	950	55	270	4705872
19476	13456	751	55.25	267.5	4705952
22
19292	13611	327	54	278	4706432
19242	13647	476	54	278	4706442
19224	13678	574	54	278	4706452
19217	13697	638	54	277	4706462
19217	13708	651	54	277	4706472
19248	13708	666	54	275	4706482
19290	13708	683	54	275	4706492
19346	13683	709	54	274	4706502
19410	13645	748	54	274	4706512
19470	13587	778	54	273	4706522
19515	13511	815	54	273	4706532
19539	13425	857	54	273	4706542
19539	13332	884	54	271	4706552
19525	13242	912	55	271	4706562
19499	13165	926	55	270	4706572
19468	13101	947	55	270	4706582
19440	13055	952	56	270	4706592
19418	13026	953	56	270	4706602
19402	13009	953	56	270	4706612
19395	13002	917	56.5	270	4706632
19395	13010	726	57	270	4706642
19403	13027	9	57	270	4706662
20
19522	13693	110	53	273	4706928
19483	13712	421	53	273	4706938
19474	13721	477	53	273	4706948
19474	13741	579	53	273	4706958
19500	13741	589	53	273	4706968
19545	13728	633	53	273	4706978
19609	13700	679	53	273	4706988
19690	13654	736	53	273	4706998
19766	13585	770	53	271	4707008
19826	13497	823	53	271	4707018
19861	13393	874	54	270	4707028
19874	13289	896	54	270	4707038
19865	13195	918	54	270	4707048
19847	13115	941	55	270	4707058
19830	13058	945	55	270	4707068
19816	13023	949	55	270	4707078
19808	13003	954	56	270	4707108
19800	13003	917	57	270	4707118
19800	13017	775	57	270	4707128
19800	13035	206	57	270	4707148
17
19667	13673	391	54	270	4707324
19605	13673	485	53	270	4707334
19594	13692	583	53	270	4707344
19604	13701	672	53	270	4707354
19641	13711	708	53	270	4707364
19707	13722	718	53	270	4707374
19801	13731	724	53	270	4707384
19922	13731	734	53	270	4707394
20059	13731	746	53	270	4707404
20194	13709	769	53	270	4707414
20311	13677	788	53	269	4707424
20397	13639	806	53	269	4707434
20448	13602	827	53	267	4707444
20475	13574	839	54	267	4707454
20483	13557	844	54	266	4707464
20483	13550	828	54	265.5	4707484
20490	13550	324	54	264	4707504
21
19890	13056	271	55	270	4707720
19855	13033	367	55	270	4707730
19847	13024	630	56	270	4707750
19864	13012	806	56	270	4707760
19892	13004	868	57	270	4707770
19935	13004	904	57	270	4707780
19995	13004	919	58	270	4707790
20073	13018	932	58	270	4707800
20161	13043	935	58	270	4707810
20257	13082	926	58	270	4707820
20349	13137	910	58	270	4707830
20430	13208	904	58	268	4707840
20491	13282	910	58	268	4707850
20530	13351	921	58	267	4707860
20547	13406	936	58	267	4707870
20547	13448	938	58	267	4707880
20547	13481	945	57	265	4707890
20536	13503	948	57	265	4707900
20536	13520	948	57	264	4707910
20536	13528	943	55.8571	262	4707980
20536	13535	813	53.9	260.5	4708080
17
17413	14307	241	54	284	4726281
17402	14317	339	54	284	4726291
17402	14327	469	54	283	4726301
17392	14336	590	55	283	4726311
17392	14342	724	55	282	4726361
17392	14327	834	55	282	4726371
17403	14295	878	57	281	4726381
17412	14247	935	57	281	4726391
17420	14188	958	57	279	4726401
17420	14124	985	57	279	4726411
17420	14067	1009	57	279	4726421
17420	14020	1010	57	279	4726431
17420	13984	1012	57	279	4726441
17420	13962	1013	58	280	4726451
17427	13949	1011	58	280	4726471
17427	13942	921	58	280	4726501
17427	13955	201	59	280	4726521
30
17445	14267	19	54	284	4726641
17415	14302	472	54	284	4726651
17400	14317	631	54	284	4726661
17390	14330	730	54	284	4726671
17390	14339	782	53	282	4726691
17401	14330	824	53	281	4726701
17430	14317	865	53	281	4726711
17476	14296	890	54	281	4726721
17536	14273	899	55	280	4726731
17607	14250	909	56	280	4726741
17676	14226	910	56	279	4726751
17740	14206	910	57	279	4726761
17790	14189	906	57	278	4726771
17820	14178	903	57	278	4726781
17837	14178	903	57	276	4726791
17837	14170	907	58	276	4726801
17844	14170	913	58	276	4726831
17837	14170	919	58	276	4726851
17822	14162	925	58	276	4726861
17797	14150	933	58	276	4726871
17757	14132	939	59	277	4726881
17703	14107	956	59	277	4726891
17637	14076	963	59	277	4726901
17571	14047	974	59	277	4726911
17507	14015	988	59	277	4726921
17455	13988	994	59	277	4726931
17420	13968	995	59	277	4726941
17402	13956	957	59	277.4	4726991
17410	13956	724	59	280	4727001
17424	13970	177	59	280	4727021
35
17878	14172	155	58	276	4727217
17897	14182	327	58	276	4727227
17904	14182	489	58	276	4727237
17904	14193	592	58	276	4727247
17910	14202	664	58	276	4727257
17910	14210	731	58	276	4727267
17910	14218	777	58	276	4727277
17910	14226	806	58	276	4727287
17910	14234	839	58	276	4727297
17910	14241	860	58	275	4727307
17902	14241	873	58	275	4727317
17893	14249	882	58	273	4727327
17878	14249	893	58	273	4727337
17857	14233	910	58	273	4727347
17832	14212	934	58	273	4727357
17810	14186	939	58	273	4727367
17796	14158	945	59	273	4727377
17796	14129	953	59	273	4727387
17796	14102	961	59	273	4727397
17814	14076	973	59	273	4727407
17842	14052	989	59	273	4727417
17884	14036	999	59	273	4727427
17928	14028	1005	59	273	4727437
17975	14028	1009	59	273	4727447
18015	14042	1010	59	273	4727457
18042	14063	1002	59	273	4727467
18059	14086	1013	59	273	4727477
18059	14114	1012	59	273	4727487
18052	14142	1010	59	273	4727497
18032	14168	1014	59	273	4727507
18003	14196	1013	59	273	4727517
17966	14221	1000	59	273	4727527
17925	14240	972	59	273	4727537
17887	14253	899	59	273	4727547
17853	14253	348	59	274	4727567
102
2370	12892	208	51	287.333	4732493
2370	12899	419	51	288	4732513
2378	12899	536	51	288	4732523
2387	12899	567	51	288	4732533
2399	12899	592	51	288	4732543
2410	12899	614	51	288	4732553
2422	12893	650	52	288	4732563
2443	12893	668	52	288	4732573
2475	12893	684	52	288	4732583
2520	12893	689	52	288	4732593
2577	12893	694	52	288	4732603
2644	12893	695	52	287	4732613
2715	12902	702	52	287	4732623
2795	12902	708	52	286	4732633
2880	12912	713	52	286	4732643
2966	12912	724	52	286	4732653
3058	12912	732	52	286	4732663
3154	12912	735	52	284	4732673
3258	12912	738	52	284	4732683
3366	12912	740	53	284	4732693
3480	12912	740	53	284	4732703
3597	12912	740	53	284	4732713
3716	12912	739	53	284	4732723
3840	12912	741	53	284	4732733
3968	12904	740	53	282	4732743
4096	12904	742	53	282	4732753
4228	12904	743	53	281	4732763
4359	12904	742	53	281	4732773
4490	12904	743	53	281	4732783
4627	12904	743	54	281	4732793
4768	12896	745	54	281	4732803
4914	12896	745	54	281	4732813
5060	12887	743	55	280	4732823
5205	12887	745	55	280	4732833
5350	12878	747	55	279	4732843
5490	12871	749	55	279	4732853
5631	12871	756	55	279	4732863
5778	12861	757	55	277	4732873
5927	12854	761	55	277	4732883
6078	12854	763	55	276	4732893
6231	12840	767	55	276	4732903
6379	12834	771	55	276	4732913
6524	12823	772	55	276	4732923
6673	12815	777	55	276	4732933
6822	12815	784	55	276	4732943
6967	12803	785	55	276	4732953
7116	12796	790	55	276	4732963
7260	12796	791	55	276	4732973
7403	12787	794	55	276	4732983
7548	12778	794	55	274	4732993
7693	12778	795	55	274	4733003
7841	12767	795	55	273	4733013
7992	12761	793	55	273	4733023
8142	12761	795	55	274	4733033
8295	12747	799	55	274	4733043
8439	12738	799	55	274	4733053
8582	12731	796	55	273	4733063
8728	12723	800	55	273	4733073
8874	12712	800	55	273	4733083
9025	12704	798	55	273	4733093
9180	12696	797	55	271	4733103
9335	12685	799	55	271	4733113
9487	12685	796	55	270	4733123
9639	12670	799	55	270	4733133
9785	12660	802	55	270	4733143
9931	12652	800	55	270	4733153
10076	12642	801	55	270	4733163
10223	12631	801	55	270	4733173
10370	12620	807	55	269	4733183
10517	12609	805	55	269	4733193
10673	12597	806	55	267	4733203
10828	12585	801	54	267	4733213
10983	12576	802	54	266	4733223
11145	12568	802	54	266	4733233
11301	12562	801	54	265	4733243
11457	12555	802	54	265	4733253
11614	12549	801	54	265	4733263
11772	12541	807	54	265	4733273
11931	12541	806	54	265	4733283
12092	12528	805	54	263	4733293
12256	12520	816	54	263	4733303
12419	12520	807	54	262	4733313
12587	12511	804	54	262	4733323
12755	12511	807	54	262	4733333
12921	12502	806	54	262	4733343
13090	12493	806	54	262	4733353
13253	12486	804	54	260	4733363
13421	12486	807	54	260	4733373
13588	12477	808	53	259	4733383
13757	12477	810	53	259	4733393
13927	12477	813	53	259	4733403
14096	12477	813	53	259	4733413
14264	12477	822	54	257	4733423
14418	12477	828	54	257	4733433
14564	12477	829	54	256	4733443
14689	12477	837	54	256	4733453
14793	12485	845	54	256	4733463
14870	12485	857	54	256	4733473
14917	12485	865	54	256	4733483
14940	12494	861	54	256	4733493
14948	12494	744	54	256	4733513
14936	12502	97	54	256	4733533
46
2387	12957	247	50	300	4734341
2426	12979	316	50	299	4734351
2436	13002	414	50	299	4734361
2436	13012	491	50	299	4734371
2436	13019	563	50.5	299.5	4734391
2427	13019	587	51	300	4734401
2418	13011	619	51	300	4734411
2410	12989	647	51	300	4734421
2400	12961	664	51	300	4734431
2390	12929	671	51	300	4734441
2390	12902	667	51	300	4734451
2390	12881	673	52	301	4734461
2400	12863	679	52	301	4734471
2418	12852	688	52	301	4734481
2443	12852	693	52	301	4734491
2473	12861	695	52	301	4734501
2500	12882	687	52	301	4734511
2523	12913	684	52	301	4734521
2535	12947	679	52	301	4734531
2535	12978	677	52	301	4734541
2522	13003	687	52	301	4734551
2504	13018	690	52	301	4734561
2480	13018	700	52	301	4734571
2454	13001	710	52	301	4734581
2428	12973	732	52	301	4734591
2407	12937	739	52	301	4734601
2396	12898	743	52	301	4734611
2396	12866	741	52	301	4734621
2408	12840	741	52	300	4734631
2425	12825	747	52	300	4734641
2451	12825	755	53	298	4734651
2480	12837	750	53	298	4734661
2507	12862	750	53	298	4734671
2529	12895	748	53	298	4734681
2536	12927	754	53	298	4734691
2536	12955	770	53	298	4734701
2522	12971	780	53	298	4734711
2499	12971	794	53	298	4734721
2471	12962	804	53	298	4734731
2438	12943	823	53	298	4734741
2408	12918	829	53	298	4734751
2389	12897	828	53	298	4734761
2380	12880	822	53	298	4734771
2380	12869	775	53	298	4734791
2395	12869	706	53	298	4734801
2415	12869	239	53	298	4734821
44
9854	13617	111	67	295	4735325
9854	13642	242	65	293	4735335
9862	13653	406	64	291	4735345
9862	13665	477	61	291	4735355
9852	13677	515	60	289	4735365
9839	13685	567	58	290	4735375
9824	13685	601	57	289	4735385
9800	13685	646	56	288	4735395
9777	13675	679	55	287	4735405
9756	13658	695	54	287	4735415
9741	13637	706	54	287	4735425
9741	13619	700	54	287	4735435
9741	13605	709	54	287	4735445
9766	13595	756	54	287	4735455
9801	13595	755	54	287	4735465
9847	13595	758	54	287	4735475
9894	13615	755	54	287	4735485
9935	13639	755	54	287	4735495
9960	13663	756	54	287	4735505
9967	13685	763	54	287	4735515
9967	13702	775	54	287	4735525
9945	13712	777	54	287	4735535
9922	13712	787	54	287	4735545
9898	13712	794	54	287	4735555
9870	13712	799	54	287	4735565
9846	13692	811	54	287	4735575
9826	13671	817	54	287	4735585
9814	13648	815	54	287	4735595
9814	13630	813	54	287	4735605
9824	13617	816	54	287	4735615
9845	13617	825	54	287	4735625
9876	13617	825	54	287	4735635
9909	13617	818	54	287	4735645
9939	13632	815	54	287	4735655
9959	13648	814	54	287	4735665
9967	13662	824	54	287	4735675
9967	13673	838	54	287	4735685
9952	13673	844	54	287	4735695
9928	13673	861	54	287	4735705
9894	13673	868	54	287	4735715
9852	13658	880	54	287	4735725
9819	13646	871	54	287	4735735
9797	13636	810	54	287	4735745
9791	13628	333	54	287	4735765
120
9750	12169	55	53	286	4738829
9750	12161	211	53.6667	286.667	4738859
9750	12168	391	54	287	4738879
9750	12181	462	55	287	4738889
9735	12189	472	55	286	4738899
9722	12189	533	55	286	4738909
9707	12198	540	55	285	4738919
9686	12198	563	55	285	4738929
9663	12186	583	55	285	4738939
9641	12171	591	55	285	4738949
9622	12154	604	55	285	4738959
9614	12136	618	55	285	4738969
9614	12120	627	55	285	4738979
9624	12105	650	56	285	4738989
9644	12094	660	56	285	4738999
9673	12094	671	56	285	4739009
9708	12094	674	56	285	4739019
9743	12104	672	56	285	4739029
9769	12119	684	56	285	4739039
9786	12140	689	56	285	4739049
9786	12160	709	56	285	4739059
9779	12176	704	56	285	4739069
9757	12189	710	56	285	4739079
9729	12189	727	56	285	4739089
9696	12189	731	56	285	4739099
9665	12171	742	56	285	4739109
9641	12151	763	56	285	4739119
9624	12129	758	56	285	4739129
9617	12107	761	56	285	4739139
9617	12087	763	56	285	4739149
9635	12068	763	56	285	4739159
9660	12057	764	56	285	4739169
9691	12057	764	56	285	4739179
9720	12057	765	56	285	4739189
9745	12066	757	56	285	4739199
9760	12083	784	56	285	4739209
9760	12099	788	56	285	4739219
9753	12117	788	56	285	4739229
9734	12133	809	56	285	4739239
9708	12143	813	56	285	4739249
9685	12149	821	56	285	4739259
9668	12149	821	56	285	4739269
9659	12149	848	55.6667	284.417	4739389
9665	12149	923	55.6364	279.909	4739499
9674	12149	927	56	276	4739519
9687	12149	927	56	276	4739529
9704	12149	925	56	276	4739539
9724	12141	919	56	276	4739549
9751	12141	918	55	276	4739559
9784	12141	914	55	274	4739569
9821	12133	908	55	274	4739579
9868	12133	904	55	273	4739589
9919	12133	904	55	273	4739599
9978	12133	903	55	273	4739609
10040	12133	898	56	273	4739619
10109	12126	897	56	273	4739629
10182	12126	895	56	273	4739639
10262	12126	895	56	273	4739649
10352	12126	896	56	273	4739659
10441	12119	896	56	273	4739669
10529	12119	896	56	273	4739679
10609	12119	895	56	273	4739689
10681	12119	891	56	273	4739699
10750	12113	892	56	273	4739709
10822	12113	891	56	273	4739719
10897	12113	892	56	273	4739729
10971	12113	892	56	273	4739739
11052	12113	893	57	273	4739749
11133	12113	892	57	272	4739759
11215	12113	891	57	272	4739769
11298	12113	892	57	270	4739779
11377	12113	892	57	270	4739789
11454	12113	895	57	270	4739799
11531	12113	895	57	270	4739809
11609	12113	894	57	268	4739819
11690	12113	895	57	268	4739829
11775	12113	896	57	267	4739839
11864	12104	898	57	267	4739849
11955	12104	898	58	267	4739859
12050	12104	898	58	267	4739869
12141	12104	897	58	267	4739879
12231	12096	898	58	267	4739889
12317	12096	897	58	265	4739899
12400	12088	898	58	265	4739909
12480	12088	901	58	264	4739919
12557	12088	902	58	264	4739929
12636	12088	904	58	264	4739939
12717	12088	903	58	262	4739949
12802	12088	902	58	262	4739959
12889	12088	903	58	260	4739969
12974	12088	902	59	260	4739979
13055	12088	902	59	260	4739989
13133	12079	903	59	260	4739999
13209	12079	899	59	260	4740009
13287	12079	901	59	260	4740019
13365	12079	905	58	258	4740029
13445	12079	905	58	258	4740039
13528	12079	906	58	257	4740049
13610	12072	906	58	257	4740059
13694	12072	905	58	257	4740069
13776	12072	906	58	257	4740079
13855	12072	906	58	257	4740089
13932	12072	906	58	257	4740099
14004	12072	909	58	257	4740109
14069	12072	911	58	257	4740119
14129	12072	914	58	257	4740129
14185	12078	915	58	257	4740139
14241	12078	919	58	257	4740149
14299	12078	919	58	255	4740159
14361	12078	924	59	255	4740169
14424	12087	929	59	253	4740179
14488	12087	934	59	253	4740189
14551	12094	940	59	253	4740199
14607	12094	944	59	253	4740209
14654	12102	951	59	253	4740219
14689	12102	961	59	253	4740229
14713	12102	970	59	253	4740239
14727	12102	972	59	253	4740249
14735	12102	930	59	253	4740289
14726	12102	296	59	254	4740309
16
14620	12129	36	59	280	4741341
14602	12119	204	59	280	4741361
14595	12119	403	59	280	4741371
14595	12127	510	59.5	280	4741391
14595	12133	587	60	280	4741401
14606	12133	634	60	280	4741411
14616	12133	682	60	280	4741421
14631	12141	712	60	280	4741431
14653	12141	741	60	280	4741441
14682	12141	761	60	280	4741451
14715	12141	787	60	280	4741461
14750	12141	802	60	280	4741471
14780	12141	806	60	279	4741481
14802	12133	807	60	279	4741491
14817	12133	763	60	277	4741511
14823	12133	253	60	277	4741531
20
14841	12639	235	57	276	4741825
14816	12666	363	57	276	4741835
14805	12678	467	57	276	4741845
14798	12688	549	57	276	4741855
14798	12696	625	56.3333	276	4741885
14798	12681	727	56	276	4741895
14807	12654	779	56	276	4741905
14807	12609	834	56	276	4741915
14814	12543	869	56	276	4741925
14814	12456	907	57	276	4741935
14802	12357	942	57	276	4741945
14802	12259	969	57	276	4741955
14802	12173	979	58	276	4741965
14809	12105	991	58	276	4741975
14819	12059	995	58	276	4741985
14827	12029	1003	58	276	4741995
14834	12010	1012	59	275	4742005
14834	12000	1013	59	275	4742015
14834	11993	1010	59	273	4742025
14841	11993	643	60.2	273.2	4742075
31
14887	12653	292	57	276	4742313
14853	12664	368	57	276	4742323
14837	12671	505	57	275	4742333
14827	12679	598	56	274	4742343
14827	12686	648	56	273	4742363
14850	12694	702	56	273	4742373
14887	12694	733	56	273	4742383
14941	12694	763	56	273	4742393
15010	12686	793	56	273	4742403
15085	12672	799	56	273	4742413
15162	12652	815	56	271	4742423
15233	12624	816	56	271	4742433
15292	12587	816	56	270	4742443
15335	12543	816	56	270	4742453
15363	12496	821	56	270	4742463
15381	12445	827	55	270	4742473
15388	12392	839	56	270	4742483
15388	12341	859	56	270	4742493
15375	12285	871	56	270	4742503
15354	12235	883	56	269	4742513
15319	12186	901	57	268	4742523
15270	12141	920	57	267	4742533
15213	12103	936	57	267	4742543
15149	12068	942	57	267	4742553
15088	12041	948	58	267	4742563
15032	12019	948	58	268	4742573
14990	12005	946	58	268	4742583
14961	11998	937	59	270	4742593
14941	11998	897	59	270	4742603
14929	11998	804	59	270	4742613
14921	11998	269	60	270	4742633
19
15403	12432	63	56	282	4746438
15393	12425	188	56	282	4746458
15382	12425	355	56	282	4746468
15382	12432	517	56.6667	281.333	4746498
15382	12440	709	57	279	4746548
15400	12440	797	56	279	4746558
15429	12447	823	56	279	4746568
15472	12447	846	56	279	4746578
15532	12455	862	56	277	4746588
15609	12455	870	56	277	4746598
15693	12455	887	56	276	4746608
15783	12455	891	56	276	4746618
15870	12455	896	56	276	4746627
15941	12455	899	56	276	4746637
15991	12455	898	56	276	4746647
16025	12447	902	56	276	4746657
16045	12447	900	56	276	4746667
16056	12447	802	56	275	4746707
16063	12447	109	56	273	4746727
16
16097	12562	254	57	276	4746874
16068	12593	355	57	276	4746884
16057	12612	476	57	276	4746894
16050	12618	596	57	276	4746924
16050	12603	727	57	276	4746934
16062	12581	781	57	276	4746944
16071	12545	825	57	276	4746954
16081	12499	864	57	276	4746964
16092	12443	906	57	276	4746974
16099	12381	918	57	276	4746984
16099	12323	923	57	276	4746994
16108	12276	926	57	276	4747004
16108	12241	918	57	276	4747014
16108	12223	902	57	276	4747024
16108	12216	786	57.6667	276	4747054
16108	12236	229	58	276	4747074
27
16069	12571	417	58	276	4747154
16037	12598	490	58	276	4747164
16021	12609	630	58	276	4747174
16011	12617	727	58	276	4747184
16011	12626	750	58	276	4747194
16019	12626	771	58	276	4747204
16048	12615	780	57	276	4747214
16098	12600	783	57	276	4747224
16169	12581	778	57	275	4747234
16250	12558	771	57	275	4747244
16332	12534	761	57	273	4747254
16402	12511	756	56	273	4747264
16455	12490	751	56	273	4747274
16490	12475	746	56	273	4747284
16506	12464	757	56	272	4747304
16499	12455	777	56	271	4747314
16479	12455	798	56	270	4747324
16449	12437	822	57	270	4747334
16409	12417	841	57	270	4747344
16361	12389	859	57	270	4747354
16310	12355	873	57	270	4747364
16263	12319	880	57	270	4747374
16225	12284	885	57	270	4747384
16198	12258	876	57	270	4747394
16184	12242	854	58	270	4747404
16184	12235	703	58	270.667	4747434
16198	12254	74	58	272.5	4747453
22
16558	12496	347	59	273	4747558
16615	12525	429	58	273	4747568
16635	12542	557	58	273	4747578
16646	12559	664	58	273	4747588
16646	12571	701	58	272.5	4747608
16631	12571	720	58	272	4747618
16606	12563	747	57	270	4747628
16575	12540	764	57	270	4747638
16543	12508	800	57	270	4747648
16516	12477	795	57	270	4747658
16503	12446	810	57	268	4747668
16503	12418	846	57	268	4747678
16528	12398	875	57	267	4747688
16560	12383	891	57	267	4747698
16600	12383	919	57	267	4747708
16638	12390	921	57	267	4747718
16669	12415	929	57	267	4747728
16686	12449	891	57	267	4747738
16686	12486	878	57	267	4747748
16673	12519	797	57	267	4747758
16652	12545	666	57	267	4747768
16630	12558	18	57	267	4747788
75
16728	12492	40	54	290	4750082
16711	12492	109	54	290	4750092
16702	12492	183	54	290	4750102
16693	12492	263	54	290	4750112
16686	12492	340	54	290	4750122
16686	12498	495	53	290	4750182
16694	12498	598	53	290	4750192
16704	12498	613	53	290	4750202
16718	12498	650	53	290	4750212
16736	12506	664	53	290	4750222
16756	12506	686	53	290	4750232
16783	12506	714	53	290	4750242
16815	12506	733	53	290	4750252
16853	12496	759	53	290	4750262
16900	12489	786	53	290	4750272
16958	12489	795	53	290	4750282
17035	12489	807	53	290	4750292
17130	12489	817	54	288	4750302
17244	12495	833	54	288	4750312
17374	12506	843	54	287	4750322
17519	12506	854	54	286	4750332
17675	12518	857	54	286	4750342
17837	12518	858	54	284	4750352
18003	12518	860	53	284	4750362
18159	12524	865	53	282	4750372
18302	12524	862	53	282	4750382
18431	12524	864	53	281	4750392
18536	12524	864	54	280	4750402
18625	12524	865	55	279	4750412
18694	12524	867	55	277	4750422
18744	12531	867	55	277	4750432
18780	12531	866	55	276	4750442
18803	12531	867	55	274	4750452
18817	12531	866	55	273	4750462
18826	12531	867	55	273	4750492
18833	12531	886	55.2	270.4	4750542
18833	12537	935	56	270	4750562
18833	12548	936	56	270	4750572
18833	12567	937	56	270	4750582
18842	12600	936	56	270	4750592
18851	12650	932	56	270	4750602
18861	12717	926	56	270	4750612
18873	12794	929	56	270	4750622
18884	12876	928	56	270	4750632
18884	12953	930	56	270	4750642
18884	13015	934	55	270	4750652
18884	13062	935	55	270	4750662
18872	13096	938	55	270	4750672
18866	13123	936	55	270	4750682
18866	13146	934	55	270	4750692
18858	13162	934	55	270	4750701
18858	13175	936	55	270	4750711
18858	13182	935	55	270	4750731
18852	13182	934	55	270	4750821
18860	13182	939	55	270	4750831
18880	13182	940	55	270	4750841
18917	13182	944	55	270	4750851
18973	13182	944	55	269	4750861
19051	13190	949	55	269	4750871
19139	13190	952	55	267	4750881
19225	13190	957	55	267	4750891
19303	13190	959	55	267	4750901
19365	13181	964	55	267	4750911
19404	13181	969	55	266	4750921
19426	13174	974	55	266	4750931
19438	13174	988	55	264	4750961
19447	13174	994	55	263	4750971
19454	13174	996	55	263	4750981
19461	13174	998	55	261	4750991
19471	13174	1001	55	261	4751001
19482	13174	1002	55	260	4751011
19490	13174	1006	55	260	4751021
19498	13174	1007	54	259	4751031
19498	13181	1008	54	257.414	4751611
19485	13187	144	54	253	4751631
51
20662	13496	186	52	270	4753170
20616	13496	301	52	270	4753180
20590	13496	404	52	270	4753190
20570	13496	501	52	269	4753200
20557	13496	618	52	267.667	4753230
20567	13496	700	52	267	4753240
20597	13496	728	52	267	4753250
20646	13505	741	52	267	4753260
20716	13512	756	52	267	4753270
20801	13522	772	52	267	4753280
20892	13530	772	52	267	4753290
20984	13537	769	52	267	4753300
21063	13537	771	52	267	4753310
21127	13537	774	52	266	4753320
21169	13537	780	52	266	4753330
21192	13537	790	52	265	4753340
21203	13537	812	52.75	263.25	4753380
21210	13537	822	53	262	4753390
21210	13528	822	53	261.5	4753410
21216	13521	820	53	261	4753420
21216	13511	823	53	259	4753430
21229	13489	834	53	259	4753440
21240	13456	839	53	259	4753450
21254	13402	850	53	259	4753460
21269	13327	857	53	259	4753470
21279	13232	863	53	259	4753480
21279	13115	871	54	259	4753490
21279	12980	874	54	259	4753500
21260	12839	878	54	259	4753510
21243	12706	887	55	258	4753520
21225	12588	892	55	258	4753530
21211	12492	900	55	258	4753540
21204	12413	910	56	258	4753550
21204	12343	918	56	258	4753560
21197	12292	917	57	257	4753570
21197	12258	921	58	259	4753580
21197	12241	956	60.875	259	4753660
21217	12241	986	63	258	4753670
21257	12241	992	63	258	4753680
21322	12233	992	63	258	4753690
21408	12226	1001	63	260	4753700
21504	12218	1002	63	260	4753710
21593	12208	1002	63	262	4753720
21674	12200	1005	63	262	4753730
21739	12191	1007	63	262	4753740
21788	12191	1009	63	262	4753750
21817	12179	1014	63	262	4753760
21831	12179	1022	63.5238	260.476	4754180
21825	12179	1019	62	253.261	4754410
21816	12187	815	62	251	4754420
21816	12196	114	62	251	4754439
222
6005	11266	119	51	288	4755370
5992	11260	229	52	288	4755380
5976	11260	339	52	288	4755390
5976	11273	425	52	289	4755400
5969	11279	502	52	289	4755420
5959	11279	543	53	290	4755430
5949	11260	561	53	290	4755440
5940	11238	576	53	290	4755450
5932	11214	596	54	290	4755460
5932	11188	610	54	290	4755470
5940	11169	622	54	290	4755480
5957	11152	626	55	291	4755490
5979	11142	630	55	291	4755500
6006	11142	637	55	291	4755510
6032	11142	629	55	291	4755520
6054	11159	633	55	291	4755530
6066	11180	630	55	291	4755540
6066	11202	630	55	291	4755550
6048	11222	652	55	291	4755560
6022	11235	661	55	291	4755570
5991	11242	671	55	290	4755580
5961	11242	678	55	290	4755590
5936	11230	672	56	288	4755600
5921	11214	673	56	288	4755610
5921	11193	677	56	288	4755620
5921	11172	678	56	288	4755630
5949	11153	679	56	288	4755640
5984	11140	680	56	288	4755650
6028	11140	682	56	288	4755660
6075	11140	682	56	288	4755670
6118	11147	684	56	288	4755680
6147	11161	680	56	288	4755690
6161	11179	702	56	288	4755700
6161	11197	699	56	288	4755710
6135	11214	721	56	288	4755720
6104	11224	728	56	288	4755730
6064	11224	745	56	288	4755740
6025	11224	756	56	288	4755750
5993	11208	754	56	288	4755760
5969	11194	755	56	288	4755770
5954	11177	747	56	288	4755780
5954	11162	748	56	288	4755790
5954	11150	747	56	288	4755800
5973	11139	745	56	288	4755810
5997	11139	746	56	288	4755820
6023	11139	742	56	288	4755830
6047	11149	738	56	288	4755840
6066	11163	738	56	288	4755850
6075	11179	738	56	288	4755860
6075	11194	738	56	288	4755870
6065	11205	739	56	288	4755880
6045	11213	750	56	288	4755890
6020	11213	763	56	288	4755900
5995	11213	776	56	288	4755910
5974	11213	780	56	288	4755920
5962	11202	787	56	288	4755940
5962	11194	787	56	288	4755960
5962	11187	797	56	288	4755980
5969	11187	812	56	288	4755990
5969	11179	831	56	288	4756000
5975	11179	992	55.1429	284.857	4756210
5982	11179	1000	56	282	4756300
5988	11179	960	56	282	4756320
5995	11179	954	56	282	4756330
6006	11179	955	56	282	4756340
6028	11179	956	56	282	4756350
6059	11186	956	56	282	4756360
6105	11192	951	56	282	4756370
6160	11202	945	56	284	4756380
6223	11215	942	56	284	4756390
6298	11229	936	56	285	4756400
6378	11244	932	56	285	4756410
6465	11257	929	56	285	4756420
6553	11268	928	56	285	4756430
6640	11278	926	56	285	4756440
6728	11286	925	56	285	4756450
6817	11292	925	56	285	4756460
6909	11292	922	56	285	4756470
7005	11300	921	56	285	4756480
7103	11300	922	56	285	4756490
7206	11310	920	56	285	4756500
7318	11319	916	56	285	4756510
7430	11327	914	56	285	4756520
7543	11327	917	56	285	4756530
7653	11336	914	56	285	4756540
7759	11336	914	56	285	4756550
7865	11336	914	56	284	4756560
7969	11336	912	56	284	4756570
8071	11336	914	56	284	4756580
8173	11336	912	56	284	4756590
8272	11329	913	56	285	4756600
8370	11329	913	56	285	4756610
8465	11322	915	56	284	4756620
8558	11322	916	56	284	4756630
8648	11313	915	56	282	4756640
8740	11313	919	56	282	4756650
8836	11313	918	56	282	4756660
8940	11313	919	56	282	4756670
9045	11320	917	56	282	4756680
9155	11320	919	56	282	4756690
9264	11320	914	56	282	4756700
9369	11320	916	57	281	4756710
9473	11328	918	57	281	4756720
9572	11328	921	57	279	4756730
9672	11328	921	57	279	4756740
9777	11328	922	57	278	4756750
9889	11328	922	57	278	4756760
10005	11328	922	57	276	4756770
10125	11336	918	57	276	4756780
10246	11336	918	57	276	4756790
10365	11348	922	57	276	4756800
10482	11356	924	57	276	4756810
10595	11356	925	57	276	4756820
10707	11363	925	57	275	4756830
10822	11363	925	56	274	4756840
10942	11363	922	56	273	4756850
11066	11363	921	56	273	4756860
11190	11363	920	56	273	4756870
11313	11363	919	56	273	4756880
11434	11353	924	56	273	4756890
11555	11353	921	56	273	4756900
11679	11342	921	56	273	4756910
11808	11342	924	56	271	4756920
11940	11342	924	56	271	4756930
12076	11334	922	56	270	4756940
12211	11334	922	56	270	4756950
12342	11334	922	56	270	4756960
12472	11334	925	57	270	4756970
12601	11334	925	57	270	4756980
12732	11324	925	57	270	4756990
12865	11324	921	57	268	4756999
13001	11315	920	57	268	4757009
13140	11315	920	57	267	4757019
13279	11315	919	57	267	4757029
13418	11308	921	57	267	4757039
13559	11308	924	58	267	4757049
13695	11308	924	58	265	4757059
13832	11308	924	58	265	4757069
13968	11308	920	58	264	4757079
14106	11300	919	58	264	4757089
14243	11300	920	58	264	4757099
14378	11292	920	58	264	4757109
14514	11292	920	58	264	4757119
14650	11292	921	58	264	4757129
14782	11292	919	58	264	4757139
14910	11301	918	58	264	4757149
15029	11307	915	58	264	4757159
15140	11307	915	58	264	4757169
15249	11321	917	58	264	4757179
15352	11321	918	58	264	4757189
15455	11333	916	58	264	4757199
15561	11339	917	58	264	4757209
15667	11346	918	58	264	4757219
15779	11356	919	58	264	4757229
15891	11365	919	58	264	4757239
16001	11373	918	57	264	4757249
16111	11382	916	57	264	4757259
16219	11390	916	57	264	4757269
16327	11398	920	57	264	4757279
16434	11405	922	57	264	4757289
16538	11405	924	57	262	4757299
16645	11412	925	57	262	4757309
16751	11412	921	57	261	4757319
16857	11418	921	56	261	4757329
16964	11418	922	56	261	4757339
17070	11428	920	56	261	4757349
17177	11435	921	56	261	4757359
17282	11435	922	56	261	4757369
17385	11447	924	56	261	4757379
17484	11454	927	56	261	4757389
17581	11461	926	55	260	4757399
17682	11470	926	55	260	4757409
17782	11477	926	54	259	4757419
17882	11485	927	54	259	4757429
17985	11493	927	54	259	4757439
18089	11502	924	54	259	4757449
18195	11510	926	54	259	4757459
18301	11518	924	54	259	4757469
18409	11529	926	54	257	4757479
18517	11537	928	54	257	4757489
18623	11547	927	54	256	4757499
18732	11555	926	54	256	4757509
18839	11564	924	54	256	4757519
18946	11575	925	54	256	4757529
19058	11584	924	54	256	4757539
19169	11592	927	54	256	4757549
19279	11601	928	54	256	4757559
19388	11610	926	54	254	4757569
19492	11621	927	54	254	4757579
19596	11632	925	54	253	4757589
19697	11644	928	55	253	4757599
19798	11656	926	55	253	4757609
19895	11667	925	55	253	4757619
19993	11675	926	55	253	4757629
20093	11683	926	55	253	4757639
20193	11690	926	55	253	4757649
20292	11697	927	55	251	4757659
20388	11697	925	55	251	4757669
20484	11705	926	54	250	4757679
20580	11705	926	54	250	4757689
20675	11716	927	54	250	4757699
20767	11723	928	54	250	4757709
20850	11731	928	54	250	4757719
20926	11738	929	54	250	4757729
20999	11738	927	54	248	4757739
21069	11749	928	54	248	4757749
21142	11757	931	54	247	4757759
21217	11764	932	54	247	4757769
21291	11771	933	54	247	4757779
21362	11777	932	54	247	4757789
21427	11777	932	54	247	4757799
21483	11777	934	54	247	4757809
21528	11777	933	54	247	4757819
21560	11784	939	54	247	4757829
21580	11784	945	54	247	4757839
21589	11784	961	54	247	4757869
21589	11790	969	53.125	244.875	4757949
21596	11790	965	53	244	4758009
21585	11790	934	53	246	4758019
21570	11790	888	53	246	4758029
21549	11790	752	53	248	4758039
21520	11801	179	53	248	4758059
208
9645	10724	250	52	297	4759702
9632	10732	280	52	296	4759712
9626	10732	370	52	296	4759722
9614	10746	423	52	295	4759732
9606	10755	521	52	295	4759752
9596	10762	560	52	295	4759772
9585	10748	589	52	295	4759782
9585	10731	612	53	294	4759792
9579	10708	630	53	294	4759802
9579	10685	647	53	292	4759812
9596	10663	660	53	292	4759822
9619	10647	680	53	292	4759832
9649	10638	693	53	292	4759842
9684	10638	700	53	292	4759852
9717	10649	698	53	292	4759862
9742	10667	696	53	292	4759872
9758	10691	693	53	292	4759882
9758	10716	702	53	292	4759892
9758	10737	722	53	292	4759902
9738	10754	725	53	292	4759912
9715	10754	738	53	292	4759922
9687	10754	747	53	292	4759932
9660	10745	753	53	292	4759942
9637	10729	755	53	292	4759952
9618	10708	758	53	292	4759962
9609	10686	766	53	292	4759972
9609	10665	763	53	292	4759982
9609	10647	770	53	292	4759992
9627	10634	780	53	292	4760002
9649	10634	785	53	292	4760012
9679	10634	792	53	292	4760022
9713	10646	784	53	292	4760032
9741	10664	785	53	292	4760042
9764	10689	776	53	292	4760052
9774	10715	776	53	292	4760062
9774	10740	779	53	292	4760072
9756	10763	792	53	292	4760082
9732	10778	795	53	292	4760092
9701	10778	802	53	292	4760102
9671	10778	806	53	292	4760112
9645	10768	807	53	292	4760122
9625	10752	806	53	292	4760132
9616	10728	804	53	292	4760142
9616	10704	801	53	292	4760152
9626	10682	804	53	292	4760162
9645	10664	810	53	292	4760172
9673	10656	816	53	292	4760182
9705	10656	814	53	292	4760192
9736	10663	816	53	292	4760202
9759	10677	816	53	292	4760212
9773	10693	814	53	292	4760222
9773	10711	811	53	292	4760232
9773	10727	814	53	292	4760242
9756	10739	821	53	292	4760252
9736	10739	817	53	292	4760262
9712	10739	818	53	292	4760272
9686	10739	820	53	292	4760282
9663	10724	821	53	292	4760292
9647	10713	813	53	292	4760302
9639	10703	811	53	292	4760312
9639	10692	810	53	292	4760322
9647	10683	810	53	292	4760332
9658	10675	814	53	292	4760342
9671	10675	816	53	292	4760352
9687	10675	817	53	291	4760362
9702	10682	822	53	291	4760372
9714	10692	830	53	290	4760382
9721	10698	850	53	290	4760402
9721	10705	947	52.5	288.071	4760682
9721	10698	996	51.6957	282.652	4761142
9734	10698	949	52	283	4761152
9751	10698	951	52	283	4761162
9780	10698	947	52	283	4761172
9821	10698	943	52	283	4761182
9870	10698	941	52	283	4761192
9924	10706	936	52	283	4761202
9983	10706	932	52	283	4761212
10046	10712	929	52	283	4761222
10113	10712	927	52	283	4761232
10184	10712	921	52	283	4761242
10258	10712	918	53	284	4761252
10339	10719	917	53	284	4761262
10427	10719	917	53	284	4761272
10523	10719	920	53	284	4761282
10623	10719	918	53	284	4761292
10736	10719	920	53	284	4761302
10858	10728	917	53	284	4761312
10986	10736	916	53	282	4761322
11119	10745	915	53	282	4761332
11250	10754	914	53	281	4761342
11376	10765	916	53	281	4761352
11501	10774	917	53	281	4761362
11626	10783	917	54	280	4761372
11750	10791	917	54	280	4761382
11875	10791	919	54	278	4761392
11996	10797	915	54	278	4761402
12116	10797	913	54	278	4761412
12235	10797	917	54	278	4761422
12352	10797	917	54	277	4761432
12468	10797	918	54	277	4761442
12585	10797	918	54	275	4761452
12702	10797	920	54	275	4761462
12816	10797	919	54	275	4761472
12929	10805	918	54	275	4761482
13035	10805	920	54	275	4761492
13134	10798	918	54	275	4761502
13234	10798	916	54	274	4761512
13335	10792	919	54	274	4761522
13435	10792	920	54	273	4761532
13536	10792	922	54	273	4761542
13638	10792	921	54	273	4761552
13742	10792	922	54	273	4761562
13847	10792	925	55	273	4761572
13954	10792	921	55	273	4761582
14063	10799	920	55	273	4761592
14175	10799	919	55	271	4761602
14288	10809	921	55	271	4761612
14402	10816	922	55	270	4761622
14518	10823	923	55	270	4761632
14631	10823	925	55	270	4761642
14741	10832	922	55	270	4761652
14850	10832	921	55	270	4761662
14959	10840	922	55	270	4761672
15063	10840	921	55	270	4761682
15169	10848	921	55	270	4761692
15272	10848	921	55	270	4761702
15375	10858	924	55	270	4761712
15480	10858	925	55	270	4761722
15586	10871	926	55	270	4761732
15695	10877	928	55	270	4761742
15801	10877	928	55	270	4761752
15904	10888	927	55	270	4761762
16003	10888	929	55	270	4761772
16097	10897	927	55	270	4761782
16195	10897	927	55	269	4761792
16292	10907	930	55	269	4761802
16393	10914	932	55	267	4761812
16497	10922	932	55	267	4761822
16608	10931	931	55	267	4761832
16726	10940	932	55	267	4761842
16847	10948	928	55	267	4761852
16968	10956	928	55	267	4761862
17089	10962	928	55	267	4761872
17206	10962	932	55	267	4761882
17325	10975	931	55	267	4761892
17445	10975	929	55	266	4761902
17568	10988	931	55	266	4761912
17693	10996	929	55	264	4761922
17817	11003	929	55	264	4761932
17938	11011	928	55	264	4761942
18055	11021	928	55	264	4761952
18167	11028	928	55	264	4761962
18274	11035	928	55	264	4761972
18377	11035	932	55	263	4761982
18475	11046	932	55	263	4761992
18570	11046	931	55	261	4762002
18666	11057	932	55	261	4762012
18762	11065	930	55	261	4762021
18855	11073	931	55	260	4762031
18946	11083	929	55	260	4762041
19035	11093	929	54	259	4762051
19124	11103	926	54	259	4762061
19209	11114	932	54	259	4762071
19292	11125	932	54	259	4762081
19375	11137	935	54	259	4762091
19453	11148	936	54	259	4762101
19534	11160	934	55	257	4762111
19617	11172	934	55	257	4762121
19702	11184	934	55	255	4762131
19787	11196	934	55	255	4762141
19870	11206	933	55	255	4762151
19948	11217	931	55	255	4762161
20018	11227	932	55	255	4762171
20087	11236	930	55	255	4762181
20155	11246	932	55	255	4762191
20224	11255	931	55	255	4762201
20296	11263	931	55	255	4762211
20371	11273	932	55	255	4762221
20451	11282	933	55	255	4762231
20536	11291	931	55	254	4762241
20629	11298	933	55	254	4762251
20727	11307	934	55	253	4762261
20825	11315	931	55	253	4762271
20923	11323	934	55	253	4762281
21019	11331	932	55	253	4762291
21114	11331	935	55	253	4762301
21207	11340	936	55	253	4762311
21294	11340	937	55	253	4762321
21373	11349	936	55	253	4762331
21442	11349	939	55	253	4762341
21500	11357	940	55	253	4762351
21543	11357	941	55	253	4762361
21570	11357	944	55	253	4762371
21584	11357	948	55	253	4762411
21575	11357	947	55	251	4762421
21566	11357	948	55	251	4762431
21555	11357	947	54	250	4762441
21544	11364	947	54	250	4762451
21535	11364	947	54	250	4762461
21525	11364	948	54	250	4762471
21518	11364	944	55	251	4762481
21510	11364	940	55	251	4762491
21500	11364	939	55	253	4762501
21491	11364	935	55	253	4762511
21481	11356	934	55	253	4762521
21475	11356	930	54.5	253	4762541
21467	11356	852	54	253	4762571
21449	11356	234	54	253.5	4762591
22
21343	11787	34	51	270	4763018
21306	11787	186	51	269	4763028
21289	11787	287	51	269	4763038
21275	11787	393	51	268	4763048
21266	11787	572	51.25	267.75	4763088
21283	11781	740	52	267	4763098
21305	11781	779	52	267	4763108
21345	11781	818	52	266	4763118
21405	11781	846	52	266	4763128
21492	11781	878	52	265	4763138
21606	11793	893	52	265	4763148
21739	11802	904	52	265	4763158
21882	11802	911	52	265	4763168
22021	11810	923	52	264	4763178
22145	11810	933	52	264	4763188
22250	11810	939	52	262	4763198
22337	11810	946	52	262	4763208
22405	11810	949	52	262	4763218
22454	11810	954	52	261	4763228
22485	11810	958	52	261	4763238
22500	11810	852	52	260	4763278
22486	11810	34	52	260	4763298
17
21794	12210	141	49	268	4763642
21785	12222	303	49.5	268	4763662
21779	12231	575	50.5	268	4763702
21788	12222	776	52	267	4763712
21808	12212	845	52	267	4763722
21847	12205	882	52	267	4763732
21906	12198	920	52	266	4763742
21988	12198	938	52	266	4763752
22083	12198	948	52	265	4763762
22188	12191	954	52	265	4763772
22294	12191	956	52	264	4763782
22391	12191	957	52	264	4763792
22473	12191	958	52	262	4763802
22527	12191	958	52	262	4763812
22558	12191	950	52	261	4763822
22570	12191	835	52	260.333	4763852
22570	12183	200	51	259	4763872
19
21379	11398	143	53	270	4764238
21362	11390	300	53	270	4764258
21355	11390	607	52.8	270	4764308
21366	11390	776	52	270	4764318
21380	11400	808	52	270	4764328
21407	11400	832	52	270	4764338
21450	11413	875	52	270	4764348
21516	11424	892	52	270	4764358
21601	11433	920	52	269	4764368
21705	11444	930	52	269	4764378
21826	11457	950	52	267	4764388
21963	11470	955	52	267	4764398
22103	11486	971	52	267	4764408
22234	11486	980	52	267	4764418
22349	11502	984	52	267	4764428
22433	11512	993	52	266	4764438
22489	11512	1001	52	266	4764448
22521	11530	1003	52	265	4764458
22534	11530	782	52	263.429	4764528
24
22354	12303	135	54	273	4765666
22348	12303	282	54	273	4765676
22337	12312	480	54	273	4765696
22328	12318	732	54	270.833	4765756
22340	12318	806	54	270	4765766
22358	12310	817	54	270	4765776
22390	12297	828	54	270	4765786
22434	12276	833	54	270	4765796
22486	12242	840	54	269	4765806
22545	12194	846	54	269	4765816
22595	12134	847	54	267	4765826
22635	12062	855	55	267	4765836
22656	11974	862	55	267	4765846
22656	11872	876	55	267	4765856
22628	11764	889	55	267	4765866
22585	11656	910	55	267	4765876
22535	11556	934	55	267	4765886
22485	11472	959	55	267	4765896
22441	11398	988	56	267	4765906
22410	11339	998	56	267	4765916
22389	11300	1002	56	267	4765926
22377	11277	1011	57	267	4765936
22377	11267	957	57.5	267	4765996
22377	11279	108	58	267	4766016
25
22469	12284	210	51	270	4766390
22424	12292	333	52	269	4766400
22409	12300	465	52	269	4766410
22399	12312	588	52	267	4766420
22399	12327	661	52	267	4766430
22408	12342	725	52	267	4766440
22430	12359	755	53	267	4766450
22470	12378	785	53	267	4766460
22530	12396	823	53	267	4766470
22619	12410	841	53	267	4766480
22730	12418	858	53	267	4766490
22862	12418	880	53	267	4766500
23007	12407	896	53	266	4766510
23151	12387	910	53	266	4766520
23290	12356	918	53	265	4766530
23422	12318	923	53	263	4766540
23543	12276	936	53	263	4766550
23647	12232	943	53	262	4766560
23733	12187	950	53	262	4766570
23794	12147	954	54	260	4766580
23834	12114	953	54	260	4766590
23859	12090	961	53	259	4766600
23874	12073	966	53	258	4766610
23880	12063	969	53	258	4766620
23880	12057	645	54	254.6	4766670
40
22331	11361	73	61	274	4767042
22297	11353	285	61	274	4767052
22290	11353	420	61	274	4767062
22290	11343	508	61	274	4767072
22297	11336	602	61	274	4767082
22309	11325	674	61	275	4767092
22330	11313	756	61	275	4767102
22362	11302	815	61	277	4767112
22410	11295	854	61	277	4767122
22480	11295	889	61	277	4767132
22573	11305	913	61	277	4767142
22680	11322	941	61	275	4767152
22798	11347	949	61	275	4767162
22920	11376	962	61	274	4767172
23039	11408	978	60	273	4767182
23153	11442	985	60	273	4767192
23264	11482	992	60	272	4767202
23369	11528	991	60	272	4767212
23473	11577	990	60	270	4767222
23576	11652	983	60	270	4767232
23673	11741	976	60	268	4767242
23758	11832	980	59	268	4767252
23820	11929	980	59	267	4767262
23859	11997	1004	59	265	4767272
23880	12042	1008	59	265	4767282
23889	12072	1023	58	264	4767292
23889	12087	1023	58	262	4767302
23889	12096	1023	56.9512	259.61	4767712
23903	12096	1023	57	264	4767722
23937	12096	1023	57	264	4767732
24000	12105	1023	57	264	4767742
24093	12105	1023	57	264	4767752
24206	12116	1023	57	264	4767762
24317	12116	1023	57	262	4767772
24413	12116	1023	57	262	4767782
24488	12116	1023	57	261	4767792
24537	12107	1023	57	261	4767802
24563	12107	1023	57	261	4767812
24573	12107	1023	57	261	4767822
24573	12101	798	56.25	258.25	4767902
12
24870	12440	501	47	269	4768622
24827	12461	606	48	268	4768632
24816	12476	751	49	266.333	4768662
24842	12459	845	50	265	4768672
24877	12417	887	51	264	4768682
24925	12362	918	51	264	4768692
24981	12300	936	52	262	4768702
25038	12240	943	53	261	4768712
25088	12191	943	54	260	4768722
25125	12154	936	54	259	4768732
25150	12132	902	54	259	4768742
25163	12119	398	54	258	4768782
25
25399	12400	449	52	257	4768890
25445	12393	521	52	257	4768900
25463	12393	612	52	257	4768910
25473	12393	665	52	256.5	4768930
25462	12379	703	52	256	4768940
25435	12354	739	52	254	4768950
25388	12316	786	53	254	4768960
25329	12270	817	53	254	4768970
25264	12223	847	54	253	4768980
25200	12179	869	54	252	4768990
25156	12148	876	54	252	4769000
25127	12127	881	54	250	4769010
25112	12115	937	55.1111	250.556	4769190
25112	12094	947	55	250	4769200
25120	12061	971	55	250	4769210
25120	12003	1007	56	248	4769220
25132	11922	1023	56	248	4769230
25140	11832	1023	56	248	4769240
25149	11743	1023	56	248	4769250
25157	11668	1023	56	248	4769260
25164	11614	1023	56	248	4769270
25164	11581	1023	56	248	4769280
25164	11566	1023	56.2	249.4	4769330
25164	11577	848	57	251	4769340
25164	11589	83	57	251	4769360
