59
28
5236	18496	202	59	312	4889486
5213	18440	344	59	312	4889496
5200	18410	513	59	312	4889506
5200	18387	633	59	312	4889516
5192	18373	708	59	312	4889526
5192	18364	771	59	312	4889536
5201	18364	828	59	312	4889546
5207	18364	859	59	312	4889556
5216	18380	873	59	312	4889566
5228	18409	876	59	312	4889576
5240	18453	870	59	312	4889586
5252	18511	866	59	312	4889596
5264	18580	854	59	312	4889606
5273	18647	851	59	312	4889616
5281	18706	851	59	312	4889626
5289	18749	852	59	312	4889636
5289	18774	855	59	312	4889646
5296	18781	858	59	312	4889666
5308	18766	875	59	312	4889676
5323	18739	896	59	312	4889686
5341	18695	912	59	312	4889696
5365	18637	926	59	312	4889706
5387	18579	927	59	312	4889716
5408	18523	927	58	311	4889726
5428	18480	925	59	312	4889736
5444	18449	918	59	312	4889746
5456	18429	892	59	312	4889756
5456	18417	443	59	312	4889796
8
5222	18525	530	60	314	4889874
5164	18499	632	60	314	4889884
5145	18499	774	60	314	4889904
5152	18499	827	60	314	4889914
5183	18499	838	60	314	4889924
5229	18512	834	60	314	4889934
5287	18521	751	59	312	4889944
5353	18533	293	59	312	4889964
87
5308	18116	278	60	314	4890458
5308	18142	379	60	314	4890468
5308	18151	510	60	314	4890478
5301	18158	633	60	314	4890518
5295	18146	670	60	314	4890528
5295	18124	682	60	314	4890538
5295	18088	700	60	315	4890548
5301	18043	730	60	315	4890558
5301	17989	740	60	315	4890568
5310	17923	763	61	316	4890578
5318	17849	776	61	316	4890588
5325	17755	786	61	316	4890598
5335	17649	795	61	318	4890608
5343	17536	809	61	318	4890618
5350	17416	821	61	318	4890628
5350	17295	832	62	320	4890638
5357	17171	845	62	320	4890648
5357	17040	860	63	321	4890658
5357	16899	865	63	321	4890668
5341	16751	873	63	323	4890678
5329	16594	879	63	323	4890688
5311	16425	889	64	325	4890698
5294	16253	896	64	325	4890708
5276	16077	903	64	326	4890718
5256	15894	912	64	326	4890728
5241	15707	915	65	328	4890738
5226	15509	917	66	329	4890748
5212	15305	918	66	329	4890758
5203	15099	932	67	330	4890768
5195	14891	935	68	332	4890778
5195	14682	941	68	332	4890788
5195	14470	942	68	334	4890798
5195	14256	947	68	334	4890808
5195	14038	951	68	336	4890818
5195	13819	955	69	339	4890828
5195	13597	957	69	339	4890838
5206	13371	959	69	341	4890848
5206	13151	964	69	341	4890858
5206	12931	970	69	344	4890868
5206	12720	973	70	346	4890878
5206	12518	984	70	346	4890888
5206	12316	994	72	348	4890898
5206	12126	1007	72	348	4890908
5206	11937	1010	72	351	4890918
5206	11752	1012	72	351	4890928
5194	11569	1015	72	354	4890938
5183	11385	1023	72	354	4890948
5173	11212	1023	72	357	4890958
5160	11044	1023	72	357	4890968
5152	10881	1023	72	0	4890978
5145	10722	1023	72	0	4890988
5145	10558	1023	72	0	4890998
5136	10396	1023	72	0	4891008
5136	10241	1023	72	0	4891018
5125	10092	1023	73	0	4891028
5125	9955	1023	73	3	4891038
5115	9832	1023	74	3	4891048
5115	9720	1023	74	3	4891058
5115	9615	1023	74	7	4891068
5103	9515	1023	74	7	4891078
5103	9412	1023	74	7	4891088
5091	9311	1023	74	10	4891098
5078	9215	1023	74	10	4891108
5063	9128	1023	74	14	4891118
5045	9048	1023	74	14	4891128
5025	8968	1023	73	17	4891138
5009	8878	1023	73	17	4891148
4991	8774	1023	73	20	4891158
4974	8658	1023	73	20	4891168
4958	8530	1023	73	20	4891178
4938	8391	1023	73	23	4891188
4920	8247	1023	73	23	4891198
4900	8095	1023	72	26	4891208
4879	7944	1023	72	26	4891218
4857	7794	1023	72	26	4891228
4836	7643	1023	72	29	4891238
4819	7492	1023	72	29	4891248
4803	7342	1023	72	29	4891258
4795	7198	1023	72	29	4891268
4795	7059	1023	71	32	4891278
4795	6930	1023	71	32	4891288
4795	6812	1023	71	32	4891298
4795	6706	1017	71	32	4891308
4788	6625	950	71	32	4891318
4788	6569	657	71	32	4891328
4777	6551	236	71	34	4891338
4761	6575	0	71	34	4891358
37
5377	17911	55	59	312	4892086
5367	17911	186	59	312	4892096
5357	17911	309	59	312	4892106
5351	17911	508	59	312	4892136
5344	17911	670	59	312	4892166
5351	17911	728	59	312	4892176
5368	17911	766	59	312	4892186
5401	17911	800	59	312	4892196
5454	17911	815	59	312	4892206
5523	17911	823	59	312	4892216
5604	17911	830	59	312	4892226
5691	17918	836	59	312	4892236
5780	17918	844	59	312	4892246
5870	17924	843	60	311	4892256
5959	17924	843	60	311	4892266
6038	17924	845	61	311	4892276
6109	17924	845	61	311	4892286
6167	17924	844	61	311	4892296
6210	17924	846	61	311	4892306
6241	17924	845	61	311	4892316
6261	17924	847	61	311	4892326
6271	17924	856	61	311.5	4892346
6278	17924	869	61.6667	310.933	4892496
6278	17908	869	63	309	4892506
6278	17883	874	63	310	4892516
6278	17839	886	63	310	4892526
6278	17769	903	63	310	4892536
6278	17678	925	63	310	4892546
6265	17576	943	63	310	4892556
6265	17471	950	63	310	4892566
6256	17387	953	64	312	4892576
6256	17321	957	64	312	4892586
6256	17282	954	64	312	4892596
6256	17265	933	63	313	4892606
6256	17258	882	64	315	4892616
6256	17271	696	63	317	4892626
6256	17291	187	63	317	4892646
38
6101	17238	517	65	315	4892802
6049	17186	564	65	315	4892812
6038	17173	681	65	315	4892822
6030	17173	750	65	315	4892832
6047	17173	800	65	315	4892842
6084	17180	823	65	315	4892852
6135	17188	829	65	315	4892862
6201	17201	832	65	315	4892872
6273	17213	829	65	313	4892882
6347	17227	821	65	313	4892892
6416	17237	807	65	313	4892902
6467	17237	802	65	313	4892912
6502	17246	796	65	313	4892922
6517	17246	810	65	313	4892942
6510	17246	816	65	312	4892952
6495	17232	819	65	312	4892962
6472	17216	824	66	310	4892972
6443	17188	832	66	310	4892982
6411	17150	837	66	310	4892992
6374	17099	849	66	310	4893002
6333	17043	867	67	311	4893012
6295	16979	887	67	311	4893022
6259	16916	901	67	311	4893032
6231	16862	906	67	311	4893042
6213	16822	907	67	315	4893052
6203	16796	911	67	315	4893062
6203	16785	916	66	317	4893082
6195	16785	925	66	317	4893092
6189	16793	921	67	319	4893102
6173	16820	914	67	319	4893112
6152	16864	914	67	319	4893122
6124	16925	914	67	319	4893132
6098	16991	921	67	319	4893142
6075	17054	924	67	319	4893152
6056	17111	927	67	319	4893162
6045	17149	925	67	319	4893172
6038	17174	896	67	319	4893182
6038	17187	395	66.6667	318.333	4893212
20
6139	16744	273	64	318	4893486
6139	16757	316	64	318	4893496
6131	16757	435	64	318	4893506
6112	16757	525	64	318	4893516
6096	16757	567	63	317	4893526
6077	16740	616	63	317	4893536
6057	16710	658	63	317	4893546
6040	16666	702	63	317	4893556
6029	16616	727	63	317	4893566
6029	16568	755	63	317	4893576
6048	16529	776	63	317	4893586
6082	16510	805	64	318	4893596
6128	16510	828	64	318	4893606
6181	16523	837	64	318	4893616
6227	16557	844	64	318	4893626
6261	16605	846	64	318	4893636
6276	16657	845	64	318	4893646
6276	16706	823	64	318	4893656
6254	16746	762	64	318	4893666
6226	16770	301	64	318	4893686
79
6162	16461	243	64	318	4893962
6155	16484	352	64	318	4893972
6146	16484	526	64	318	4894002
6146	16467	606	64	318	4894012
6146	16444	640	64	318	4894022
6155	16407	668	64	318	4894032
6164	16356	691	64	318	4894042
6172	16292	716	64	318	4894052
6181	16215	740	64	318	4894062
6190	16133	758	64	318	4894072
6201	16047	772	64	318	4894082
6212	15956	780	64	318	4894092
6223	15861	800	65	320	4894102
6234	15762	809	65	320	4894112
6243	15659	813	65	320	4894122
6251	15555	823	66	320	4894132
6257	15448	824	66	320	4894142
6257	15339	828	67	320	4894152
6257	15224	831	67	320	4894162
6257	15106	836	67	320	4894172
6257	14982	839	68	322	4894182
6257	14855	838	68	322	4894192
6257	14724	839	68	325	4894202
6257	14587	838	68	325	4894212
6257	14445	837	68	325	4894222
6257	14302	831	69	327	4894232
6251	14161	835	69	327	4894242
6243	14023	835	69	327	4894252
6233	13887	835	69	329	4894262
6220	13752	834	69	329	4894272
6207	13617	833	69	329	4894282
6193	13476	839	69	329	4894292
6180	13332	837	70	332	4894302
6169	13191	840	70	332	4894312
6159	13050	843	70	332	4894322
6148	12911	847	70	334	4894332
6137	12771	852	70	334	4894342
6128	12628	852	70	334	4894352
6117	12480	852	70	334	4894362
6107	12336	859	70	334	4894372
6100	12190	870	71	337	4894382
6100	12048	881	71	337	4894392
6100	11910	882	71	337	4894402
6100	11770	886	71	337	4894412
6091	11630	888	71	337	4894422
6091	11483	889	71	339	4894432
6083	11336	893	71	339	4894442
6083	11186	893	71	339	4894452
6074	11033	897	71	339	4894462
6074	10885	899	71	339	4894472
6062	10735	903	71	339	4894482
6055	10584	905	71	339	4894492
6046	10433	907	71	342	4894502
6036	10279	906	71	342	4894512
6024	10123	908	71	342	4894522
6010	9965	906	71	345	4894532
5996	9806	910	71	345	4894542
5983	9640	908	72	344	4894552
5967	9473	910	72	344	4894562
5952	9304	910	74	346	4894572
5934	9138	915	74	346	4894582
5914	8970	918	74	346	4894592
5895	8804	917	74	350	4894602
5876	8634	913	73	350	4894612
5857	8458	920	73	353	4894622
5839	8281	921	72	354	4894632
5821	8107	932	72	354	4894642
5805	7935	938	72	357	4894652
5792	7768	949	72	357	4894662
5779	7601	958	72	357	4894672
5773	7437	970	72	0	4894682
5773	7280	980	72	0	4894692
5773	7137	987	72	0	4894702
5773	7015	987	72	0	4894712
5773	6916	983	72	0	4894722
5773	6845	960	72	0	4894732
5773	6795	868	72	0	4894742
5773	6765	513	72	0	4894752
5773	6758	62	72	3	4894772
15
7544	18786	163	57	311	4895538
7533	18797	298	57	311	4895548
7533	18806	437	58	310	4895558
7523	18806	530	58	310	4895568
7523	18821	595	58	310	4895578
7515	18811	663	58	310	4895588
7515	18791	724	58	310	4895598
7515	18753	785	58	310	4895608
7515	18700	809	58	310	4895618
7515	18638	825	58	311	4895628
7527	18577	825	58	311	4895638
7533	18526	805	58	311	4895648
7541	18491	727	58	311	4895658
7548	18473	586	58	311	4895668
7555	18473	172	58	311	4895688
33
7501	18723	420	59	312	4895754
7501	18770	453	59	312	4895764
7501	18789	556	59	312	4895774
7501	18808	606	59	312	4895784
7516	18827	616	59	312	4895794
7538	18846	624	58	311	4895804
7570	18863	632	58	311	4895814
7608	18873	629	58	311	4895824
7647	18873	631	58	311	4895834
7680	18866	626	58	311	4895844
7702	18847	627	58	311	4895854
7712	18821	625	58	310	4895864
7712	18790	624	58	308	4895874
7695	18757	628	58	308	4895884
7668	18725	629	59	307	4895894
7634	18700	636	59	307	4895904
7598	18681	641	59	307	4895914
7567	18671	647	59	308	4895924
7548	18671	634	59	308	4895944
7555	18687	633	59	308	4895954
7579	18699	630	59	308	4895964
7615	18706	627	59	308	4895974
7654	18706	633	59	308	4895984
7692	18693	645	59	308	4895994
7721	18667	667	59	308	4896004
7738	18633	695	59	308	4896014
7738	18591	717	59	308	4896024
7728	18548	727	60	309	4896034
7698	18506	731	60	309	4896044
7654	18472	724	60	309	4896054
7602	18449	696	60	309	4896064
7553	18442	629	60	309	4896074
7516	18442	228	60	309	4896094
81
7544	17847	320	61	324	4896378
7544	17883	405	61.5	323.5	4896398
7536	17883	509	62	323	4896408
7536	17863	541	63	321	4896418
7536	17838	575	63	321	4896428
7543	17800	606	62	320	4896438
7543	17747	633	62	320	4896448
7552	17681	663	63	318	4896458
7552	17601	681	63	318	4896468
7562	17510	696	64	318	4896478
7562	17409	707	64	318	4896488
7569	17295	715	64	318	4896498
7569	17181	724	65	320	4896508
7575	17065	729	65	320	4896518
7575	16949	732	65	320	4896528
7575	16838	735	65	322	4896538
7575	16721	740	65	322	4896548
7575	16599	742	66	324	4896558
7568	16469	746	66	324	4896568
7560	16332	749	66	326	4896578
7560	16192	754	66	326	4896588
7547	16053	755	67	328	4896598
7541	15918	756	67	328	4896608
7541	15789	758	67	330	4896618
7526	15662	759	67	330	4896628
7515	15537	756	68	332	4896638
7503	15409	757	68	332	4896648
7487	15276	753	68	334	4896658
7469	15144	756	68	334	4896668
7450	15003	759	69	333	4896678
7428	14863	757	69	335	4896688
7407	14721	763	70	334	4896698
7386	14573	769	70	334	4896708
7364	14420	768	70	334	4896718
7343	14265	772	70	334	4896728
7320	14109	765	71	337	4896738
7294	13950	775	71	337	4896748
7269	13796	778	71	337	4896758
7245	13639	776	71	337	4896768
7226	13477	779	71	337	4896778
7210	13315	780	71	337	4896788
7194	13151	783	71	337	4896798
7180	12985	784	71	337	4896808
7165	12822	788	71	339	4896818
7151	12657	788	71	339	4896828
7139	12487	790	71	339	4896838
7126	12317	791	71	339	4896848
7115	12149	793	71	339	4896858
7107	11981	795	70	340	4896868
7097	11816	792	70	340	4896878
7091	11650	788	69	341	4896888
7091	11480	792	69	344	4896898
7077	11310	796	69	344	4896908
7069	11137	809	69	344	4896918
7062	10959	809	69	344	4896928
7053	10782	823	69	344	4896938
7053	10598	818	70	343	4896948
7040	10416	820	70	346	4896958
7040	10234	828	71	345	4896968
7040	10050	831	71	345	4896978
7040	9869	838	71	345	4896988
7040	9688	835	71	345	4896998
7040	9505	840	72	348	4897008
7040	9324	847	72	348	4897018
7040	9141	853	72	348	4897028
7040	8958	853	72	351	4897038
7040	8775	854	72	351	4897048
7040	8587	855	72	351	4897058
7040	8398	870	72	354	4897068
7040	8208	883	72	354	4897078
7040	8018	893	72	354	4897088
7049	7832	914	72	354	4897098
7055	7650	924	72	354	4897108
7064	7477	936	72	357	4897118
7072	7320	947	72	357	4897128
7083	7179	952	72	357	4897138
7095	7054	955	72	357	4897148
7105	6953	952	72	357	4897158
7116	6863	913	72	357	4897168
7123	6789	785	72	357	4897178
7123	6738	174	72	357	4897198
37
7582	17675	11	58	308	4898026
7582	17685	94	58.5	307.5	4898046
7582	17695	235	59	307	4898066
7575	17704	381	59	307	4898086
7575	17713	564	59	307	4898116
7575	17720	698	59	307	4898156
7591	17720	747	58	306	4898166
7617	17720	762	58	304	4898176
7658	17720	787	58	304	4898186
7715	17720	805	59	303	4898196
7788	17729	814	59	303	4898206
7873	17739	818	59	303	4898216
7966	17750	821	59	303	4898226
8061	17762	817	59	303	4898236
8152	17771	818	59	303	4898246
8235	17771	813	59	303	4898256
8309	17771	811	59	303	4898266
8370	17771	807	59	303	4898276
8418	17771	806	59	303	4898286
8454	17764	807	59	301	4898296
8475	17764	800	59	301	4898306
8488	17764	794	60	300	4898326
8494	17764	790	60	300	4898346
8494	17756	788	60	300	4898366
8494	17737	790	60	300	4898376
8488	17711	792	60	300	4898386
8488	17670	797	61	302	4898396
8475	17611	806	61	302	4898406
8461	17538	822	61	302	4898416
8445	17457	851	61	302	4898426
8427	17372	866	61	302	4898436
8407	17296	889	61	302	4898446
8392	17230	892	62	303	4898456
8383	17183	892	62	303	4898466
8383	17155	888	62	303	4898476
8376	17140	804	63	304	4898496
8376	17150	229	63.5	304.5	4898516
35
8243	17162	442	64	307	4898651
8210	17134	474	64	307	4898661
8204	17126	607	64	307	4898681
8216	17114	677	64	307	4898691
8241	17114	710	64	307	4898701
8278	17114	728	64	307	4898711
8327	17114	735	64	307	4898721
8385	17127	733	64	307	4898731
8443	17141	733	64	307	4898741
8495	17154	725	64	307	4898751
8535	17160	722	64	305	4898761
8559	17160	717	64	305	4898771
8570	17160	718	65	305	4898781
8570	17141	727	65	305	4898791
8564	17121	746	65	303	4898801
8548	17092	759	65	303	4898811
8526	17052	771	65	303	4898821
8499	17006	797	65	303	4898831
8466	16952	808	65	303	4898841
8430	16894	823	65	303	4898851
8395	16834	838	65	303	4898861
8363	16780	852	65	303	4898871
8342	16738	857	66	304	4898881
8330	16712	867	66	304	4898891
8330	16700	896	66	304	4898921
8324	16715	903	66	304	4898931
8314	16743	896	66	304	4898941
8300	16788	885	66	304	4898951
8279	16848	892	66	304	4898961
8252	16913	896	66	308	4898971
8224	16973	904	66	308	4898981
8198	17020	913	66	310	4898991
8175	17053	914	66	310	4899001
8160	17073	896	66	310	4899011
8152	17084	478	66	310	4899040
24
8323	16606	73	62	317	4899254
8332	16635	253	63	318	4899264
8332	16658	327	63	317	4899274
8340	16672	405	64	315	4899284
8340	16686	488	64	315	4899294
8340	16697	558	65	313	4899304
8333	16707	621	65	312	4899314
8323	16707	649	65	312	4899324
8308	16707	670	66	310	4899334
8285	16694	695	66	310	4899344
8261	16664	724	66	310	4899354
8236	16623	758	66	310	4899364
8218	16576	778	66	310	4899374
8218	16527	793	66	310	4899384
8218	16488	796	66	310	4899394
8250	16459	808	66	310	4899404
8290	16447	826	66	310	4899414
8338	16454	833	66	310	4899424
8383	16480	833	66	310	4899434
8415	16520	834	66	310	4899444
8428	16569	808	66	310	4899454
8419	16619	765	66	310	4899464
8393	16662	633	66	310	4899474
8357	16691	202	66	310	4899494
91
8295	16347	42	65	325	4899722
8310	16394	166	65	325	4899732
8317	16415	321	66	324	4899742
8317	16436	437	66	320	4899752
8317	16446	514	66	320	4899762
8310	16446	595	67	317	4899782
8310	16438	643	67	315	4899792
8310	16422	688	67	313	4899802
8310	16397	724	67	313	4899812
8310	16364	761	67	311	4899822
8310	16321	778	67	311	4899832
8310	16269	806	67	311	4899842
8310	16207	825	67	311	4899852
8310	16137	843	67	311	4899862
8310	16061	856	67	311	4899872
8310	15981	865	67	311	4899882
8310	15898	870	67	313	4899892
8310	15816	877	67	313	4899902
8303	15732	888	67	313	4899912
8303	15647	889	68	315	4899922
8295	15566	895	68	315	4899932
8295	15485	894	69	317	4899942
8286	15408	899	69	317	4899952
8286	15328	899	69	317	4899962
8273	15243	898	69	319	4899972
8265	15152	900	69	319	4899982
8256	15054	901	69	319	4899992
8245	14952	902	70	321	4900002
8232	14849	905	70	321	4900012
8218	14748	903	70	321	4900022
8203	14649	904	70	323	4900032
8189	14550	906	70	323	4900042
8177	14451	905	70	323	4900052
8167	14347	906	70	323	4900062
8159	14235	906	71	326	4900072
8152	14124	907	71	326	4900082
8144	14008	905	71	326	4900092
8137	13893	908	71	326	4900102
8129	13778	907	71	326	4900112
8120	13662	911	71	326	4900122
8110	13546	907	71	328	4900132
8100	13430	908	71	328	4900142
8089	13313	906	71	328	4900152
8077	13196	911	71	328	4900162
8067	13077	913	71	328	4900172
8055	12959	916	72	331	4900182
8044	12843	918	72	331	4900192
8033	12725	919	72	331	4900202
8026	12601	920	72	331	4900212
8013	12480	921	72	331	4900222
7999	12354	922	72	331	4900232
7984	12227	927	72	331	4900242
7966	12101	934	71	335	4900252
7953	11968	940	71	335	4900262
7940	11838	942	71	337	4900272
7929	11701	948	71	337	4900282
7914	11562	948	71	337	4900292
7904	11422	944	71	337	4900302
7894	11277	949	71	339	4900312
7881	11133	948	71	339	4900322
7871	10985	948	71	339	4900332
7859	10837	948	71	339	4900342
7849	10689	954	71	342	4900352
7842	10540	952	71	342	4900362
7834	10391	949	71	342	4900372
7834	10244	952	71	342	4900382
7828	10103	950	71	345	4900392
7828	9963	945	71	345	4900402
7828	9825	944	71	345	4900412
7828	9687	945	71	345	4900422
7828	9541	944	72	348	4900432
7828	9397	949	72	348	4900442
7817	9250	948	72	348	4900452
7808	9102	952	72	351	4900462
7795	8958	949	72	351	4900472
7781	8808	949	72	351	4900482
7770	8658	951	72	354	4900492
7756	8503	951	72	354	4900502
7745	8344	955	72	357	4900512
7733	8192	960	72	357	4900522
7726	8040	964	72	357	4900532
7726	7891	973	73	0	4900542
7726	7746	978	73	0	4900552
7726	7603	982	74	0	4900562
7726	7469	983	74	0	4900572
7726	7350	991	74	0	4900582
7726	7250	997	74	3	4900592
7734	7167	995	74	3	4900602
7740	7103	981	74	3	4900612
7740	7061	921	74	7	4900622
7751	7036	368	74	7	4900642
27
10057	18639	298	53	303	4902195
10099	18630	335	53	303	4902205
10112	18648	449	53	303	4902215
10126	18656	549	53	303	4902225
10140	18668	580	53	303	4902235
10152	18685	630	53	303	4902245
10159	18704	656	53	303	4902255
10159	18727	675	53	303	4902265
10159	18750	690	53	303	4902275
10152	18771	699	53	303	4902285
10132	18788	702	53	303	4902295
10105	18796	710	53	303	4902305
10068	18796	715	53	303	4902315
10027	18776	714	53	303	4902325
9987	18744	725	53	303	4902335
9949	18697	743	53	303	4902345
9927	18644	762	53	303	4902355
9927	18594	779	53	303	4902365
9936	18550	802	53	303	4902375
9966	18517	808	53	303	4902385
10005	18495	814	53	303	4902395
10048	18488	814	53	303	4902405
10090	18495	801	53	303	4902415
10127	18514	764	53	303	4902425
10159	18541	686	53	303	4902435
10182	18568	552	53	303	4902445
10195	18587	58	53.5	303.5	4902465
93
9901	18095	223	56	306	4903071
9885	18121	304	56	306	4903081
9873	18131	395	56	307	4903091
9866	18131	472	56	307	4903101
9857	18131	504	56	307	4903111
9851	18131	547	56	307	4903121
9851	18109	565	56	307	4903131
9840	18081	604	56	307	4903141
9840	18040	643	57	308	4903151
9840	17985	672	57	308	4903161
9834	17915	702	57	308	4903171
9834	17830	732	57	307	4903181
9841	17732	750	58	308	4903191
9850	17627	772	59	307	4903201
9863	17521	802	59	307	4903211
9875	17415	823	59	307	4903221
9886	17307	839	59	308	4903231
9896	17199	854	59	308	4903241
9902	17086	862	59	308	4903251
9902	16971	869	60	309	4903261
9910	16855	877	60	309	4903271
9910	16736	882	61	311	4903281
9910	16620	895	61	311	4903291
9898	16505	902	61	312	4903301
9889	16390	902	61	312	4903311
9878	16273	904	61	312	4903321
9866	16154	907	62	313	4903331
9852	16033	913	62	313	4903341
9837	15911	913	63	315	4903351
9823	15789	912	63	315	4903361
9806	15666	914	63	317	4903371
9789	15545	917	63	317	4903381
9772	15424	915	64	318	4903391
9758	15299	918	64	318	4903401
9743	15173	919	65	320	4903411
9727	15043	920	65	320	4903421
9709	14909	920	65	318	4903431
9687	14769	920	65	318	4903441
9665	14623	920	66	317	4903451
9643	14469	919	67	319	4903461
9619	14313	919	67	319	4903471
9597	14160	923	67	319	4903481
9574	14007	923	67	319	4903491
9554	13858	924	67	319	4903501
9535	13711	926	67	319	4903511
9518	13561	926	67	319	4903521
9500	13407	922	67	320	4903531
9480	13255	924	67	320	4903541
9462	13099	921	67	320	4903551
9441	12944	923	67	320	4903561
9419	12795	926	67	320	4903571
9397	12642	927	67	320	4903581
9375	12486	925	68	322	4903591
9350	12333	926	68	322	4903601
9329	12180	929	68	322	4903610
9307	12031	930	68	325	4903620
9285	11887	929	68	325	4903630
9264	11742	932	67	326	4903640
9241	11592	933	67	326	4903650
9219	11442	932	67	330	4903660
9197	11293	935	67	330	4903670
9174	11152	935	67	330	4903680
9153	11014	938	67	330	4903690
9134	10878	939	67	330	4903700
9112	10746	940	67	330	4903710
9095	10606	943	67	330	4903720
9078	10464	943	68	332	4903730
9061	10326	945	68	332	4903740
9046	10186	946	68	332	4903750
9032	10049	947	68	332	4903760
9020	9919	948	68	334	4903770
9012	9783	949	68	334	4903780
9003	9645	949	68	334	4903790
8997	9505	949	68	334	4903800
8997	9364	954	68	336	4903810
8986	9228	956	68	336	4903820
8986	9098	957	68	336	4903830
8986	8972	959	69	339	4903840
8986	8854	961	69	339	4903850
8986	8732	962	70	340	4903860
8986	8614	964	70	340	4903870
8986	8494	965	71	339	4903880
8986	8375	968	71	342	4903890
8986	8268	970	71	342	4903900
9001	8166	977	71	342	4903910
9009	8077	982	71	342	4903920
9015	7997	989	71	345	4903930
9022	7920	992	71	345	4903940
9022	7850	989	71	345	4903950
9030	7797	979	71	345	4903960
9030	7751	959	71	345	4903970
9037	7720	859	72	348	4903980
9037	7708	328	72	348	4904000
31
9873	17676	296	55	300	4904571
9853	17701	363	54	300	4904581
9833	17708	456	53	299	4904591
9823	17714	566	53.3333	298.667	4904621
9833	17714	647	54	298	4904631
9865	17699	679	53	296	4904641
9915	17689	704	53	296	4904651
9989	17681	722	53	296	4904661
10081	17681	736	53	296	4904671
10187	17681	745	54	297	4904681
10301	17681	745	54	295	4904691
10410	17681	746	54	295	4904701
10508	17674	748	55	294	4904711
10590	17674	746	55	294	4904721
10655	17674	745	55	294	4904731
10705	17666	745	55	294	4904741
10739	17666	747	55	292	4904751
10759	17666	745	55	292	4904761
10769	17660	747	56	292	4904801
10769	17645	749	56	292	4904811
10760	17625	755	56	292	4904821
10760	17597	761	56	292	4904831
10749	17552	780	56	292	4904841
10740	17496	803	57	293	4904851
10728	17429	821	57	293	4904861
10715	17355	840	57	293	4904871
10705	17288	859	57	293	4904881
10705	17231	864	57	293	4904891
10696	17191	868	57	293	4904901
10696	17171	878	58	293	4904911
10696	17161	842	59.1905	294.19	4905121
37
10508	17081	395	54	297	4905295
10462	17073	494	54	297	4905305
10450	17073	619	55	296.5	4905325
10457	17073	687	56	297	4905335
10485	17085	691	56	296	4905345
10531	17095	708	57	296	4905355
10602	17106	714	57	296	4905365
10675	17117	715	58	296	4905375
10750	17126	712	58	296	4905385
10816	17126	716	59	294	4905395
10862	17133	715	59	294	4905405
10898	17133	710	59	294	4905415
10917	17133	711	60	295	4905425
10923	17133	713	60	295	4905445
10915	17120	720	60	295	4905455
10900	17104	726	60	295	4905465
10875	17076	728	60	295	4905475
10844	17035	747	60	295	4905485
10809	16983	773	60	295	4905495
10773	16926	789	60	295	4905505
10742	16867	814	60	295	4905515
10719	16811	833	60	296	4905525
10704	16763	862	60	296	4905535
10695	16727	865	60	296	4905545
10695	16706	875	60	296	4905555
10695	16695	912	60	296	4905585
10680	16714	922	60	296	4905595
10664	16742	918	61	297	4905605
10639	16783	912	61	297	4905615
10607	16839	911	61	297	4905625
10575	16898	914	61	297	4905635
10546	16956	915	61	297	4905645
10519	17007	910	61	297	4905655
10499	17045	913	61	297	4905665
10485	17068	894	61	297	4905675
10478	17079	719	61	297	4905695
10487	17079	22	60	296	4905715
22
10682	16540	347	58	304	4905887
10682	16559	432	60	304	4905897
10669	16574	545	60	304	4905907
10662	16590	651	61	303	4905917
10653	16611	692	61	303	4905927
10646	16618	716	61	302	4905937
10637	16618	720	61	302	4905947
10625	16610	735	61	302	4905957
10613	16590	748	61	302	4905967
10602	16562	765	61	302	4905977
10595	16527	771	61	302	4905987
10595	16497	775	61	302	4905997
10611	16472	780	62	300	4906007
10635	16456	792	62	300	4906017
10671	16456	796	62	298	4906027
10713	16469	790	62	298	4906037
10750	16500	784	62	298	4906047
10776	16541	778	62	298	4906057
10783	16586	740	62	298	4906067
10771	16622	723	62	298	4906077
10749	16647	660	62	298	4906087
10718	16647	242	62	298	4906107
113
10700	16337	150	61	306	4906343
10690	16390	202	61	306	4906353
10690	16413	353	61	306	4906363
10690	16428	453	61	306	4906373
10690	16439	546	62	303.667	4906403
10690	16432	634	63	304	4906413
10690	16416	663	63	304	4906423
10690	16391	703	63	304	4906433
10690	16352	716	63	304	4906443
10690	16298	731	63	304	4906453
10682	16225	747	63	304	4906463
10682	16135	759	63	304	4906473
10673	16032	762	63	304	4906483
10666	15927	766	64	305	4906493
10660	15820	771	64	305	4906503
10653	15719	774	64	304	4906513
10647	15627	778	65	305	4906523
10647	15542	778	65	303	4906533
10635	15465	780	66	304	4906543
10628	15390	779	66	304	4906553
10628	15318	777	67	306	4906563
10616	15242	783	67	306	4906573
10609	15165	789	68	308	4906583
10601	15087	801	68	308	4906593
10590	15003	805	68	309	4906603
10578	14915	806	68	309	4906613
10566	14823	810	69	311	4906623
10554	14725	811	69	311	4906633
10544	14627	814	70	313	4906643
10533	14538	820	70	313	4906653
10522	14451	825	71	315	4906663
10512	14370	829	71	315	4906673
10502	14290	831	71	315	4906683
10493	14210	836	71	315	4906693
10485	14128	844	71	315	4906703
10474	14048	847	71	317	4906713
10464	13968	850	71	317	4906723
10453	13884	851	71	317	4906733
10440	13801	856	71	317	4906743
10430	13719	861	72	320	4906753
10419	13635	862	72	320	4906763
10410	13552	864	72	320	4906773
10399	13469	866	72	320	4906783
10390	13382	870	72	320	4906793
10380	13293	875	72	320	4906803
10369	13204	878	72	320	4906813
10361	13112	882	72	322	4906823
10350	13025	883	72	322	4906833
10342	12934	889	72	322	4906843
10334	12841	891	72	322	4906853
10325	12747	897	73	325	4906863
10325	12641	902	73	325	4906873
10316	12537	905	73	325	4906883
10309	12432	904	73	325	4906893
10309	12322	905	74	328	4906903
10294	12223	911	74	328	4906913
10288	12127	913	74	328	4906923
10280	12034	917	74	331	4906933
10273	11943	920	74	331	4906943
10273	11857	922	74	331	4906953
10260	11765	925	74	334	4906963
10260	11673	924	74	334	4906973
10250	11583	925	74	334	4906983
10242	11489	921	74	334	4906993
10234	11395	925	75	337	4907003
10227	11301	928	75	337	4907013
10218	11202	931	75	337	4907023
10209	11103	936	75	337	4907033
10197	11007	935	75	337	4907043
10185	10907	942	75	337	4907053
10171	10811	945	75	337	4907063
10158	10714	945	75	341	4907073
10145	10617	944	75	341	4907083
10130	10515	943	75	341	4907093
10116	10412	944	75	341	4907103
10101	10309	948	75	341	4907113
10088	10212	949	75	344	4907123
10077	10112	950	75	344	4907133
10066	10016	951	75	344	4907143
10058	9923	954	75	344	4907153
10050	9825	958	76	348	4907163
10043	9733	956	76	348	4907173
10035	9643	956	76	348	4907183
10025	9550	955	76	348	4907193
10017	9460	956	76	352	4907203
10009	9370	958	76	352	4907213
10001	9285	961	76	352	4907223
10001	9202	966	76	356	4907233
9988	9126	971	76	356	4907243
9980	9049	977	76	356	4907253
9971	8975	977	77	356	4907263
9961	8898	982	77	0	4907273
9953	8822	983	78	0	4907283
9943	8746	988	78	0	4907293
9932	8665	988	78	0	4907303
9921	8586	992	78	0	4907313
9909	8503	1000	78	0	4907323
9898	8421	1005	78	0	4907333
9887	8338	1010	78	0	4907343
9878	8263	1015	78	0	4907353
9878	8189	1023	78	5	4907363
9870	8120	1023	78	5	4907373
9870	8059	1023	78	5	4907383
9870	7996	1023	78	5	4907393
9870	7940	1023	78	9	4907403
9870	7892	1023	78	9	4907413
9863	7848	1023	78	9	4907422
9863	7820	1023	78	9	4907432
9856	7797	1023	78	9	4907442
9856	7783	1023	78	9	4907462
9856	7775	964	78	9	4907472
9856	7783	742	78	9	4907482
9856	7810	8	78	9	4907502
58
6232	15693	136	56	298	4909675
6240	15721	298	56	298	4909695
6224	15729	376	56	298	4909705
6209	15729	423	56	298	4909715
6193	15729	442	56	298	4909725
6176	15715	472	56	298	4909735
6163	15698	524	56	298	4909745
6152	15680	526	56	298	4909755
6152	15660	564	56	298	4909765
6152	15640	600	56	298	4909775
6161	15622	622	56	298	4909785
6175	15606	628	56	298	4909795
6197	15597	640	56	298	4909805
6223	15597	637	56	298	4909815
6249	15609	630	56	299	4909825
6271	15626	626	56	299	4909835
6284	15647	627	56	299	4909845
6284	15670	629	56	299	4909855
6284	15688	638	56	299	4909865
6263	15702	649	56	299	4909875
6242	15702	663	56	299	4909885
6219	15702	664	56	299	4909895
6196	15689	668	56	299	4909905
6176	15671	673	56	299	4909915
6161	15648	679	56	299	4909925
6153	15625	687	56	299	4909935
6153	15606	686	56	299	4909945
6169	15590	690	56	299	4909955
6188	15581	693	56	299	4909965
6212	15581	693	56	299	4909975
6235	15581	690	56	299	4909985
6256	15599	694	56	299	4909995
6272	15618	687	56	299	4910005
6279	15637	687	56	299	4910015
6279	15657	685	56	299	4910025
6279	15674	689	56	299	4910035
6265	15685	688	56	299	4910045
6247	15685	690	56	299	4910055
6227	15678	694	56	299	4910065
6210	15665	695	56	299	4910075
6197	15650	694	56	299	4910085
6197	15637	694	56	299	4910095
6197	15624	697	56	299	4910105
6205	15615	702	56	299	4910115
6222	15615	705	56	299	4910125
6243	15615	708	56	299	4910135
6262	15615	707	56	299	4910145
6276	15625	704	56	299	4910155
6285	15636	709	56	299	4910165
6285	15649	716	56	299	4910175
6285	15662	729	56	299	4910185
6285	15671	740	56	299	4910195
6276	15671	745	56	299	4910205
6276	15678	752	56	299	4910215
6265	15678	754	56	299	4910235
6265	15672	750	56	299	4910245
6257	15672	684	56	299	4910265
6257	15664	200	56	299	4910285
70
6247	15645	64	50	287	4911251
6231	15639	314	50	287	4911301
6231	15631	480	50	287	4911311
6246	15631	532	50	287	4911321
6261	15631	549	50	287	4911331
6285	15631	572	50	287	4911341
6319	15631	589	50	287	4911351
6362	15631	596	50	287	4911361
6420	15631	606	50	287	4911371
6482	15631	623	51	288	4911381
6552	15631	646	51	286	4911391
6625	15631	678	51	286	4911401
6698	15621	696	51	285	4911411
6776	15621	711	51	285	4911421
6862	15612	727	51	285	4911431
6951	15612	740	51	284	4911441
7045	15612	744	51	284	4911451
7138	15612	749	51	283	4911461
7226	15612	755	51	283	4911471
7312	15612	757	51	283	4911481
7399	15606	768	51	281	4911491
7486	15606	773	51	281	4911501
7577	15606	776	52	280	4911511
7670	15597	783	52	279	4911521
7770	15597	787	52	279	4911531
7877	15597	791	52	278	4911541
7988	15597	796	53	278	4911551
8100	15597	799	53	278	4911561
8211	15597	815	53	278	4911571
8323	15597	817	53	278	4911581
8434	15589	818	53	277	4911591
8544	15589	818	53	277	4911601
8652	15582	825	53	275	4911611
8757	15582	825	53	274	4911621
8865	15576	828	53	274	4911631
8974	15576	829	53	273	4911641
9083	15564	836	53	273	4911651
9193	15555	835	53	273	4911661
9305	15546	841	53	271	4911671
9419	15537	843	53	271	4911681
9534	15537	844	53	270	4911691
9649	15525	852	53	270	4911701
9765	15519	857	53	270	4911711
9882	15512	858	53	270	4911721
9998	15504	857	53	270	4911731
10116	15494	859	53	269	4911741
10232	15486	866	53	269	4911751
10348	15477	868	53	267	4911761
10464	15477	873	53	267	4911771
10579	15467	880	53	267	4911781
10695	15467	883	53	267	4911791
10817	15458	887	53	267	4911801
10941	15458	887	53	267	4911811
11068	15447	888	53	267	4911821
11196	15447	887	53	267	4911831
11322	15440	900	53	267	4911841
11448	15440	905	53	266	4911851
11580	15440	912	53	266	4911861
11718	15432	913	53	265	4911871
11865	15432	915	53	265	4911881
12017	15432	920	53	265	4911891
12169	15432	933	54	265	4911901
12310	15432	940	54	265	4911911
12435	15432	948	54	265	4911921
12542	15432	960	54	263	4911931
12623	15432	976	54	263	4911941
12678	15432	986	54	262	4911951
12713	15432	1003	54	262	4911961
12730	15432	1011	54	262	4911981
12737	15432	657	53.2857	259.286	4912051
142
7462	14908	82	52	295	4916211
7469	14920	175	52	295	4916221
7469	14932	284	53	294	4916231
7469	14938	424	53.5	293.5	4916251
7462	14949	482	54	293	4916261
7455	14949	501	54	293	4916271
7444	14949	567	54	293	4916281
7434	14949	583	54	293	4916291
7422	14949	597	54	293	4916301
7410	14938	605	54	293	4916311
7397	14926	605	54	293	4916321
7388	14912	605	54	293	4916331
7381	14898	613	54	293	4916341
7381	14887	617	54	293	4916351
7388	14878	620	53	294	4916361
7398	14878	634	53	294	4916371
7413	14872	642	53	296	4916381
7429	14872	652	53	296	4916391
7446	14881	647	53	296	4916401
7460	14894	644	53	296	4916411
7470	14910	633	53	296	4916421
7470	14927	638	53	296	4916431
7470	14942	636	53	296	4916441
7461	14951	636	53	296	4916451
7446	14951	641	53	296	4916461
7433	14951	645	53	296	4916471
7423	14940	646	53	296	4916481
7423	14928	646	53	294	4916491
7423	14915	646	53	294	4916501
7423	14901	648	54	293	4916511
7423	14888	645	54	293	4916521
7440	14878	646	54	293	4916531
7452	14878	650	54	293	4916541
7463	14878	657	54	293	4916551
7472	14878	658	54	293	4916561
7480	14889	656	54	293	4916571
7480	14902	652	54	293	4916581
7480	14918	654	54	293	4916591
7480	14933	654	54	293	4916601
7458	14941	663	54	293	4916611
7439	14941	683	54	293	4916621
7416	14941	690	54	293	4916631
7393	14923	690	54	293	4916641
7377	14909	687	54	293	4916651
7366	14892	690	54	293	4916661
7366	14875	688	54	293	4916671
7374	14858	692	54	293	4916681
7391	14839	702	54	293	4916691
7419	14827	714	54	293	4916701
7455	14827	716	54	293	4916711
7494	14827	717	54	293	4916721
7530	14846	716	54	293	4916731
7557	14868	715	54	293	4916741
7572	14891	708	54	293	4916751
7572	14913	716	54	293	4916761
7572	14930	716	54	293	4916771
7551	14942	716	54	293	4916781
7528	14942	724	54	293	4916791
7501	14942	726	54	293	4916801
7472	14942	728	54	292	4916811
7448	14925	733	54	292	4916821
7433	14909	738	54	290	4916831
7426	14892	739	54	290	4916841
7433	14879	737	53	290	4916851
7447	14867	741	54	290	4916861
7465	14860	743	54	290	4916871
7485	14860	745	54	290	4916881
7500	14860	748	54	290	4916891
7513	14866	753	54	290	4916901
7513	14879	747	54	290	4916911
7513	14892	754	54	290	4916921
7513	14904	755	54	290	4916931
7500	14912	764	54	290	4916941
7490	14912	770	54	290	4916951
7481	14912	780	54	290	4916961
7474	14912	791	54	290	4916991
7468	14912	807	54	290	4917011
7468	14906	865	53.25	290	4917091
7468	14899	912	54	288	4917101
7478	14899	912	54	288	4917111
7488	14899	917	54	287	4917121
7500	14899	917	54	287	4917131
7518	14899	919	54	287	4917141
7544	14899	922	54	287	4917151
7575	14892	921	54	287	4917161
7613	14892	921	54	286	4917171
7660	14883	925	54	286	4917181
7712	14876	925	53	284	4917191
7774	14868	926	53	284	4917201
7850	14868	928	53	284	4917211
7938	14857	929	53	284	4917221
8034	14857	929	54	284	4917231
8137	14857	928	54	283	4917241
8241	14847	928	54	283	4917251
8342	14847	927	54	281	4917261
8442	14835	927	54	281	4917271
8538	14829	929	54	281	4917281
8633	14829	928	54	281	4917291
8730	14818	931	54	281	4917301
8835	14818	931	55	280	4917311
8944	14810	931	55	280	4917321
9055	14810	931	55	279	4917331
9165	14810	933	55	279	4917341
9274	14799	933	55	279	4917351
9383	14792	936	55	279	4917361
9492	14792	937	55	279	4917371
9601	14783	939	56	277	4917381
9710	14783	940	56	277	4917391
9821	14783	941	56	276	4917401
9930	14773	941	56	276	4917411
10038	14767	941	56	274	4917421
10145	14767	942	56	274	4917431
10248	14753	942	56	273	4917441
10349	14744	945	56	273	4917451
10448	14736	945	56	273	4917461
10545	14727	947	56	273	4917471
10641	14721	949	56	271	4917481
10738	14721	949	56	271	4917491
10836	14707	950	56	270	4917501
10935	14698	952	56	270	4917511
11036	14690	951	56	270	4917521
11133	14680	948	56	270	4917531
11231	14672	951	56	270	4917541
11329	14665	955	56	270	4917551
11425	14658	955	56	269	4917561
11523	14658	955	56	269	4917571
11618	14649	958	56	267	4917581
11712	14649	963	56	267	4917591
11805	14637	963	56	267	4917601
11894	14637	965	56	267	4917611
11980	14628	966	56	267	4917621
12063	14628	970	56	267	4917631
12147	14628	971	56	267	4917641
12232	14620	982	56	267	4917651
12315	14620	991	57	265	4917661
12394	14620	993	57	265	4917671
12464	14612	998	57	264	4917681
12516	14612	999	57	264	4917691
12554	14612	1000	57	264	4917701
12573	14612	1003	57	262	4917711
12583	14612	942	57	261.2	4917761
12564	14612	152	57	261	4917781
105
9695	14580	53	54	286.5	4918345
9695	14588	165	54	286	4918355
9695	14595	265	54	284	4918365
9695	14605	348	54	284	4918375
9695	14614	416	54	284	4918385
9695	14622	470	54	284	4918395
9686	14630	501	54	284	4918405
9678	14630	537	54	284	4918415
9668	14637	566	54	284	4918425
9654	14637	589	54	284	4918435
9640	14629	607	54	284	4918445
9627	14620	616	54	284	4918455
9616	14606	638	54	284	4918465
9616	14592	645	54	284	4918475
9616	14577	658	54	284	4918485
9616	14563	672	54	284	4918495
9633	14553	683	54	284	4918505
9649	14546	691	54	284	4918515
9670	14546	698	54	284	4918525
9688	14546	702	54	284	4918535
9701	14546	705	54	284	4918545
9711	14558	702	54	284	4918555
9711	14572	696	54	284	4918565
9718	14587	697	54	284	4918575
9718	14601	696	54	284	4918585
9707	14613	707	54	284	4918595
9694	14613	705	54	284	4918605
9682	14613	720	54	284	4918615
9670	14613	725	54	284	4918625
9661	14606	725	54	284	4918635
9661	14594	734	54	284	4918645
9661	14581	733	54	284	4918655
9661	14565	738	54	284	4918665
9668	14549	738	54	284	4918675
9681	14538	738	54	284	4918685
9696	14532	739	54	284	4918695
9713	14532	737	54	284	4918705
9727	14532	739	54	284	4918715
9737	14545	736	54	284	4918725
9745	14560	740	54	284	4918735
9745	14574	743	54	284	4918745
9745	14588	738	54	284	4918755
9726	14596	740	54	284	4918765
9709	14596	741	54	284	4918775
9691	14596	747	54	284	4918785
9678	14596	754	54	284	4918795
9669	14586	756	54	284	4918805
9669	14577	761	54	284	4918815
9661	14569	767	54	284	4918835
9661	14562	799	53.5714	284	4918905
9668	14562	826	53	284	4918955
9677	14562	850	53	284	4918965
9690	14562	863	53	284	4918975
9705	14562	871	53	282	4918985
9729	14562	879	53	282	4918995
9758	14562	883	53	281	4919005
9794	14562	891	53	281	4919015
9839	14562	898	53	281	4919025
9888	14562	910	53	281	4919035
9943	14562	914	53	281	4919045
9997	14562	916	53	281	4919055
10052	14562	918	53	281	4919065
10111	14562	921	53	281	4919075
10170	14553	924	53	281	4919085
10234	14553	925	53	281	4919095
10302	14542	927	53	281	4919105
10369	14542	931	54	280	4919115
10435	14531	935	54	280	4919125
10500	14524	940	54	278	4919135
10563	14524	940	54	278	4919145
10626	14514	942	54	278	4919155
10691	14514	945	54	278	4919165
10758	14504	947	54	277	4919175
10827	14504	953	54	277	4919185
10898	14493	958	54	275	4919195
10968	14485	958	54	275	4919205
11036	14478	958	54	275	4919215
11100	14471	961	54	275	4919225
11163	14464	961	54	274	4919235
11227	14456	963	55	274	4919245
11291	14445	964	55	273	4919255
11353	14433	970	55	273	4919265
11413	14423	970	55	273	4919275
11467	14413	971	55	271	4919285
11520	14406	973	55	271	4919295
11575	14399	977	55	270	4919305
11632	14393	977	55	270	4919315
11695	14393	977	55	270	4919325
11760	14382	980	55	270	4919335
11820	14382	979	55	270	4919345
11877	14372	984	55	270	4919355
11930	14372	984	56	269	4919365
11982	14360	984	56	269	4919375
12036	14360	985	56	267	4919385
12088	14360	986	56	267	4919395
12140	14360	987	56	267	4919405
12186	14353	987	56	267	4919415
12225	14353	990	56	267	4919425
12255	14353	992	56	266	4919435
12277	14353	998	56	266	4919445
12297	14347	1006	56	264	4919455
12311	14347	1009	56	264	4919465
12321	14347	1015	56	264	4919475
12328	14347	978	57	264	4919545
12316	14347	139	57	264	4919565
16
12314	14321	34	59	280	4920267
12296	14334	62	59	280	4920277
12287	14340	168	59	280	4920287
12280	14340	260	59	280	4920297
12280	14349	354	59	280	4920307
12270	14349	507	59	280	4920327
12263	14349	712	58.1429	280	4920397
12286	14349	839	58	280	4920407
12315	14342	850	58	278	4920417
12353	14342	866	58	278	4920427
12402	14334	884	58	276	4920437
12450	14334	894	58	276	4920447
12499	14334	898	58	276	4920457
12540	14334	899	58	275	4920467
12566	14334	900	58	275	4920477
12579	14334	555	57.8	272.6	4920527
21
12579	14682	59	58	276	4920963
12569	14701	168	58	276	4920973
12569	14712	286	58	276	4920983
12559	14724	416	58	276	4920993
12559	14735	502	58	276	4921003
12559	14743	637	58	276	4921043
12559	14728	771	58	276	4921053
12559	14704	820	58	276	4921063
12559	14663	880	58	275	4921073
12566	14607	919	58	275	4921083
12566	14542	944	58	273	4921093
12566	14474	970	58	273	4921103
12566	14409	997	58	273	4921113
12566	14352	1005	58	273	4921123
12566	14308	1013	58	273	4921133
12573	14275	1018	58	273	4921143
12573	14255	1023	58	273	4921153
12573	14243	1023	58.5	273	4921173
12573	14235	1010	59	273	4921183
12580	14235	899	59	273	4921213
12580	14246	160	59	273	4921233
31
12585	14675	260	58	276	4921487
12566	14675	478	58	276	4921507
12558	14683	629	57	275	4921527
12570	14694	667	57	273	4921537
12589	14694	688	57	273	4921547
12619	14700	711	57	273	4921557
12660	14700	739	58	273	4921567
12706	14700	763	58	273	4921577
12756	14687	786	58	273	4921587
12806	14673	797	58	272	4921597
12851	14652	816	57	272	4921607
12891	14629	818	57	270	4921617
12922	14604	824	57	270	4921627
12941	14575	835	57	270	4921637
12954	14547	841	57	270	4921647
12960	14515	860	57	270	4921657
12960	14482	872	57	270	4921667
12960	14448	882	57	268	4921677
12951	14415	896	57	268	4921687
12937	14383	912	57	267	4921697
12914	14349	936	57	267	4921707
12886	14321	949	57	267	4921717
12849	14291	960	57	267	4921727
12809	14264	968	57	267	4921737
12769	14246	973	57	267	4921747
12729	14227	975	58	267	4921757
12697	14217	965	58	267	4921767
12668	14217	950	58	267	4921777
12644	14217	901	58	268	4921787
12625	14217	806	58	268	4921797
12606	14225	234	59	270	4921817
49
12990	14510	148	59	287	4923029
12983	14503	330	59	287	4923039
12983	14511	507	59	287	4923069
12975	14511	720	59	285.333	4923129
12982	14511	829	59	284	4923149
12998	14511	850	59	284	4923159
13012	14511	875	58	283	4923169
13034	14517	887	58	283	4923179
13065	14517	900	58	283	4923189
13099	14517	910	58	283	4923199
13143	14524	912	58	283	4923209
13185	14524	917	58	283	4923219
13225	14524	916	58	283	4923229
13255	14524	917	58	283	4923239
13275	14517	916	58	283	4923249
13287	14517	932	58	283	4923289
13293	14517	970	58.5	281.167	4923349
13293	14528	984	59	280	4923359
13293	14541	987	59	280	4923369
13293	14566	981	59	280	4923379
13293	14599	985	59	280	4923389
13305	14636	984	59	280	4923399
13305	14679	981	59	280	4923409
13314	14722	986	59	280	4923419
13314	14767	981	59	280	4923429
13314	14816	981	59	280	4923439
13314	14864	984	59	280	4923449
13314	14911	976	59	280	4923459
13314	14958	980	59	280	4923469
13314	14997	981	59	280	4923479
13314	15033	979	59	278	4923489
13307	15060	984	59	278	4923499
13307	15081	986	58	276	4923509
13307	15097	987	58	276	4923519
13301	15105	986	58	276	4923539
13301	15112	985	57.5833	278.583	4923659
13310	15112	988	57	279	4923669
13329	15112	991	57	279	4923679
13361	15112	993	57	278	4923689
13410	15112	995	57	278	4923699
13479	15112	999	57	276	4923709
13559	15120	1000	57	276	4923719
13646	15120	1009	57	275	4923729
13731	15127	1010	57	275	4923739
13802	15127	1011	57	273	4923749
13858	15127	1010	57	273	4923759
13890	15127	1013	57	273	4923769
13908	15127	1014	57	272	4923779
13916	15127	775	57	270.333	4923839
27
12749	15438	25	53	281	4924251
12717	15438	90	53	281	4924261
12705	15438	250	53	281	4924271
12691	15446	356	53	281	4924281
12684	15446	576	53.3333	280.667	4924341
12690	15446	726	54	278	4924351
12704	15446	764	54	278	4924361
12725	15446	797	54	278	4924371
12759	15446	823	54	278	4924381
12805	15452	848	54	278	4924391
12864	15452	868	54	278	4924401
12930	15461	888	54	278	4924411
13002	15461	904	54	277	4924421
13081	15461	919	53	277	4924431
13166	15461	928	53	275	4924441
13262	15461	941	53	275	4924451
13367	15449	949	53	274	4924461
13474	15440	956	53	274	4924471
13581	15431	958	53	273	4924481
13679	15420	963	53	273	4924491
13767	15410	964	53	271	4924501
13846	15401	967	53	271	4924511
13911	15393	969	53	270	4924521
13959	15393	970	53	270	4924531
13990	15385	970	53	270	4924541
14004	15385	886	53	267.8	4924591
13995	15385	0	53	267	4924611
21
13852	15498	322	56	276	4924995
13816	15507	464	56	276	4925005
13800	15522	587	56	276	4925015
13787	15522	667	56	276	4925025
13787	15533	707	56	275	4925045
13813	15533	746	55	274	4925055
13845	15525	764	55	273	4925065
13886	15508	775	55	273	4925075
13929	15479	809	55	273	4925085
13965	15435	836	55	273	4925095
13991	15380	871	55	273	4925105
14003	15311	897	55	273	4925115
14003	15237	917	55	273	4925125
13982	15164	947	55	273	4925135
13957	15097	961	55	273	4925145
13928	15047	963	56	273	4925155
13904	15012	968	56	271	4925165
13885	14993	971	56	271	4925175
13872	14984	973	56	270	4925185
13865	14984	899	57	270	4925215
13865	14995	289	57.5	272	4925235
19
13960	15506	258	56	273	4925519
13932	15527	393	55	273	4925529
13925	15537	513	55	273	4925539
13925	15548	604	55	273	4925549
13940	15559	629	55	273	4925559
13969	15568	645	55	273	4925569
14014	15577	674	55	271	4925579
14079	15577	701	55	271	4925589
14159	15577	734	55	270	4925599
14245	15568	778	55	270	4925609
14329	15548	808	55	270	4925619
14398	15519	839	55	269	4925629
14448	15483	851	54	269	4925639
14481	15448	874	54	267	4925649
14501	15418	882	54	266	4925659
14512	15393	887	54	266	4925669
14512	15380	889	54	265	4925679
14521	15373	829	54	263.667	4925709
14529	15384	229	54.5	261.5	4925729
36
14000	15058	199	55	270	4925967
13979	15044	271	55	270	4925977
13969	15037	439	56	270	4925997
13962	15030	581	57	270	4926007
13962	15024	664	57	270	4926017
13978	15017	740	57	272	4926027
13999	15017	796	58	272	4926037
14030	15008	834	58	273	4926047
14075	15008	861	58	273	4926057
14133	15008	874	58	273	4926067
14200	15023	874	58	272	4926077
14271	15042	875	58	272	4926087
14340	15068	873	58	270	4926097
14402	15102	867	58	270	4926107
14459	15146	865	58	270	4926117
14504	15193	871	58	268	4926127
14539	15241	877	58	268	4926137
14562	15285	883	58	267	4926147
14572	15320	893	58	267	4926157
14572	15346	902	58	267	4926167
14572	15363	908	58	265	4926177
14572	15377	908	58	265	4926187
14572	15389	908	57	264	4926197
14572	15396	908	57	264	4926207
14565	15396	906	57	264	4926217
14565	15404	931	55.4211	261.105	4926407
14580	15404	995	55	261	4926417
14608	15404	1001	55	261	4926427
14655	15404	1008	55	261	4926437
14718	15396	1008	55	261	4926447
14792	15396	1017	55	261	4926457
14861	15396	1021	55	261	4926467
14917	15387	1023	55	260	4926477
14957	15387	1023	55	260	4926487
14981	15387	1023	54	259	4926497
14992	15381	841	54.2	258.8	4926597
148
5196	13885	38	51	300	4931912
5196	13893	219	51	300	4931942
5196	13901	430	51	300	4931962
5196	13909	534	51	300	4931982
5184	13909	583	51	300	4931992
5174	13909	597	51	300	4932002
5162	13909	601	51	300	4932012
5150	13897	622	51	300	4932022
5140	13881	621	51	300	4932032
5130	13860	630	51	300	4932042
5130	13837	634	51	300	4932052
5130	13815	640	51	300	4932062
5130	13796	642	51	300	4932072
5143	13780	652	51	300	4932082
5158	13770	661	51	300	4932092
5176	13770	667	51	300	4932102
5198	13770	666	51	300	4932112
5219	13789	663	51	300	4932122
5235	13813	659	51	300	4932132
5247	13842	658	51	300	4932142
5247	13870	660	51	300	4932151
5247	13893	670	51	300	4932161
5228	13907	675	51	300	4932171
5208	13907	675	51	300	4932181
5187	13907	682	51	300	4932191
5169	13907	683	51	300	4932201
5153	13889	689	51	300	4932211
5143	13872	698	51	300	4932221
5143	13853	698	51	300	4932231
5135	13835	700	51	300	4932241
5135	13818	707	51	300	4932251
5151	13807	727	51	300	4932261
5167	13807	728	51	300	4932271
5187	13807	732	51	300	4932281
5211	13814	732	51	300	4932291
5233	13830	726	51	300	4932301
5250	13850	716	51	300	4932311
5259	13869	715	51	300	4932321
5259	13885	717	51	300	4932331
5250	13896	718	51	300	4932341
5237	13896	722	51	300	4932351
5220	13896	722	51	300	4932361
5199	13889	731	51	300	4932371
5183	13877	731	51	300	4932381
5172	13863	733	51	300	4932391
5172	13849	739	51	300	4932401
5172	13834	743	51	300	4932411
5172	13819	743	51	300	4932421
5172	13808	747	51	300	4932431
5189	13808	750	51	300	4932441
5205	13808	750	51	300	4932451
5225	13820	749	51	300	4932461
5243	13836	747	51	300	4932471
5259	13858	749	51	300	4932481
5265	13876	750	51	300	4932491
5265	13890	766	51	300	4932501
5265	13901	772	51	300	4932511
5251	13901	781	51	300	4932521
5242	13901	791	51	300	4932531
5235	13901	796	51	300	4932541
5228	13901	801	51	300	4932551
5228	13893	806	51	300	4932571
5220	13893	814	51	300	4932581
5220	13886	863	51.3333	297.667	4932641
5220	13879	916	51	296	4932681
5231	13879	920	51	294	4932711
5237	13879	921	51	292	4932731
5245	13872	924	51	291	4932741
5256	13872	924	51	291	4932751
5273	13872	921	51	290	4932761
5298	13865	922	51	290	4932771
5335	13865	921	52	288	4932781
5383	13865	921	52	288	4932791
5443	13865	920	52	288	4932801
5515	13865	921	52	287	4932811
5595	13865	920	52	287	4932821
5679	13872	919	52	286	4932831
5769	13872	920	52	284	4932841
5867	13872	915	52	284	4932851
5970	13872	915	52	283	4932861
6074	13872	915	52	283	4932871
6181	13872	913	52	283	4932881
6289	13864	910	53	284	4932891
6398	13864	913	53	282	4932901
6510	13857	913	53	282	4932911
6618	13849	911	53	281	4932921
6729	13841	913	53	281	4932931
6844	13832	912	53	281	4932941
6962	13826	913	54	280	4932951
7085	13826	913	54	280	4932961
7208	13815	913	54	278	4932971
7331	13808	913	54	278	4932981
7454	13798	914	54	278	4932991
7575	13786	915	54	278	4933001
7695	13775	915	54	278	4933011
7815	13763	918	54	277	4933021
7936	13749	918	54	277	4933031
8058	13737	917	54	275	4933041
8179	13725	918	54	275	4933051
8302	13716	918	54	275	4933061
8424	13716	919	54	275	4933071
8542	13705	921	54	274	4933081
8658	13705	920	54	274	4933091
8769	13694	923	54	273	4933101
8880	13694	921	54	273	4933111
8993	13684	924	54	271	4933121
9104	13684	923	54	271	4933131
9210	13676	922	54	270	4933141
9315	13676	925	54	270	4933151
9412	13676	928	54	270	4933161
9508	13676	932	54	270	4933171
9600	13669	932	54	269	4933181
9692	13669	934	54	269	4933191
9789	13669	934	54	267	4933201
9886	13669	934	54	267	4933211
9986	13662	934	54	267	4933221
10080	13662	938	54	266	4933231
10171	13649	938	54	266	4933241
10263	13643	935	54	265	4933251
10355	13643	939	54	265	4933261
10452	13631	941	54	265	4933271
10543	13631	948	54	265	4933281
10632	13618	948	54	265	4933291
10724	13609	949	54	265	4933301
10816	13597	950	54	263	4933311
10913	13586	949	54	263	4933321
11008	13575	954	54	262	4933331
11093	13564	955	54	262	4933341
11173	13555	956	54	262	4933351
11251	13545	956	54	262	4933361
11330	13536	969	54	262	4933371
11414	13526	971	54	262	4933381
11503	13513	973	54	262	4933391
11590	13500	972	54	262	4933401
11676	13488	978	55	261	4933411
11761	13476	980	55	261	4933421
11844	13465	983	55	261	4933431
11923	13455	984	55	260	4933441
11997	13446	989	55	260	4933451
12066	13437	992	54	259	4933461
12129	13431	991	54	259	4933471
12181	13431	991	54	259	4933481
12220	13422	994	54	259	4933491
12244	13422	999	54	259	4933501
12258	13415	1006	54	259	4933521
12268	13415	1022	53.7222	259	4933701
12268	13408	963	54	259	4933761
12252	13402	65	55	260	4933781
18
12312	13557	129	54	281	4934388
12292	13582	223	54	281	4934398
12282	13591	363	54	281	4934408
12271	13601	469	53	281	4934418
12261	13607	553	53	281	4934428
12254	13607	611	53	281	4934448
12254	13594	695	53	281	4934458
12254	13570	769	53	281	4934468
12254	13533	830	53	281	4934478
12254	13478	866	53	282	4934488
12254	13416	901	53	282	4934498
12264	13349	920	53	284	4934508
12264	13287	949	53	282	4934518
12272	13237	949	54	283	4934528
12272	13204	950	54	281	4934538
12272	13186	952	54	281	4934548
12272	13179	879	55.2	282	4934598
12272	13188	21	56	282	4934618
27
12273	13552	230	54	284	4934844
12260	13563	379	54	284	4934854
12254	13576	532	54	284	4934874
12254	13588	647	53	282	4934894
12265	13588	696	53	281	4934904
12289	13588	718	53	281	4934914
12326	13588	748	53	281	4934924
12373	13571	778	53	281	4934934
12426	13550	796	54	280	4934944
12477	13523	809	54	280	4934954
12525	13492	821	54	278	4934964
12568	13457	824	53	278	4934974
12600	13419	841	53	277	4934984
12623	13378	843	53	277	4934994
12637	13338	857	53	275	4935004
12637	13299	857	54	275	4935014
12645	13269	857	54	275	4935024
12637	13241	876	54	274	4935034
12615	13215	889	54	274	4935044
12579	13193	897	55	273	4935054
12525	13170	905	55	273	4935064
12468	13154	911	55	273	4935074
12411	13142	914	56	273	4935084
12360	13135	920	56	273	4935094
12324	13135	920	56	273	4935104
12300	13135	920	56	274	4935114
12286	13135	612	57	276.2	4935164
51
8156	13492	49	54	290	4936720
8162	13500	119	54	290	4936730
8162	13511	238	54	290	4936740
8162	13519	349	54	290	4936750
8155	13531	436	54	290	4936760
8155	13543	513	54	290	4936770
8155	13557	602	54	290	4936780
8155	13568	642	54	290	4936790
8155	13576	693	54	290	4936810
8145	13576	703	55	289	4936820
8130	13576	711	54	288	4936830
8111	13556	712	54	287	4936840
8091	13535	716	54	287	4936850
8079	13512	727	54	287	4936860
8079	13491	727	54	287	4936870
8079	13473	741	54	287	4936880
8098	13458	747	54	287	4936890
8115	13449	749	54	287	4936900
8137	13449	749	54	287	4936910
8155	13449	750	54	287	4936920
8173	13449	747	54	287	4936930
8185	13463	748	54	287	4936940
8195	13480	736	54	287	4936950
8204	13498	736	54	287	4936960
8204	13518	739	55	287	4936970
8196	13535	750	55	287	4936980
8181	13545	757	55	287	4936990
8159	13545	763	55	287	4937000
8132	13545	768	55	287	4937010
8107	13535	774	55	287	4937020
8087	13523	779	55	287	4937030
8076	13506	786	55	287	4937040
8076	13488	785	55	287	4937050
8089	13469	801	55	287	4937060
8110	13453	802	54	287	4937070
8137	13444	806	54	287	4937080
8167	13444	806	54	287	4937090
8190	13444	802	54	287	4937100
8207	13453	799	54	287	4937110
8217	13468	798	55	287	4937120
8217	13486	804	55	287	4937130
8210	13504	803	55	287	4937140
8198	13520	824	55	287	4937150
8182	13530	824	55	287	4937160
8164	13530	836	54	287	4937170
8145	13530	843	54	287	4937180
8129	13530	845	54	287	4937190
8116	13520	842	54	287	4937200
8110	13512	827	54	287	4937210
8110	13504	756	55	287	4937220
8110	13496	245	55	287	4937240
22
8166	13436	125	55	296	4937692
8158	13445	225	54	295	4937702
8158	13455	347	54	293	4937712
8158	13473	453	53	291	4937722
8158	13483	530	53	291	4937732
8158	13491	610	52.3333	289.667	4937762
8150	13491	628	52	290	4937772
8134	13477	641	52	292	4937782
8117	13462	648	52	292	4937792
8102	13449	650	52	292	4937802
8102	13437	644	52	292	4937812
8102	13429	645	52	292	4937822
8109	13429	653	52	292	4937832
8127	13429	665	51	291	4937842
8150	13439	666	51	291	4937852
8176	13452	668	51	291	4937862
8196	13462	680	51	291	4937872
8206	13471	705	51	291	4937892
8185	13471	711	51	290	4937902
8158	13471	711	51	290	4937912
8129	13460	680	52	288	4937922
8106	13460	247	52	288	4937942
95
8254	13414	104	53	290	4938248
8228	13414	167	54	288	4938258
8213	13414	299	54	288	4938268
8195	13428	373	53	286	4938278
8179	13435	464	53	286	4938288
8168	13435	528	53	286	4938298
8160	13444	623	52.6	286	4938348
8175	13444	708	52	286	4938358
8190	13437	726	52	286	4938368
8214	13437	764	52	286	4938378
8245	13437	793	52	286	4938388
8281	13437	808	52	286	4938398
8328	13437	824	52	286	4938408
8384	13437	838	52	286	4938418
8442	13437	855	51	285	4938428
8501	13431	870	51	284	4938438
8562	13431	888	51	284	4938448
8625	13431	896	51	283	4938458
8689	13423	903	51	283	4938468
8751	13423	912	51	281	4938478
8812	13423	925	51	281	4938488
8867	13423	932	52	280	4938498
8920	13423	940	52	280	4938508
8970	13412	947	52	279	4938518
9022	13412	955	53	279	4938528
9075	13403	962	53	278	4938538
9129	13403	962	53	278	4938548
9188	13403	964	53	278	4938558
9251	13396	965	53	278	4938568
9319	13396	969	53	277	4938578
9390	13396	968	53	277	4938588
9458	13396	969	53	275	4938598
9521	13403	973	53	275	4938608
9573	13403	976	53	274	4938618
9623	13403	979	53	274	4938628
9670	13394	978	53	273	4938638
9715	13394	978	53	273	4938648
9763	13386	977	52	273	4938658
9811	13386	979	52	273	4938668
9860	13378	981	52	271	4938678
9911	13378	982	52	271	4938688
9962	13378	987	52	270	4938698
10015	13371	993	52	270	4938708
10066	13371	992	52	270	4938718
10118	13364	995	52	270	4938728
10167	13364	996	52	269	4938738
10214	13364	998	52	269	4938748
10260	13356	999	52	267	4938758
10306	13356	999	52	267	4938768
10357	13356	1003	52	267	4938778
10413	13356	1006	53	267	4938788
10470	13356	1008	53	267	4938798
10524	13356	1013	53	266	4938808
10578	13356	1014	53	266	4938818
10634	13356	1016	53	265	4938828
10688	13356	1018	53	265	4938838
10748	13356	1021	53	265	4938848
10807	13356	1023	53	265	4938858
10864	13356	1023	53	263	4938868
10922	13356	1023	53	263	4938878
10972	13356	1023	54	262	4938888
11021	13349	1023	54	262	4938898
11067	13349	1023	54	262	4938908
11110	13341	1023	54	262	4938918
11155	13341	1023	54	262	4938928
11199	13341	1023	54	262	4938938
11243	13333	1023	54	260	4938948
11291	13333	1023	54	260	4938958
11341	13333	1023	53	259	4938968
11394	13325	1023	53	259	4938978
11451	13325	1023	53	259	4938988
11507	13317	1023	53	259	4938998
11565	13317	1023	53	259	4939008
11619	13317	1023	53	259	4939018
11668	13317	1023	54	259	4939028
11716	13317	1023	54	257	4939038
11761	13317	1023	54	257	4939048
11806	13317	1023	54	256	4939058
11847	13317	1023	54	256	4939068
11885	13325	1023	54	256	4939078
11925	13325	1023	54	256	4939088
11960	13325	1023	54	256	4939098
12001	13333	1023	54	256	4939108
12041	13333	1023	54	256	4939118
12079	13333	1023	54	256	4939128
12118	13333	1023	54	254	4939138
12152	13333	1023	54	254	4939148
12187	13325	1023	54	253	4939158
12216	13325	1023	54	253	4939168
12239	13317	1023	54	253	4939178
12260	13317	1023	54	253	4939188
12275	13317	1023	54	253	4939198
12285	13317	1023	54	253	4939208
12293	13317	999	53.9333	253.067	4939358
12276	13317	16	54	253	4939378
34
12611	13346	63	55	287	4942968
12602	13346	288	55	287	4942998
12596	13346	532	55	287	4943018
12596	13353	701	55	287	4943098
12605	13353	766	55	286	4943108
12614	13353	793	55	286	4943118
12631	13344	816	54	284	4943128
12663	13344	828	54	284	4943138
12709	13344	840	54	284	4943148
12765	13333	846	54	284	4943158
12828	13333	849	54	284	4943168
12897	13325	852	54	284	4943178
12960	13325	850	54	284	4943188
13018	13315	850	54	284	4943198
13065	13315	851	54	284	4943208
13099	13303	853	54	284	4943218
13123	13303	852	54	284	4943228
13138	13297	852	54	284	4943238
13145	13297	884	56.0511	282.664	4944608
13145	13284	884	57	286	4944618
13145	13268	885	57	286	4944628
13145	13247	884	57	286	4944638
13145	13221	887	57	286	4944648
13137	13193	887	57	286	4944658
13137	13167	887	57	284	4944668
13137	13138	889	57	284	4944678
13137	13108	896	57	283	4944688
13137	13073	903	58	283	4944698
13137	13046	905	58	283	4944708
13137	13019	907	58	283	4944718
13144	13000	908	58	283	4944728
13144	12992	907	58	283	4944738
13144	12986	915	58.8246	283.509	4945307
13151	12986	922	59	280	4946127
84
5185	12927	16	54	297	4948968
5178	12927	118	54	297	4948998
5172	12927	329	54	297	4949068
5165	12927	632	54.5	295.453	4949928
5165	12920	713	54.4688	293.469	4950248
5157	12920	733	55	294	4950258
5157	12927	732	55	294	4950278
5146	12927	732	55	294	4950288
5146	12933	731	55	294	4950298
5139	12933	730	55	294	4950328
5132	12933	722	55	294	4950418
5125	12916	721	55	294	4950428
5125	12898	718	55	294	4950438
5125	12880	722	55	294	4950448
5125	12858	728	55	294	4950458
5137	12843	724	55	294	4950468
5158	12830	728	55	294	4950478
5181	12821	727	55	294	4950488
5207	12821	726	55	294	4950498
5235	12821	721	55	294	4950508
5258	12835	717	55	294	4950518
5279	12851	716	55	294	4950528
5293	12867	716	55	294	4950538
5300	12884	710	55	294	4950548
5300	12902	711	55	294	4950558
5292	12918	716	54	295	4950568
5280	12933	722	54	295	4950578
5263	12945	727	54	297	4950588
5243	12953	729	54	297	4950598
5220	12953	729	54	297	4950608
5199	12953	733	54	297	4950618
5180	12953	735	54	297	4950628
5164	12939	738	54	297	4950638
5154	12926	738	54	297	4950648
5154	12910	736	54	297	4950658
5154	12894	739	54	297	4950668
5154	12877	742	54	297	4950678
5168	12862	746	54	297	4950688
5186	12850	744	54	297	4950698
5206	12843	747	54	297	4950708
5229	12843	747	54	297	4950718
5248	12843	746	54	297	4950728
5264	12853	747	54	297	4950738
5275	12865	748	54	297	4950748
5275	12879	749	54	297	4950758
5275	12892	761	54	297	4950768
5265	12901	773	54	297	4950778
5254	12908	771	54	297	4950788
5240	12908	774	54	297	4950798
5227	12908	780	54	297	4950808
5215	12899	778	54	297	4950818
5204	12883	779	54	297	4950828
5204	12866	784	54	297	4950838
5197	12845	778	54	297	4950848
5197	12825	777	54	297	4950858
5216	12814	778	54	297	4950868
5232	12814	784	54	297	4950878
5250	12814	787	54	297	4950888
5269	12821	790	54	297	4950898
5284	12837	786	54	297	4950908
5296	12856	791	54	297	4950918
5303	12879	788	54	297	4950928
5303	12899	786	54	297	4950938
5291	12916	787	54	297	4950948
5279	12928	796	54	297	4950958
5263	12928	801	54	297	4950968
5241	12922	816	54	297	4950978
5221	12906	822	54	297	4950988
5206	12889	823	54	297	4950998
5194	12874	823	54	297	4951008
5194	12866	817	54	297	4951028
5205	12856	824	54	297	4951038
5214	12856	827	55	297	4951048
5225	12856	825	55	297	4951058
5242	12869	819	55	297	4951068
5255	12888	807	55	297	4951078
5266	12912	827	55	297	4951088
5266	12929	837	55	297	4951098
5266	12939	843	55	297	4951108
5256	12939	851	55	297	4951118
5246	12939	849	55	296	4951128
5232	12939	842	55	296	4951138
5217	12916	775	55	295	4951148
5206	12894	259	55	295	4951168
85
5267	12770	142	44	301	4951488
5256	12779	208	45	300	4951498
5249	12786	253	46	300	4951508
5237	12794	405	46	299	4951518
5237	12801	537	47	299	4951528
5230	12801	620	49	297	4951538
5230	12809	743	50	295.25	4951578
5243	12809	808	52	292	4951588
5264	12809	820	53	291	4951598
5296	12818	837	53	290	4951608
5340	12824	855	53	290	4951618
5399	12831	865	54	288	4951628
5465	12831	874	54	288	4951638
5539	12843	883	54	287	4951648
5620	12851	889	54	287	4951658
5704	12851	896	54	287	4951668
5790	12860	902	54	286	4951678
5881	12860	903	54	286	4951688
5977	12860	908	54	284	4951698
6074	12860	914	54	284	4951708
6169	12860	919	55	285	4951718
6262	12860	921	55	285	4951728
6357	12860	923	55	285	4951738
6455	12852	929	55	283	4951748
6559	12852	932	55	283	4951758
6667	12845	934	55	282	4951768
6778	12845	937	55	282	4951778
6889	12845	939	55	282	4951788
7002	12845	944	55	282	4951798
7116	12837	944	55	282	4951808
7230	12837	945	55	282	4951818
7345	12837	949	56	280	4951828
7457	12837	954	56	280	4951838
7568	12837	956	56	279	4951848
7677	12837	959	56	279	4951858
7785	12837	962	56	279	4951868
7896	12829	964	56	279	4951878
8007	12829	965	56	277	4951888
8116	12822	968	56	277	4951898
8223	12822	969	56	276	4951908
8328	12810	969	56	276	4951918
8430	12801	976	57	276	4951928
8530	12790	981	57	276	4951938
8631	12777	985	57	276	4951948
8732	12767	985	57	275	4951958
8835	12756	986	57	275	4951968
8940	12747	988	57	273	4951978
9040	12740	988	57	273	4951988
9135	12732	988	57	273	4951998
9229	12732	991	57	273	4952008
9325	12722	992	57	273	4952018
9420	12722	992	57	272	4952028
9519	12714	996	57	272	4952038
9615	12706	996	57	270	4952048
9710	12700	998	57	270	4952058
9809	12691	1001	57	270	4952068
9905	12682	1001	57	270	4952078
10002	12671	1003	57	270	4952088
10097	12657	1009	57	270	4952098
10195	12642	1010	57	270	4952108
10293	12628	1013	57	270	4952118
10395	12613	1013	57	270	4952128
10500	12600	1018	57	268	4952138
10606	12588	1023	57	268	4952148
10718	12578	1023	57	267	4952158
10836	12570	1023	57	267	4952168
10955	12570	1023	56	267	4952178
11072	12570	1023	56	267	4952188
11182	12564	1023	56	267	4952198
11281	12564	1023	56	267	4952208
11375	12564	1023	56	267	4952218
11461	12564	1023	56	267	4952228
11542	12556	1023	56	267	4952238
11621	12556	1023	56	266	4952248
11693	12556	1023	56	266	4952258
11763	12556	1023	56	264	4952268
11823	12556	1023	56	264	4952278
11872	12556	1023	56	264	4952288
11912	12556	1023	56	264	4952298
11940	12556	1023	56	264	4952308
11962	12556	1023	56	264	4952318
11975	12556	1023	56	264	4952328
11983	12563	1006	56	264.333	4952388
11975	12563	783	56	266	4952398
11963	12563	203	57	267	4952418
21
12011	12639	24	56	279	4953096
12003	12655	121	56	279	4953106
11995	12664	261	56	279	4953116
11995	12674	381	56	279	4953126
11995	12685	478	56	279	4953136
11995	12691	551	56	279	4953146
11988	12691	621	56	279	4953176
11988	12684	681	56	279	4953186
11988	12662	734	56	279	4953196
11988	12628	778	56	279	4953206
11988	12585	838	56	279	4953216
11988	12534	874	56	279	4953226
12000	12481	911	56	279	4953236
12008	12430	931	56	279	4953246
12015	12385	940	56	279	4953256
12022	12346	956	56	279	4953266
12022	12320	956	56	279	4953276
12022	12305	958	56	279	4953286
12029	12297	913	57.2	278.6	4953336
12029	12303	591	58	276	4953346
12029	12313	1	58	276	4953366
32
12021	12600	171	56	279	4954860
11992	12629	252	56	279	4954870
11985	12641	352	55	279	4954880
11985	12652	439	55	279	4954890
11985	12662	532	55	279	4954900
11985	12670	585	55	279	4954910
11991	12670	624	55	279	4954930
12010	12670	657	55	279	4954940
12032	12670	674	55	279	4954950
12068	12670	702	55	279	4954960
12115	12656	720	55	279	4954970
12165	12642	735	55	279	4954980
12218	12624	750	55	279	4954990
12266	12600	765	55	279	4955000
12305	12574	766	55	277	4955010
12336	12543	776	55	277	4955020
12358	12508	786	55	276	4955030
12371	12473	789	55	276	4955040
12371	12438	796	55	276	4955050
12377	12404	816	55	274	4955060
12371	12372	825	55	274	4955070
12357	12340	838	55	273	4955080
12336	12308	849	55	273	4955090
12307	12279	854	56	273	4955100
12270	12255	864	56	273	4955110
12224	12234	871	56	273	4955120
12174	12220	869	57	273	4955130
12125	12211	866	57	273	4955140
12082	12211	858	57	273	4955150
12051	12211	828	57	273	4955160
12032	12211	734	58	273	4955170
12023	12211	203	58	275	4955190
147
9410	12415	42	52	289	4956240
9402	12431	85	52	289	4956250
9402	12440	158	52	289	4956260
9390	12453	231	52	289	4956270
9382	12453	290	52	289	4956280
9374	12461	344	52	289	4956290
9364	12461	377	52	289	4956300
9354	12461	409	52	289	4956310
9341	12448	432	52	289	4956320
9328	12440	455	52	289	4956330
9315	12429	477	52	289	4956340
9306	12420	501	52	288.5	4956360
9306	12412	563	51	290.6	4956410
9314	12412	592	51	291	4956420
9324	12412	597	51	291	4956430
9339	12412	596	51	291	4956440
9355	12412	598	51	291	4956450
9368	12412	599	51	291	4956460
9379	12419	607	51	291	4956480
9392	12428	613	51	291	4956490
9399	12434	620	51	291	4956500
9399	12442	627	51	291	4956510
9406	12450	638	51	290	4956520
9406	12457	650	51.5	289	4956540
9406	12467	662	52	288	4956550
9398	12467	673	52	288	4956560
9391	12467	679	52	288	4956570
9385	12467	681	52	288	4956580
9375	12467	684	52	288	4956590
9366	12467	687	52	288	4956600
9357	12461	689	52	288	4956610
9347	12452	691	52	288	4956620
9339	12437	696	52	288	4956630
9332	12422	685	52	288	4956640
9332	12407	681	52	288	4956650
9332	12390	683	52	288	4956660
9342	12378	680	52	288	4956670
9353	12367	683	51	290	4956680
9366	12357	689	51	290	4956690
9379	12357	696	51	291	4956700
9391	12357	694	51	291	4956710
9405	12371	697	51	291	4956720
9415	12388	691	51	290	4956730
9415	12409	692	51	290	4956740
9415	12430	689	52	288	4956750
9415	12448	695	52	288	4956760
9397	12460	693	52	288	4956770
9379	12460	693	52	288	4956780
9363	12460	697	52	288	4956790
9345	12446	708	52	288	4956800
9331	12427	705	52	288	4956810
9322	12408	702	52	288	4956820
9315	12389	704	52	288	4956830
9315	12374	712	52	288	4956840
9333	12362	709	52	288	4956850
9355	12353	717	52	288	4956860
9381	12353	718	52	288	4956870
9409	12353	718	52	288	4956880
9435	12367	715	52	288	4956890
9453	12383	716	52	288	4956900
9463	12402	710	52	288	4956910
9463	12419	712	52	288	4956920
9455	12434	712	52	288	4956930
9438	12444	710	52	288	4956940
9420	12444	712	52	288	4956950
9400	12444	713	52	288	4956960
9383	12444	715	52	288	4956970
9372	12432	714	52	288	4956980
9364	12423	715	52	288	4956990
9364	12414	714	52	288	4957000
9358	12406	714	52	287	4957020
9358	12400	730	52	287.714	4957090
9365	12400	756	52	288	4957100
9373	12400	772	52	288	4957110
9385	12400	795	52	288	4957120
9400	12400	801	52	288	4957130
9417	12400	814	52	288	4957140
9439	12400	825	52	288	4957150
9463	12400	827	52	287	4957160
9485	12400	831	52	287	4957170
9514	12400	851	52	286	4957180
9541	12400	854	52	286	4957190
9575	12400	864	52	284	4957200
9614	12400	867	52	284	4957210
9654	12400	871	52	283	4957220
9699	12400	874	52	283	4957230
9747	12400	884	52	282	4957240
9802	12391	898	52	282	4957250
9864	12391	906	53	281	4957260
9932	12385	913	53	281	4957270
10009	12385	917	53	281	4957280
10089	12385	917	53	279	4957290
10170	12385	918	53	279	4957300
10248	12385	921	53	278	4957310
10320	12385	924	53	278	4957320
10386	12376	926	53	278	4957330
10446	12369	927	53	278	4957340
10502	12362	929	53	278	4957350
10555	12362	932	53	277	4957360
10611	12362	933	53	277	4957370
10669	12354	932	53	275	4957380
10728	12354	933	53	275	4957390
10789	12354	941	53	275	4957400
10845	12347	941	53	274	4957410
10898	12347	942	53	274	4957420
10947	12347	944	53	273	4957430
10992	12347	950	53	273	4957440
11038	12347	951	53	271	4957450
11082	12340	951	53	271	4957460
11120	12340	954	53	270	4957470
11160	12340	957	53	270	4957480
11201	12340	956	53	270	4957490
11239	12340	957	53	270	4957500
11280	12340	959	53	270	4957510
11321	12340	966	53	270	4957520
11357	12340	970	53	270	4957530
11393	12340	972	53	270	4957540
11434	12340	978	53	270	4957550
11468	12333	979	53	270	4957560
11502	12333	980	53	270	4957570
11538	12333	981	53	270	4957580
11568	12333	984	53	270	4957590
11600	12333	984	53	270	4957600
11627	12326	985	53	270	4957610
11652	12326	987	53	269	4957620
11680	12326	987	53	269	4957630
11709	12326	988	53	267	4957640
11737	12326	988	53	267	4957650
11766	12326	991	53	267	4957660
11792	12333	990	53	267	4957670
11818	12333	990	53	267	4957680
11843	12333	990	53	266	4957690
11863	12333	991	53	266	4957700
11884	12333	993	53	265	4957710
11900	12333	992	54	265	4957720
11915	12333	994	54	265	4957730
11932	12340	994	55	264	4957740
11944	12340	993	55	263	4957750
11957	12340	995	55	263	4957760
11971	12340	995	55	263	4957770
11985	12340	995	55	263	4957780
12000	12340	995	55	264	4957790
12010	12340	995	55	264	4957800
12017	12340	995	55	264	4957830
12026	12340	995	55	264	4957860
12033	12340	1001	54.4	264.6	4957910
12033	12346	775	54.4286	264.571	4957980
24
12405	12455	61	54	278	4959296
12382	12455	157	54	278	4959306
12371	12455	246	54	278	4959316
12363	12455	343	54	278	4959326
12363	12462	462	53.5	278	4959346
12363	12468	616	53	277.5	4959386
12372	12468	708	53	275	4959396
12379	12468	747	53	275	4959406
12393	12460	772	52	275	4959416
12417	12460	801	52	275	4959426
12453	12460	822	52	275	4959436
12501	12453	843	52	274	4959446
12555	12453	854	52	274	4959456
12618	12453	878	52	273	4959466
12686	12444	889	52	273	4959476
12758	12444	900	52	273	4959486
12829	12432	906	52	273	4959496
12889	12425	918	52	273	4959506
12936	12417	929	52	271	4959516
12971	12411	936	52	271	4959526
12997	12411	944	52	270	4959536
13016	12411	958	52	270	4959546
13029	12411	975	52	270	4959566
13038	12411	919	52	270	4959776
231
7098	11992	65	52	300	4961669
7088	11985	282	52.6667	298.667	4961699
7088	11995	474	53	298	4961719
7088	12002	607	53	298	4961778
7079	12002	666	53	298	4961788
7079	11993	669	53	298	4961798
7071	11985	676	53	299	4961808
7071	11973	679	53	299	4961818
7061	11959	680	53	299	4961828
7061	11943	688	53	299	4961838
7061	11928	682	53	299	4961848
7073	11918	685	53	298	4961858
7086	11910	683	53	298	4961868
7102	11910	681	53	298	4961878
7118	11910	688	53	298	4961888
7134	11920	687	53	298	4961898
7145	11931	687	53	298	4961908
7153	11946	693	53	298	4961918
7153	11960	686	53	298	4961928
7153	11975	692	53	298	4961938
7141	11988	701	53	298	4961948
7130	11996	724	53	298	4961958
7119	11996	725	53	298	4961968
7099	11996	729	52	300	4961978
7080	11981	733	52	300	4961988
7060	11964	735	52	301	4961998
7039	11941	742	52	301	4962008
7029	11920	747	52	301	4962018
7029	11901	743	52	301	4962028
7029	11884	745	52	300	4962038
7029	11872	745	52	300	4962048
7048	11864	761	53	298	4962058
7066	11864	764	53	299	4962068
7088	11864	759	53	299	4962078
7110	11881	754	53	299	4962088
7130	11901	750	53	299	4962098
7143	11925	742	53	301	4962108
7151	11952	740	53	301	4962118
7151	11975	740	53	302	4962128
7140	11992	758	53	302	4962138
7123	12000	758	53	302	4962148
7101	12000	770	53	302	4962158
7080	11989	770	53	301	4962168
7061	11975	771	53	301	4962178
7049	11958	770	53	299	4962188
7042	11939	771	53	299	4962198
7042	11917	769	53	299	4962208
7042	11893	775	53	299	4962218
7057	11871	776	53	299	4962228
7073	11854	779	53	299	4962238
7095	11845	783	53	299	4962248
7115	11845	786	53	298	4962258
7135	11858	777	53	298	4962268
7152	11879	777	53	298	4962278
7160	11905	778	53	298	4962288
7160	11928	779	53	298	4962298
7160	11946	792	53	298	4962308
7153	11953	798	53	298	4962328
7144	11953	801	53	298	4962338
7137	11953	801	53	298	4962348
7125	11943	800	53	298	4962358
7114	11933	799	53	298	4962368
7104	11921	799	53	298	4962378
7104	11912	781	53	298	4962398
7104	11902	775	53	298	4962418
7114	11902	785	53	298	4962438
7121	11910	807	53	298	4962448
7121	11920	824	53	298	4962458
7121	11928	850	53	298	4962468
7112	11928	875	53	298	4962478
7112	11936	899	53	297.75	4962518
7106	11936	913	53	296.5	4962538
7106	11928	924	52.75	295.75	4962578
7106	11922	924	53	293.333	4962608
7114	11922	927	53	292	4962618
7114	11913	933	53	292	4962628
7132	11913	937	53	291	4962638
7152	11913	940	53	291	4962648
7178	11907	940	52	289	4962658
7214	11907	941	52	289	4962668
7260	11915	942	52	289	4962678
7313	11915	940	52	289	4962688
7376	11927	940	53	288	4962698
7446	11927	945	53	288	4962708
7516	11934	945	53	286	4962718
7590	11934	948	53	286	4962728
7662	11934	949	53	286	4962738
7731	11934	948	53	285	4962748
7802	11926	950	53	285	4962758
7875	11926	950	53	284	4962768
7952	11917	952	53	284	4962778
8031	11910	951	53	284	4962788
8108	11910	951	53	284	4962798
8183	11901	951	53	284	4962808
8257	11901	951	53	284	4962818
8333	11894	951	53	284	4962828
8411	11894	951	53	282	4962838
8491	11894	955	53	282	4962848
8575	11894	954	53	281	4962858
8659	11894	955	53	281	4962868
8746	11894	957	53	281	4962878
8832	11894	955	54	281	4962888
8916	11886	958	54	281	4962898
9000	11886	958	55	280	4962908
9079	11886	957	55	280	4962918
9160	11886	961	55	279	4962928
9243	11886	960	55	279	4962938
9330	11886	965	55	279	4962948
9415	11886	967	55	277	4962958
9500	11886	971	55	277	4962968
9584	11886	970	55	276	4962978
9663	11886	973	55	276	4962988
9748	11886	972	55	274	4962998
9832	11886	975	55	274	4963008
9920	11879	977	55	273	4963018
10010	11879	980	56	273	4963028
10093	11873	984	56	273	4963038
10174	11873	986	56	273	4963048
10258	11863	987	56	273	4963058
10339	11863	987	56	271	4963068
10426	11855	993	56	271	4963078
10515	11855	994	56	270	4963088
10595	11855	998	56	270	4963098
10676	11855	998	56	270	4963108
10757	11855	998	56	270	4963118
10841	11847	999	56	270	4963128
10927	11847	1001	56	270	4963138
11011	11839	999	56	270	4963148
11088	11839	1002	56	270	4963158
11162	11830	1001	56	270	4963168
11234	11830	1001	56	269	4963178
11306	11821	1001	57	268	4963188
11385	11821	1006	57	267	4963198
11458	11809	1004	57	267	4963208
11531	11809	1007	57	267	4963218
11601	11799	1009	57	267	4963228
11663	11799	1010	57	267	4963238
11729	11799	1011	57	267	4963248
11792	11799	1015	57	267	4963258
11854	11792	1014	57	267	4963268
11921	11792	1016	57	265	4963278
11988	11792	1015	57	265	4963288
12060	11792	1014	57	264	4963298
12134	11792	1013	57	264	4963308
12208	11792	1013	57	264	4963318
12272	11792	1014	57	264	4963328
12330	11792	1013	57	264	4963338
12385	11792	1019	58	264	4963348
12432	11792	1018	58	264	4963358
12479	11786	1018	58	264	4963368
12526	11786	1019	58	264	4963378
12578	11786	1019	58	264	4963388
12633	11786	1019	58	264	4963398
12691	11778	1021	58	264	4963408
12747	11778	1018	58	264	4963418
12798	11771	1018	58	264	4963428
12843	11771	1017	58	264	4963438
12884	11771	1018	58	264	4963448
12915	11764	1018	58	264	4963458
12934	11764	1018	58	264	4963468
12946	11764	1018	58	264	4963478
12955	11764	1021	58	264	4963488
12970	11764	1021	58	264	4963498
12985	11764	1018	58	264	4963508
13000	11757	1020	58	264	4963518
13014	11757	1023	58	264	4963528
13023	11757	1023	58	264	4963538
13034	11757	1023	58	265	4963548
13045	11757	1023	58	265	4963558
13054	11757	1023	58	267	4963568
13065	11757	1023	58	267	4963578
13078	11757	1023	58	267	4963588
13095	11757	1023	58	267	4963598
13116	11757	1023	58	267	4963608
13136	11757	1023	58	267	4963618
13153	11757	1023	58	267	4963628
13167	11757	1023	58	267	4963638
13178	11757	1023	58	267	4963648
13186	11751	1023	58	267.909	4963868
13186	11763	1023	58	270	4963878
13186	11781	1023	58	270	4963888
13186	11806	1023	57	270	4963898
13186	11838	1023	57	272	4963908
13186	11874	1023	57	272	4963918
13186	11909	1023	57	273	4963928
13186	11942	1023	57	273	4963938
13179	11974	1023	57	273	4963948
13179	12000	1023	57	273	4963958
13179	12019	1023	57	273	4963968
13179	12033	1023	57	273	4963978
13171	12042	1023	57	273	4963998
13171	12051	1023	57	273	4964038
13171	12057	1023	57	275	4964088
13171	12064	1023	57	276	4964108
13171	12073	1023	57	276	4964118
13171	12083	1023	57	276	4964128
13180	12097	1023	57	276	4964138
13180	12109	1023	57	276	4964148
13180	12122	1023	56	276	4964158
13188	12132	1023	56	276	4964168
13188	12141	1023	56	276	4964178
13188	12149	1023	57	276	4964188
13188	12159	1023	57	276	4964198
13188	12168	1023	57	276	4964208
13188	12176	1023	57	276	4964228
13188	12185	1023	57	276	4964248
13188	12193	1023	57	276	4964258
13182	12193	1023	57	276	4964278
13182	12200	1023	57	276	4964468
13197	12200	1023	57	276	4964478
13217	12200	1023	56	276	4964488
13249	12200	1023	57	276	4964498
13292	12200	1023	57	275	4964508
13340	12200	1023	57	275	4964518
13388	12200	1023	57	273	4964528
13435	12200	1023	57	273	4964538
13479	12200	1023	57	273	4964548
13522	12200	1023	57	273	4964558
13569	12200	1023	57	273	4964568
13620	12200	1023	57	272	4964578
13680	12200	1023	57	272	4964588
13750	12200	1023	57	270	4964598
13819	12200	1023	57	270	4964608
13885	12200	1023	57	270	4964618
13939	12200	1023	57	270	4964628
13977	12200	1023	57	270	4964638
14002	12200	1023	57	268	4964648
14016	12200	1023	57	267.5	4964668
14024	12200	907	57	267	4964688
14017	12200	465	57	267	4964698
14003	12200	4	57	267	4964718
27
12933	12372	132	52.5	275	4965023
12925	12372	336	53	275	4965043
12925	12378	512	53	275	4965073
12925	12385	607	53	275	4965083
12937	12385	647	53	275	4965093
12946	12385	694	53	275	4965103
12961	12385	722	53	275	4965113
12985	12385	758	53	275	4965123
13014	12385	791	53	275	4965133
13053	12385	831	53	275	4965143
13100	12385	858	53	275	4965153
13152	12385	866	52	275	4965163
13213	12385	870	52	274	4965173
13279	12385	887	52	274	4965183
13349	12385	912	52	273	4965193
13424	12385	928	52	273	4965203
13504	12378	949	52	271	4965213
13584	12378	956	52	271	4965223
13663	12368	965	52	270	4965233
13740	12368	966	52	270	4965243
13811	12361	970	52	270	4965253
13875	12361	973	52	270	4965263
13928	12353	982	52	270	4965273
13970	12346	987	52	269	4965283
13997	12346	987	52	269	4965293
14011	12338	988	52	267	4965303
14020	12338	687	52.4	266.4	4965353
53
13175	12986	97	50	275	4965757
13169	12993	198	50	275	4965767
13160	12993	319	51	275	4965777
13160	13003	388	51	275	4965787
13153	13010	466	51	275	4965807
13153	13019	567	51	275	4965857
13153	13013	636	52	275	4965867
13153	13003	633	52	275	4965877
13153	12992	642	52	275	4965887
13162	12972	680	52	275	4965897
13162	12945	706	52	275	4965907
13170	12910	735	52	275	4965917
13170	12867	746	51	275	4965927
13179	12826	761	51	275	4965937
13179	12789	769	51	275	4965947
13187	12761	776	51	275	4965957
13187	12738	786	51	275	4965967
13187	12722	791	51	275	4965977
13195	12714	793	51	275	4965987
13195	12706	794	51	275	4966067
13195	12700	787	51	275	4966087
13195	12693	787	51	275	4966107
13195	12683	789	51	275	4966117
13202	12683	788	51	275	4966127
13202	12673	796	51	275	4966217
13209	12673	812	51	275	4966237
13225	12665	818	51	275	4966247
13236	12665	821	51	275	4966257
13247	12665	822	51	275	4966266
13258	12665	824	51	274	4966276
13271	12658	826	51	274	4966286
13290	12658	836	51	272	4966296
13316	12652	837	51	272	4966306
13349	12652	838	51	272	4966316
13392	12645	844	51	271	4966326
13440	12645	846	51	271	4966336
13489	12645	845	51	270	4966346
13538	12637	853	51	270	4966356
13584	12630	862	51	270	4966366
13630	12624	865	51	270	4966376
13679	12617	869	51	269	4966386
13739	12617	877	51	269	4966396
13800	12610	887	51	268	4966406
13864	12610	891	51	268	4966416
13924	12610	894	51	268	4966426
13976	12599	899	51	268	4966436
14018	12599	904	51	268	4966446
14049	12591	906	51	268	4966456
14070	12591	911	51	268	4966466
14085	12591	918	51	268	4966476
14091	12591	933	51	268	4966526
14098	12591	870	51	268	4966566
14087	12583	178	51	268	4966586
25
14015	12696	103	58	290	4968109
14009	12696	290	58	290	4968129
13995	12696	462	57	289	4968139
13986	12696	527	57	289	4968149
13978	12696	585	57	289	4968159
13971	12696	785	58	286.308	4968289
13982	12696	885	58	286	4968299
13996	12684	888	58	286	4968309
14014	12673	891	59	287	4968319
14035	12657	903	59	287	4968329
14055	12629	916	59	287	4968339
14074	12596	924	59	287	4968349
14089	12549	933	59	287	4968359
14097	12492	943	59	287	4968369
14097	12424	957	59	287	4968379
14085	12349	964	59	287	4968389
14070	12274	986	59	287	4968399
14050	12198	1005	60	288	4968409
14029	12132	1019	60	288	4968419
14013	12075	1023	60	288	4968429
13994	12028	1023	61	288	4968439
13981	11996	1023	61	288	4968449
13973	11976	1023	61	288	4968459
13965	11964	966	62.6	289.6	4968509
13974	11974	181	63	290	4968529
23
14069	12684	310	58	283	4968885
14046	12700	458	58	283	4968895
14037	12700	614	58	283	4968905
14030	12710	714	58	283	4968925
14030	12717	769	58	283	4968935
14052	12717	793	58	283	4968945
14084	12717	827	58	283	4968955
14131	12717	844	58	283	4968965
14192	12708	862	58	283	4968975
14262	12692	884	58	283	4968985
14330	12669	908	58	283	4968995
14398	12635	929	58	282	4969005
14460	12597	943	58	282	4969015
14520	12559	957	59	280	4969025
14574	12520	965	59	280	4969035
14624	12484	977	59	280	4969045
14670	12449	998	59	278	4969055
14710	12420	1000	59	278	4969065
14744	12395	1017	59	277	4969075
14768	12373	1023	59	277	4969085
14785	12359	1023	59	277	4969095
14793	12348	987	59.75	274	4969135
14793	12357	321	60	273	4969155
38
13900	11993	58	61	288	4969489
13892	11984	362	61.3333	288.333	4969519
13903	11976	592	62	289	4969529
13916	11969	678	62	289	4969539
13936	11962	748	62	289	4969549
13965	11955	787	62	289	4969559
14003	11955	837	62	287	4969569
14055	11949	860	62	287	4969579
14113	11949	896	62	285	4969589
14184	11955	917	62	285	4969599
14258	11963	927	62	285	4969609
14330	11971	932	62	285	4969619
14400	11982	938	63	286	4969629
14464	11999	943	63	286	4969639
14524	12020	945	63	286	4969649
14582	12049	946	63	286	4969659
14635	12083	955	63	284	4969669
14679	12117	956	63	284	4969679
14718	12155	970	63	282	4969689
14747	12189	978	63	282	4969699
14767	12219	1014	63	282	4969709
14781	12241	1023	63	282	4969719
14781	12255	1023	64	280	4969729
14788	12269	1023	64	280	4969739
14788	12279	1023	64	278	4969749
14788	12286	1023	64	278	4969759
14788	12293	1023	64	278	4969779
14781	12293	1023	64	278	4969789
14781	12299	1023	64	278	4969809
14781	12306	1023	63.625	278	4969889
14781	12315	1023	63	278	4969899
14781	12322	1023	63	278	4969909
14781	12328	1023	63	278	4969919
14781	12336	1023	62	277	4969939
14781	12343	1023	62	277	4969959
14788	12352	1023	61	277	4969979
14788	12361	1023	61	277	4970009
14794	12361	890	61	277	4970139
71
14807	12390	194	59	294	4971613
14781	12376	269	59	294	4971623
14764	12376	393	59	294	4971633
14757	12369	555	59	294	4971663
14767	12378	651	58	293	4971673
14780	12378	709	58	293	4971683
14795	12378	743	58	292	4971693
14809	12378	765	58	292	4971703
14827	12378	793	58	290	4971713
14851	12378	821	58	290	4971723
14890	12378	839	57	289	4971733
14946	12385	849	57	289	4971743
15020	12391	873	57	289	4971753
15112	12391	892	57	289	4971763
15217	12401	902	57	289	4971773
15327	12401	911	57	289	4971783
15435	12394	920	58	288	4971793
15541	12394	920	58	288	4971803
15643	12384	923	58	286	4971813
15739	12384	922	58	286	4971823
15823	12374	926	58	286	4971833
15886	12374	928	58	286	4971843
15929	12368	935	58	286	4971853
15954	12368	941	58	286	4971863
15967	12368	953	58	285	4971873
15974	12368	972	59	284.333	4971903
15980	12368	990	59	284	4971933
15987	12368	1000	59	284	4971943
15987	12377	1009	59	284	4971953
15993	12386	1006	59	284	4971963
15993	12401	1014	59	284	4971973
16001	12419	1011	59	284	4971983
16007	12449	1009	59	284	4971993
16014	12483	1009	59	284	4972003
16024	12526	1010	59	284	4972013
16034	12578	1012	59	284	4972023
16041	12617	1010	59	284	4972033
16050	12677	1013	59	284	4972043
16050	12736	1014	59	284	4972053
16062	12803	1010	59	284	4972063
16070	12894	1010	58	283	4972073
16070	12977	1005	58	283	4972083
16084	13071	1006	58	283	4972093
16084	13162	1005	58	283	4972103
16091	13249	1001	58	283	4972113
16091	13332	1000	58	283	4972123
16098	13407	996	57	283	4972133
16098	13480	994	57	283	4972143
16106	13549	988	56	282	4972153
16106	13612	994	56	282	4972163
16114	13665	992	55	282	4972173
16114	13707	992	56	280	4972183
16114	13730	994	56	280	4972193
16114	13743	993	55	279	4972203
16114	13750	992	54.5	278.5	4972243
16114	13756	992	53.25	278	4972283
16121	13756	993	52.5	278	4972303
16132	13756	992	52	278	4972313
16159	13756	993	52	278	4972323
16209	13756	998	52	276	4972333
16284	13756	1005	52	276	4972343
16384	13756	1009	52	275	4972353
16502	13756	1023	52	275	4972363
16635	13756	1023	52	275	4972373
16770	13756	1023	52	274	4972383
16894	13756	1023	53	274	4972393
16994	13756	1023	53	273	4972403
17061	13756	1023	53	273	4972413
17100	13749	1023	53	273	4972423
17118	13749	1023	53	271	4972433
17126	13749	621	53	270.25	4972473
22
14988	15346	143	52	283	4972973
14981	15361	295	53	284	4972983
14971	15369	418	53	284	4972993
14971	15382	489	53	284	4973003
14962	15382	543	53	284	4973023
14970	15382	558	53	284	4973033
14978	15372	597	53	284	4973043
14992	15345	653	53	284	4973053
15007	15296	697	53	284	4973063
15022	15218	763	53	282	4973073
15032	15117	800	53	282	4973083
15032	15000	845	53	281	4973093
15032	14879	874	53	281	4973103
15032	14761	915	53	281	4973113
15032	14655	931	53	281	4973123
15032	14570	942	53	281	4973133
15032	14501	959	53	281	4973143
15032	14451	962	54	281	4973153
15039	14416	956	54	281	4973163
15039	14394	915	54	281	4973173
15039	14384	786	54	281	4973183
15048	14384	83	55	282	4973203
67
15072	14459	26	52	279	4973745
15054	14468	85	52	280	4973755
15046	14468	240	52	280	4973785
15046	14475	443	52	280	4973835
15037	14469	510	52	280	4973845
15037	14457	540	52	280	4973855
15037	14440	566	52	280	4973865
15037	14414	580	52	280	4973875
15037	14376	627	52	280	4973885
15037	14328	678	52	280	4973895
15045	14268	713	52	280	4973905
15045	14203	745	52	280	4973915
15051	14141	788	52	280	4973925
15051	14081	808	53	281	4973935
15061	14029	818	53	281	4973945
15068	13982	829	53	281	4973955
15075	13946	830	53	281	4973965
15075	13923	838	53	281	4973975
15083	13910	911	54.4667	279.267	4974125
15090	13910	920	55	279	4974145
15097	13910	919	54	278	4974155
15107	13910	924	54	278	4974165
15127	13910	926	54	278	4974175
15159	13917	931	54	278	4974185
15203	13917	934	54	278	4974195
15252	13917	933	54	278	4974205
15302	13917	935	54	277	4974215
15349	13917	936	54	277	4974225
15393	13917	936	54	275	4974235
15435	13917	935	54	275	4974245
15475	13917	937	54	275	4974255
15517	13917	940	54	275	4974265
15561	13917	941	54	275	4974275
15606	13917	940	54	274	4974285
15654	13917	941	54	274	4974295
15701	13917	940	54	273	4974305
15751	13917	939	54	273	4974315
15801	13917	939	54	273	4974325
15850	13917	940	54	273	4974335
15897	13917	941	54	273	4974345
15943	13917	939	54	273	4974355
15989	13917	939	54	273	4974365
16033	13917	939	54	273	4974375
16074	13917	939	54	273	4974385
16114	13917	941	54	271	4974395
16156	13917	940	54	271	4974405
16203	13917	940	55	270	4974415
16253	13910	941	55	270	4974425
16305	13910	942	55	270	4974435
16356	13910	944	55	270	4974445
16408	13902	943	55	270	4974455
16463	13902	947	55	270	4974465
16516	13902	944	55	270	4974475
16567	13902	948	55	269	4974485
16620	13902	949	55	269	4974495
16669	13902	950	55	267	4974505
16725	13902	954	55	267	4974515
16780	13902	957	55	267	4974525
16832	13908	956	55	267	4974535
16881	13908	958	55	267	4974545
16920	13908	958	55	267	4974555
16958	13908	958	55	266	4974565
16987	13908	961	55	266	4974575
17006	13908	964	55	264	4974585
17017	13908	967	55	264	4974605
17025	13908	933	55.1667	264	4974665
17031	13908	214	56	264	4974695
19
17067	14028	143	55	279	4975225
17067	14053	267	55	279	4975235
17067	14069	396	55	280	4975245
17067	14086	542	56	280	4975255
17067	14100	625	55	282	4975265
17067	14109	736	55.25	281.5	4975305
17067	14096	816	56	280	4975315
17067	14063	861	56	279	4975325
17077	14011	910	56	279	4975335
17077	13936	962	57	279	4975345
17085	13849	992	57	279	4975355
17085	13760	1023	57	279	4975365
17085	13677	1023	57	279	4975375
17085	13609	1023	57	279	4975385
17085	13557	1023	57	279	4975395
17085	13518	1023	57	279	4975405
17085	13494	1023	57	279	4975415
17085	13482	994	57	277.4	4975465
17076	13500	342	58	277	4975485
28
17113	14112	372	54	278	4975721
17078	14122	469	54	278	4975731
17070	14122	590	54	277	4975741
17070	14128	649	54	277	4975751
17086	14128	715	55	276	4975761
17120	14128	746	55	276	4975771
17175	14128	789	55	276	4975781
17245	14128	811	55	276	4975791
17325	14110	830	55	276	4975801
17407	14085	843	55	274	4975811
17483	14051	872	55	274	4975821
17550	14009	877	55	273	4975831
17602	13960	893	56	273	4975841
17638	13902	913	56	271	4975851
17659	13841	926	56	271	4975861
17668	13781	940	56	270	4975871
17668	13722	958	56	270	4975881
17648	13670	961	56	269	4975891
17619	13625	972	56	269	4975901
17572	13585	981	56	267	4975911
17509	13549	985	56	267	4975921
17435	13520	994	56	267	4975931
17352	13497	998	56	267	4975941
17273	13481	998	56	267	4975951
17205	13469	998	57	267	4975961
17157	13469	978	57	268	4975971
17128	13469	911	57	268	4975981
17114	13469	355	57	270	4976001
18
17739	13834	103	61	285	4976637
17698	13834	275	59	284	4976647
17677	13847	406	58	283	4976657
17655	13857	547	57	283	4976667
17642	13867	668	56	282	4976677
17636	13873	799	55	282	4976707
17645	13873	903	56	280	4976717
17664	13873	937	56	280	4976727
17710	13873	971	56	279	4976737
17784	13873	1007	56	279	4976747
17890	13881	1023	56	279	4976757
18021	13887	1023	57	279	4976767
18148	13895	1023	57	278	4976777
18254	13895	1023	57	278	4976787
18330	13895	1023	57	276	4976797
18372	13895	1023	57	276	4976807
18390	13895	1023	57	275	4976817
18398	13895	622	57	273.333	4976877
14
18637	14056	401	55	282	4978233
18605	14075	485	55	282	4978243
18593	14082	599	55	282	4978253
18582	14093	686	55	282	4978283
18604	14079	775	56	282	4978293
18631	14058	816	57	281	4978303
18668	14028	858	57	281	4978313
18714	13992	895	57	279	4978323
18760	13951	911	57	279	4978333
18806	13908	921	57	279	4978343
18846	13872	919	57	279	4978353
18875	13842	901	58	280	4978363
18894	13822	859	58	280	4978373
18904	13812	341	58	280	4978413
24
19037	14078	468	57	279	4978501
19078	14078	547	57	279	4978521
19078	14059	653	57	279	4978531
19065	14037	699	57	279	4978541
19042	14007	721	57	279	4978551
19013	13971	757	57	279	4978561
18976	13930	776	57	279	4978571
18935	13888	793	57	279	4978581
18900	13854	801	57	279	4978591
18868	13826	814	57	279	4978601
18844	13809	832	57	279	4978611
18834	13801	852	58	280	4978621
18827	13801	866	58	280	4978631
18827	13795	895	58.8125	280	4978791
18836	13774	936	59	280	4978801
18844	13743	960	59	280	4978811
18855	13693	998	60	280	4978821
18864	13631	1013	60	280	4978831
18864	13560	1023	60	280	4978841
18871	13496	1023	60	280	4978851
18871	13448	1023	60	280	4978861
18871	13417	1023	60	280	4978871
18871	13404	1000	60.5	280.5	4978911
18871	13420	353	61	281	4978931
