71
24
1665	11430	140	57	270	2383746
1659	11446	242	57	270	2383756
1659	11453	355	57	270	2383766
1659	11460	492	57	270	2383786
1659	11467	557	57	268	2383806
1659	11452	613	57	267	2383816
1648	11428	628	57	267	2383825
1634	11392	644	57	267	2383835
1618	11345	669	57	268	2383845
1602	11290	675	57	268	2383855
1592	11236	697	57	270	2383865
1592	11185	724	57	272	2383875
1592	11138	743	57	272	2383885
1592	11102	755	58	273	2383895
1614	11074	785	58	273	2383905
1638	11057	805	58	273	2383915
1672	11051	821	58	273	2383925
1713	11051	823	59	275	2383935
1755	11051	823	59	275	2383945
1791	11051	818	59	277	2383955
1820	11060	794	60	277	2383965
1840	11060	746	60	277	2383975
1853	11075	659	60	277	2383985
1853	11089	223	60	276	2384005
11
1691	11234	425	59	270	2384070
1643	11226	483	59	270	2384080
1630	11216	665	59	270	2384099
1638	11223	737	59	270	2384109
1665	11232	771	59	270	2384119
1705	11245	784	59	270	2384129
1755	11262	792	59	270	2384139
1801	11280	780	59	270	2384149
1844	11298	750	59	270	2384159
1874	11315	674	58	270	2384169
1891	11328	246	58.5	270	2384189
10
1760	11486	513	58	268	2384270
1725	11478	538	58	268	2384280
1713	11478	689	57.5	267	2384300
1724	11497	761	57	267	2384310
1750	11511	788	57	267	2384319
1784	11528	793	57	267	2384329
1826	11547	777	57	265	2384339
1865	11562	723	56	266	2384349
1897	11571	581	56	264	2384359
1924	11571	79	56	264	2384379
90
2205	11125	264	58	268	2384510
2226	11125	368	58	268	2384520
2235	11137	455	58	270	2384530
2235	11157	536	58	270	2384540
2244	11178	577	58	270	2384550
2244	11202	598	58	270	2384560
2244	11224	652	58	270	2384570
2230	11241	661	58	270	2384580
2214	11249	663	59	270	2384589
2192	11249	671	59	270	2384599
2165	11226	678	59	270	2384609
2135	11196	680	60	270	2384619
2106	11157	684	60	270	2384629
2085	11115	687	60	270	2384639
2075	11079	690	60	270	2384649
2075	11052	703	60	270	2384659
2084	11033	726	60	270	2384669
2098	11024	739	60	270	2384679
2119	11024	747	60	270	2384689
2145	11032	750	61	270	2384699
2171	11049	745	61	270	2384709
2196	11071	734	61	270	2384719
2215	11095	738	61	270	2384729
2226	11114	740	61	270	2384739
2233	11127	730	61	270	2384769
2233	11112	727	61	270	2384779
2224	11082	728	61	270	2384789
2218	11038	734	62	270	2384799
2209	10977	734	62	270	2384809
2209	10911	740	62	270	2384819
2209	10844	750	62	270	2384829
2209	10781	754	62	270	2384839
2223	10731	757	62	270	2384849
2237	10695	761	62	270	2384859
2252	10671	765	62	270	2384869
2266	10661	785	63	270	2384879
2280	10661	800	63	268	2384889
2293	10673	787	63	268	2384899
2305	10699	785	63	266	2384909
2312	10738	764	64	266	2384919
2312	10791	758	64	266	2384929
2304	10848	742	64	266	2384939
2286	10903	739	64	266	2384949
2260	10949	739	64	266	2384959
2233	10982	741	64	266	2384969
2208	11003	741	64	266	2384979
2190	11013	746	64	266	2384989
2179	11013	749	63	267	2385009
2179	11020	757	63	268	2385019
2189	11020	767	63	270	2385029
2206	11020	772	63	270	2385039
2235	11029	780	63	270	2385049
2272	11039	778	63	270	2385059
2313	11054	777	63	270	2385069
2354	11073	768	62	270	2385079
2391	11097	764	62	270	2385089
2419	11121	763	62	270	2385099
2441	11144	766	62	270	2385109
2455	11168	764	62	270	2385119
2463	11187	766	62	270	2385129
2463	11202	764	62	270	2385139
2472	11212	760	62	270	2385159
2472	11200	762	62	270	2385169
2465	11179	761	62	270	2385179
2465	11150	769	62	270	2385189
2459	11116	777	62	270	2385199
2459	11084	788	62	270	2385209
2459	11056	795	62	270	2385219
2459	11036	800	62	270	2385229
2466	11022	814	62	270	2385249
2473	11022	824	62	270	2385259
2480	11028	822	62	270	2385269
2492	11051	808	62	270	2385279
2510	11086	806	63	270	2385289
2533	11127	799	63	270	2385299
2555	11166	795	63	270	2385309
2576	11197	795	63	270	2385319
2595	11217	797	63	270	2385329
2613	11227	796	63	268	2385339
2627	11227	807	63	268	2385349
2642	11216	817	63	266	2385359
2655	11194	833	63	266	2385369
2666	11162	861	63	266	2385379
2676	11125	881	63	266	2385389
2685	11092	890	63	264	2385399
2692	11064	904	63	264	2385409
2700	11044	905	63	262	2385419
2700	11035	904	63	262	2385429
2710	11035	830	63	262	2385459
2710	11041	173	63	262	2385479
8
3027	11087	603	58	276	2385978
3027	11052	595	58	276	2385988
3015	11042	660	58	276	2385998
3015	11036	689	59	277	2386008
3009	11036	695	59	275	2386028
3022	11029	672	60	273	2386038
3032	11022	573	60	273	2386048
3042	11016	26	60.5	273.5	2386068
33
3577	11286	295	55	274	2387138
3537	11277	345	55	274	2387148
3522	11277	470	55	273	2387158
3514	11287	531	56	273	2387168
3514	11298	561	56	273	2387178
3539	11314	594	56	273	2387188
3570	11333	620	56	273	2387198
3608	11352	660	56	271	2387208
3650	11368	674	56	271	2387218
3689	11379	682	57	270	2387228
3721	11379	683	57	270	2387238
3748	11379	681	57	270	2387248
3765	11359	681	57	268	2387258
3765	11331	683	57	268	2387268
3765	11296	680	57	267	2387278
3750	11253	679	57	267	2387288
3723	11208	680	57	267	2387298
3694	11168	682	57	267	2387308
3664	11130	684	57	267	2387318
3637	11100	689	57	267	2387328
3619	11081	703	58	267	2387338
3609	11069	757	58	267.333	2387368
3625	11069	817	59	268	2387378
3648	11069	836	59	270	2387388
3676	11069	840	59	270	2387398
3709	11077	839	59	270	2387408
3741	11077	839	59	270	2387418
3770	11077	829	59	270	2387428
3796	11083	814	59	270	2387438
3818	11083	779	59	270	2387448
3833	11090	701	59	270	2387458
3841	11090	524	59	270	2387468
3850	11098	15	59	270	2387488
9
4020	11382	479	57	268	2387582
4062	11399	558	57	268	2387592
4077	11406	661	57	267	2387602
4089	11406	725	57	267	2387612
4096	11419	735	57	267	2387622
4105	11419	732	56	267	2387632
4113	11419	687	56	267	2387642
4121	11412	574	56	266	2387652
4127	11401	90	56	265	2387672
6
4161	11306	421	57	264	2387730
4152	11264	563	57	264	2387740
4140	11252	646	58	264	2387750
4131	11245	681	58	265	2387770
4138	11238	658	58	267	2387780
4152	11238	270	58.5	267	2387800
30
2925	9711	49	60	270	2390006
2917	9679	299	60	270	2390016
2917	9659	423	60	270	2390026
2917	9644	537	60	270	2390036
2910	9636	623	60	270	2390046
2910	9629	749	61	270	2390086
2923	9636	809	61	270	2390096
2938	9654	810	61	270	2390106
2958	9687	810	61	270	2390116
2987	9735	803	61	270	2390126
3017	9796	800	61	268	2390136
3045	9867	780	61	268	2390146
3070	9934	775	61	266	2390156
3089	9989	765	61	266	2390166
3103	10030	760	61	266	2390176
3112	10052	751	60	267	2390186
3112	10063	723	60	267	2390196
3120	10063	703	60	265	2390206
3120	10054	707	60	265	2390216
3127	10033	718	60	263	2390226
3135	9995	739	59	263	2390236
3148	9943	746	59	263	2390246
3163	9882	758	59	263	2390256
3178	9817	765	59	263	2390266
3195	9758	770	59	263	2390276
3211	9711	771	59	263	2390286
3226	9676	763	59	263	2390296
3235	9658	748	59	263	2390306
3235	9650	608	59	263	2390326
3228	9665	34	60	263	2390346
9
3065	9728	316	60	263	2390402
3008	9701	457	61	265	2390412
2988	9694	605	61	265	2390422
2978	9694	713	61	266	2390442
3000	9704	739	61	266	2390452
3031	9712	743	61	266	2390462
3070	9719	714	61	266	2390472
3111	9719	595	61	266	2390482
3145	9719	33	61	266	2390502
14
2852	7749	180	59	263	2391106
2867	7778	329	59	263	2391116
2867	7791	467	59	263	2391126
2867	7801	573	59	263	2391156
2867	7781	658	59	263	2391166
2867	7751	674	59	263	2391176
2867	7711	708	59	263	2391186
2867	7670	718	59	263	2391196
2867	7631	723	60	263	2391206
2867	7598	724	60	263	2391216
2867	7570	715	60	263	2391226
2867	7548	678	60	263	2391236
2867	7534	607	60	263	2391246
2867	7527	287	60	263.667	2391276
42
2819	7754	327	60	267	2391346
2804	7785	380	60	267	2391356
2796	7797	539	60	267	2391366
2796	7809	626	60	267	2391376
2796	7824	675	60	267	2391386
2809	7834	690	60	267	2391396
2835	7843	721	60	267	2391406
2872	7850	734	60	265	2391416
2921	7850	742	60	265	2391426
2974	7850	747	60	263	2391436
3028	7850	748	60	263	2391446
3072	7837	747	59	263	2391456
3102	7828	741	59	263	2391466
3116	7816	732	59	263	2391476
3116	7799	725	59	263	2391486
3093	7780	722	59	263	2391496
3060	7755	712	59	263	2391506
3022	7734	709	59	263	2391516
2985	7719	709	59	263	2391526
2958	7710	711	59	263	2391536
2943	7710	714	59	263	2391566
2964	7710	725	59	263	2391576
2993	7723	726	59	263	2391586
3032	7733	728	59	263	2391596
3078	7733	731	59	263	2391606
3127	7740	733	59	263	2391616
3174	7740	739	59	263	2391626
3214	7723	735	59	263	2391636
3244	7704	739	59	263	2391646
3261	7680	744	60	263	2391656
3261	7651	756	60	263	2391666
3254	7618	764	60	263	2391676
3228	7585	771	60	263	2391686
3190	7552	787	60	263	2391696
3144	7525	796	60	263	2391706
3091	7504	795	60	263	2391716
3043	7495	792	60	263	2391726
2996	7495	780	60	263	2391736
2956	7505	750	60	263	2391746
2926	7523	690	61	263	2391756
2901	7543	542	61	263	2391766
2884	7561	103	61	263	2391786
25
3202	5836	259	62	263	2392782
3209	5845	335	62	263	2392792
3209	5854	458	62	263	2392802
3209	5864	553	61	263	2392812
3209	5878	582	61	263	2392822
3209	5889	607	61	263	2392832
3201	5896	628	61	263	2392842
3189	5896	632	61	263	2392852
3170	5903	651	61	263	2392862
3148	5903	680	61	263	2392872
3119	5880	696	61	263	2392882
3089	5853	718	61	263	2392892
3064	5816	747	61	263	2392902
3046	5773	764	61	263	2392912
3046	5730	785	62	263	2392922
3046	5691	803	62	263	2392932
3070	5657	838	62	263	2392942
3106	5631	868	62	263	2392952
3153	5615	887	62	263	2392962
3211	5615	897	62	263	2392972
3275	5615	891	62	263	2392982
3333	5630	878	62	263	2392992
3384	5645	848	62	263	2393002
3420	5657	771	62	263	2393012
3442	5664	280	62	263	2393032
26
3547	9943	25	56	270	2399490
3538	9934	67	56	270	2399510
3538	9927	328	56	270	2399710
3547	9927	534	56	270	2399720
3557	9927	549	56	270	2399730
3576	9927	556	56	270	2399740
3608	9935	573	56	270	2399750
3653	9943	590	56	270	2399760
3709	9954	596	56	270	2399770
3783	9966	612	56	270	2399780
3877	9980	614	56	270	2399790
3991	9995	619	56	270	2399800
4120	10010	632	56	269	2399810
4254	10022	629	56	269	2399820
4384	10033	633	56	267	2399830
4502	10040	630	57	267	2399840
4605	10040	636	57	267	2399850
4692	10048	634	57	267	2399860
4761	10048	636	57	265	2399870
4815	10048	636	57	265	2399880
4860	10048	641	57	264	2399890
4893	10056	640	57	264	2399900
4918	10056	642	57	262	2399910
4934	10063	646	57	262	2399920
4942	10063	650	57	261	2399940
4949	10063	431	56.25	258.25	2400020
47
3999	9917	18	57	267	2400778
3999	9924	65	57	267.833	2400838
3999	9931	86	57	270	2400858
4005	9931	118	57	270	2400908
4005	9938	124	57	270	2400938
4005	9946	125	57	270	2400948
4013	9946	126	57	270	2400958
4013	9956	149	57	270	2400978
4013	9966	223	57	270	2400998
4013	9973	316	57	270	2401018
4013	9982	384	56	270	2401038
4013	9993	459	56	270	2401058
4013	10003	538	56	270	2401088
4013	10010	581	56	270	2401138
4013	9999	603	56	270	2401148
4013	9988	617	56	270	2401158
4013	9973	628	57	270	2401168
4013	9947	643	57	268	2401178
4013	9913	646	57	268	2401188
4005	9870	663	57	267	2401198
4005	9823	677	57	267	2401208
4005	9772	688	57	267	2401218
4013	9720	702	57	267	2401228
4013	9667	709	57	267	2401238
4013	9614	714	57	267	2401248
4013	9563	720	57	267	2401258
4013	9516	726	58	267	2401268
4013	9477	729	58	267	2401278
4020	9444	732	58	267	2401288
4020	9419	732	58	267	2401298
4020	9403	733	59	267	2401308
4020	9395	718	59	268.933	2401458
4031	9395	698	60	270	2401468
4047	9404	700	60	270	2401478
4075	9404	698	60	270	2401488
4118	9417	698	60	270	2401498
4174	9424	691	60	270	2401508
4239	9432	690	60	270	2401518
4312	9438	686	60	270	2401528
4388	9438	684	60	268	2401538
4462	9448	683	60	268	2401548
4526	9448	681	60	267	2401558
4577	9448	682	60	267	2401568
4612	9455	682	60	267	2401578
4635	9455	682	60	265	2401588
4649	9455	682	60	264	2401608
4657	9462	490	60	260.625	2401688
54
4630	9568	167	60	261	2401878
4614	9576	242	60	260	2401888
4605	9586	331	60	260	2401898
4597	9586	416	60	260	2401918
4589	9586	521	59	260	2401948
4589	9580	595	59	260	2401958
4589	9568	660	58	258	2401968
4598	9547	675	58	258	2401978
4598	9519	701	58	257	2401988
4607	9482	716	58	257	2401998
4607	9443	731	58	257	2402008
4607	9401	739	58	257	2402018
4614	9362	744	59	256	2402028
4614	9333	744	59	256	2402038
4614	9315	748	59	256	2402048
4614	9307	765	60.5	257.75	2402088
4614	9319	771	62	259	2402098
4614	9338	770	62	259	2402108
4614	9369	753	62	259	2402118
4614	9411	751	62	259	2402128
4605	9461	750	62	259	2402138
4596	9509	745	62	259	2402148
4585	9552	746	62	259	2402158
4572	9586	745	62	259	2402168
4559	9614	747	62	259	2402178
4547	9633	748	62	259	2402188
4539	9645	749	62	259	2402198
4539	9652	752	61	259	2402208
4531	9652	754	60.3333	259.667	2402238
4542	9652	760	60	260	2402248
4552	9645	764	59	260	2402258
4569	9636	770	59	260	2402268
4597	9624	776	59	260	2402278
4633	9610	778	59	260	2402288
4677	9592	777	58	260	2402298
4722	9572	780	58	260	2402308
4766	9553	777	58	260	2402318
4803	9536	777	59	260	2402328
4834	9519	777	59	260	2402338
4856	9506	776	59	260	2402348
4867	9494	775	59	260	2402358
4867	9484	775	59	260	2402368
4867	9472	786	59	260	2402378
4867	9457	788	59	260	2402388
4845	9436	793	58	258	2402398
4822	9410	799	59	258	2402408
4791	9382	802	59	256	2402418
4756	9353	806	59	256	2402428
4722	9328	809	60	256	2402438
4687	9307	811	60	256	2402448
4659	9291	810	61	255	2402458
4637	9280	807	61	257	2402468
4623	9273	786	61	257	2402478
4615	9273	414	63	258	2402518
29
4924	9484	14	61	263	2402722
4918	9491	76	61	263	2402732
4911	9491	146	61	261	2402752
4911	9498	290	61	259	2402782
4919	9498	559	60.1429	259.857	2402852
4919	9489	652	60	260	2402862
4919	9478	678	60	260	2402872
4919	9468	698	60	260	2402882
4919	9458	714	60	260	2402892
4919	9448	728	60	260	2402902
4933	9448	739	60	260	2402912
4946	9441	753	60	260	2402922
4965	9441	756	60	260	2402932
4988	9441	760	60	260	2402942
5011	9452	764	60	260	2402952
5032	9463	766	60	260	2402962
5049	9478	765	60	260	2402972
5060	9493	768	60	260	2402982
5067	9511	776	60	260	2402992
5067	9530	776	60	260	2403002
5067	9548	784	60	260	2403012
5051	9562	789	60	260	2403022
5032	9571	791	60	260	2403032
5008	9571	787	60	260	2403042
4982	9571	784	60	260	2403052
4956	9571	768	60	260	2403062
4935	9559	716	60	260	2403072
4918	9549	620	60	260	2403082
4906	9536	218	60	260	2403102
12
4941	9523	5	62	263	2403358
4931	9523	80	62	263	2403388
4922	9529	238	62	263	2403418
4916	9529	421	61.3333	263	2403478
4906	9529	540	61	263	2403498
4896	9514	578	61	263	2403508
4896	9505	586	61	263	2403518
4886	9495	597	61	261	2403528
4886	9486	602	61	261	2403538
4877	9486	602	61	259	2403548
4877	9478	581	61	259	2403608
4884	9488	122	61	261	2403628
7
5155	9538	52	60.5714	263	2404198
5147	9538	75	60	263	2404218
5141	9538	92	60	263	2404238
5134	9538	121	60	263	2404278
5127	9538	200	60	263	2404308
5118	9531	219	60	263	2404388
5118	9524	98	60	263	2404438
23
3647	7716	24	56	270	2408094
3639	7708	91	56	270	2408104
3631	7708	346	56	270	2408184
3644	7708	441	56	269	2408194
3658	7708	455	56	269	2408204
3682	7708	515	56	267	2408214
3719	7708	525	56	267	2408224
3771	7719	544	56	267	2408234
3841	7728	550	56	267	2408244
3934	7739	553	56	267	2408254
4050	7753	557	56	267	2408264
4178	7766	560	56	267	2408274
4311	7778	568	56	266	2408284
4438	7788	567	56	266	2408294
4549	7798	573	56	264	2408304
4646	7806	571	56	264	2408314
4726	7813	567	56	263	2408324
4789	7820	567	56	263	2408334
4838	7820	569	56	261	2408344
4875	7831	573	56	261	2408354
4899	7831	570	56	261	2408364
4914	7838	568	56	260	2408374
4922	7838	349	55.25	258.5	2408414
28
3711	5805	16	58	273	2409174
3705	5799	153	58	273	2409214
3705	5792	325	58	273	2409274
3713	5792	446	58	272.5	2409294
3727	5792	488	58	272	2409304
3738	5792	496	58	270	2409314
3758	5792	536	58	270	2409324
3783	5792	543	58	270	2409334
3818	5803	548	57	270	2409344
3863	5812	553	57	270	2409354
3918	5820	558	57	270	2409364
3983	5831	591	57	270	2409374
4057	5839	595	57	270	2409384
4136	5848	599	57	270	2409394
4218	5856	604	57	270	2409404
4304	5863	606	57	270	2409414
4393	5871	612	57	270	2409424
4485	5871	618	57	270	2409434
4572	5882	623	58	268	2409444
4650	5882	632	58	268	2409454
4716	5882	633	58	267	2409464
4770	5892	632	58	267	2409474
4814	5892	637	58	265	2409484
4849	5898	642	58	265	2409494
4877	5898	645	58	264	2409504
4897	5898	656	58	264	2409514
4909	5898	655	58	264	2409524
4916	5905	630	58.3636	260.636	2409744
66
4910	7609	43	58	270	2410760
4910	7618	110	58	270	2410780
4910	7625	185	58	270	2410800
4910	7636	317	58	270	2410820
4910	7646	448	57.5	270	2410860
4917	7646	476	57	270	2410880
4917	7635	524	57	270	2410890
4917	7625	553	57	270	2410900
4925	7614	566	57	270	2410910
4925	7603	590	57	270	2410920
4925	7589	613	57	270	2410930
4932	7576	625	57	270	2410940
4932	7559	649	57	270	2410950
4932	7539	650	57	270	2410960
4939	7516	680	57	270	2410970
4939	7488	686	57	270	2410980
4947	7455	709	58	270	2410990
4947	7416	715	58	270	2411000
4957	7375	718	58	270	2411010
4965	7333	726	58	270	2411020
4971	7288	735	58	270	2411030
4979	7244	742	59	270	2411040
4986	7198	753	59	270	2411050
4995	7151	761	59	270	2411060
5003	7104	766	60	270	2411070
5011	7054	771	60	270	2411080
5018	7003	780	60	270	2411090
5018	6950	784	61	270	2411100
5026	6895	792	61	270	2411110
5026	6841	792	61	270	2411120
5035	6792	798	62	272	2411130
5035	6744	799	62	272	2411140
5042	6699	803	62	274	2411150
5042	6651	810	63	274	2411160
5050	6601	815	63	274	2411170
5050	6549	817	63	274	2411180
5056	6495	817	64	274	2411190
5056	6443	821	64	274	2411200
5056	6391	823	64	274	2411210
5066	6344	830	65	274	2411220
5066	6298	836	65	274	2411230
5066	6254	836	65	274	2411240
5066	6213	838	66	274	2411250
5066	6174	841	66	274	2411260
5066	6136	839	66	274	2411270
5066	6100	841	66	274	2411280
5066	6065	843	67	275	2411290
5066	6033	843	67	275	2411300
5066	6008	839	67	275	2411310
5066	5988	844	68	275	2411320
5066	5974	843	68	275	2411330
5066	5965	842	68	275	2411350
5066	5955	843	68.5	277.5	2411370
5066	5947	843	69	280	2411380
5066	5940	844	69	280	2411400
5066	5931	844	69	280	2411420
5066	5924	843	69.9412	280.941	2411590
5059	5924	828	70	276.5	2411630
5053	5924	816	70	275	2411640
5045	5924	812	70	275	2411650
5029	5924	802	70	275	2411660
5003	5924	787	70	275	2411670
4966	5917	742	70	275	2411680
4919	5917	690	70	275	2411690
4867	5906	566	70	275	2411700
4817	5897	133	70	278	2411720
19
4917	7701	39	59	270	2412248
4917	7694	75	59	270	2412278
4917	7686	100	59	270	2412298
4908	7678	202	59	270	2412318
4901	7678	463	59	270	2412398
4911	7678	628	59	268	2412408
4919	7678	638	59	268	2412418
4935	7678	653	59	267	2412428
4959	7678	661	59	267	2412438
4996	7678	665	59	267	2412448
5040	7686	671	59	267	2412458
5088	7686	671	59	267	2412468
5137	7686	672	59	267	2412478
5178	7693	673	59	267	2412488
5209	7693	675	59	267	2412498
5230	7693	674	59	267	2412508
5240	7693	674	59	267	2412518
5240	7700	675	59	267	2412528
5247	7700	473	58.625	267	2412608
25
4834	7843	10	59	265	2412894
4834	7850	94	59	263	2413024
4834	7843	253	59	263	2413034
4845	7843	299	59	263	2413054
4861	7843	334	59	263	2413064
4875	7843	339	59	263	2413074
4891	7843	344	59	263	2413084
4912	7843	347	59	263	2413094
4934	7843	356	59	263	2413104
4957	7843	365	59	263	2413114
4981	7843	380	59	263	2413124
5006	7849	391	59	263	2413134
5031	7849	399	59	263	2413144
5054	7858	408	59	263	2413154
5074	7858	414	59	263	2413164
5093	7858	418	59	263	2413174
5108	7858	425	59	263	2413184
5120	7858	433	59	263	2413194
5130	7858	462	59	263	2413204
5137	7858	517	59	263	2413224
5144	7858	549	59	263	2413264
5151	7858	561	59	263	2413284
5158	7858	565	59	263	2413304
5165	7858	571	59	263	2413334
5172	7858	340	59	263	2413374
18
5235	7980	305	58	270	2415146
5242	7980	597	58	270	2415156
5242	7987	639	58	267.5	2415196
5242	7976	679	58	267	2415206
5242	7963	703	58	267	2415216
5249	7943	711	59	267	2415226
5249	7913	740	59	267	2415236
5256	7876	748	59	267	2415246
5256	7832	763	59	267	2415256
5263	7786	776	59	267	2415266
5263	7740	792	59	267	2415276
5263	7697	801	59	267	2415286
5270	7662	806	59	267	2415296
5270	7633	816	59	267	2415306
5270	7611	820	59	267	2415316
5270	7597	825	59	267	2415326
5270	7587	755	59.8571	267	2415396
5278	7587	167	60	267	2415416
65
5266	7918	33	59	267	2415631
5258	7926	65	59	267	2415641
5258	7936	71	59	267	2415651
5251	7936	82	59	267	2415661
5251	7946	148	59	267	2415691
5251	7953	368	59	267	2415731
5245	7953	525	59	267	2415761
5245	7960	627	58.1667	267	2415820
5245	7952	702	58	267	2415830
5256	7952	717	58	267	2415840
5267	7952	736	58	267	2415850
5285	7946	742	58	267	2415860
5310	7946	753	58	267	2415870
5337	7946	755	58	267	2415880
5362	7946	756	58	267	2415890
5387	7946	758	58	267	2415900
5411	7937	764	58	267	2415910
5435	7937	763	58	267	2415920
5460	7930	766	58	267	2415930
5483	7923	769	58	267	2415940
5506	7916	776	58	265	2415950
5525	7909	775	58	265	2415960
5544	7900	778	58	264	2415970
5562	7891	779	59	263	2415980
5577	7883	780	59	263	2415990
5593	7873	784	59	263	2416000
5606	7863	785	59	263	2416010
5617	7853	784	59	263	2416020
5627	7842	784	59	262	2416030
5638	7830	786	59	262	2416040
5649	7818	785	59	260	2416050
5659	7807	789	59	260	2416060
5668	7795	790	59	260	2416070
5674	7783	791	59	260	2416080
5674	7769	792	59	260	2416090
5682	7756	794	59	260	2416100
5682	7742	793	59	260	2416110
5682	7728	795	59	260	2416120
5682	7713	793	59	260	2416130
5675	7697	799	59	260	2416140
5675	7683	804	59	260	2416150
5664	7669	804	59	260	2416160
5656	7656	813	59	260	2416170
5647	7645	817	59	260	2416180
5636	7633	818	59	260	2416190
5621	7622	816	59	260	2416200
5605	7610	821	59	262	2416210
5586	7598	822	59	262	2416220
5565	7586	825	59	263	2416230
5544	7574	830	59	263	2416240
5523	7567	829	59	263	2416250
5502	7567	837	59	263	2416260
5479	7559	842	60	263	2416270
5455	7559	844	60	263	2416280
5428	7559	855	60	263	2416290
5400	7559	858	60	263	2416300
5373	7550	861	60	263	2416310
5351	7550	863	60	263	2416320
5330	7542	865	60	265	2416330
5314	7542	867	60	265	2416340
5304	7542	868	60	267	2416350
5296	7542	870	60	267	2416370
5290	7542	849	59.2	267	2416520
5290	7549	469	60	267	2416530
5301	7560	8	60	267	2416550
4
5720	7750	19	59	263	2417251
5713	7750	109	59	263	2417401
5713	7756	79	59	263	2417431
5719	7756	8	59	263	2417451
30
5720	7750	6	59	263	2417499
5713	7756	13	59	263	2417519
5706	7756	91	59	263	2417559
5698	7756	220	59	263	2417579
5691	7756	394	59	263	2417659
5685	7756	566	59	263	2417689
5685	7750	709	59	263	2417839
5694	7750	789	59	263	2417859
5709	7750	803	59	263	2417869
5730	7750	811	59	263	2417879
5759	7750	818	59	263	2417889
5794	7750	818	59	263	2417899
5835	7750	824	59	263	2417909
5880	7750	823	59	263	2417919
5929	7760	828	59	263	2417929
5985	7768	830	59	263	2417939
6044	7777	836	59	263	2417949
6104	7786	835	59	262	2417959
6165	7794	835	59	262	2417969
6224	7801	836	59	260	2417978
6278	7801	837	59	260	2417988
6326	7809	840	59	260	2417998
6362	7809	843	59	260	2418008
6388	7809	847	59	260	2418018
6406	7809	855	59	260	2418028
6422	7809	861	59	260	2418038
6437	7809	868	59	260	2418048
6450	7816	868	59	260	2418058
6459	7816	871	59	260	2418078
6466	7816	851	58	257.029	2418778
133
5101	9519	14	57	270	2419451
5088	9519	85	57	270	2419471
5080	9519	216	57	270	2419541
5080	9525	381	57	270	2419581
5080	9532	586	57	270	2419751
5086	9532	672	57	270	2420181
5093	9532	685	57	270	2420210
5103	9532	699	57	270	2420230
5115	9532	708	57	270	2420240
5122	9532	710	57	270	2420250
5131	9532	710	57	270	2420260
5143	9532	709	57	270	2420270
5155	9539	711	57	270	2420280
5169	9539	714	57	270	2420290
5181	9539	717	57	270	2420300
5190	9546	718	57	270	2420310
5200	9546	723	57	270	2420330
5212	9546	721	57	270	2420340
5222	9553	721	57	270	2420350
5234	9553	722	57	270	2420360
5249	9553	721	57	270	2420370
5265	9560	721	57	270	2420380
5278	9560	721	57	270	2420390
5293	9560	724	57	270	2420400
5306	9560	725	57	270	2420410
5321	9560	725	57	270	2420420
5336	9560	721	57	270	2420430
5349	9560	721	57	270	2420440
5364	9560	722	57	270	2420450
5379	9567	722	57	270	2420460
5397	9567	718	56	270	2420470
5418	9576	720	56	270	2420480
5442	9576	722	56	270	2420490
5466	9585	720	56	269	2420500
5490	9585	722	56	269	2420510
5513	9592	722	56	267	2420520
5535	9592	723	56	267	2420530
5557	9592	724	56	267	2420540
5581	9592	722	56	267	2420550
5607	9599	724	56	267	2420560
5635	9599	721	57	267	2420570
5665	9609	725	57	267	2420580
5696	9609	724	57	267	2420590
5724	9617	724	57	267	2420600
5749	9617	725	57	267	2420610
5771	9617	724	57	267	2420620
5790	9626	724	57	267	2420630
5807	9626	723	57	267	2420640
5826	9626	725	57	267	2420650
5847	9626	723	57	267	2420660
5869	9633	723	57	267	2420670
5893	9633	721	57	267	2420680
5916	9633	721	57	267	2420690
5936	9633	725	57	265	2420700
5953	9633	724	57	265	2420710
5969	9633	724	57	264	2420720
5982	9633	724	57	264	2420730
5994	9633	726	57	264	2420740
6007	9641	725	57	264	2420750
6021	9641	724	57	264	2420760
6037	9641	724	57	264	2420770
6054	9647	724	57	264	2420780
6069	9647	724	57	264	2420790
6084	9647	725	57	265	2420800
6097	9647	725	57	265	2420810
6109	9647	724	57	267	2420820
6120	9647	724	57	267	2420830
6127	9647	725	57	267	2420850
6135	9647	751	57	267	2421020
6135	9641	783	57	267	2421030
6142	9641	781	57.3846	270.231	2421160
6142	9634	798	58	275.385	2421290
6142	9625	810	59	277	2421300
6134	9613	814	59	278	2421310
6134	9598	814	59	278	2421320
6124	9578	822	59	280	2421330
6124	9557	822	59	280	2421340
6124	9538	823	59	280	2421350
6118	9513	829	59	280	2421360
6118	9484	837	59	280	2421370
6118	9451	843	59	280	2421380
6111	9416	844	59	280	2421390
6111	9378	852	60	280	2421400
6111	9343	850	60	280	2421410
6111	9309	857	60	280	2421420
6120	9272	860	61	281	2421430
6120	9238	861	61	281	2421440
6120	9203	865	61	281	2421450
6120	9165	867	62	281	2421460
6127	9131	870	62	281	2421470
6127	9095	871	62	281	2421480
6127	9057	876	63	282	2421490
6127	9020	880	63	282	2421500
6127	8980	884	63	282	2421510
6120	8938	887	63	282	2421520
6120	8898	889	63	282	2421530
6113	8857	892	63	282	2421540
6113	8820	890	64	283	2421550
6113	8787	894	64	283	2421560
6106	8754	894	64	283	2421570
6106	8724	893	64	283	2421580
6106	8696	897	64	283	2421590
6106	8669	897	65	283	2421600
6100	8646	898	65	283	2421610
6100	8625	898	65	283	2421620
6100	8608	899	65	283	2421630
6093	8589	900	65	283	2421640
6093	8574	902	65	283	2421650
6093	8563	902	66	284	2421660
6093	8551	901	66	284	2421670
6087	8545	903	66	284	2421730
6087	8538	917	66.875	280.875	2422210
6105	8538	931	67	279	2422220
6123	8538	930	67	279	2422230
6150	8538	928	67	279	2422240
6182	8538	928	67	279	2422250
6218	8538	924	67	279	2422260
6255	8538	922	67	279	2422270
6293	8538	921	67	279	2422280
6329	8538	919	67	279	2422290
6362	8538	920	67	279	2422300
6392	8538	919	67	279	2422310
6418	8538	920	67	279	2422320
6442	8548	919	67	279	2422330
6464	8548	918	67	279	2422340
6482	8555	918	67	279	2422350
6502	8555	918	67	279	2422360
6519	8562	918	67	279	2422370
6536	8562	919	67	279	2422380
6550	8562	917	67	279	2422390
6557	8562	917	67	279	2422420
6564	8562	789	67	277	2422460
6564	8571	87	67	275	2422480
34
6403	8323	26	63	282	2423299
6403	8332	68	63	282	2423319
6396	8338	198	63	284.667	2423349
6396	8346	399	63	286	2423389
6396	8353	554	63	286	2423449
6396	8346	605	63	286	2423479
6396	8338	633	63	286	2423489
6404	8330	644	63	286	2423499
6404	8318	668	63	286	2423509
6404	8301	673	63	286	2423519
6413	8278	688	63	286	2423529
6413	8252	693	63	286	2423539
6420	8225	697	64	287	2423549
6420	8196	708	64	287	2423559
6429	8168	718	64	287	2423569
6429	8142	726	64	287	2423579
6436	8114	731	64	287	2423589
6436	8091	740	64	287	2423599
6443	8067	743	64	287	2423609
6443	8044	753	64	287	2423619
6452	8022	754	64	287	2423629
6452	8000	762	64	287	2423639
6462	7978	764	64	287	2423649
6462	7959	768	64	287	2423659
6468	7938	773	64	287	2423669
6468	7920	773	64	287	2423679
6468	7904	778	64	287	2423689
6468	7887	783	65	288	2423699
6468	7869	795	65	288	2423709
6468	7851	795	65	288	2423719
6468	7835	794	65	288	2423729
6468	7824	795	65	288	2423739
6476	7816	746	65	288	2423789
6482	7816	165	66	288	2423809
19
6391	8394	21	62	281	2424311
6391	8387	45	62	281	2424321
6385	8387	375	62.8667	281.867	2424471
6392	8387	629	63	282	2424481
6401	8387	646	63	282	2424491
6414	8387	660	63	282	2424501
6431	8394	680	63	282	2424511
6450	8400	688	63	282	2424521
6476	8400	705	63	282	2424531
6503	8410	710	63	282	2424541
6531	8410	715	63	282	2424551
6560	8416	716	63	282	2424561
6585	8416	714	63	282	2424571
6606	8416	717	63	282	2424581
6623	8424	720	63	282	2424591
6636	8424	722	63	280	2424601
6645	8424	720	62	278	2424621
6653	8424	704	62	277	2424641
6653	8430	265	62	277	2424681
20
6574	8688	40	60	270	2429735
6563	8698	92	60	270	2429745
6552	8698	165	60	270	2429755
6552	8710	260	60	270	2429765
6545	8716	326	60	270	2429775
6545	8723	439	60	270	2429795
6538	8731	556	59.25	270	2429835
6538	8718	615	59	270	2429845
6553	8703	646	59	270	2429855
6569	8678	662	59	270	2429865
6586	8645	665	59	270	2429875
6605	8602	677	59	270	2429885
6624	8551	679	59	270	2429895
6637	8498	678	59	270	2429905
6645	8445	678	60	270	2429915
6645	8397	673	60	270	2429925
6637	8353	650	60	270	2429935
6622	8319	611	61	270	2429945
6602	8290	492	61	270	2429955
6583	8270	112	61	270	2429975
18
6585	8720	71	59	273	2430243
6567	8720	74	59	273	2430253
6560	8720	109	59	272.5	2430273
6550	8720	335	59	270.222	2430363
6567	8711	524	59	270	2430373
6592	8697	566	59	270	2430383
6630	8680	573	59	270	2430393
6677	8661	574	59	270	2430403
6729	8638	580	59	270	2430413
6777	8616	581	59	270	2430423
6818	8593	587	59	268	2430433
6850	8571	585	59	268	2430443
6871	8551	582	59	267	2430453
6885	8535	580	59	267	2430463
6893	8521	567	59	267	2430473
6893	8508	536	59	267	2430483
6901	8497	441	59	267	2430493
6901	8487	128	60	267	2430513
13
6619	8253	271	60	270	2430679
6605	8234	403	60	270	2430699
6615	8234	502	60	270	2430709
6637	8234	554	60	270	2430719
6668	8247	575	60	270	2430729
6705	8263	606	61	270	2430739
6749	8283	628	61	270	2430749
6791	8309	651	61	270	2430759
6830	8339	647	62	270	2430769
6865	8371	649	62	270	2430779
6891	8403	634	62	270	2430789
6908	8428	592	62	268	2430799
6918	8446	201	62	267	2430819
3
6940	8534	21	60	277	2432149
6931	8534	20	60	277	2432169
6925	8534	0	60	277	2432189
10
6940	8534	13	60	277	2432315
6888	8534	126	60	277	2432355
6888	8527	211	60	277	2432365
6898	8527	260	60	277	2432375
6898	8516	288	60	277	2432385
6909	8508	328	60	277	2432395
6917	8502	345	60	277	2432405
6925	8502	359	60	277	2432415
6932	8491	366	60	277	2432435
6942	8485	174	60	277	2432475
23
6922	8524	4	57	270	2434415
6922	8518	93	57	270	2434445
6915	8518	227	57	270	2434475
6909	8518	465	56	270	2434565
6916	8518	568	56	270	2434575
6923	8518	577	56	270	2434585
6936	8518	596	56	270	2434595
6958	8525	619	56	269	2434605
6990	8525	639	56	269	2434615
7035	8535	642	56	267	2434625
7093	8542	650	56	267	2434635
7164	8549	652	56	267	2434645
7249	8557	654	56	267	2434655
7343	8557	653	56	267	2434665
7440	8565	652	56	267	2434675
7535	8565	653	56	267	2434685
7625	8565	657	57	267	2434695
7703	8565	656	57	267	2434705
7766	8559	659	57	265	2434715
7812	8559	659	57	265	2434725
7841	8559	664	57	264	2434735
7857	8559	668	57	264	2434745
7864	8559	496	57	262.75	2434825
59
4823	10042	33	54	270	2442563
4830	10042	67	55	270	2442573
4842	10042	99	55	270	2442583
4848	10042	124	55	270	2442593
4859	10042	155	55	270	2442603
4873	10042	176	55	270	2442613
4890	10042	206	55	270	2442623
4913	10042	250	55	270	2442633
4942	10042	287	55	270	2442643
4974	10051	316	55	270	2442653
5010	10051	333	55	270	2442663
5050	10051	343	55	270	2442673
5087	10060	358	55	270	2442683
5125	10060	372	55	270	2442693
5163	10066	394	55	270	2442703
5205	10066	417	55	270	2442713
5254	10074	422	55	270	2442723
5311	10074	432	55	270	2442733
5380	10083	436	55	270	2442743
5457	10083	441	55	270	2442753
5537	10093	449	55	269	2442763
5618	10093	456	55	269	2442773
5695	10099	457	55	267	2442783
5769	10099	465	55	267	2442793
5845	10107	467	55	267	2442803
5926	10107	481	55	267	2442813
6015	10119	501	55	267	2442823
6105	10125	504	55	267	2442833
6196	10132	514	55	267	2442843
6283	10132	517	55	267	2442853
6363	10143	522	55	267	2442863
6441	10143	525	55	267	2442873
6518	10151	526	55	266	2442883
6595	10151	528	55	266	2442893
6675	10161	530	56	264	2442903
6758	10161	537	56	264	2442913
6846	10170	547	56	264	2442923
6935	10170	545	56	264	2442933
7025	10170	545	56	264	2442943
7110	10170	550	56	264	2442953
7191	10170	553	56	264	2442963
7265	10170	552	56	264	2442973
7339	10170	556	56	264	2442983
7411	10170	558	56	264	2442993
7483	10163	562	56	263	2443003
7551	10163	568	56	263	2443013
7614	10163	568	56	261	2443023
7671	10163	572	56	261	2443033
7724	10163	574	56	261	2443043
7772	10163	585	56	261	2443053
7817	10163	585	56	261	2443063
7858	10163	588	56	261	2443073
7896	10163	587	56	261	2443083
7929	10163	587	56	261	2443093
7958	10163	589	56	261	2443103
7982	10163	588	56	260	2443113
8000	10163	588	56	260	2443123
8011	10163	588	55	258	2443133
8018	10163	387	55.1667	258.333	2443193
49
4972	8906	54	60	284	2449014
4972	8913	185	60	284	2449034
4972	8920	304	60	284	2449064
4965	8920	464	60	284	2449144
4959	8912	526	60	284	2449154
4959	8904	528	60	284	2449164
4959	8891	560	60	284	2449174
4959	8872	576	60	284	2449184
4959	8850	585	60	284	2449194
4965	8823	591	60	284	2449204
4965	8790	615	60	284	2449214
4973	8752	630	60	284	2449224
4973	8711	647	60	284	2449234
4984	8664	656	60	284	2449244
4991	8617	661	60	284	2449254
4997	8571	679	61	285	2449264
4997	8526	686	61	285	2449274
5008	8484	697	61	285	2449284
5008	8439	710	61	285	2449294
5018	8398	711	62	285	2449304
5025	8360	721	62	285	2449314
5032	8322	729	62	285	2449324
5032	8291	732	63	286	2449334
5042	8263	737	63	286	2449344
5042	8236	738	64	287	2449354
5042	8213	753	64	287	2449364
5042	8188	756	64	287	2449374
5042	8164	757	65	288	2449384
5042	8142	759	65	288	2449394
5042	8119	762	65	288	2449404
5049	8098	768	65	288	2449414
5049	8076	770	65	288	2449424
5049	8057	770	66	288	2449434
5049	8040	773	66	288	2449444
5049	8026	776	66	288	2449454
5049	8013	778	66	288	2449464
5049	8001	776	66	288	2449474
5049	7990	776	66	288	2449484
5049	7978	778	66	288	2449494
5049	7967	778	66	288	2449504
5055	7955	781	66	288	2449514
5055	7943	785	66	288	2449524
5055	7933	780	67	289	2449534
5055	7925	784	67	289	2449544
5055	7918	784	67	289	2449563
5055	7909	782	67	289	2449583
5055	7903	779	67	289	2449603
5062	7903	675	67	289	2449633
5062	7911	5	67	289	2449653
6
5039	8940	19	62	281	2450412
5031	8940	40	62	281	2450422
5023	8940	43	62	281	2450442
5015	8940	26	62	281	2450452
5009	8948	17	62	281	2450462
5000	8948	0	62	281	2450482
5
5039	8940	4	62	281	2450500
4953	8948	26	62	281	2450510
4945	8948	43	62	281	2450520
4938	8948	46	62	281	2450550
4938	8956	31	62	281	2450620
136
4950	8959	93	61	285	2451028
4957	8959	201	61.5	282	2451068
4967	8959	267	62	281	2451078
4967	8953	304	62	281	2451088
4978	8953	362	62	281	2451108
4990	8953	428	62	281	2451128
5002	8960	446	62	281	2451138
5012	8960	477	62	281	2451148
5029	8967	497	62	281	2451158
5055	8967	517	62	281	2451168
5089	8980	534	62	281	2451178
5133	8991	549	62	281	2451188
5186	9003	558	62	281	2451198
5248	9019	563	62	281	2451208
5319	9037	563	62	281	2451218
5396	9054	575	62	281	2451228
5475	9071	577	62	281	2451238
5556	9085	592	62	281	2451248
5635	9099	597	62	281	2451258
5712	9112	614	62	281	2451268
5789	9125	619	62	281	2451278
5866	9141	626	62	281	2451288
5947	9155	640	62	281	2451298
6030	9171	659	62	281	2451308
6117	9188	663	62	279	2451318
6202	9201	665	62	279	2451328
6285	9213	666	62	277	2451338
6367	9223	669	62	277	2451348
6447	9233	672	62	277	2451358
6525	9242	677	62	277	2451368
6603	9253	677	62	277	2451378
6679	9266	681	62	277	2451388
6752	9278	685	63	278	2451398
6825	9292	684	63	278	2451408
6895	9304	688	63	276	2451418
6963	9317	689	63	276	2451428
7031	9329	689	63	274	2451438
7096	9343	690	63	274	2451448
7160	9354	691	63	274	2451458
7222	9364	688	63	274	2451468
7281	9375	691	63	274	2451478
7338	9384	690	63	274	2451488
7392	9392	689	63	274	2451498
7444	9401	694	63	274	2451508
7493	9407	696	63	274	2451518
7537	9414	697	62	274	2451528
7577	9414	700	62	274	2451538
7614	9422	701	62	274	2451548
7647	9422	703	62	274	2451558
7675	9422	702	62	274	2451568
7703	9429	703	62	274	2451578
7730	9429	702	61	272	2451588
7755	9429	703	61	272	2451598
7781	9436	704	61	270	2451608
7801	9436	706	61	270	2451618
7820	9436	708	60	270	2451628
7838	9436	709	60	270	2451638
7855	9436	709	60	270	2451648
7870	9436	710	60	270	2451658
7886	9436	710	60	270	2451668
7900	9436	712	60	270	2451678
7912	9443	711	60	270	2451688
7923	9443	711	60	270	2451698
7933	9443	712	61	270	2451708
7942	9443	711	61	270	2451718
7951	9443	712	61	270	2451728
7960	9449	713	61	270	2451738
7966	9449	715	61	270	2451748
7973	9449	714	61	270	2451757
7980	9449	716	61	270	2451767
7986	9449	717	61	270	2451787
7993	9449	762	61	270	2452017
7993	9456	820	61	270	2452097
7993	9463	831	61	270	2452117
7993	9470	835	61	270	2452137
7993	9481	838	61	270	2452147
7993	9490	838	61	270	2452157
7993	9501	838	61	270	2452167
7993	9514	839	61	270	2452177
7986	9529	840	61	270	2452187
7986	9544	847	61	270	2452197
7986	9561	847	61	270	2452207
7986	9579	847	61	270	2452217
7986	9598	850	61	270	2452227
7986	9620	851	61	270	2452237
7980	9640	853	61	270	2452247
7980	9659	859	61	270	2452257
7980	9676	858	60	270	2452267
7972	9696	859	60	270	2452277
7972	9717	861	60	270	2452287
7965	9734	861	60	270	2452297
7965	9754	860	60	270	2452307
7954	9770	862	60	270	2452317
7954	9785	864	60	270	2452327
7954	9798	874	60	270	2452337
7954	9808	876	60	270	2452347
7954	9815	880	60	270	2452367
7954	9825	880	60	270	2452377
7954	9835	879	60	270	2452387
7954	9847	880	60	270	2452397
7954	9859	881	60	270	2452407
7954	9870	881	60	270	2452417
7954	9880	880	60	270	2452427
7954	9891	877	60	270	2452437
7954	9903	876	59	270	2452447
7954	9915	876	59	270	2452457
7954	9926	877	59	270	2452467
7954	9932	878	59	270	2452477
7954	9939	880	59	270	2452497
7954	9946	880	59	270	2452527
7954	9954	877	59	270	2452547
7954	9962	874	59	270	2452597
7948	9962	874	59	270	2452607
7948	9969	870	59	270	2452657
7948	9976	866	58.6667	270	2452687
7948	9983	863	58	270	2452717
7948	9989	861	58	270	2452747
7948	9998	860	58	270	2452817
7948	10004	857	58	270	2452947
7959	10004	856	58	270	2452957
7966	10013	853	58	270	2452967
7977	10013	851	58	270	2452977
7991	10019	851	58	270	2452987
8010	10019	850	58	270	2452997
8033	10027	850	58	270	2453007
8059	10027	846	58	270	2453017
8088	10027	844	58	270	2453027
8114	10027	845	58	270	2453037
8136	10027	843	58	270	2453047
8157	10027	840	58	270	2453057
8175	10027	840	58	270	2453067
8190	10027	840	58	270	2453077
8203	10027	840	58	270	2453087
8213	10033	839	58	270	2453097
8220	10033	832	58	270	2453117
8226	10033	484	58.5714	270	2453187
24
7926	10157	17	58	273	2453584
7916	10157	88	58	273	2453624
7909	10157	189	58	273	2453654
7899	10157	255	58	273	2453674
7891	10157	323	58	273	2453714
7898	10157	362	58	273	2453724
7906	10164	384	58	273	2453734
7917	10164	416	58	273	2453744
7928	10164	437	58	273	2453754
7942	10171	464	58	273	2453764
7961	10171	472	58	273	2453774
7985	10171	485	58	273	2453784
8016	10179	488	58	273	2453794
8052	10179	502	58	273	2453804
8087	10179	506	58	273	2453814
8122	10187	509	58	273	2453824
8154	10187	518	58	273	2453834
8181	10194	530	58	273	2453844
8203	10194	534	58	273	2453854
8220	10194	541	58	273	2453864
8233	10194	545	58	273	2453874
8241	10194	572	58	273	2453894
8248	10194	595	58	273	2453904
8248	10200	477	58	273	2453984
79
4891	8261	63	58	267	2465220
4883	8261	169	58	267	2465250
4876	8261	472	58	266.429	2465320
4876	8267	675	59	263	2465350
4883	8267	754	59	263	2465380
4893	8275	799	59	263	2465390
4904	8275	813	59	263	2465400
4920	8275	822	59	263	2465410
4942	8282	825	58	264	2465420
4971	8282	829	58	264	2465430
5006	8289	830	58	264	2465440
5040	8289	829	58	264	2465450
5073	8289	830	58	264	2465460
5100	8289	830	58	264	2465470
5119	8289	831	58	264	2465480
5137	8289	831	58	264	2465490
5150	8295	832	58	264	2465500
5163	8295	831	58	264	2465510
5175	8295	831	58	264	2465520
5184	8295	832	58	264	2465530
5193	8295	835	58	264	2465540
5202	8295	837	59	263	2465550
5208	8302	838	59	263	2465560
5215	8302	820	59	263	2465670
5205	8302	698	59	263	2465680
5193	8302	665	59	263	2465690
5178	8302	642	59	263	2465700
5159	8294	619	59	263	2465710
5137	8294	587	59	263	2465720
5116	8294	543	59	263	2465730
5093	8294	515	59	263	2465740
5070	8288	494	59	263	2465750
5048	8288	490	59	263	2465760
5026	8288	490	58	264	2465770
5008	8288	504	58	264	2465780
4989	8288	523	58	264	2465790
4972	8288	537	58	264	2465800
4955	8288	553	58	264	2465810
4936	8288	569	58	264	2465820
4920	8288	580	58	264	2465830
4905	8281	595	58	264	2465840
4892	8281	599	58	264	2465850
4885	8281	603	58	264	2465860
4878	8281	608	58	264	2465880
4871	8274	631	58	264	2465900
4862	8274	674	58	264	2465930
4856	8274	720	58	264	2465950
4856	8267	797	58	264	2466010
4863	8267	862	58	264	2466020
4863	8277	878	58	264	2466030
4876	8285	881	58	264	2466040
4885	8295	880	58	264	2466050
4894	8309	880	58	264	2466060
4904	8328	876	58	264	2466070
4913	8349	876	58	264	2466080
4923	8372	874	58	264	2466090
4934	8395	872	58	264	2466100
4944	8418	873	58	264	2466110
4953	8436	874	58	264	2466120
4962	8451	874	58	262	2466130
4968	8461	867	58	261	2466150
4976	8471	859	57	260.833	2466270
4985	8471	851	56	262	2466290
4995	8461	853	56	263	2466300
5005	8453	853	56	264	2466310
5019	8443	855	56	264	2466320
5038	8428	855	56	264	2466330
5059	8411	855	57	264	2466340
5083	8395	857	57	264	2466350
5106	8381	857	57	264	2466360
5130	8367	860	57	264	2466370
5150	8354	859	57	264	2466380
5164	8344	860	57	264	2466390
5175	8336	860	57	264	2466400
5181	8328	859	57.5	264	2466420
5190	8318	860	58	264	2466440
5199	8308	861	58	264	2466460
5207	8308	863	58	264	2466470
5207	8302	711	58.6923	263.308	2466600
43
4985	8525	64	57	264	2466908
4985	8544	125	57	264	2466918
4985	8551	203	57	264	2466928
4985	8559	338	57	264	2466948
4977	8570	463	57	264	2466968
4966	8579	518	57	264	2466978
4958	8579	539	57	264	2466988
4947	8586	558	57	264	2466998
4935	8586	577	56	263	2467008
4925	8586	592	56	263	2467018
4915	8586	602	56	261	2467028
4906	8577	615	56	261	2467038
4898	8570	622	56	261	2467048
4890	8561	642	56	261	2467058
4883	8552	648	56	261	2467068
4883	8543	659	56	261	2467078
4876	8533	663	56	261	2467088
4876	8521	672	56	261	2467098
4884	8511	693	56	261	2467108
4894	8502	700	56	261	2467118
4907	8492	718	56	261	2467128
4924	8486	725	56	261	2467138
4943	8486	735	56	261	2467148
4964	8486	755	56	261	2467158
4980	8486	756	56	261	2467168
4996	8486	757	56	261	2467178
5010	8498	758	56	261	2467188
5020	8508	762	56	261	2467198
5027	8519	763	56	261	2467208
5027	8531	763	56	261	2467218
5027	8543	761	56	261	2467228
5027	8556	765	56	261	2467238
5027	8568	764	56	261	2467248
5015	8581	765	56	261	2467258
5002	8592	770	56	261	2467268
4989	8601	771	56	261	2467278
4975	8608	771	56	261	2467288
4962	8608	772	56	261	2467298
4952	8616	765	56	261	2467308
4943	8616	749	56	261	2467318
4934	8608	712	56	261	2467328
4925	8600	599	56	261	2467338
4919	8588	133	56	261	2467358
20
8237	10323	150	57.6	267	2471268
8237	10330	448	58	267	2471308
8237	10336	571	57.3333	267	2471338
8237	10316	618	57	267	2471348
8237	10292	633	57	267	2471358
8237	10259	661	57	267	2471368
8237	10222	679	57	267	2471378
8237	10183	701	57	267	2471388
8247	10143	716	57	267	2471398
8247	10103	727	57	267	2471408
8256	10063	740	58	267	2471418
8256	10030	741	58	267	2471428
8256	10001	742	58	267	2471438
8256	9979	748	58	267	2471448
8256	9964	749	58	267	2471458
8263	9954	729	58.25	267	2471498
8263	9964	605	59	267	2471508
8263	9977	496	59	267	2471518
8263	9993	367	59	267	2471528
8254	10012	71	59	267	2471548
33
8227	10265	73	58	267	2471656
8220	10282	140	58	267	2471666
8211	10291	234	57	267	2471676
8211	10302	292	57	267	2471686
8211	10310	334	57	267	2471696
8211	10318	383	57	267	2471706
8211	10324	461	57	267	2471726
8211	10332	547	57	267	2471776
8223	10332	598	57	267	2471786
8236	10320	620	57	267	2471796
8258	10312	641	57	267	2471806
8290	10303	646	57	267	2471816
8328	10290	651	57	267	2471826
8375	10276	652	57	267	2471836
8427	10259	654	57	265	2471846
8477	10240	656	57	265	2471856
8524	10219	660	57	264	2471866
8565	10197	658	57	264	2471876
8598	10172	650	57	262	2471886
8620	10148	654	57	262	2471896
8632	10122	657	58	260	2471906
8632	10094	657	58	260	2471916
8615	10064	657	58	260	2471926
8590	10034	658	58	260	2471936
8556	10005	659	58	259	2471946
8514	9980	659	58	259	2471956
8469	9961	664	57	257	2471966
8423	9947	664	57	257	2471976
8380	9939	661	57	257	2471986
8346	9939	644	57	257	2471996
8323	9939	596	57	257	2472006
8309	9939	466	58	259	2472016
8302	9939	39	58	259.5	2472036
25
8647	10119	14	56	261	2473856
8647	10125	162	56	261	2473986
8647	10132	481	56	261	2474126
8659	10132	606	56	261	2474136
8674	10132	612	56	261	2474146
8700	10138	627	56	261	2474156
8736	10138	633	56	261	2474166
8781	10145	646	56	261	2474176
8842	10145	651	56	261	2474186
8917	10153	656	56	261	2474196
9005	10153	660	56	261	2474206
9103	10161	663	56	261	2474216
9198	10161	665	56	260	2474226
9290	10161	665	56	260	2474236
9378	10161	667	55	258	2474246
9457	10161	671	55	258	2474256
9528	10153	673	55	258	2474266
9588	10153	673	55	258	2474276
9632	10147	675	55	257	2474286
9664	10147	679	56	256	2474296
9684	10147	685	56	255	2474306
9695	10147	691	56	255	2474326
9703	10140	683	55.8333	252	2474386
9711	10140	502	55	249.5	2474406
9722	10140	23	55	249	2474426
103
4920	5906	2	60	277	2477497
4926	5906	64	60	277	2477567
4926	5898	71	60	277	2477587
4926	5890	71	60	277	2477657
4926	5883	128	60	277	2477726
4926	5877	219	60	277	2477766
4933	5877	267	60	277	2477786
4933	5883	292	59	275	2477806
4939	5883	325	59.6667	273	2477836
4948	5883	356	60	273	2477856
4954	5891	399	60	273	2477896
4963	5891	427	60	273	2477916
4973	5891	458	60	273	2477926
4982	5891	466	60	273	2477936
4995	5898	493	60	273	2477946
5011	5898	502	60	273	2477956
5024	5898	504	60	273	2477966
5034	5898	504	60	273	2477986
5042	5898	518	60	273	2478016
5050	5898	543	60	273	2478026
5057	5905	551	60	273	2478036
5073	5905	566	60	273	2478046
5097	5905	568	60	273	2478056
5126	5905	571	60	273	2478066
5159	5905	572	60	273	2478076
5192	5905	574	60	273	2478086
5226	5905	573	60	273	2478096
5259	5905	577	60	273	2478106
5290	5905	583	60	273	2478116
5321	5905	588	60	273	2478126
5352	5905	589	60	273	2478136
5385	5913	597	60	272	2478146
5419	5921	602	60	272	2478156
5460	5929	612	60	270	2478166
5504	5936	607	60	270	2478176
5551	5944	612	60	270	2478186
5601	5944	614	60	270	2478196
5648	5954	614	60	270	2478206
5695	5961	619	60	270	2478216
5739	5961	620	60	270	2478226
5784	5972	625	60	270	2478236
5829	5980	628	60	270	2478246
5876	5988	636	60	270	2478256
5925	5998	642	60	270	2478266
5976	6007	649	60	270	2478276
6029	6015	657	60	270	2478286
6081	6024	659	60	270	2478296
6133	6024	663	60	268	2478306
6183	6035	663	60	268	2478316
6233	6042	663	60	267	2478326
6286	6042	667	60	267	2478336
6343	6055	668	60	267	2478346
6405	6062	673	60	267	2478356
6466	6062	678	60	267	2478366
6529	6074	681	60	267	2478376
6590	6074	686	60	267	2478386
6647	6085	686	60	265	2478396
6704	6092	687	60	265	2478406
6759	6099	688	60	263	2478416
6816	6106	690	60	263	2478426
6876	6113	693	60	263	2478436
6939	6113	694	60	263	2478446
7003	6125	694	60	263	2478456
7065	6125	695	60	263	2478466
7125	6134	697	60	263	2478476
7184	6134	698	60	261	2478486
7238	6144	702	60	261	2478496
7290	6144	701	60	260	2478506
7340	6152	702	60	260	2478516
7390	6152	701	60	260	2478526
7442	6160	701	60	260	2478536
7494	6160	703	60	260	2478546
7545	6168	705	60	260	2478556
7593	6168	708	60	260	2478566
7640	6175	708	59	258	2478576
7686	6175	710	59	258	2478586
7728	6175	709	59	256	2478596
7769	6183	712	59	256	2478606
7808	6183	711	59	256	2478616
7849	6191	714	59	256	2478626
7895	6191	717	59	256	2478636
7945	6198	718	59	256	2478646
7994	6198	718	59	256	2478656
8041	6205	721	59	256	2478666
8085	6205	721	59	255	2478676
8126	6205	723	59	255	2478686
8163	6212	725	59	253	2478696
8198	6212	725	59	253	2478706
8230	6212	728	59	253	2478716
8260	6212	728	59	253	2478726
8292	6219	727	59	253	2478736
8325	6219	729	59	253	2478746
8360	6219	729	59	253	2478756
8396	6219	728	59	253	2478766
8429	6226	732	59	253	2478776
8460	6226	733	59	253	2478786
8492	6226	735	59	253	2478796
8520	6226	735	59	251	2478806
8544	6226	737	59	251	2478816
8564	6226	738	58	250	2478826
8577	6234	741	58	250	2478836
8587	6234	746	58	250	2478846
8594	6234	542	58	250	2478926
130
7481	10152	113	55	282	2485619
7481	10159	191	55	282	2485669
7481	10166	290	55	282	2485889
7481	10158	422	55	282	2485899
7481	10150	445	55	282	2485909
7481	10139	453	55	282	2485919
7481	10125	471	55	282	2485929
7481	10109	473	55	282	2485939
7488	10093	485	55	282	2485949
7488	10072	491	55	282	2485959
7488	10050	497	55	282	2485969
7488	10026	513	55	282	2485979
7495	10001	514	55	282	2485989
7495	9973	522	55	282	2485999
7495	9942	527	55	282	2486009
7495	9910	529	55	282	2486019
7495	9874	538	55	282	2486029
7495	9837	543	55	282	2486039
7495	9798	550	54	281	2486049
7495	9758	551	54	281	2486059
7495	9718	555	54	281	2486069
7495	9678	558	54	281	2486079
7495	9637	565	54	281	2486089
7501	9595	567	54	281	2486099
7501	9549	569	54	281	2486109
7501	9501	578	54	281	2486119
7501	9449	582	54	281	2486129
7501	9395	585	54	281	2486139
7494	9342	582	54	281	2486149
7494	9287	587	55	282	2486159
7485	9234	589	55	282	2486169
7485	9181	592	55	282	2486179
7485	9126	597	55	282	2486189
7485	9070	598	55	282	2486199
7485	9011	603	55	282	2486209
7485	8952	604	55	282	2486219
7485	8891	603	55	282	2486229
7494	8828	604	55	282	2486239
7494	8766	605	55	282	2486249
7494	8704	606	56	282	2486259
7502	8643	606	56	282	2486269
7502	8582	607	56	282	2486279
7502	8518	610	56	282	2486289
7502	8452	614	56	282	2486299
7509	8384	615	56	282	2486309
7509	8319	615	56	282	2486319
7509	8255	614	56	282	2486329
7515	8194	618	56	282	2486339
7515	8133	618	56	282	2486349
7515	8070	621	55	282	2486359
7515	8008	621	55	282	2486369
7515	7946	622	55	282	2486379
7526	7885	625	55	282	2486389
7526	7826	626	55	282	2486399
7535	7769	628	55	282	2486409
7535	7714	628	55	282	2486419
7544	7658	628	55	282	2486429
7544	7603	629	55	282	2486439
7553	7547	630	55	282	2486449
7553	7490	630	55	282	2486459
7564	7433	634	55	282	2486469
7564	7377	637	55	282	2486479
7574	7323	639	55	282	2486489
7574	7272	640	55	282	2486499
7584	7224	641	55	282	2486509
7590	7177	641	55	282	2486519
7590	7133	640	55	282	2486529
7602	7090	643	54	281	2486539
7602	7046	644	54	281	2486549
7609	7003	645	55	280	2486559
7609	6960	645	55	280	2486569
7616	6919	646	55	279	2486579
7616	6882	646	55	279	2486589
7616	6846	646	55	279	2486599
7625	6813	648	55	279	2486609
7625	6781	648	55	279	2486619
7633	6752	648	55	279	2486629
7633	6724	649	55	279	2486639
7641	6696	649	55	279	2486649
7641	6671	648	55	279	2486659
7651	6647	650	55	279	2486669
7651	6624	650	55	279	2486679
7658	6602	646	55	279	2486689
7658	6583	646	55	279	2486699
7658	6564	650	54	278	2486709
7658	6547	650	54	278	2486719
7658	6533	648	54	278	2486729
7658	6517	648	54	278	2486739
7658	6505	646	54	278	2486749
7665	6494	649	54	278	2486759
7665	6487	648	54	278	2486769
7665	6479	649	54	278	2486789
7671	6467	650	54	278	2486799
7671	6461	650	54	278	2486819
7671	6450	650	54.5	278.5	2486839
7679	6443	646	55.5	279	2486939
7686	6436	644	56	279	2486959
7695	6430	645	56	279	2486978
7708	6422	644	56	279	2486998
7720	6415	644	56	279	2487008
7727	6415	645	56	279	2487018
7735	6405	644	56	279	2487028
7743	6405	644	56	277	2487038
7752	6398	644	56	277	2487048
7759	6398	645	56	276	2487058
7766	6398	645	56	276	2487088
7766	6391	645	56	276	2487138
7772	6391	647	56	276	2487168
7786	6391	652	56	276	2487178
7804	6391	657	56	276	2487188
7833	6391	658	56	276	2487198
7871	6391	658	56	276	2487208
7919	6391	660	56	276	2487218
7971	6391	659	56	276	2487228
8026	6391	660	56	276	2487238
8086	6391	660	56	276	2487248
8145	6391	660	56	276	2487258
8200	6391	659	56	276	2487268
8251	6391	659	56	276	2487278
8297	6391	658	56	276	2487288
8337	6391	660	56	276	2487298
8371	6398	661	56	276	2487308
8401	6398	660	56	276	2487318
8428	6404	660	56	276	2487328
8451	6404	661	56	274	2487338
8469	6412	660	56	274	2487348
8483	6412	660	56	273	2487358
8492	6412	661	56	273	2487368
8499	6419	652	56	273	2487398
8505	6419	262	56	272.333	2487428
21
8538	6547	8	60	267	2489937
8538	6539	42	60	267.5	2489977
8538	6533	55	60	270	2489987
8546	6533	407	59.9756	266.073	2490397
8552	6526	709	59	260	2490407
8552	6519	711	59	260	2490417
8559	6503	725	59	260	2490427
8559	6478	732	60	260	2490437
8572	6442	740	60	260	2490447
8579	6398	748	60	260	2490457
8585	6348	750	60	260	2490467
8585	6298	755	60	260	2490477
8593	6249	756	60	261	2490487
8593	6204	758	60	261	2490497
8593	6163	766	60	263	2490507
8593	6128	769	61	263	2490517
8593	6103	768	61	263	2490527
8593	6084	772	61	263	2490537
8593	6072	775	61	263	2490547
8593	6064	773	61.5	263	2490567
8593	6056	510	62	265.2	2490617
29
8554	6547	217	59	270	2490789
8547	6547	235	59	270	2490799
8547	6553	327	59	268	2490809
8539	6553	412	59	268	2490819
8539	6560	519	59	266.5	2490859
8539	6553	607	59	265	2490869
8556	6545	622	59	263	2490879
8580	6534	630	59	263	2490889
8615	6520	637	59	263	2490899
8665	6505	643	59	262	2490909
8725	6485	642	59	262	2490919
8792	6463	644	59	260	2490929
8862	6436	646	59	260	2490939
8923	6408	642	59	260	2490949
8970	6378	643	59	260	2490959
9003	6348	643	59	260	2490969
9018	6318	647	60	260	2490979
9018	6285	650	60	260	2490989
9018	6253	651	60	260	2490999
8993	6220	651	60	260	2491009
8960	6189	652	60	260	2491019
8917	6160	656	60	260	2491029
8865	6136	657	60	260	2491039
8809	6118	658	61	259	2491049
8756	6109	653	61	259	2491059
8709	6109	637	61	259	2491069
8672	6109	590	61	259	2491079
8646	6109	450	61	259	2491089
8628	6118	52	61	259	2491109
29
9109	6304	30	60	270	2492565
9103	6304	59	60	270	2492585
9093	6304	95	60	270	2492605
9084	6304	134	60	270	2492615
9084	6311	166	60	270	2492635
9076	6311	214	60	270	2492655
9070	6311	266	60	270	2492675
9062	6311	337	60	270	2492705
9055	6311	428	60	270	2492765
9066	6311	502	60	270	2492775
9085	6311	520	60	268	2492785
9113	6311	528	60	268	2492795
9156	6321	539	60	267	2492805
9214	6328	547	60	267	2492815
9290	6337	570	60	267	2492825
9384	6346	573	60	267	2492835
9490	6354	583	60	267	2492845
9602	6354	583	60	267	2492855
9714	6354	587	60	265	2492865
9822	6354	589	60	265	2492875
9923	6354	586	60	263	2492885
10018	6354	591	60	263	2492895
10102	6346	588	60	263	2492905
10174	6346	589	60	261	2492915
10234	6346	590	60	261	2492925
10281	6346	591	60	260	2492935
10311	6346	593	60	260	2492945
10328	6346	595	59	258	2492955
10335	6346	359	59	256.333	2493015
27
4294	7760	25	54	281	2500441
4286	7760	130	54	281	2500511
4279	7760	424	54	281	2500721
4279	7753	583	54	281	2500751
4279	7743	595	54	281	2500761
4288	7734	595	54	281	2500771
4288	7721	595	54	281	2500781
4294	7706	601	54	281	2500791
4294	7689	601	54	281	2500801
4302	7670	605	54	281	2500811
4302	7647	612	54	281	2500821
4309	7622	613	54	281	2500831
4309	7595	618	55	282	2500841
4318	7566	620	55	282	2500851
4318	7536	620	55	282	2500861
4325	7505	622	55	282	2500871
4325	7472	625	55	283	2500881
4325	7440	627	55	283	2500891
4325	7409	629	55	285	2500901
4325	7380	630	56	285	2500911
4325	7358	632	56	285	2500921
4325	7340	633	56	285	2500931
4325	7325	633	56	285	2500941
4333	7315	634	57	286	2500951
4333	7307	635	57	287	2500971
4333	7299	607	57	289	2501001
4339	7299	230	57	289	2501041
99
4372	7337	9	57	289	2501173
4365	7331	85	57	289	2501193
4365	7324	139	57	289	2501203
4374	7324	170	57	289	2501213
4374	7318	194	57	289	2501223
4382	7318	220	57	289	2501233
4382	7310	267	57	289	2501253
4390	7303	354	57	289	2501283
4400	7297	417	57	289	2501293
4408	7297	445	57	289	2501303
4422	7297	468	57	289	2501313
4442	7297	494	57	289	2501323
4469	7297	513	57	289	2501333
4505	7297	515	57	289	2501343
4547	7297	544	57	289	2501353
4595	7297	551	58	288	2501363
4650	7297	569	58	288	2501373
4707	7304	573	58	286	2501383
4768	7304	580	58	286	2501393
4833	7312	590	58	285	2501403
4902	7312	594	58	285	2501413
4976	7320	594	58	283	2501423
5054	7320	600	58	283	2501433
5134	7330	610	58	282	2501443
5216	7330	616	58	282	2501453
5296	7330	625	59	280	2501463
5379	7336	625	59	280	2501473
5459	7336	627	59	278	2501483
5535	7336	637	59	278	2501493
5609	7343	646	59	277	2501503
5679	7343	652	59	277	2501513
5749	7343	665	59	277	2501523
5825	7352	667	59	277	2501533
5905	7352	673	59	277	2501543
5986	7360	683	59	277	2501553
6067	7360	688	59	275	2501563
6146	7360	694	59	275	2501573
6223	7360	692	59	273	2501583
6301	7360	701	59	273	2501593
6387	7360	701	59	273	2501603
6478	7360	708	59	273	2501613
6574	7367	707	59	273	2501623
6674	7367	710	59	272	2501633
6772	7367	713	59	272	2501643
6873	7367	712	59	270	2501653
6970	7367	712	59	270	2501663
7065	7376	712	59	270	2501673
7156	7376	716	59	270	2501683
7245	7382	712	59	270	2501693
7337	7382	714	59	270	2501703
7435	7393	711	59	270	2501713
7537	7393	715	59	268	2501723
7640	7403	717	59	268	2501733
7740	7403	717	59	267	2501743
7840	7403	716	59	267	2501753
7940	7412	718	60	267	2501763
8042	7412	721	60	267	2501773
8148	7421	718	60	267	2501783
8259	7421	722	60	267	2501793
8371	7429	720	60	267	2501803
8484	7429	725	60	265	2501813
8595	7429	729	60	265	2501823
8701	7429	728	60	263	2501833
8805	7420	732	60	263	2501843
8908	7420	731	60	261	2501853
9009	7420	731	60	261	2501863
9111	7420	730	60	260	2501873
9210	7409	735	60	260	2501883
9311	7409	728	60	260	2501893
9410	7399	730	59	258	2501903
9504	7399	731	59	258	2501913
9591	7390	732	59	256	2501923
9670	7390	732	59	256	2501933
9746	7383	734	59	255	2501943
9820	7383	731	60	254	2501953
9894	7377	732	60	252	2501963
9964	7377	729	60	252	2501973
10029	7377	729	60	252	2501983
10088	7367	729	60	252	2501993
10140	7367	728	60	252	2502003
10185	7360	728	60	252	2502013
10223	7360	728	60	251	2502023
10252	7360	730	60	251	2502033
10275	7360	729	59	249	2502043
10295	7360	729	59	249	2502053
10313	7360	729	59	249	2502063
10328	7360	729	59	249	2502073
10339	7360	729	59	249	2502083
10349	7367	729	59	249	2502093
10356	7367	729	59	249	2502103
10364	7367	728	59	249	2502113
10371	7367	728	59	249	2502123
10378	7367	728	59	249	2502133
10384	7367	729	59	249	2502143
10384	7374	731	59	249	2502153
10395	7374	729	59	249	2502163
10402	7374	730	59	247	2502183
10410	7374	696	59	246	2502273
10418	7374	41	59	246	2502293
124
9667	10110	22	56	279	2504633
9667	10117	51	56	279	2504643
9675	10123	147	56	279	2504673
9675	10131	327	56	279	2504713
9667	10138	463	56	279	2504763
9667	10127	507	56	279	2504773
9667	10121	536	56	277	2504783
9667	10111	566	56	277	2504793
9660	10099	592	56	276	2504803
9660	10080	607	56	276	2504813
9660	10060	619	56	276	2504823
9660	10036	627	56	276	2504833
9660	10010	630	56	276	2504843
9660	9981	644	56	276	2504853
9668	9947	654	56	276	2504863
9668	9911	658	56	276	2504873
9675	9871	665	56	276	2504883
9675	9832	665	56	276	2504893
9675	9792	678	56	276	2504903
9681	9751	683	56	276	2504913
9681	9709	688	56	276	2504923
9681	9664	696	56	276	2504933
9681	9618	700	56	276	2504943
9681	9570	702	56	276	2504953
9681	9522	702	56	276	2504963
9681	9469	702	56	276	2504973
9681	9415	707	56	276	2504983
9689	9360	709	57	278	2504993
9689	9307	710	57	278	2505003
9689	9255	712	57	279	2505013
9689	9205	715	57	279	2505023
9689	9154	717	57	279	2505033
9689	9103	718	57	279	2505043
9689	9050	718	58	280	2505053
9689	8997	718	58	280	2505063
9689	8940	720	58	280	2505073
9689	8885	721	58	280	2505083
9689	8831	723	58	280	2505093
9696	8777	721	59	280	2505103
9696	8728	724	59	280	2505113
9696	8679	725	59	280	2505123
9704	8630	725	59	280	2505133
9704	8582	724	59	280	2505143
9704	8533	723	59	280	2505153
9704	8486	725	59	278	2505163
9711	8436	726	59	278	2505173
9711	8386	728	59	277	2505183
9718	8338	732	59	277	2505193
9718	8291	731	59	277	2505203
9724	8245	731	59	277	2505213
9724	8201	733	59	277	2505223
9724	8158	731	59	277	2505233
9724	8113	732	59	277	2505243
9724	8073	733	59	277	2505253
9724	8032	733	59	277	2505263
9724	7993	733	59	277	2505273
9724	7958	734	59	277	2505283
9724	7923	734	59	277	2505293
9724	7892	734	59	277	2505303
9724	7864	734	59	277	2505313
9724	7839	733	59	277	2505323
9724	7817	733	59	277	2505333
9724	7800	733	59	277	2505343
9724	7786	733	59	277	2505353
9724	7775	735	59	277	2505363
9724	7765	735	59	277	2505373
9724	7754	734	58	276	2505383
9724	7745	733	58	276	2505393
9724	7738	734	58	276	2505403
9724	7731	733	58	276	2505423
9724	7723	736	58	276	2505443
9724	7715	737	58	276	2505463
9724	7704	739	58	276	2505473
9724	7695	739	58	276	2505483
9724	7687	736	58	276	2505493
9731	7678	736	58	276	2505503
9731	7672	735	58	276	2505513
9731	7665	737	58	276	2505523
9731	7659	737	58	276	2505533
9731	7652	738	58	275	2505543
9731	7646	738	58	275	2505553
9731	7638	736	58	273	2505563
9731	7631	737	58	273	2505573
9731	7620	737	58	273	2505583
9731	7610	739	58	273	2505593
9731	7598	738	58	273	2505603
9731	7587	739	58	273	2505613
9731	7575	738	58	273	2505623
9731	7566	737	58	273	2505633
9731	7559	737	58	273	2505653
9731	7553	738	58	273	2505753
9731	7546	738	58	273	2505773
9731	7537	739	58	273	2505783
9731	7529	738	58	273	2505793
9731	7522	738	58	273	2505803
9731	7513	738	58	273	2505813
9731	7506	737	58	273	2505823
9731	7499	735	58	273	2505833
9731	7493	735	58	273	2505843
9738	7493	735	58	273	2505853
9738	7483	735	58	273	2505873
9746	7483	735	58	273	2505883
9746	7476	736	58	273	2505893
9752	7476	735	58	273	2505913
9766	7468	736	58	273	2505923
9781	7468	734	58	273	2505933
9806	7468	737	58	273	2505943
9840	7468	741	58	273	2505953
9886	7468	741	58	273	2505963
9942	7468	741	58	272	2505973
10002	7468	741	58	272	2505983
10065	7468	742	58	270	2505993
10129	7475	742	58	270	2506003
10188	7475	742	58	270	2506013
10245	7475	743	58	270	2506023
10298	7475	741	58	270	2506033
10347	7482	742	58	270	2506043
10388	7482	742	58	270	2506053
10422	7482	743	58	270	2506063
10449	7488	742	58	270	2506073
10468	7488	743	58	270	2506083
10481	7488	745	58	268	2506093
10487	7488	722	58	267.2	2506143
10487	7495	165	58.6667	267	2506173
70
10323	6352	348	64.9615	270	2510508
10317	6352	664	65	270	2510568
10317	6358	707	65	270	2510588
10310	6366	720	65	270	2510598
10310	6373	723	65	270	2510608
10310	6382	741	65	270	2510618
10310	6390	757	65	270	2510628
10304	6398	768	65	270	2510648
10304	6412	768	65	270	2510658
10304	6422	770	65	270	2510668
10294	6435	771	65	270	2510678
10294	6448	779	65	270	2510688
10287	6459	786	65	270	2510698
10287	6472	788	65	270	2510708
10279	6485	790	65	270	2510718
10279	6500	797	65	270	2510728
10270	6515	801	65	270	2510738
10270	6529	813	65	270	2510748
10262	6542	815	64	270	2510758
10262	6558	819	64	270	2510768
10253	6573	823	64	270	2510778
10253	6590	825	64	270	2510788
10242	6607	824	64	270	2510798
10235	6624	827	64	270	2510808
10235	6643	828	64	270	2510818
10224	6660	829	64	270	2510828
10224	6680	830	64	270	2510838
10217	6698	838	63	270	2510847
10217	6714	845	63	270	2510857
10217	6732	841	63	270	2510867
10211	6751	842	63	270	2510877
10211	6770	843	63	270	2510887
10203	6793	843	63	270	2510897
10203	6817	846	63	270	2510907
10193	6837	845	63	270	2510917
10193	6857	845	63	270	2510927
10185	6876	846	63	270	2510937
10185	6894	848	63	270	2510947
10175	6912	850	63	270	2510957
10175	6928	847	63	270	2510967
10163	6944	854	63	270	2510977
10163	6958	858	63	270	2510987
10155	6968	860	63	270	2510997
10155	6976	862	63	270	2511007
10155	6985	860	63	270	2511017
10149	6998	857	63	270	2511027
10149	7013	859	63	270	2511037
10149	7027	859	63	270	2511047
10140	7043	859	63	270	2511057
10140	7055	860	63	270	2511067
10140	7070	860	62	270	2511077
10134	7084	861	62	270	2511087
10134	7096	860	62	270	2511097
10134	7108	859	62	270	2511107
10126	7120	860	62	270	2511117
10126	7131	860	62	270	2511127
10126	7141	859	62	270	2511137
10120	7148	860	62	270	2511157
10120	7156	860	62	270	2511177
10120	7167	859	62	270	2511187
10112	7173	858	62	270	2511197
10112	7181	859	62	270	2511207
10112	7188	858	62	270	2511217
10112	7195	858	62	270	2511227
10112	7202	859	62	270	2511237
10112	7209	858	62	270	2511257
10112	7217	856	62	270	2511287
10112	7225	853	62	270	2511347
10112	7231	819	61.2535	270	2512057
10112	7224	234	60	270	2512087
34
10136	7233	37	59	270	2515046
10143	7246	74	59	270	2515056
10143	7255	108	60	270	2515066
10151	7255	153	60	270	2515136
10143	7255	190	60	270	2515156
10137	7255	232	60	270	2515176
10128	7255	257	60	270	2515186
10128	7248	270	60	270	2515196
10119	7248	297	60	270	2515216
10110	7248	337	60	270	2515226
10110	7240	358	60	270	2515236
10102	7240	401	60	270	2515256
10095	7233	454	60	270	2515276
10088	7233	492	60	270	2515296
10088	7227	603	60	270	2515366
10101	7227	681	60	270	2515376
10111	7227	687	60	270	2515386
10126	7227	693	60	270	2515396
10149	7227	700	60	270	2515406
10178	7236	701	60	268	2515416
10215	7236	701	60	268	2515426
10255	7246	704	60	267	2515436
10295	7246	705	60	267	2515446
10335	7255	704	60	267	2515456
10371	7255	703	60	267	2515466
10401	7263	705	60	267	2515476
10426	7263	707	60	267	2515486
10445	7263	705	60	267	2515496
10458	7263	705	60	267	2515506
10470	7263	705	60	267	2515516
10481	7270	706	60	267	2515526
10488	7270	707	60	267	2515546
10498	7270	708	60	267	2515576
10504	7270	447	60	267	2515636
18
10284	7364	41	59	267	2515960
10276	7364	115	59	267	2516000
10276	7358	278	59	267	2516020
10284	7358	345	59	267	2516030
10292	7358	370	59	267	2516040
10304	7358	395	59	267	2516050
10319	7358	401	59	267	2516060
10336	7358	418	59	267	2516070
10357	7358	431	59	267	2516080
10379	7358	446	59	267	2516090
10402	7358	460	59	267	2516100
10425	7365	468	59	267	2516110
10447	7365	473	59	267	2516120
10468	7365	483	59	267	2516130
10484	7365	489	59	267	2516140
10496	7365	485	59	267	2516150
10504	7365	485	59	265	2516170
10511	7365	277	59	263	2516220
23
10468	7630	21	59	273	2517882
10474	7636	88	59	273	2517932
10468	7636	158	59	273	2517942
10468	7643	214	59	273	2518002
10459	7643	234	59	273	2518022
10459	7649	235	59	273	2518042
10453	7649	253	59	273	2518122
10453	7656	498	59	273	2518232
10453	7647	620	59	273	2518242
10470	7633	634	59	273	2518252
10486	7610	641	59	273	2518262
10509	7580	646	59	272	2518272
10533	7543	651	59	272	2518282
10560	7501	653	59	270	2518292
10585	7453	658	59	270	2518302
10604	7399	662	59	270	2518312
10614	7347	663	59	270	2518322
10614	7295	664	60	270	2518332
10614	7247	665	60	270	2518342
10602	7206	664	60	270	2518352
10590	7168	637	60	270	2518362
10576	7138	565	60	270	2518372
10564	7113	191	60.5	270	2518392
21
10449	7671	20	58	270	2518946
10449	7678	70	58	270	2518986
10449	7686	267	57.9286	270	2519126
10460	7686	473	57	270	2519136
10473	7678	491	57	270	2519146
10497	7678	505	57	270	2519156
10532	7663	519	57	270	2519166
10580	7650	521	57	270	2519176
10641	7633	530	57	270	2519186
10710	7608	531	57	268	2519196
10784	7581	533	57	268	2519206
10854	7550	531	57	267	2519216
10913	7516	530	57	267	2519226
10961	7483	545	58	267	2519236
10995	7450	550	58	267	2519246
11020	7422	552	58	267	2519256
11038	7399	557	58	267	2519266
11049	7381	561	58	267	2519276
11055	7371	561	58	267	2519286
11055	7364	558	58	267	2519296
11063	7364	319	58.75	265	2519336
22
10639	7121	69	59	270	2519530
10606	7107	83	59	270	2519540
10594	7107	145	59	270	2519550
10585	7096	198	60	270	2519560
10578	7096	244	60	270	2519570
10578	7090	294	60	270	2519580
10571	7090	445	60.75	270	2519620
10582	7096	546	61	270	2519630
10599	7104	576	61	270	2519640
10626	7116	604	61	270	2519650
10665	7132	612	61	270	2519660
10713	7151	631	61	270	2519670
10770	7172	636	61	270	2519680
10830	7198	644	61	270	2519690
10888	7225	647	61	270	2519700
10940	7256	647	61	270	2519710
10982	7289	649	61	270	2519720
11013	7321	648	61	270	2519730
11036	7352	650	61	270	2519740
11047	7378	649	61	268	2519750
11047	7395	640	61	268	2519760
11055	7408	287	60.25	266.75	2519800
32
11140	7417	18	58	267	2521374
11140	7423	57	58	267.5	2521394
11133	7423	65	58	269.333	2521424
11127	7416	63	58	270	2521444
11117	7409	61	58	270	2521464
11110	7409	65	58	270	2521484
11103	7409	69	58	270	2521504
11097	7409	69	58	270	2521534
11090	7409	85	58	270	2521574
11083	7409	197	58	270	2521624
11075	7409	332	58	270	2521664
11068	7409	481	58	270	2521724
11075	7409	551	58	270	2521734
11085	7409	561	58	270	2521744
11101	7409	572	58	270	2521754
11130	7409	582	58	270	2521764
11170	7416	590	58	268	2521774
11226	7416	599	58	268	2521784
11300	7426	603	58	267	2521794
11389	7426	614	58	267	2521804
11491	7434	616	58	267	2521814
11601	7434	621	58	267	2521824
11710	7434	626	58	267	2521834
11811	7434	625	58	267	2521844
11900	7434	630	59	267	2521854
11973	7434	630	59	267	2521864
12030	7434	631	59	267	2521874
12072	7434	628	59	265	2521884
12102	7440	629	59	265	2521894
12122	7440	630	59	263	2521904
12134	7451	633	59	263	2521914
12140	7451	410	59	263	2521984
65
7720	8548	34	56	276	2522652
7728	8548	124	56	276	2522672
7737	8548	177	55	276	2522682
7745	8548	216	55	276	2522692
7755	8555	252	55	276	2522702
7767	8555	277	55	276	2522712
7783	8555	311	55	276	2522722
7802	8555	348	55	276	2522732
7827	8555	365	55	276	2522742
7857	8555	391	55	276	2522752
7892	8548	422	55	276	2522762
7936	8548	446	55	276	2522772
7987	8548	481	55	276	2522782
8044	8548	496	55	276	2522792
8102	8548	507	55	276	2522802
8161	8548	513	55	276	2522812
8223	8548	534	55	276	2522822
8290	8548	542	55	276	2522832
8366	8548	550	55	276	2522842
8452	8548	555	55	276	2522852
8547	8548	566	55	276	2522862
8648	8548	566	55	276	2522872
8755	8555	579	55	274	2522882
8865	8555	587	55	274	2522892
8974	8555	589	55	273	2522902
9080	8548	590	56	273	2522912
9181	8548	591	56	273	2522922
9281	8548	598	56	273	2522932
9380	8542	608	56	271	2522942
9477	8542	618	56	271	2522952
9573	8542	616	56	270	2522962
9663	8542	623	56	270	2522972
9749	8542	626	56	269	2522982
9830	8542	628	56	269	2522992
9908	8542	628	56	267	2523002
9984	8542	636	56	267	2523012
10059	8542	638	56	267	2523022
10133	8542	645	56	266	2523032
10209	8542	643	56	266	2523042
10288	8549	647	57	264	2523052
10370	8549	646	57	264	2523062
10450	8549	649	57	264	2523072
10527	8549	650	57	262	2523082
10596	8549	653	57	262	2523092
10663	8557	653	57	261	2523102
10728	8557	661	57	261	2523112
10796	8557	660	57	261	2523122
10867	8557	660	57	261	2523132
10941	8557	663	57	261	2523142
11015	8563	663	57	261	2523152
11085	8563	663	57	261	2523162
11150	8563	662	57	261	2523172
11211	8563	661	57	259	2523182
11269	8563	661	57	259	2523192
11325	8570	657	56	258	2523202
11380	8570	660	56	258	2523212
11431	8570	661	56	258	2523222
11479	8570	660	56	258	2523232
11520	8570	660	56	258	2523242
11554	8570	659	56	258	2523252
11580	8570	660	56	258	2523262
11597	8570	659	56	256	2523272
11610	8570	659	56	256	2523282
11619	8570	624	56	255	2523302
11629	8570	177	57	254	2523332
47
11629	8542	60	55	266	2524130
11636	8542	84	55	264	2524140
11636	8548	131	55	264	2524150
11636	8556	183	55	264	2524170
11629	8556	317	55	264	2524220
11637	8556	421	55	264	2524230
11637	8549	469	55	264	2524260
11637	8542	514	55	264	2524270
11643	8542	527	55	263	2524280
11643	8532	541	55	263	2524290
11643	8520	577	55	261	2524300
11643	8504	592	55	261	2524310
11643	8484	605	55	261	2524320
11643	8457	624	55	261	2524330
11643	8427	641	55	261	2524340
11643	8391	651	56	261	2524350
11643	8353	656	56	261	2524360
11634	8314	663	56	261	2524370
11634	8275	665	56	261	2524380
11623	8235	670	56	261	2524390
11623	8197	675	57	262	2524400
11623	8158	681	57	262	2524410
11623	8121	689	57	264	2524420
11623	8083	699	58	264	2524430
11623	8045	711	58	264	2524440
11613	8007	711	58	264	2524450
11613	7968	720	58	264	2524460
11605	7933	722	59	263	2524470
11605	7900	724	59	263	2524480
11596	7866	731	59	263	2524490
11596	7835	736	59	263	2524500
11596	7806	737	59	265	2524510
11589	7778	739	59	265	2524520
11589	7753	741	59	267	2524530
11589	7730	741	59	267	2524540
11581	7708	742	60	267	2524550
11581	7688	743	60	267	2524560
11581	7669	745	60	267	2524570
11581	7650	744	60	267	2524580
11581	7636	742	60	267	2524590
11581	7625	742	60	267	2524600
11581	7618	743	60	267.889	2524690
11581	7612	745	60	270	2524720
11581	7603	745	60	270	2524730
11588	7603	743	60	270	2524750
11588	7595	659	60	270	2524790
11596	7595	125	60	270	2524810
25
11648	7579	10	61	270	2524966
11639	7579	124	61	268	2524976
11632	7579	238	61	267	2524996
11625	7579	381	61	266	2525026
11625	7571	510	61	266	2525046
11625	7563	564	61	266	2525056
11635	7563	597	61	266	2525066
11642	7563	620	61	266	2525076
11655	7563	627	60	267	2525086
11677	7563	633	60	267	2525096
11708	7563	643	60	267	2525106
11749	7563	651	60	267	2525116
11799	7563	654	60	267	2525126
11854	7555	656	60	265	2525136
11911	7555	656	60	265	2525146
11966	7546	658	60	263	2525156
12015	7546	657	60	263	2525166
12054	7546	657	60	263	2525176
12085	7546	658	60	263	2525186
12107	7546	659	60	263	2525196
12123	7546	659	60	263	2525206
12135	7546	658	60	263	2525216
12144	7546	644	60	263	2525226
12150	7546	538	60	263	2525246
12157	7546	72	60.5	263	2525266
19
12115	7652	26	59	260	2527780
12115	7663	139	59	260	2527800
12115	7670	288	59	260	2527820
12115	7678	441	59	260	2527840
12121	7678	520	59	260	2527870
12121	7667	568	59	260	2527880
12121	7652	601	59	260	2527890
12121	7626	643	59	260	2527900
12121	7591	663	59	260	2527910
12121	7550	681	59	260	2527920
12121	7503	695	59	260	2527930
12121	7457	708	59	260	2527940
12121	7414	717	59	260	2527950
12121	7378	718	59	260	2527960
12121	7348	724	59	260	2527970
12121	7327	728	60	260	2527980
12121	7313	727	60	260	2527990
12121	7303	664	60	260	2528030
12121	7311	174	60	260	2528050
33
12109	7637	65	58	257	2528186
12092	7648	173	58	257	2528196
12085	7648	247	58	257	2528206
12085	7659	331	57	257	2528216
12075	7659	395	57	257	2528226
12075	7666	493	57	257	2528256
12086	7666	569	57	257	2528266
12101	7666	607	57	257	2528276
12121	7666	619	57	257	2528286
12150	7666	629	57	257	2528296
12186	7658	638	57	257	2528306
12227	7651	640	57	257	2528316
12274	7638	640	57	257	2528326
12324	7620	643	57	257	2528336
12372	7598	641	57	257	2528346
12415	7569	641	57	257	2528356
12448	7539	643	58	257	2528366
12474	7505	647	58	257	2528376
12490	7470	649	58	257	2528386
12497	7438	647	58	255	2528396
12497	7403	651	58	255	2528406
12480	7369	656	58	254	2528416
12457	7340	659	58	254	2528426
12422	7314	663	58	254	2528436
12381	7292	672	59	253	2528446
12337	7277	672	59	253	2528456
12292	7268	677	59	253	2528466
12252	7268	671	59	253	2528476
12218	7268	667	59	253	2528486
12191	7268	653	59	253	2528496
12170	7268	617	60	252	2528506
12155	7277	550	60	252	2528516
12144	7277	191	60	253.333	2528546
21
12584	7460	88	60	256	2528970
12572	7460	137	60	256	2528980
12566	7460	264	60	256	2529000
12555	7460	410	60	256	2529030
12548	7460	565	60	256	2529050
12559	7460	619	60	256	2529060
12580	7460	650	60	256	2529070
12614	7460	660	59	255	2529080
12664	7460	675	59	255	2529090
12727	7468	683	59	253	2529100
12797	7468	685	59	253	2529110
12872	7468	683	59	253	2529120
12947	7475	684	59	253	2529130
13019	7475	683	59	253	2529140
13081	7475	682	59	253	2529150
13131	7475	682	59	253	2529160
13168	7482	682	59	253	2529170
13192	7482	677	59	253	2529180
13205	7482	626	59	252	2529200
13212	7482	494	59	251	2529210
13212	7488	129	58	250	2529230
24
13292	7742	298	57	244	2529378
13286	7750	287	57	244	2529388
13278	7750	348	57.5	245.5	2529408
13278	7763	421	57	247	2529418
13287	7753	457	57	247	2529428
13298	7738	493	57	247	2529438
13313	7716	531	57	247	2529448
13334	7693	556	57	247	2529458
13354	7669	592	57	247	2529468
13372	7648	612	57	247	2529478
13390	7632	633	57	247	2529488
13406	7621	651	57	247	2529498
13421	7621	666	57	247	2529508
13437	7621	676	57	247	2529518
13455	7628	684	57	247	2529528
13471	7645	682	57	247	2529538
13489	7670	680	57	247	2529548
13506	7703	683	57	247	2529558
13520	7738	674	57	247	2529568
13530	7772	674	57	247	2529578
13539	7800	668	57	247	2529588
13545	7821	652	57	246	2529598
13545	7833	602	57	246	2529608
13553	7833	220	56	244	2529648
13
13454	7628	6	58	247	2529734
13430	7593	288	58	247	2529744
13430	7579	347	58	247	2529754
13423	7566	441	58	247	2529764
13423	7550	506	58	247	2529774
13423	7527	553	58	247	2529784
13423	7497	579	58	247	2529794
13423	7461	600	58	247	2529804
13423	7425	613	58	247	2529814
13423	7392	612	59	246	2529824
13423	7363	604	59	246	2529834
13423	7339	545	59	246	2529844
13423	7322	194	59	247	2529864
