61
33
3040	19270	109	51	288	2888282
3023	19244	194	51	288	2888292
3015	19232	311	51	288	2888302
3015	19220	365	51	288	2888312
3015	19208	431	51	288	2888322
3015	19196	489	51	288	2888332
3015	19187	541	51	288	2888342
3015	19181	642	51	288	2888372
3025	19181	707	51	288	2888382
3035	19194	715	51	288	2888392
3053	19215	717	51	288	2888402
3076	19248	716	51	288	2888412
3101	19290	714	51	286	2888422
3124	19340	711	51	286	2888432
3142	19392	705	51	285	2888442
3157	19445	703	51	285	2888452
3166	19491	708	51	285	2888462
3166	19526	707	51	285	2888472
3175	19547	708	50	285	2888482
3175	19556	704	50	285	2888502
3175	19550	699	50	285	2888512
3184	19534	697	50	285	2888522
3195	19508	700	50	285	2888532
3210	19472	704	50	285	2888542
3228	19432	704	49	284	2888552
3247	19388	708	49	284	2888562
3265	19346	704	49	284	2888572
3281	19306	708	49	284	2888582
3294	19271	705	50	285	2888592
3302	19243	697	50	285	2888602
3302	19223	679	50	285	2888612
3309	19211	570	50	285	2888632
3299	19204	153	50	285	2888652
11
3147	19278	294	51	285	2888710
3095	19269	322	51	285	2888720
3075	19260	444	51	285	2888730
3063	19260	533	51	285	2888740
3063	19253	579	51	285	2888750
3080	19253	627	51	285	2888760
3105	19253	667	51	285	2888770
3141	19263	671	51	285	2888780
3180	19271	657	51	285	2888790
3218	19280	561	51	285	2888800
3251	19286	40	51	285	2888820
73
3030	16735	32	51	283	2893926
3021	16746	71	51	283	2893936
3021	16755	154	51	283	2893956
3021	16767	267	51	283	2893966
3021	16775	352	51	283	2893976
3021	16784	398	51	283	2893986
3021	16793	456	51	283	2893996
3021	16799	491	51	283	2894026
3021	16791	495	51	283	2894036
3021	16770	519	51	283	2894046
3021	16736	539	51	283	2894056
3029	16694	555	52	283	2894066
3029	16650	564	52	283	2894076
3035	16609	575	52	283	2894086
3035	16572	601	52	283	2894096
3045	16545	604	52	283	2894106
3045	16524	605	52	283	2894116
3054	16510	607	52	283	2894126
3054	16503	605	52	283	2894156
3054	16514	573	52	283	2894166
3047	16531	465	52	283	2894176
3039	16557	393	52	283	2894186
3026	16589	327	52	283	2894196
3010	16625	263	52	283	2894206
2994	16661	257	52	283	2894216
2978	16692	257	52	283	2894226
2965	16720	274	52	283	2894236
2954	16741	300	52	283	2894246
2943	16758	336	52	283	2894256
2936	16769	390	52	283	2894266
2936	16777	462	52	283	2894286
2936	16787	519	52	283	2894296
2943	16787	551	51	283	2894306
2958	16794	568	51	283	2894316
2981	16794	582	51	283	2894326
3011	16794	591	51	283	2894336
3049	16794	603	51	283	2894346
3095	16794	606	51	283	2894356
3143	16794	605	51	283	2894366
3189	16781	606	51	283	2894376
3226	16771	605	51	283	2894386
3250	16760	600	51	283	2894396
3260	16747	599	51	283	2894406
3260	16729	599	51	283	2894416
3231	16706	602	51	283	2894426
3192	16677	600	51	283	2894436
3141	16647	598	51	283	2894446
3086	16623	599	51	283	2894456
3040	16605	599	51	283	2894466
3007	16598	602	51	283	2894476
2990	16598	606	51	283	2894496
2999	16598	607	51	283	2894506
3020	16598	607	51	283	2894516
3053	16610	610	51	283	2894526
3094	16618	612	51	283	2894536
3138	16625	613	51	283	2894546
3185	16625	614	51	283	2894556
3229	16632	615	52	283	2894566
3269	16632	616	52	283	2894576
3300	16623	619	52	283	2894586
3322	16611	620	52	283	2894596
3333	16594	622	52	283	2894606
3333	16571	627	52	283	2894616
3316	16544	631	52	283	2894626
3287	16513	643	52	283	2894636
3247	16483	650	52	283	2894646
3201	16456	658	52	283	2894656
3154	16437	668	52	283	2894666
3110	16426	672	52	283	2894676
3075	16426	674	52	283	2894686
3047	16426	667	52	283	2894696
3030	16426	619	52	283	2894706
3021	16437	202	52	283	2894726
28
3326	14371	300	52	283	2896180
3326	14382	456	52	283	2896190
3335	14393	478	52	283	2896200
3343	14403	538	52	283	2896210
3343	14412	574	52	283	2896220
3349	14422	613	52	283	2896230
3349	14429	624	52	283	2896240
3340	14437	627	52	283	2896250
3326	14444	628	52	283	2896260
3304	14444	627	51	283	2896270
3272	14444	629	51	283	2896280
3236	14432	630	51	283	2896290
3197	14408	630	51	283	2896300
3162	14374	631	51	283	2896310
3137	14333	637	51	283	2896320
3131	14287	652	51	283	2896330
3131	14243	666	51	283	2896340
3152	14200	704	51	283	2896350
3182	14164	735	51	283	2896360
3217	14138	749	51	283	2896370
3262	14119	766	51	283	2896380
3310	14111	779	52	283	2896390
3360	14111	779	52	283	2896400
3409	14121	783	52	283	2896410
3453	14136	767	52	283	2896420
3490	14153	724	52	283	2896430
3516	14166	612	53	284	2896440
3529	14173	123	53	284	2896460
22
5647	18764	122	47	274	2902612
5640	18774	277	47	274	2902622
5640	18795	366	47	274	2902632
5640	18802	445	47	274	2902652
5640	18809	472	47	274	2902672
5640	18803	484	47	273	2902682
5651	18792	496	47	273	2902692
5666	18774	525	47	272	2902702
5687	18746	539	47	272	2902712
5714	18710	556	47	272	2902722
5742	18664	576	47	272	2902732
5770	18610	581	47	272	2902742
5790	18549	590	48	272	2902752
5804	18488	594	48	272	2902762
5804	18424	602	48	272	2902772
5804	18363	604	48	272	2902782
5781	18307	605	48	272	2902792
5757	18255	606	48	272	2902802
5731	18212	605	49	272	2902812
5711	18181	602	49	272	2902822
5695	18160	585	49	272	2902832
5687	18148	309	49.6667	273.333	2902862
24
5812	18772	65	47	274	2903150
5797	18789	124	47	274	2903160
5790	18799	189	47	274	2903170
5790	18808	266	47	274	2903180
5782	18819	299	47	273	2903190
5782	18827	365	47	273	2903200
5782	18834	430	47	272	2903230
5795	18834	484	48	272	2903240
5809	18817	516	48	272	2903250
5831	18789	530	48	272	2903260
5861	18748	542	48	272	2903270
5895	18695	555	48	272	2903280
5931	18632	564	48	272	2903290
5963	18565	568	48	272	2903300
5987	18494	572	48	272	2903310
6001	18428	578	48	272	2903320
6001	18365	588	48	272	2903330
5994	18310	588	48	272	2903340
5975	18260	590	48	272	2903350
5949	18216	589	49	272	2903360
5923	18183	588	49	272	2903370
5900	18159	575	49	273	2903380
5886	18146	548	49	273	2903390
5879	18146	169	50	275	2903420
22
5892	18777	24	48	274	2903762
5870	18793	56	48	274	2903772
5870	18800	82	48	274	2903782
5861	18808	158	48	274	2903802
5861	18820	263	48	274	2903822
5861	18826	375	48	274	2903852
5880	18826	447	48	273	2903862
5908	18826	493	48	273	2903872
5954	18813	515	48	272	2903882
6019	18796	523	48	272	2903892
6097	18768	528	48	272	2903902
6181	18729	534	48	272	2903912
6269	18681	542	48	273	2903922
6352	18627	549	48	273	2903932
6428	18573	549	48	274	2903942
6490	18523	552	48	273	2903952
6537	18480	553	48	273	2903962
6566	18445	557	48	272	2903972
6582	18418	558	49	272	2903982
6589	18402	560	49	272	2903992
6589	18394	528	49	272	2904022
6589	18404	118	49	272	2904042
24
5958	18051	33	53	278	2904218
5925	18043	86	53	278	2904228
5913	18043	119	53	278	2904238
5902	18043	158	54	278	2904248
5892	18043	199	54	278	2904258
5883	18043	250	54	278	2904268
5876	18043	315	54	280	2904288
5869	18033	413	54.5	280.5	2904308
5884	18025	496	55	280	2904318
5910	18025	544	55	279	2904328
5949	18025	564	55	279	2904338
6005	18041	573	55	280	2904348
6075	18063	588	55	280	2904358
6152	18092	592	54	281	2904368
6236	18128	599	54	281	2904378
6317	18168	608	54	281	2904388
6394	18210	606	55	280	2904398
6457	18251	633	54	280	2904408
6504	18290	627	54	278	2904418
6535	18326	633	54	278	2904428
6553	18356	638	53	278	2904438
6561	18379	637	53	278	2904448
6561	18395	621	53	277	2904458
6561	18403	331	52.3333	275.667	2904488
23
3495	19354	3	45	284	2906918
3483	19354	58	45	284	2906928
3474	19354	139	45	284	2906968
3474	19361	465	44.8889	284	2907148
3480	19361	647	44	283	2907158
3492	19361	657	44	283	2907168
3514	19361	661	44	282	2907178
3551	19361	661	44	282	2907188
3602	19368	663	44	282	2907198
3674	19368	670	44	281	2907208
3756	19381	668	44	281	2907218
3858	19391	667	44	280	2907228
3977	19401	672	44	279	2907238
4101	19413	672	44	279	2907248
4230	19423	673	44	278	2907258
4347	19432	674	44	278	2907268
4442	19439	672	44	277	2907278
4517	19439	672	44	277	2907288
4568	19447	672	44	276	2907298
4600	19447	668	44	275	2907308
4616	19447	646	44	275	2907318
4626	19447	545	45	274	2907328
4634	19447	58	45	274	2907348
28
4666	19365	11	46	280	2908018
4666	19376	63	46	280	2908028
4666	19386	212	46	280	2908098
4666	19393	373	46	280	2908128
4666	19401	422	46	280	2908168
4666	19407	459	45.1111	278.444	2908258
4666	19400	475	45	278	2908278
4666	19385	501	45	278	2908288
4673	19365	520	45	278	2908298
4673	19335	538	45	278	2908308
4673	19291	549	45	278	2908318
4682	19231	596	45	278	2908328
4682	19160	611	46	278	2908338
4682	19085	622	46	278	2908348
4692	19007	640	46	278	2908358
4692	18935	645	47	279	2908368
4703	18871	651	47	279	2908378
4703	18807	659	48	280	2908388
4711	18749	663	48	280	2908398
4711	18697	668	48	281	2908408
4711	18649	668	48	281	2908418
4711	18613	667	49	282	2908428
4711	18589	661	49	282	2908438
4711	18574	643	50	282	2908448
4711	18566	599	50	282	2908458
4722	18558	521	51	283	2908468
4722	18546	364	51	283	2908478
4734	18529	30	51	283	2908498
24
4805	18466	2	50	282	2908951
4798	18475	58	50	282	2908971
4790	18483	141	50	282	2908991
4784	18483	220	50	282	2909001
4784	18491	277	50	282	2909011
4776	18491	382	50	282	2909060
4785	18491	472	50	282	2909070
4801	18491	493	50	282	2909080
4832	18491	534	49	282	2909090
4881	18499	541	50	282	2909100
4947	18506	548	50	282	2909110
5029	18506	553	50	282	2909120
5129	18520	556	50	282	2909130
5242	18527	560	50	282	2909140
5364	18535	560	50	282	2909150
5482	18541	563	50	281	2909160
5587	18541	563	50	281	2909170
5671	18551	564	51	280	2909180
5736	18551	563	51	280	2909190
5782	18558	565	51	280	2909200
5813	18558	567	51	280	2909210
5830	18565	574	51	280	2909220
5836	18565	543	51.8333	279.667	2909280
5836	18558	1	52	278	2909300
27
3555	16655	43	52	289	2910319
3549	16655	162	52	289	2910349
3541	16655	327	52	289	2910399
3550	16655	428	52	289	2910409
3557	16655	452	52	289	2910419
3569	16655	480	52	289	2910429
3587	16655	514	52	289	2910439
3617	16655	527	52	289	2910449
3660	16664	539	52	289	2910459
3717	16672	543	52	289	2910469
3795	16681	557	53	288	2910479
3884	16690	568	52	287	2910489
3987	16698	576	53	286	2910499
4100	16706	580	53	286	2910509
4211	16706	580	53	286	2910519
4328	16715	581	53	286	2910529
4447	16715	582	53	286	2910539
4562	16715	583	53	285	2910549
4674	16715	587	53	285	2910559
4776	16722	592	53	284	2910569
4865	16722	593	53	284	2910579
4941	16722	595	53	284	2910589
5002	16722	595	53	284	2910599
5046	16730	597	53	284	2910608
5074	16730	599	53	284	2910618
5088	16730	610	53	281.4	2910668
5095	16730	309	53	281	2910708
64
4915	18248	11	48	284	2911859
4915	18254	72	48	284	2911879
4915	18263	458	46.8	281.65	2912079
4915	18252	583	46	281	2912089
4915	18244	579	46	281	2912099
4915	18231	588	46	281	2912109
4915	18212	611	47	281	2912119
4915	18187	620	47	281	2912129
4921	18153	644	47	281	2912139
4921	18115	650	47	281	2912149
4921	18074	659	48	281	2912159
4921	18033	665	48	281	2912169
4921	17993	677	48	281	2912179
4921	17952	681	49	282	2912189
4921	17911	689	49	282	2912199
4930	17868	704	50	282	2912209
4930	17826	712	50	282	2912219
4936	17781	716	50	282	2912229
4936	17734	726	51	283	2912239
4936	17691	729	51	283	2912249
4945	17646	730	51	283	2912259
4945	17605	733	52	283	2912269
4953	17565	742	52	283	2912279
4953	17525	746	52	283	2912289
4961	17487	749	52	284	2912299
4961	17451	755	52	284	2912309
4961	17413	761	52	286	2912319
4961	17378	765	52	286	2912329
4954	17340	770	52	286	2912339
4954	17307	772	53	286	2912349
4954	17276	772	53	286	2912359
4965	17244	788	53	286	2912369
4965	17213	793	53	286	2912379
4974	17180	793	53	286	2912389
4974	17148	795	53	286	2912398
4980	17119	796	54	287	2912408
4980	17091	800	54	287	2912418
4987	17066	800	54	287	2912428
4987	17042	802	54	287	2912438
4995	17020	804	54	287	2912448
4995	16998	807	55	287	2912458
4995	16976	807	55	287	2912468
5001	16956	806	55	287	2912478
5001	16938	808	55	287	2912488
5001	16919	810	55	287	2912498
5001	16901	814	55	287	2912508
5001	16883	816	55	287	2912518
5001	16865	817	55	287	2912528
5001	16849	818	55	287	2912538
5008	16835	819	55	287	2912548
5008	16822	823	55	287	2912558
5008	16811	825	55	287	2912568
5008	16802	824	55	287	2912578
5008	16796	825	55	287	2912598
5008	16789	826	55	287	2912608
5008	16782	830	56	288	2912618
5008	16770	834	56	288	2912628
5014	16756	836	56	288	2912638
5014	16740	836	56	288	2912648
5014	16727	837	56	288	2912658
5023	16717	837	56	288	2912668
5023	16710	833	56	288	2912688
5023	16704	747	55.5	289	2912708
5033	16716	183	55	290.5	2912728
30
5021	18256	32	51	283	2913235
5007	18256	50	51	283	2913245
5007	18264	59	50	282	2913255
4995	18264	61	50	282	2913275
4983	18264	65	50	282	2913285
4983	18255	70	50	282	2913295
4974	18255	80	50	282	2913315
4965	18255	98	50	282	2913335
4953	18255	123	50	282	2913345
4953	18262	147	50	282	2913355
4944	18262	190	50	282	2913375
4944	18268	370	50	282	2913455
4952	18268	517	49	282	2913465
4963	18268	538	49	282	2913475
4980	18268	547	49	282	2913485
5010	18278	566	49	282	2913495
5052	18278	579	49	282	2913505
5107	18291	585	49	282	2913515
5174	18291	596	49	282	2913525
5252	18301	597	49	282	2913535
5341	18301	598	49	282	2913545
5434	18311	599	50	281	2913555
5520	18311	601	50	281	2913565
5595	18311	601	50	280	2913575
5656	18311	603	50	280	2913585
5703	18311	605	50	280	2913595
5742	18319	606	50	280	2913605
5769	18319	606	50	278	2913615
5786	18326	607	50	278	2913625
5795	18326	497	49.4444	276.333	2913715
68
4188	16661	9	51	283	2919699
4188	16669	24	51	283	2919709
4182	16669	98	51	283	2919759
4182	16676	483	51.4444	281.185	2920029
4182	16682	576	51	281.583	2920269
4182	16675	589	51	283	2920289
4182	16661	591	51	283	2920299
4182	16648	590	51	283	2920309
4190	16633	591	51	283	2920319
4190	16616	595	51	283	2920329
4200	16596	603	51	283	2920339
4200	16574	602	51	283	2920349
4210	16550	605	51	283	2920359
4210	16525	607	51	283	2920369
4210	16498	615	51	283	2920379
4210	16470	622	51	283	2920389
4210	16442	627	51	283	2920399
4210	16414	631	51	283	2920409
4218	16385	632	51	283	2920419
4218	16355	633	51	283	2920429
4225	16323	641	51	283	2920439
4225	16288	653	52	283	2920449
4232	16251	663	52	283	2920459
4232	16211	663	52	283	2920469
4232	16174	667	52	283	2920479
4242	16139	673	53	285	2920489
4242	16107	677	53	285	2920499
4242	16079	682	53	286	2920509
4251	16049	685	54	287	2920519
4251	16021	687	54	287	2920529
4251	15994	689	54	287	2920539
4251	15967	695	55	287	2920549
4258	15939	697	55	287	2920559
4258	15912	701	55	289	2920569
4258	15883	703	55	289	2920579
4264	15856	704	54	290	2920589
4264	15830	707	55	291	2920599
4272	15804	708	55	291	2920609
4272	15779	708	55	291	2920619
4272	15755	721	55	291	2920629
4279	15734	724	55	291	2920639
4279	15717	725	55	291	2920649
4279	15701	727	55	291	2920659
4279	15689	728	55	291	2920669
4279	15681	728	56	292	2920679
4279	15674	727	56	292	2920699
4287	15674	557	56.6667	289.667	2920819
4287	15685	139	57	289	2920839
4287	15692	232	57	289	2920879
4287	15699	444	57	289	2920919
4295	15699	551	57	289	2920929
4309	15706	582	57	289	2920939
4336	15706	604	57	289	2920949
4378	15713	615	57	289	2920959
4439	15713	618	57	287	2920969
4511	15719	627	57	287	2920979
4589	15719	629	57	286	2920989
4670	15719	630	57	286	2920999
4750	15727	629	57	286	2921009
4821	15727	631	57	284	2921019
4883	15727	630	57	284	2921029
4931	15727	634	57	283	2921039
4965	15733	638	57	283	2921049
4985	15733	633	57	283	2921059
4995	15733	623	58	280.667	2921089
5001	15733	531	58	280	2921099
5001	15740	308	58	280	2921109
5009	15740	0	58	280	2921129
55
5007	15812	97	57	283	2921407
4989	15832	142	57	283	2921417
4980	15841	243	57	283	2921427
4970	15850	315	57	283	2921437
4970	15858	388	57	283	2921447
4962	15858	446	57	283	2921457
4962	15867	499	57	283	2921497
4962	15853	563	57	283	2921507
4972	15836	594	57	283	2921517
4972	15807	610	56	282	2921527
4983	15772	615	57	283	2921537
4990	15735	619	57	283	2921547
4990	15702	622	57	283	2921557
5002	15673	628	57	283	2921567
5002	15653	632	57	283	2921577
5011	15639	643	57	283	2921587
5011	15631	680	57	283	2921627
5011	15645	690	57	283	2921637
5011	15663	688	57	283	2921647
5002	15692	681	57	283	2921657
4994	15728	681	57	283	2921667
4982	15772	668	57	283	2921677
4972	15816	671	57	283	2921687
4960	15855	671	57	283	2921697
4949	15889	674	58	281	2921707
4939	15911	678	58	281	2921717
4933	15924	679	58	280	2921727
4933	15930	678	57	279	2921757
4940	15930	679	57	279	2921767
4951	15916	680	57	279	2921777
4968	15904	679	57	279	2921787
4991	15889	684	57	279	2921797
5021	15871	688	57	279	2921807
5055	15852	690	57	279	2921817
5096	15834	686	57	279	2921827
5139	15815	687	57	279	2921837
5182	15800	687	57	279	2921847
5220	15790	690	57	279	2921857
5247	15782	687	57	279	2921867
5264	15782	687	57	279	2921877
5264	15773	690	57	279	2921887
5264	15766	695	57	279	2921897
5253	15752	701	57	279	2921907
5227	15731	708	58	280	2921917
5190	15704	710	58	280	2921927
5145	15674	709	58	280	2921937
5100	15647	714	58	280	2921947
5062	15624	714	58	280	2921957
5029	15602	716	58	280	2921967
4999	15586	717	58	280	2921977
4979	15575	709	58	280	2921987
4965	15568	694	58	280	2921997
4957	15568	633	58	280	2922017
4964	15568	480	58	280	2922027
4977	15575	63	58	280	2922047
27
5263	15750	159	58	280	2922159
5263	15758	223	58	280	2922169
5253	15758	358	58	280	2922189
5247	15758	462	58	280	2922209
5247	15749	521	58	280	2922219
5247	15743	543	58	280	2922229
5247	15735	555	58	280	2922239
5247	15724	583	58	280	2922249
5247	15713	598	58	280	2922259
5254	15703	626	58	280	2922269
5267	15694	651	58	281	2922279
5284	15694	668	58	281	2922289
5304	15694	674	58	281	2922299
5325	15694	684	58	281	2922309
5346	15702	688	58	281	2922319
5362	15716	691	57	283	2922329
5374	15732	705	57	283	2922339
5374	15749	715	57	283	2922349
5381	15766	737	57	283	2922359
5381	15780	751	58	281	2922369
5363	15791	753	58	281	2922379
5346	15797	749	58	280	2922389
5324	15797	747	58	280	2922399
5301	15797	738	58	280	2922409
5282	15797	704	58	280	2922419
5267	15790	544	58	280	2922439
5267	15780	83	58	280	2922459
2
5495	15750	12	57	283	2922883
5488	15750	14	57	283	2922923
28
5420	15788	22	53	281	2924223
5420	15780	57	53	281	2924253
5429	15780	107	53	281	2924273
5435	15780	185	53	281	2924333
5429	15780	273	53	281	2924343
5429	15787	344	53	281	2924373
5435	15787	426	53	281	2924403
5446	15787	460	53	281	2924413
5456	15787	466	53	281	2924423
5474	15793	474	53	281	2924433
5500	15793	493	53	281	2924443
5537	15793	512	54	280	2924453
5589	15800	525	54	280	2924463
5654	15800	537	54	278	2924473
5728	15807	539	54	278	2924483
5812	15807	543	54	277	2924493
5903	15807	542	54	277	2924503
5994	15807	544	54	275	2924513
6081	15807	545	54	275	2924523
6157	15799	545	54	275	2924533
6219	15799	544	54	275	2924543
6266	15799	544	54	274	2924553
6299	15799	545	54	274	2924563
6320	15799	546	54	273	2924573
6334	15807	548	54	273	2924583
6342	15807	546	54.5	273	2924603
6348	15813	474	55	273	2924653
6348	15807	82	55	273	2924673
66
3818	14305	27	54	281	2927971
3828	14305	64	54	281	2927981
3837	14305	134	53	281	2928001
3843	14305	225	53	281	2928011
3843	14312	295	54	280	2928031
3852	14312	362	54	278	2928051
3862	14312	399	54	278	2928061
3872	14312	425	54	278	2928071
3887	14312	448	54	278	2928081
3911	14312	474	54	278	2928091
3945	14312	483	54	278	2928101
3991	14312	501	54	278	2928111
4050	14312	512	54	278	2928121
4119	14312	519	54	278	2928131
4194	14319	525	54	278	2928141
4273	14319	531	54	278	2928151
4355	14319	537	54	278	2928161
4443	14319	542	54	278	2928171
4534	14327	537	54	277	2928181
4628	14327	542	54	277	2928191
4725	14337	544	54	275	2928201
4823	14337	544	54	275	2928211
4924	14346	543	54	275	2928221
5026	14346	544	54	275	2928231
5130	14357	539	54	275	2928241
5230	14357	541	54	275	2928251
5331	14368	539	54	275	2928261
5433	14368	541	54	275	2928271
5538	14378	541	54	274	2928281
5647	14378	543	54	274	2928291
5757	14388	543	54	273	2928301
5868	14388	542	54	273	2928311
5980	14397	545	54	271	2928321
6089	14397	544	53	271	2928331
6195	14397	544	53	270	2928341
6297	14405	543	53	270	2928351
6401	14405	545	53	270	2928361
6506	14414	545	53	270	2928371
6613	14421	548	53	270	2928381
6721	14427	550	53	270	2928391
6829	14435	550	53	269	2928401
6938	14435	557	53	269	2928411
7042	14442	557	53	267	2928421
7142	14442	558	53	267	2928431
7241	14451	564	54	267	2928441
7338	14462	566	54	267	2928451
7436	14462	573	54	267	2928461
7530	14472	575	54	266	2928471
7619	14472	577	54	266	2928481
7697	14482	579	54	265	2928491
7770	14482	579	54	265	2928501
7837	14492	579	54	265	2928511
7901	14492	580	54	263	2928521
7962	14500	585	54	263	2928531
8017	14500	583	54	262	2928541
8069	14500	583	54	262	2928551
8114	14500	585	54	262	2928561
8151	14500	585	54	262	2928571
8182	14500	583	54	262	2928581
8205	14500	583	54	262	2928591
8220	14500	587	54	262	2928601
8228	14500	620	54	262	2928931
8228	14493	755	53.9583	263.917	2929171
8221	14493	843	54	272.522	2929401
8215	14493	660	54	278	2929441
8202	14481	29	54	278	2929461
23
8114	14749	125	53	278	2929983
8104	14757	207	53	278	2929993
8104	14769	292	53	278	2930003
8095	14769	347	53	278	2930013
8095	14775	396	53	278	2930033
8095	14765	480	53	278	2930043
8105	14751	506	53	278	2930053
8119	14730	544	53	278	2930063
8140	14703	565	53	278	2930073
8166	14670	579	53	278	2930083
8196	14629	596	53	278	2930093
8224	14577	602	54	278	2930103
8245	14520	611	54	278	2930113
8256	14456	615	54	278	2930123
8256	14389	620	54	278	2930133
8246	14326	623	54	278	2930143
8230	14266	625	54	278	2930153
8211	14217	626	54	278	2930163
8192	14178	625	55	279	2930173
8178	14151	618	55	279	2930183
8167	14135	592	55	279	2930193
8157	14128	521	55	279	2930203
8149	14128	170	56	279.5	2930223
23
8159	14753	50	54	278	2930507
8142	14763	124	54	278	2930527
8130	14772	258	54	278	2930547
8130	14782	377	54	278	2930567
8130	14790	434	54	278	2930577
8145	14790	471	54	278	2930587
8165	14790	486	54	278	2930597
8194	14784	502	54	278	2930607
8234	14768	518	54	278	2930617
8283	14742	531	54	278	2930627
8342	14709	538	54	278	2930637
8409	14669	544	54	278	2930647
8475	14626	550	54	277	2930657
8535	14584	553	54	277	2930667
8584	14545	561	54	275	2930677
8618	14510	567	54	275	2930687
8640	14481	592	54	275	2930697
8654	14457	592	54	274	2930707
8661	14439	594	54	274	2930717
8661	14425	593	54	273	2930727
8661	14414	591	54	273	2930737
8668	14407	554	54	273	2930757
8668	14397	178	54	270.667	2930787
24
8218	14117	8	56	279	2930943
8177	14096	90	56	279	2930953
8163	14088	175	56	279	2930963
8152	14088	264	56	279	2930973
8145	14078	341	56.5	279	2930993
8145	14069	454	57	281	2931013
8152	14069	541	58	281	2931023
8170	14069	558	58	280	2931033
8199	14069	573	58	280	2931043
8240	14079	580	58	281	2931053
8291	14094	590	58	281	2931063
8346	14114	594	58	281	2931073
8403	14140	596	58	281	2931083
8462	14171	602	58	280	2931093
8515	14206	606	58	280	2931103
8561	14247	613	58	280	2931113
8598	14285	615	58	280	2931123
8626	14321	620	58	278	2931133
8648	14352	627	58	278	2931143
8663	14373	627	58	276	2931153
8672	14388	626	58	276	2931163
8672	14397	619	57	275	2931173
8682	14397	606	57	275	2931183
8682	14405	370	56.6667	272	2931243
34
8701	14401	67	56	270.333	2931511
8708	14401	235	56	270	2931521
8708	14408	405	56	270	2931561
8701	14408	558	56	270	2931591
8693	14408	551	55.7179	270	2931981
8686	14398	496	56	270	2931991
8686	14391	502	56	270	2932001
8680	14381	519	56	270	2932011
8680	14367	544	56	270	2932021
8680	14353	550	56	270	2932031
8680	14340	569	56	270	2932041
8680	14326	592	56	270	2932051
8693	14316	612	56	270	2932061
8704	14308	620	56	270	2932071
8718	14308	627	56	270	2932081
8737	14308	633	56	270	2932091
8759	14316	638	56	270	2932101
8780	14328	641	56	270	2932111
8803	14344	644	56	270	2932121
8821	14361	650	56	270	2932131
8837	14380	655	56	270	2932141
8849	14398	661	56	270	2932151
8849	14417	666	56	270	2932161
8849	14437	669	56	270	2932171
8837	14455	671	56	270	2932181
8816	14468	671	56	270	2932191
8787	14476	671	56	270	2932201
8754	14476	670	55	270	2932211
8723	14476	667	55	270	2932221
8698	14467	654	55	270	2932231
8678	14458	622	55	270	2932241
8668	14450	553	55	270	2932251
8668	14440	415	55	270	2932261
8668	14431	104	55	270	2932281
31
8878	14368	6	56	271	2932679
8859	14368	59	56	273	2932699
8851	14362	155	56	271.25	2932739
8859	14362	232	56	270	2932759
8870	14371	285	56	270	2932779
8880	14378	337	56	270	2932799
8887	14378	388	56	270	2932819
8895	14378	443	56	270	2932829
8903	14378	471	56	270	2932839
8914	14378	493	56	270	2932849
8931	14378	525	56	270	2932859
8956	14378	534	56	270	2932869
8992	14378	548	56	270	2932879
9039	14386	560	56	270	2932889
9096	14386	581	56	270	2932899
9163	14394	596	56	270	2932909
9236	14394	606	55	270	2932919
9315	14394	618	55	270	2932929
9396	14394	620	56	270	2932939
9476	14394	620	56	270	2932949
9551	14400	622	56	270	2932959
9618	14400	623	56	270	2932969
9680	14400	629	56	270	2932979
9737	14400	631	56	269	2932989
9788	14408	632	56	269	2932999
9830	14408	632	56	267	2933009
9864	14408	634	56	267	2933019
9888	14408	638	56	267	2933029
9905	14408	644	56	267	2933039
9915	14414	658	56	267	2933059
9923	14414	539	56.3	267	2933159
21
8694	18744	56	51	280	2940636
8701	18744	116	51	280	2940646
8701	18755	289	51	280	2940696
8708	18755	450	51	280	2940726
8715	18735	510	51	280	2940736
8715	18710	529	51	280	2940746
8729	18671	546	51	280	2940756
8735	18619	570	51	280	2940766
8742	18555	597	51	280	2940776
8748	18487	613	51	280	2940786
8748	18417	637	51	280	2940796
8760	18353	650	52	280	2940806
8768	18294	671	52	280	2940816
8775	18240	678	52	280	2940826
8781	18194	682	52	280	2940835
8781	18156	686	53	281	2940845
8781	18127	686	53	281	2940855
8790	18107	686	53	281	2940865
8790	18097	657	53.5	281	2940905
8790	18114	479	54	281	2940915
8790	18133	142	54.5	281.5	2940935
66
8732	18696	34	51	280	2941204
8723	18710	74	51	280	2941214
8723	18731	102	51	280	2941224
8715	18731	157	51	279.5	2941244
8715	18740	267	51	277.667	2941274
8715	18747	362	51	277	2941294
8726	18747	407	51	277	2941304
8736	18747	427	51	277	2941314
8753	18755	449	51	277	2941324
8776	18755	474	50	277	2941334
8807	18755	494	50	277	2941344
8843	18761	505	50	277	2941354
8884	18761	517	50	277	2941364
8930	18761	523	50	277	2941374
8977	18761	526	50	277	2941384
9027	18755	528	50	277	2941394
9076	18747	530	50	277	2941404
9125	18737	533	50	277	2941414
9176	18726	537	50	277	2941424
9224	18712	538	50	277	2941434
9270	18698	541	51	277	2941444
9309	18684	543	51	277	2941454
9341	18670	543	51	277	2941464
9367	18656	546	51	277	2941474
9390	18641	550	51	277	2941484
9413	18626	551	51	277	2941494
9436	18610	561	51	277	2941504
9458	18593	564	51	277	2941514
9479	18577	565	51	276	2941523
9497	18560	566	51	276	2941533
9514	18543	566	51	275	2941543
9528	18526	568	51	275	2941553
9541	18507	568	51	275	2941563
9551	18490	568	51	275	2941573
9558	18472	572	51	274	2941583
9558	18454	572	51	274	2941593
9568	18435	581	52	273	2941603
9568	18416	585	52	273	2941613
9568	18395	592	52	273	2941623
9568	18374	591	52	273	2941633
9568	18355	592	52	273	2941643
9568	18334	594	52	273	2941653
9555	18312	598	52	273	2941663
9544	18292	598	52	273	2941673
9530	18271	605	52	273	2941683
9512	18249	612	52	273	2941693
9492	18228	614	52	273	2941703
9468	18206	613	52	273	2941713
9440	18185	616	53	273	2941723
9407	18164	618	53	273	2941733
9372	18143	621	53	273	2941743
9336	18124	625	54	273	2941753
9296	18107	626	54	274	2941763
9254	18092	628	54	274	2941773
9209	18080	628	55	276	2941783
9158	18069	628	55	276	2941793
9108	18059	627	55	276	2941803
9060	18051	629	56	277	2941813
9011	18044	628	56	277	2941823
8964	18037	629	56	279	2941833
8922	18037	629	56	279	2941843
8884	18025	628	56	279	2941853
8856	18025	625	57	279	2941863
8838	18018	606	57	279	2941873
8828	18018	564	57	279	2941893
8821	18018	264	57	279	2941923
65
6632	18397	2	49	279	2943484
6618	18397	92	49	278.2	2943534
6628	18397	197	49	277	2943554
6638	18397	252	49	277	2943574
6645	18397	300	49	277	2943584
6652	18397	325	49	277	2943594
6662	18397	350	49	277	2943604
6676	18397	381	49	277	2943614
6695	18390	388	49	277	2943624
6720	18390	396	49	277	2943634
6747	18390	404	49	277	2943644
6779	18390	422	49	277	2943654
6819	18400	432	49	277	2943664
6867	18400	447	49	277	2943674
6923	18412	453	49	277	2943684
6988	18420	464	49	277	2943694
7057	18429	478	49	277	2943704
7129	18436	490	49	277	2943714
7199	18443	501	49	278	2943724
7263	18443	505	49	278	2943734
7324	18451	513	49	279	2943744
7385	18451	518	49	279	2943754
7449	18461	521	49	279	2943764
7516	18467	527	49	279	2943774
7588	18476	533	49	279	2943784
7660	18484	536	49	279	2943794
7731	18492	539	49	279	2943804
7798	18499	542	49	279	2943814
7859	18499	548	49	278	2943824
7912	18506	551	49	278	2943834
7963	18506	552	49	277	2943844
8011	18506	557	49	277	2943854
8061	18514	562	50	277	2943864
8113	18514	568	50	277	2943874
8163	18521	573	50	277	2943884
8214	18521	575	50	277	2943894
8261	18527	573	50	277	2943904
8305	18527	575	50	277	2943914
8345	18527	575	50	277	2943924
8381	18527	575	50	277	2943934
8415	18527	575	50	277	2943944
8446	18527	576	50	277	2943954
8475	18527	579	50	276	2943964
8498	18527	579	50	276	2943974
8518	18527	581	50	275	2943984
8532	18521	581	51	275	2943994
8541	18521	582	51	275	2944004
8551	18521	582	51	275	2944014
8561	18521	582	51	274	2944024
8573	18521	583	51	274	2944034
8588	18521	583	51	272	2944044
8602	18521	585	51	272	2944054
8615	18521	588	51	272	2944064
8627	18521	590	51	271	2944074
8638	18521	591	51	271	2944084
8647	18528	590	51	270	2944094
8660	18528	592	51	270	2944104
8672	18528	593	51	270	2944114
8687	18535	595	51	270	2944124
8703	18535	595	51	270	2944134
8721	18535	597	51	270	2944143
8738	18535	597	51	270	2944153
8753	18542	598	51	270	2944163
8764	18542	601	51	270	2944183
8771	18542	463	51	270	2944243
41
6260	15807	101	57	296	2946172
6270	15807	235	57	296	2946182
6280	15807	274	57	296	2946192
6293	15807	306	57	296	2946202
6309	15807	328	57	296	2946212
6326	15815	348	57	296	2946222
6342	15815	358	57	296	2946232
6358	15815	388	57	296	2946242
6373	15815	414	57	296	2946252
6390	15815	433	57	296	2946262
6407	15815	448	57	296	2946272
6427	15815	478	57	296	2946282
6450	15815	495	57	296	2946292
6476	15815	510	57	296	2946302
6502	15815	521	58	295	2946312
6529	15815	528	58	295	2946322
6555	15815	533	58	293	2946332
6583	15823	537	58	293	2946342
6609	15823	542	58	293	2946352
6635	15830	543	58	293	2946362
6659	15830	547	58	293	2946372
6680	15830	552	58	293	2946382
6700	15830	556	58	293	2946392
6717	15830	561	58	293	2946402
6734	15830	566	58	293	2946412
6750	15837	572	58	293	2946422
6769	15837	579	58	293	2946432
6790	15844	582	58	293	2946442
6811	15844	585	58	293	2946452
6834	15844	589	59	294	2946462
6855	15852	589	59	294	2946472
6879	15852	591	59	294	2946482
6901	15852	595	59	294	2946492
6923	15860	597	59	294	2946502
6945	15860	598	59	294	2946512
6966	15867	599	59	294	2946522
6987	15867	601	59	293	2946532
7006	15876	603	59	293	2946542
7023	15876	603	59	291	2946552
7035	15885	603	59	291	2946562
7044	15885	431	59	291	2946612
66
6964	17999	2	52	288	2947400
6956	17999	54	52	288	2947410
6948	17999	147	52	288	2947440
6948	17990	269	52	288	2947470
6948	17982	357	52	288	2947490
6948	17976	419	52	289	2947500
6948	17969	440	52	289	2947510
6948	17961	454	52	289	2947520
6948	17948	472	52	289	2947530
6958	17932	488	52	289	2947540
6958	17908	532	52	289	2947550
6965	17879	542	52	289	2947560
6965	17844	551	52	289	2947570
6974	17802	569	52	289	2947580
6974	17758	585	52	289	2947590
6987	17711	598	52	289	2947600
6994	17662	615	52	289	2947610
7001	17611	626	52	289	2947620
7007	17561	636	53	290	2947630
7015	17510	644	53	290	2947640
7022	17459	650	53	290	2947650
7030	17410	660	53	290	2947660
7039	17360	668	53	290	2947670
7047	17309	672	53	290	2947680
7047	17258	677	54	290	2947690
7057	17205	687	54	290	2947700
7057	17153	696	54	290	2947710
7064	17101	701	55	291	2947720
7064	17052	705	55	291	2947730
7070	17006	711	55	291	2947740
7070	16964	712	56	292	2947750
7077	16924	717	56	292	2947760
7077	16883	731	56	292	2947770
7077	16842	733	56	292	2947780
7077	16802	734	57	293	2947790
7077	16759	737	57	293	2947800
7077	16717	741	57	293	2947810
7077	16673	743	57	293	2947820
7077	16629	749	58	295	2947830
7077	16588	749	58	295	2947840
7077	16550	755	57	296	2947850
7077	16513	764	57	296	2947860
7077	16479	764	57	296	2947870
7077	16443	764	57	296	2947880
7070	16406	769	57	296	2947890
7070	16368	778	57	296	2947900
7070	16331	774	57	296	2947910
7070	16295	776	57	296	2947920
7070	16258	781	58	297	2947930
7070	16226	784	58	297	2947940
7064	16192	786	58	297	2947950
7064	16160	787	58	297	2947960
7064	16133	791	58	297	2947970
7064	16107	792	59	298	2947980
7064	16083	796	59	298	2947990
7064	16058	799	59	298	2948000
7064	16033	796	59	298	2948010
7064	16010	799	59	298	2948020
7071	15991	801	60	299	2948030
7071	15974	803	60	299	2948040
7071	15959	803	60	299	2948050
7071	15947	803	60	299	2948060
7078	15938	806	60	300	2948070
7078	15931	807	60	300	2948100
7078	15924	780	60	300	2948230
7084	15924	149	60	300	2948260
57
7045	18088	24	56	288	2948968
7035	18088	52	56	288	2948978
7024	18081	91	56	288	2948998
7018	18081	161	56	288	2949048
7018	18074	189	56	288	2949068
7009	18064	190	56	288	2949078
7009	18056	190	56	288	2949088
7003	18049	194	56	288	2949108
7003	18039	205	56	288	2949128
7009	18039	286	56	288	2949208
7016	18039	420	56	288	2949228
7029	18039	445	56	288	2949238
7039	18050	450	56	288	2949248
7054	18050	472	56	288	2949258
7076	18062	484	56	288	2949268
7107	18070	502	56	288	2949278
7148	18078	517	56	288	2949288
7198	18087	528	56	288	2949298
7256	18098	534	56	288	2949308
7317	18108	555	56	288	2949318
7382	18119	558	56	288	2949328
7448	18131	566	56	288	2949338
7514	18142	568	55	287	2949348
7584	18154	576	55	287	2949358
7656	18165	579	55	287	2949368
7732	18179	582	55	286	2949378
7809	18191	587	55	286	2949388
7885	18203	589	55	285	2949398
7956	18213	589	54	284	2949408
8019	18221	590	54	284	2949418
8075	18228	593	54	284	2949428
8128	18236	595	54	284	2949438
8179	18243	597	54	283	2949448
8232	18251	598	54	283	2949458
8286	18257	599	53	281	2949468
8340	18264	599	53	281	2949478
8390	18264	598	53	281	2949488
8436	18274	598	53	281	2949498
8476	18274	600	53	281	2949508
8510	18281	601	53	281	2949518
8536	18281	601	54	280	2949528
8562	18290	602	54	280	2949538
8585	18290	603	54	278	2949548
8608	18290	603	54	278	2949558
8630	18298	604	54	278	2949568
8650	18298	605	54	278	2949578
8669	18298	606	54	278	2949588
8685	18298	605	54	277	2949598
8698	18307	605	53	277	2949608
8711	18307	606	53	275	2949618
8724	18314	606	53	275	2949628
8739	18314	608	53	275	2949638
8755	18314	608	53	275	2949648
8768	18321	608	53	275	2949658
8776	18321	607	53	275	2949688
8783	18321	596	53	275	2949728
8793	18321	225	53	275	2949748
58
7037	15890	49	53	284	2950576
7031	15890	83	53	284	2950586
7031	15898	166	53	284	2950626
7024	15898	335	53	284	2950696
7031	15898	443	53	284	2950746
7039	15898	471	53	284	2950766
7050	15907	477	53	284	2950776
7057	15907	500	53	284	2950796
7065	15914	562	53	284	2950886
7065	15904	588	53	284	2950896
7065	15892	611	53	284	2950906
7065	15875	628	53	284	2950916
7065	15851	642	53	284	2950926
7065	15821	653	53	284	2950936
7065	15786	668	53	284	2950946
7065	15747	681	53	284	2950956
7073	15706	689	53	284	2950966
7073	15664	697	53	284	2950976
7073	15623	704	53	284	2950986
7080	15582	713	53	284	2950996
7080	15543	718	53	284	2951006
7080	15507	727	53	284	2951016
7090	15472	733	53	284	2951026
7090	15437	739	53	284	2951036
7098	15402	746	53	284	2951046
7098	15369	746	54	284	2951056
7107	15334	757	54	284	2951066
7107	15298	765	54	284	2951076
7114	15265	762	54	284	2951086
7114	15228	769	55	285	2951096
7121	15196	776	55	285	2951106
7121	15165	773	55	285	2951116
7128	15136	778	55	285	2951126
7128	15110	783	55	285	2951136
7128	15086	783	56	285	2951146
7137	15060	789	56	285	2951156
7137	15034	794	56	285	2951166
7137	15009	795	56	285	2951176
7137	14986	795	56	285	2951186
7137	14964	796	57	286	2951196
7137	14948	799	57	286	2951206
7130	14930	803	57	287	2951216
7130	14913	803	57	287	2951226
7130	14898	804	57	289	2951236
7130	14881	806	57	289	2951246
7130	14870	806	57	289	2951256
7130	14859	807	57	289	2951266
7130	14847	812	57	289	2951276
7130	14835	812	57	289	2951286
7130	14824	810	57	289	2951296
7130	14814	810	57	289	2951306
7130	14805	810	57	289	2951316
7130	14795	815	57	289	2951326
7130	14783	815	57	289	2951336
7130	14772	815	57	289	2951346
7130	14761	814	57	289	2951356
7137	14754	814	57	289	2951376
7137	14742	559	57	289	2951426
77
7208	14721	16	52	278	2952212
7200	14728	59	52	278	2952232
7200	14736	89	52	278	2952252
7193	14736	102	52	278	2952262
7193	14742	116	52	278	2952292
7186	14742	128	52	278.25	2952332
7177	14742	118	52	279	2952352
7168	14742	115	52	279	2952362
7168	14736	115	52	278	2952372
7160	14736	187	52	278	2952482
7153	14736	299	52	278	2952542
7153	14726	356	52	278	2952562
7153	14712	384	52	278	2952572
7153	14703	398	52	278	2952582
7153	14694	415	52	278	2952592
7153	14685	417	52	278	2952602
7153	14679	421	52	278	2952622
7153	14672	446	52	278	2952772
7160	14672	474	52	278	2952782
7167	14672	486	52	278	2952792
7167	14666	491	52	278	2952802
7180	14666	505	52	278	2952822
7191	14659	534	52	276	2952842
7201	14659	558	52	275	2952862
7211	14659	571	52	275	2952882
7220	14659	586	52	275	2952902
7230	14659	596	52	276	2952922
7243	14659	603	52	278	2952932
7252	14652	606	52	276	2952942
7263	14652	607	52	276	2952952
7278	14652	606	52	275	2952962
7294	14652	607	52	275	2952972
7309	14652	608	52	275	2952982
7323	14652	612	52	275	2952992
7336	14652	618	52	275	2953002
7347	14652	627	52	275	2953012
7357	14652	632	52	275	2953022
7365	14652	633	52	275	2953032
7375	14652	636	52	275	2953042
7389	14652	638	52	275	2953052
7405	14652	637	52	275	2953062
7425	14659	637	52	275	2953072
7446	14659	638	52	275	2953082
7469	14659	637	52	275	2953092
7490	14659	638	52	275	2953102
7512	14659	640	52	275	2953112
7534	14659	642	52	274	2953122
7557	14659	643	52	274	2953132
7582	14659	642	52	273	2953142
7608	14659	644	52	273	2953152
7636	14659	645	52	273	2953162
7664	14659	645	52	273	2953172
7694	14659	646	52	271	2953182
7725	14659	649	52	271	2953192
7755	14659	649	52	270	2953202
7788	14666	650	52	270	2953212
7823	14666	649	52	270	2953222
7855	14666	651	52	270	2953232
7888	14666	652	52	270	2953242
7918	14666	652	52	270	2953252
7944	14666	652	52	270	2953262
7972	14666	651	52	270	2953272
7998	14666	652	52	270	2953282
8022	14666	653	52	270	2953292
8045	14666	652	52	270	2953302
8064	14666	652	52	270	2953312
8079	14666	653	52	270	2953322
8091	14666	653	52	270	2953332
8100	14666	654	52	270	2953342
8109	14666	656	52	270	2953352
8117	14666	657	52	270	2953362
8126	14666	656	52	270	2953372
8134	14666	656	52	270	2953382
8141	14666	661	52	270	2953402
8152	14666	665	52	270	2953412
8159	14666	664	52	270	2953432
8168	14666	346	52	270	2953472
25
10931	17063	84	55	279	2957414
10931	17072	194	55	279	2957424
10923	17072	263	55	279	2957434
10923	17081	493	55.7	278.3	2957534
10935	17081	611	56	276	2957544
10946	17068	622	56	276	2957554
10960	17053	643	56	276	2957564
10977	17033	645	56	276	2957574
10996	17006	654	56	276	2957584
11018	16973	664	56	276	2957594
11039	16935	671	56	276	2957604
11057	16891	674	56	276	2957614
11071	16842	686	56	276	2957624
11071	16787	694	56	276	2957634
11071	16729	698	56	276	2957644
11056	16669	697	56	276	2957654
11035	16610	703	56	276	2957664
11008	16556	702	56	276	2957674
10982	16508	705	56	276	2957684
10958	16467	704	56	276	2957694
10936	16436	706	56	276	2957704
10922	16417	707	56	277	2957714
10909	16403	709	56	277	2957724
10901	16396	709	56	279	2957744
10894	16396	489	56	279	2957804
10
10832	17136	136	55	294	2960776
10832	17144	272	55	291.4	2960826
10825	17144	432	55	291	2960866
10825	17135	453	55	291	2960876
10833	17125	461	55	291	2960886
10844	17111	462	55	291	2960896
10860	17094	464	55	291	2960906
10876	17079	453	55	291	2960916
10892	17065	410	55	291	2960926
10907	17051	133	55	291	2960946
32
10861	17165	5	56	288	2961620
10855	17171	65	56	288	2961670
10855	17178	140	55.6667	287.667	2961700
10847	17178	191	55	287	2961730
10840	17178	273	55	287	2961760
10840	17185	373	55	286.5	2961800
10848	17185	436	55	285	2961820
10856	17185	462	54	284	2961830
10865	17185	479	54	284	2961840
10879	17185	515	54	284	2961850
10898	17185	533	54	284	2961860
10922	17191	544	54	284	2961870
10953	17191	550	54	284	2961880
10990	17191	554	54	284	2961890
11033	17174	561	54	284	2961900
11085	17156	566	54	284	2961910
11144	17131	570	54	284	2961920
11215	17102	575	54	284	2961930
11297	17074	577	54	284	2961940
11382	17046	579	54	283	2961950
11462	17017	581	55	283	2961960
11530	16986	582	55	282	2961970
11583	16953	585	55	282	2961980
11625	16921	587	55	282	2961990
11655	16889	588	56	280	2962000
11675	16862	589	56	280	2962010
11688	16840	591	56	279	2962020
11696	16822	591	56	279	2962030
11696	16811	591	57	279	2962040
11703	16803	580	57	279	2962060
11703	16796	533	57	278	2962070
11710	16796	219	57	276.667	2962100
27
11045	16369	11	57	289	2962384
11031	16369	69	57	289	2962394
11024	16377	115	57	289	2962404
11017	16377	170	57	289	2962414
11017	16388	234	57	289	2962424
11010	16388	284	57	289	2962434
11010	16395	348	57	289	2962454
11003	16395	444	57	289	2962514
11013	16395	515	57	289	2962524
11028	16395	541	57	289	2962534
11055	16395	551	57	289	2962544
11095	16407	556	57	289	2962554
11147	16423	560	56	288	2962564
11212	16445	558	56	288	2962574
11283	16471	560	56	288	2962584
11353	16500	563	56	288	2962594
11415	16533	565	57	289	2962604
11471	16568	567	57	287	2962614
11516	16604	572	57	287	2962624
11554	16640	583	57	286	2962634
11586	16673	586	57	286	2962644
11611	16701	604	57	286	2962654
11633	16722	604	57	284	2962664
11649	16740	603	57	284	2962674
11663	16752	597	57	283	2962684
11671	16761	577	57	283	2962704
11678	16767	243	57.75	281.25	2962744
4
10961	16385	1	57	289	2963396
10954	16385	68	57	289	2963456
10948	16385	144	57	289	2963496
10948	16393	38	57	289	2963516
3
9630	18450	4	47	279	2966140
9624	18443	17	47	279	2966160
9624	18436	11	47	279	2966200
16
9630	18450	5	47	279	2966280
9589	18430	45	47	279	2966290
9581	18430	187	47	279	2966350
9573	18430	336	47	279	2966380
9573	18436	437	47	279	2966440
9580	18436	513	47	279	2966450
9590	18436	518	47	279	2966460
9609	18436	525	47	279	2966470
9633	18436	531	47	279	2966480
9663	18444	534	47	279	2966490
9693	18444	533	47	279	2966500
9720	18452	533	47	279	2966510
9743	18452	537	47	279	2966520
9761	18460	536	47	279	2966530
9773	18460	529	47	279	2966540
9780	18460	235	47	279	2966580
53
9824	18419	6	49	284	2967292
9824	18426	93	49	284	2967322
9824	18433	200	49	284	2967332
9831	18433	440	48.3846	284	2967462
9831	18425	522	48	284	2967482
9831	18407	561	48	284	2967492
9831	18389	581	48	284	2967502
9831	18365	602	48	283	2967512
9839	18335	610	48	283	2967522
9839	18301	630	48	281	2967532
9839	18264	636	48	281	2967542
9839	18223	649	49	282	2967552
9848	18180	653	49	282	2967562
9848	18136	667	49	282	2967572
9858	18094	671	50	283	2967582
9858	18052	687	50	283	2967592
9866	18011	694	50	285	2967602
9866	17972	704	51	285	2967612
9872	17931	711	51	285	2967622
9872	17891	716	52	286	2967632
9880	17853	718	52	286	2967642
9880	17817	723	52	286	2967652
9891	17785	727	53	286	2967662
9891	17755	732	53	286	2967672
9900	17724	735	54	287	2967682
9900	17692	745	54	287	2967692
9900	17660	746	55	287	2967702
9911	17631	748	55	287	2967712
9911	17602	750	55	287	2967722
9918	17578	753	55	287	2967732
9918	17556	752	55	287	2967742
9926	17531	754	55	287	2967752
9926	17509	756	55	287	2967762
9926	17486	758	55	287	2967772
9933	17463	763	55	287	2967782
9933	17440	763	55	287	2967792
9941	17417	763	55	287	2967802
9941	17395	763	55	287	2967812
9947	17373	765	55	287	2967822
9947	17350	768	55	287	2967832
9954	17330	768	55	287	2967842
9954	17309	769	55	287	2967852
9960	17287	777	55	287	2967862
9960	17265	777	55	287	2967872
9960	17244	777	55	287	2967882
9971	17220	778	55	287	2967892
9971	17201	781	56	288	2967902
9977	17183	789	56	288	2967912
9977	17167	791	56	288	2967922
9984	17156	791	56	288	2967932
9984	17148	765	57	289	2967992
9991	17148	569	57	289	2968002
9991	17139	118	58	290	2968022
25
9989	17100	13	57	283	2968732
9989	17109	47	57	283	2968752
9995	17116	84	57	283	2968772
9995	17126	127	57	283	2968782
9995	17133	220	57	283	2968802
9995	17143	374	57	283	2968882
9995	17137	456	57	283	2968892
9995	17129	490	57	283	2968902
9995	17116	519	57	283	2968912
9995	17099	527	57	283	2968922
9995	17077	549	57	283	2968932
9995	17055	561	57	283	2968942
9995	17033	580	57	283	2968952
10003	17013	582	57	283	2968962
10003	16999	582	57	283	2968972
10012	16988	586	57	283	2968982
10012	16980	590	57	283	2968992
10012	16974	597	57	283	2969002
10012	16964	602	57	283	2969012
10012	16955	604	57	283	2969022
10012	16944	602	57	283	2969032
10012	16932	602	57	283	2969042
10012	16923	597	57	283	2969052
10012	16916	571	57	283	2969072
10019	16907	273	57.4	283	2969122
29
10018	16907	36	58	283	2969188
10010	16900	155	58	283	2969218
10004	16900	300	58	283	2969248
10013	16900	384	58	283	2969258
10020	16900	412	58	283	2969268
10034	16900	449	58	283	2969278
10054	16900	490	58	283	2969288
10085	16900	515	58	283	2969298
10132	16900	529	58	283	2969308
10194	16900	539	58	283	2969318
10271	16900	544	58	283	2969328
10357	16907	556	58	283	2969338
10446	16907	557	58	282	2969348
10532	16914	565	58	282	2969358
10611	16914	566	59	280	2969368
10682	16922	574	59	280	2969378
10747	16922	575	59	280	2969388
10806	16930	582	59	280	2969398
10858	16930	588	59	280	2969408
10900	16930	590	59	280	2969418
10933	16930	595	59	280	2969428
10955	16930	599	59	278	2969438
10970	16930	601	59	278	2969448
10979	16930	601	59	277	2969468
10987	16930	600	59	277	2969488
10995	16930	595	59	277	2969498
11002	16930	588	59	277	2969508
11009	16930	506	59	277	2969528
11019	16930	50	59	277	2969548
78
10035	16638	29	53	281	2970677
10027	16646	140	53	281	2970697
10020	16657	278	53	281	2970717
10020	16663	512	53	281	2970816
10020	16653	606	53	281	2970826
10020	16646	607	53	281	2970836
10020	16635	614	53	281	2970846
10020	16619	633	53	281	2970856
10020	16597	653	53	281	2970866
10020	16571	658	53	281	2970876
10020	16539	680	53	281	2970886
10020	16501	691	53	281	2970896
10028	16462	702	53	281	2970906
10028	16420	707	53	281	2970916
10028	16374	720	53	281	2970926
10035	16325	736	53	281	2970936
10035	16274	740	53	281	2970946
10035	16222	749	54	281	2970956
10042	16173	757	54	281	2970966
10042	16127	770	54	281	2970976
10042	16082	779	54	281	2970986
10050	16040	785	55	282	2970996
10050	15999	789	55	282	2971006
10056	15957	797	55	282	2971016
10056	15918	800	56	282	2971026
10056	15878	806	56	282	2971036
10056	15836	815	56	284	2971046
10056	15793	821	56	284	2971056
10056	15751	820	57	286	2971066
10063	15711	823	57	286	2971076
10063	15672	827	57	286	2971086
10069	15636	831	57	286	2971096
10069	15598	838	57	286	2971106
10076	15563	838	57	286	2971116
10076	15526	842	57	286	2971126
10082	15492	844	57	286	2971136
10082	15455	847	57	286	2971146
10082	15417	851	57	286	2971156
10082	15377	852	57	286	2971166
10090	15338	852	57	286	2971176
10090	15297	853	57	286	2971186
10096	15257	861	58	286	2971196
10096	15214	862	58	286	2971206
10096	15172	866	58	286	2971216
10103	15132	866	58	286	2971226
10103	15091	870	58	286	2971236
10103	15055	873	58	286	2971246
10103	15017	875	59	287	2971256
10103	14981	876	59	287	2971266
10103	14946	876	59	287	2971276
10103	14914	876	59	287	2971286
10103	14882	879	59	287	2971296
10103	14849	881	60	288	2971306
10103	14819	883	60	288	2971316
10103	14787	885	60	288	2971326
10103	14756	884	60	288	2971336
10103	14727	888	60	288	2971346
10103	14700	887	60	288	2971356
10103	14674	887	61	288	2971366
10103	14652	887	61	288	2971376
10103	14631	887	61	288	2971386
10103	14612	889	61	288	2971396
10110	14596	891	61	288	2971406
10110	14581	890	61	288	2971416
10110	14570	888	61	288	2971426
10116	14561	890	61	288	2971436
10116	14554	889	61	288	2971446
10116	14547	890	61	288	2971456
10116	14539	888	61	288	2971466
10123	14531	887	61	288	2971476
10123	14522	888	61	288	2971486
10123	14515	887	61	288	2971506
10123	14502	887	61	288	2971516
10130	14502	888	61	288	2971526
10130	14491	888	61	288	2971546
10130	14483	884	61	288	2971576
10130	14476	782	61.9286	288.929	2971716
10124	14476	116	62	289	2971736
18
9926	14414	17	62	289	2971845
9916	14414	75	62	289	2971855
9907	14414	275	62	289	2971905
9907	14407	434	62	289	2971915
9917	14407	462	62	289	2971925
9930	14407	486	62	289	2971935
9945	14407	517	62	289	2971945
9966	14407	525	62	289	2971955
9990	14416	529	62	289	2971965
10016	14416	537	62	289	2971975
10040	14427	536	62	289	2971985
10063	14427	537	62	289	2971995
10084	14427	538	62	289	2972005
10102	14427	539	62	289	2972015
10117	14427	542	62	289	2972025
10129	14427	544	62	289	2972035
10139	14427	526	62	289	2972045
10145	14427	236	62	289	2972075
34
10060	16744	46	54	278	2972569
10060	16737	69	54	278	2972579
10060	16731	64	54	278	2972589
10060	16723	58	54	278	2972599
10060	16716	52	54	278	2972609
10060	16707	48	54	278	2972619
10060	16700	41	55	279	2972629
10060	16692	34	55	279	2972639
10060	16685	18	55	279	2972649
10068	16678	1	55	279	2972669
10068	16668	23	55	279	2972699
10068	16661	141	55	279	2972739
10068	16655	344	55	279	2972779
10082	16655	460	55	279	2972789
10098	16655	498	55	279	2972799
10121	16663	528	55	279	2972809
10153	16663	545	55	279	2972819
10197	16672	558	55	279	2972829
10254	16672	567	55	279	2972839
10327	16678	569	54	278	2972849
10409	16678	580	54	278	2972859
10493	16685	585	55	279	2972869
10575	16685	595	55	277	2972879
10650	16685	604	55	277	2972889
10722	16685	606	55	276	2972899
10791	16685	607	55	276	2972909
10858	16685	618	55	276	2972919
10920	16685	620	55	276	2972928
10980	16685	631	55	276	2972938
11033	16685	634	55	276	2972948
11075	16685	634	55	274	2972958
11105	16685	636	55	274	2972968
11121	16692	637	55	273	2972978
11128	16692	532	55	273	2973078
26
11713	16810	49	55	279	2976207
11720	16818	162	55	279	2976237
11712	16825	266	55	279	2976257
11704	16825	339	55	279	2976277
11704	16832	425	55	276.333	2976337
11715	16832	514	55	276	2976347
11734	16832	543	55	276	2976357
11765	16832	566	55	276	2976367
11810	16832	576	55	276	2976377
11869	16840	591	55	276	2976387
11941	16846	603	55	276	2976397
12026	16854	604	55	276	2976407
12121	16861	614	55	276	2976417
12225	16869	605	55	276	2976427
12334	16875	614	56	276	2976437
12445	16882	614	56	276	2976447
12556	16888	616	56	274	2976457
12668	16895	619	56	274	2976467
12778	16902	619	56	273	2976477
12878	16909	618	56	273	2976487
12966	16916	615	56	273	2976497
13035	16916	614	56	271	2976507
13082	16927	614	56	271	2976517
13113	16927	606	56	270	2976527
13129	16927	592	56	270	2976537
13137	16927	302	56	269	2976587
49
13096	17059	220	55	267	2976741
13090	17066	242	55	267	2976751
13090	17077	377	55	267	2976771
13090	17084	450	55	267	2976791
13090	17070	489	55	267	2976801
13090	17051	533	56	267	2976811
13090	17020	567	56	267	2976821
13099	16979	599	56	267	2976831
13099	16934	604	56	267	2976841
13106	16886	622	56	267	2976851
13106	16842	630	56	267	2976861
13113	16806	639	57	267	2976871
13113	16777	642	57	267	2976881
13113	16758	646	57	267	2976891
13120	16748	678	57	267	2976921
13120	16769	675	57	267	2976931
13120	16793	673	57	267	2976941
13120	16826	652	57	267	2976951
13110	16865	651	57	267	2976961
13103	16909	640	57	267	2976971
13103	16954	642	57	267	2976981
13093	16995	641	57	267	2976991
13093	17031	641	57	267	2977001
13093	17060	643	57	267	2977011
13093	17082	644	57	267	2977021
13093	17097	651	57	267	2977031
13093	17107	656	57	267	2977071
13093	17100	658	57	267	2977081
13093	17093	666	56	267	2977091
13101	17081	673	56	267	2977101
13117	17067	679	56	267	2977111
13144	17052	680	56	267	2977121
13184	17036	680	56	267	2977131
13232	17020	679	56	267	2977141
13284	17004	679	56	267	2977151
13332	16987	675	56	266	2977161
13370	16972	674	56	266	2977171
13395	16958	674	56	264	2977181
13407	16946	675	56	264	2977191
13407	16931	674	57	262	2977201
13392	16916	682	57	262	2977211
13360	16894	680	57	261	2977221
13313	16869	679	57	261	2977231
13259	16841	682	57	261	2977241
13204	16815	680	57	261	2977251
13159	16794	677	57	261	2977261
13128	16777	662	57	261	2977271
13107	16767	640	57	261	2977281
13098	16767	299	57	261.667	2977311
24
13354	16949	190	56	264	2977425
13363	16960	286	56	264	2977435
13363	16969	419	56	262.75	2977475
13363	16952	491	56	261	2977485
13363	16937	536	56	261	2977495
13363	16920	556	57	261	2977505
13363	16905	576	57	261	2977515
13377	16894	602	57	259	2977525
13392	16887	615	57	259	2977535
13411	16887	624	56	258	2977545
13438	16887	627	56	258	2977555
13467	16899	631	56	258	2977565
13496	16912	632	56	258	2977575
13520	16928	639	56	258	2977585
13537	16945	656	56	258	2977595
13545	16962	668	56	258	2977605
13545	16980	670	56	258	2977615
13531	16995	678	56	258	2977625
13513	17006	680	56	258	2977635
13487	17006	677	56	258	2977645
13460	17006	665	56	258	2977655
13436	17006	626	56	258	2977665
13419	17006	534	56	258	2977675
13410	17006	171	56	258	2977695
22
13546	16968	65	56	261	2978001
13546	16961	373	56.6667	261	2978061
13540	16961	673	56.6	259	2978111
13540	16955	844	57.625	259.813	2978271
13533	16955	813	57.7586	269.379	2978561
13540	16955	790	57	268	2978571
13555	16955	793	57	268	2978581
13583	16955	795	57	267	2978591
13630	16955	799	57	267	2978601
13701	16955	802	57	267	2978611
13789	16955	800	57	267	2978621
13894	16955	803	57	267	2978631
14006	16955	802	57	267	2978641
14114	16955	801	57	267	2978651
14214	16955	802	58	267	2978661
14301	16947	802	58	267	2978671
14374	16947	804	58	265	2978681
14434	16947	809	58	265	2978691
14478	16947	808	58	264	2978701
14510	16947	809	58	264	2978711
14529	16956	813	58	262	2978721
14539	16956	588	57.7778	259.333	2978811
92
10101	14397	51	55	285	2979757
10092	14397	126	55	285	2979777
10085	14404	485	54.2188	282.375	2980097
10085	14397	631	54	281	2980227
10092	14397	604	54	281	2980617
10092	14404	586	54	281	2980657
10098	14404	590	54	281	2980667
10105	14412	593	55	282	2980677
10111	14412	594	55	282	2980687
10118	14419	595	55	282	2980707
10130	14419	596	55	282	2980717
10137	14419	598	55	282	2980727
10144	14427	601	55	282	2980737
10154	14427	606	55	282	2980747
10165	14427	615	55	282	2980757
10179	14427	618	55	282	2980767
10197	14434	622	55	282	2980777
10216	14434	623	55	282	2980787
10239	14434	630	55	282	2980797
10262	14434	627	55	282	2980807
10287	14441	628	55	282	2980817
10311	14441	633	54	281	2980827
10338	14441	638	54	281	2980837
10367	14448	643	54	281	2980847
10400	14448	649	54	281	2980857
10437	14456	653	54	281	2980867
10478	14456	663	55	280	2980877
10521	14464	665	55	280	2980887
10564	14464	664	55	279	2980897
10608	14464	666	55	279	2980907
10653	14473	667	55	279	2980917
10699	14473	671	56	279	2980927
10749	14483	674	56	279	2980937
10802	14483	676	56	279	2980947
10858	14491	683	56	277	2980957
10917	14491	688	56	277	2980967
10977	14501	692	56	276	2980977
11034	14501	692	56	276	2980987
11089	14510	694	56	276	2980997
11143	14510	693	56	276	2981007
11193	14518	700	56	276	2981017
11246	14518	702	56	276	2981027
11302	14527	704	56	276	2981037
11359	14527	705	56	276	2981047
11420	14538	706	56	276	2981057
11482	14538	705	57	276	2981067
11543	14547	705	57	276	2981077
11604	14547	708	57	276	2981087
11664	14547	708	57	276	2981097
11724	14555	704	57	275	2981107
11787	14555	703	57	275	2981117
11853	14555	704	57	273	2981127
11923	14555	702	57	273	2981137
11994	14564	704	57	273	2981147
12065	14564	703	57	273	2981157
12135	14572	701	58	273	2981167
12205	14572	703	58	273	2981177
12271	14578	704	58	272	2981187
12337	14578	708	58	272	2981197
12402	14578	702	58	270	2981207
12465	14578	711	58	270	2981217
12530	14578	707	58	270	2981227
12597	14578	706	58	270	2981237
12664	14578	707	58	268	2981247
12734	14578	705	58	268	2981257
12804	14578	705	59	267	2981267
12871	14578	700	59	267	2981277
12936	14578	705	59	267	2981287
13000	14578	705	59	267	2981297
13060	14578	703	59	265	2981307
13122	14578	702	59	265	2981317
13187	14578	700	59	263	2981327
13254	14578	698	59	263	2981337
13320	14586	700	59	263	2981347
13381	14586	700	59	263	2981357
13437	14586	700	59	262	2981367
13487	14593	701	59	262	2981377
13535	14593	700	59	260	2981387
13580	14593	700	59	260	2981397
13625	14601	701	59	260	2981407
13671	14601	699	59	260	2981417
13716	14601	701	59	260	2981427
13760	14608	700	59	260	2981437
13798	14608	700	58	258	2981447
13828	14608	697	58	258	2981457
13853	14608	695	58	257	2981467
13872	14608	697	58	257	2981477
13888	14608	696	58	257	2981487
13899	14608	698	58	257	2981497
13907	14615	698	58	257	2981516
13918	14615	697	58	257	2981546
13925	14615	411	58	257	2981606
54
14389	16697	293	55	269.286	2982897
14389	16691	539	55	266.75	2982937
14389	16682	601	55	265	2982957
14396	16667	624	55	264	2982967
14396	16653	639	55	264	2982977
14402	16635	646	55	264	2982987
14402	16616	666	55	263	2982997
14410	16590	682	55	263	2983007
14410	16563	693	55	261	2983017
14418	16532	703	54	262	2983027
14418	16496	709	54	262	2983037
14426	16461	724	54	262	2983047
14426	16422	732	54	263	2983057
14433	16385	736	54	263	2983067
14433	16343	750	54	265	2983077
14433	16300	753	54	265	2983087
14433	16255	760	55	264	2983097
14433	16206	765	55	264	2983107
14442	16158	779	55	264	2983117
14442	16110	783	55	266	2983127
14442	16061	785	56	266	2983137
14442	16013	790	56	267	2983147
14442	15962	792	56	267	2983157
14431	15911	799	56	267	2983167
14431	15860	801	57	267	2983177
14431	15807	809	57	267	2983187
14425	15754	808	57	267	2983197
14425	15700	815	58	268	2983207
14425	15645	818	58	268	2983217
14425	15593	816	58	270	2983227
14425	15539	820	58	270	2983237
14417	15487	823	58	270	2983247
14417	15434	824	58	270	2983257
14417	15383	824	58	270	2983267
14417	15333	825	58	270	2983277
14417	15282	827	58	270	2983287
14427	15234	830	59	270	2983297
14427	15186	832	59	270	2983307
14433	15141	833	59	270	2983317
14433	15100	836	59	270	2983327
14440	15061	836	59	270	2983337
14440	15024	838	59	270	2983347
14440	14989	839	59	270	2983357
14440	14957	840	59	270	2983367
14440	14925	840	59	270	2983377
14440	14901	841	59	270	2983387
14448	14877	843	59	270	2983397
14448	14855	846	59	270	2983407
14448	14837	845	59	270	2983417
14456	14821	845	59	270	2983427
14456	14809	848	59	270	2983437
14456	14801	847	59	270	2983457
14456	14791	847	59	270	2983487
14462	14791	528	59	270	2983557
41
13829	14609	6	59	273	2983857
13821	14609	96	59	273	2983877
13828	14609	186	59	273	2983887
13828	14618	236	59	273	2983897
13840	14618	281	59	273	2983907
13847	14627	328	59	273	2983917
13857	14627	375	59	273	2983927
13867	14627	410	59	273	2983937
13882	14627	449	59	273	2983947
13899	14627	478	59	273	2983957
13920	14627	488	59	273	2983967
13946	14627	512	59	273	2983977
13975	14627	522	59	273	2983987
14008	14627	542	59	273	2983997
14042	14627	555	59	273	2984007
14079	14635	564	59	273	2984017
14116	14635	569	59	273	2984027
14155	14635	574	59	272	2984037
14191	14635	580	59	272	2984047
14228	14642	581	59	270	2984057
14262	14642	586	59	270	2984067
14294	14642	588	59	270	2984077
14324	14650	589	59	270	2984087
14353	14650	595	59	270	2984097
14379	14658	592	60	270	2984107
14401	14658	594	60	270	2984117
14422	14665	593	60	270	2984127
14439	14665	592	60	270	2984137
14454	14665	592	60	270	2984147
14468	14673	591	60	270	2984157
14479	14673	592	60	270	2984167
14489	14673	590	60	270	2984187
14499	14673	595	60	270	2984227
14499	14680	638	60	270	2984257
14499	14688	659	60	270	2984267
14492	14696	658	60	270	2984277
14492	14708	653	60	270	2984287
14483	14727	634	60	270	2984297
14475	14754	604	60	270	2984307
14468	14786	469	60	270	2984317
14468	14823	108	60	270	2984337
24
14399	16713	55	55	267	2984909
14405	16705	115	55	267	2984929
14405	16714	179	55	267	2984939
14412	16714	230	55	267	2984949
14412	16722	284	55	267	2984979
14405	16722	369	55	267	2984999
14395	16714	528	55	264.667	2985059
14409	16714	602	55	264	2985069
14429	16714	611	55	264	2985079
14457	16714	613	55	264	2985089
14495	16721	613	55	264	2985099
14536	16721	623	55	264	2985109
14580	16729	625	55	264	2985119
14617	16729	627	55	264	2985129
14646	16729	627	55	264	2985139
14664	16736	628	55	264	2985149
14674	16736	633	55	264	2985169
14681	16736	647	55.3614	264.843	2985999
14674	16736	614	56	267	2986039
14668	16736	604	56	267	2986409
14658	16736	602	56	267	2986429
14650	16736	597	56	267	2986469
14643	16736	521	56	267	2986529
14643	16729	108	56	267	2986549
22
14727	17032	50	55	267	2987201
14727	17040	128	55	267	2987221
14727	17051	223	55	267	2987241
14727	17057	448	55.8571	266.286	2987311
14727	17048	560	56	264	2987321
14727	17032	590	56	264	2987331
14727	17006	605	56	264	2987341
14727	16972	614	56	264	2987351
14739	16926	636	56	264	2987361
14747	16873	645	56	264	2987371
14747	16818	654	56	264	2987381
14754	16760	667	56	264	2987391
14754	16706	677	56	264	2987401
14754	16659	688	56	264	2987411
14754	16620	693	56	264	2987421
14754	16591	696	56	264	2987431
14754	16570	701	56	264	2987441
14754	16556	701	56	264	2987451
14754	16549	685	56	264	2987481
14754	16562	603	56	264	2987491
14754	16577	519	56	264	2987501
14754	16598	142	56	264	2987521
36
14718	17045	28	55	264	2987697
14728	17055	77	55	264	2987707
14728	17064	202	55	264	2987737
14718	17070	325	55	264	2987757
14712	17070	446	55.2	264	2987807
14719	17070	542	56	264	2987817
14729	17070	553	56	264	2987827
14749	17061	555	56	264	2987837
14780	17061	565	56	264	2987847
14824	17048	567	56	263	2987857
14880	17037	566	56	263	2987867
14942	17024	563	56	261	2987877
15008	17009	564	56	261	2987887
15072	16991	566	56	261	2987897
15131	16971	566	55	261	2987907
15180	16948	568	55	261	2987917
15221	16921	567	55	261	2987927
15251	16893	573	55	261	2987937
15272	16863	575	55	261	2987947
15286	16831	580	55	261	2987957
15295	16801	583	55	261	2987967
15295	16767	585	55	261	2987977
15285	16734	587	56	261	2987987
15263	16698	595	56	261	2987997
15231	16661	598	56	261	2988007
15191	16625	607	56	261	2988017
15144	16592	614	56	261	2988027
15092	16564	613	56	261	2988037
15037	16539	615	56	261	2988047
14982	16519	617	56	261	2988057
14931	16506	618	56	261	2988067
14889	16497	619	56	261	2988077
14855	16497	613	56	261	2988087
14831	16497	598	56	261	2988097
14815	16497	553	56	261	2988107
14805	16497	197	56	262	2988127
19
14487	16975	52	55	263	2988629
14487	16966	139	55	262	2988649
14487	16958	201	55	261	2988659
14498	16958	245	55	261	2988669
14506	16958	281	55	261	2988679
14518	16958	311	55	261	2988689
14531	16958	344	55	261	2988699
14547	16958	372	55	261	2988709
14565	16958	404	55	261	2988719
14588	16958	415	56	261	2988729
14617	16958	420	56	261	2988739
14648	16958	424	56	261	2988749
14678	16958	431	56	261	2988759
14707	16958	466	56	261	2988769
14728	16958	470	56	261	2988779
14745	16958	467	56	261	2988789
14758	16958	450	56	261	2988799
14766	16964	397	56	261	2988809
14773	16964	124	55.5	263	2988829
38
15367	16832	26	56	266	2989213
15375	16839	129	56	264	2989233
15375	16848	220	56	264	2989243
15367	16848	286	56	264	2989263
15360	16848	375	56	262.333	2989293
15360	16839	437	56	261	2989313
15360	16827	480	56	261	2989323
15360	16819	517	56	261	2989333
15360	16808	541	56	261	2989343
15360	16796	548	56	261	2989353
15360	16782	563	56	261	2989363
15371	16773	571	56	261	2989373
15371	16766	583	56	261	2989383
15386	16766	596	56	261	2989393
15400	16766	603	56	261	2989403
15414	16766	611	56	261	2989413
15430	16766	613	56	261	2989423
15445	16782	614	56	261	2989433
15456	16795	630	56	261	2989443
15465	16808	639	56	261	2989453
15471	16823	641	56	261	2989463
15471	16838	644	56	261	2989473
15471	16854	643	56	261	2989483
15471	16871	641	56	261	2989493
15458	16884	642	56	261	2989503
15437	16894	642	56	261	2989513
15410	16894	645	56	261	2989523
15380	16901	647	56	261	2989533
15351	16901	649	56	261	2989543
15326	16892	650	56	261	2989553
15307	16884	649	56	261	2989563
15294	16873	647	56	261	2989573
15286	16863	646	56	261	2989583
15286	16855	650	56	261	2989593
15286	16848	657	56	261	2989613
15286	16841	845	56.4	262.8	2990113
15286	16850	605	57	270	2990123
15286	16857	49	57	270	2990143
22
15523	16845	18	56	273	2990661
15507	16839	55	56	273	2990671
15500	16839	231	56.8	273	2990721
15510	16839	450	57	273	2990741
15524	16839	549	57	272	2990751
15535	16839	592	57	272	2990761
15552	16845	607	57	270	2990771
15581	16845	623	57	270	2990781
15627	16852	626	57	270	2990791
15690	16852	629	57	270	2990801
15770	16860	627	57	270	2990811
15859	16860	626	57	270	2990821
15948	16867	616	57	270	2990831
16029	16867	617	57	270	2990841
16097	16876	617	57	270	2990851
16150	16883	617	57	270	2990861
16185	16883	615	57	270	2990871
16210	16892	615	57	268	2990881
16226	16892	611	57	268	2990891
16237	16899	597	57	267	2990901
16245	16899	513	57	267	2990931
16251	16899	120	57	267	2990951
24
16426	17059	213	54	270	2991257
16400	17068	279	55	270	2991267
16388	17068	357	55	269	2991277
16381	17068	419	55	268	2991297
16381	17055	480	55	267	2991307
16394	17037	509	55	267	2991317
16406	17016	541	56	267	2991327
16422	16992	573	56	267	2991337
16440	16973	598	56	267	2991347
16461	16957	608	56	267	2991357
16484	16947	641	56	266	2991367
16507	16947	652	56	266	2991377
16530	16947	675	56	264	2991387
16550	16964	680	56	264	2991397
16567	16984	693	56	264	2991407
16580	17009	689	56	264	2991417
16590	17038	694	56	264	2991427
16597	17071	688	56	264	2991437
16597	17105	687	56	264	2991447
16604	17135	684	56	264	2991457
16604	17158	664	56	264	2991467
16604	17173	636	56	264	2991477
16610	17173	537	56	264	2991497
16610	17164	159	56	263.5	2991517
13
16545	16902	305	55	264	2991625
16538	16902	523	55.8	264	2991675
16545	16884	650	56	264	2991685
16545	16860	701	56	264	2991695
16545	16831	704	56	264	2991705
16545	16798	733	56	264	2991715
16545	16763	737	56	264	2991725
16554	16729	745	57	264	2991735
16554	16695	746	57	264	2991745
16560	16667	738	57	264	2991755
16560	16641	708	57	264	2991765
16560	16618	630	57	264	2991775
16570	16600	202	57	264	2991795
