62
17
19996	5114	8	56	258	2803995
19987	5106	35	56	258	2804005
19975	5106	61	56	258	2804015
19965	5106	104	56	258	2804025
19957	5106	125	56	258	2804035
19950	5099	134	56	258	2804045
19943	5099	142	56	258	2804065
19935	5099	147	56	258	2804075
19935	5091	156	56	258	2804085
19927	5091	171	56	258	2804095
19920	5091	198	56	258	2804105
19920	5084	208	56	258	2804115
19910	5084	210	56	258	2804135
19903	5084	206	56	258	2804155
19903	5077	191	57	259	2804165
19896	5077	127	57	260.333	2804195
19889	5077	12	57	261	2804225
24
19852	5064	72	57	261	2804331
19844	5064	268	57	261	2804381
19837	5064	732	56.8421	260.316	2804571
19848	5064	871	56	258	2804581
19860	5064	874	56	258	2804591
19882	5064	873	56	258	2804601
19913	5064	875	56	258	2804611
19953	5064	875	56	258	2804621
20002	5064	876	56	258	2804631
20055	5064	873	56	258	2804641
20109	5054	874	56	258	2804651
20160	5054	878	56	258	2804661
20210	5054	870	56	256	2804671
20254	5054	870	56	256	2804681
20290	5054	869	56	255	2804691
20321	5054	868	56	255	2804701
20345	5054	869	56	255	2804711
20362	5054	865	56	253	2804721
20377	5054	868	56	253	2804731
20388	5054	862	57	251	2804741
20396	5054	864	57	251	2804761
20402	5054	863	56.3333	250.333	2804791
20402	5048	750	56	248	2804851
20393	5048	17	56	248	2804871
21
20410	5219	97	55	258	2806059
20410	5238	142	55	258	2806069
20421	5248	269	55	258	2806079
20421	5256	366	55	258	2806089
20429	5264	505	55	258	2806129
20435	5264	588	55	258	2806139
20435	5252	619	55	257	2806149
20435	5233	644	55	257	2806159
20444	5202	669	56	255	2806169
20444	5159	681	56	255	2806179
20444	5110	695	56	255	2806189
20444	5057	711	56	255	2806199
20444	5009	721	56	255	2806209
20444	4968	740	56	255	2806219
20444	4937	743	56	255	2806229
20444	4917	744	56	255	2806239
20450	4904	743	56	255	2806259
20450	4897	707	56	255	2806279
20450	4904	598	57	254	2806289
20450	4913	526	57	256	2806299
20450	4926	103	57	256.5	2806319
18
19848	4946	52	56	264	2807287
19840	4936	170	56	265	2807307
19833	4936	302	57	265	2807317
19833	4929	443	57	267	2807347
19833	4921	601	57	267	2807377
19850	4921	658	57	265	2807387
19872	4921	670	57	265	2807397
19907	4921	685	57	264	2807407
19958	4921	695	57	264	2807417
20024	4921	697	57	264	2807427
20100	4921	698	57	264	2807437
20175	4928	701	57	264	2807447
20245	4928	702	57	264	2807457
20300	4938	701	57	262	2807467
20338	4938	698	57	262	2807477
20361	4949	690	57	261	2807487
20373	4949	646	57	261	2807507
20381	4949	253	56.6667	258.667	2807537
34
20426	5252	2	55	255	2807903
20426	5259	192	55	255	2807953
20433	5267	508	55	255	2807983
20443	5278	624	55	255	2808013
20456	5278	656	55	255	2808023
20471	5278	664	55	255	2808033
20497	5278	673	55	255	2808043
20535	5264	674	55	255	2808053
20583	5252	675	55	255	2808063
20639	5237	677	55	255	2808073
20694	5221	678	55	254	2808083
20745	5202	681	56	253	2808093
20788	5179	682	56	252	2808103
20820	5154	682	56	252	2808113
20848	5124	682	56	252	2808123
20868	5091	681	56	252	2808133
20887	5056	683	56	252	2808143
20900	5021	679	56	252	2808153
20900	4984	679	56	252	2808163
20900	4950	680	56	252	2808173
20890	4918	682	56	252	2808183
20866	4885	683	56	252	2808193
20831	4855	685	56	252	2808203
20786	4827	682	56	252	2808213
20733	4803	682	57	251	2808223
20679	4785	683	57	251	2808233
20628	4773	683	57	251	2808243
20583	4773	679	57	251	2808253
20546	4767	670	57	251	2808263
20515	4767	651	57	251	2808273
20491	4767	612	57	251	2808283
20475	4774	544	57	251	2808293
20462	4774	401	57	251	2808303
20456	4774	46	57	251	2808323
14
20432	4882	85	56	255	2808567
20432	4897	140	56	255	2808577
20432	4904	227	57	254	2808587
20432	4913	321	57	254	2808607
20439	4919	480	57	254	2808647
20439	4910	539	57	254	2808657
20439	4898	555	57	254	2808667
20439	4879	560	57	254	2808677
20446	4856	573	57	254	2808687
20446	4830	575	57	254	2808697
20454	4806	567	57	254	2808707
20454	4786	544	57	254	2808717
20454	4770	433	57	254	2808727
20454	4760	36	57	254	2808747
27
20955	4998	28	58	254	2809183
20965	5008	157	58	254	2809203
20972	5017	360	58	254	2809223
20972	5024	497	58	254	2809253
20972	5017	561	58	254	2809263
20965	5009	582	58	254	2809273
20965	4996	608	58	254	2809283
20956	4984	615	58	254	2809293
20956	4970	645	58	254	2809303
20956	4957	663	58	254	2809313
20956	4946	680	58	254	2809323
20956	4936	696	58	254	2809333
20972	4930	707	58	254	2809343
20991	4930	708	58	254	2809353
21015	4936	711	58	254	2809363
21039	4947	713	58	254	2809373
21060	4961	718	58	254	2809383
21071	4977	717	58	254	2809393
21071	4992	718	58	254	2809403
21071	5006	717	58	254	2809413
21071	5018	712	58	254	2809423
21050	5028	712	58	254	2809433
21030	5035	708	58	254	2809443
21007	5035	697	58	254	2809453
20986	5035	665	58	254	2809463
20970	5035	591	58	254	2809473
20959	5026	165	58	254	2809503
19
21194	5033	286	57	254	2809617
21186	5033	448	57	254	2809627
21179	5033	532	57	254	2809647
21168	5033	651	57	253.333	2809677
21168	5026	744	57	251	2809697
21181	5026	773	57	251	2809707
21203	5026	784	57	251	2809717
21233	5026	794	57	251	2809727
21273	5020	800	57	251	2809737
21321	5020	807	57	251	2809747
21376	5020	808	57	251	2809757
21433	5013	810	57	251	2809767
21495	5013	814	57	251	2809777
21551	5013	808	57	251	2809787
21598	5013	803	57	251	2809797
21635	5013	788	57	249	2809807
21656	5013	762	57	249	2809817
21669	5013	710	57	247	2809827
21675	5013	315	57	247	2809857
15
20042	4337	134	56	261	2812311
20019	4337	214	56	261	2812321
20009	4337	326	56	261	2812331
20000	4337	485	56	262.333	2812361
20026	4346	622	56	264	2812371
20060	4346	647	56	264	2812381
20110	4360	654	56	264	2812391
20169	4367	660	56	263	2812401
20233	4375	663	57	262	2812411
20297	4381	664	57	261	2812421
20356	4381	660	57	261	2812431
20407	4388	646	57	261	2812441
20443	4388	589	57	261	2812451
20466	4388	507	57	261	2812461
20475	4388	138	56.6667	258.667	2812491
15
20115	4236	432	55	258	2812567
20047	4221	473	55	258	2812577
20025	4214	594	55	258	2812587
20014	4214	630	56	260	2812607
20043	4222	663	56	261	2812617
20087	4222	675	56	261	2812627
20145	4232	686	56	261	2812637
20209	4243	690	57	261	2812647
20269	4254	691	57	261	2812657
20321	4265	688	57	261	2812667
20361	4274	664	57	261	2812677
20390	4274	626	57	259	2812687
20410	4281	555	57	259	2812697
20423	4281	392	56	258	2812707
20435	4281	44	56	258	2812727
18
20449	4547	186	53	259	2812915
20449	4570	228	52	258	2812925
20459	4580	335	52	258	2812935
20459	4589	408	52	257	2812945
20465	4589	478	52.6667	256.333	2812975
20472	4573	565	53	256	2812985
20478	4551	589	53	256	2812995
20487	4516	626	54	256	2813005
20496	4472	657	54	256	2813015
20505	4421	671	54	256	2813025
20513	4366	689	55	254	2813035
20513	4317	694	55	254	2813045
20513	4274	700	55	253	2813055
20513	4243	701	55	253	2813065
20513	4219	702	55	253	2813075
20513	4206	702	55	253	2813085
20513	4199	641	56	252.667	2813115
20520	4208	203	56	255	2813135
28
20517	4515	206	54	256	2813271
20486	4523	275	53	256	2813281
20477	4523	391	53	256	2813291
20477	4533	487	53	256	2813321
20490	4533	557	53	256	2813331
20508	4533	582	54	254	2813341
20536	4533	602	54	254	2813351
20575	4521	616	54	253	2813361
20622	4508	625	54	253	2813371
20673	4488	623	55	253	2813381
20726	4465	628	55	253	2813391
20773	4437	630	55	253	2813401
20811	4407	630	55	253	2813411
20838	4376	638	55	253	2813421
20853	4344	637	55	253	2813431
20853	4314	643	55	253	2813441
20853	4286	649	55	253	2813451
20834	4257	659	56	252	2813461
20803	4229	670	56	252	2813471
20763	4202	673	56	252	2813481
20720	4181	674	56	252	2813491
20677	4165	674	56	252	2813501
20640	4155	670	56	252	2813511
20608	4155	654	56	252	2813521
20580	4155	633	56	252	2813531
20559	4155	580	56	252	2813541
20540	4155	494	56	252	2813551
20526	4167	145	56	252	2813571
28
20857	4296	60	55	253	2813767
20857	4314	124	55	253	2813777
20864	4321	203	55	253	2813787
20864	4331	248	55	253	2813797
20864	4338	294	55	253	2813807
20872	4338	359	55	253	2813817
20872	4349	522	56	252	2813867
20865	4336	592	56	252	2813877
20865	4326	606	56	252	2813887
20865	4311	628	56	252	2813897
20865	4298	636	56	252	2813907
20865	4285	658	56	252	2813917
20879	4275	684	56	252	2813927
20892	4269	709	56	252	2813937
20911	4269	709	56	252	2813947
20935	4269	708	56	252	2813957
20958	4276	710	56	252	2813967
20980	4289	710	56	252	2813977
20995	4304	712	56	252	2813987
21002	4320	714	55	250	2813997
21002	4337	708	55	250	2814007
21002	4354	700	55	249	2814017
20985	4369	690	55	249	2814027
20968	4382	683	55	249	2814037
20945	4390	655	55	249	2814047
20924	4390	613	55	249	2814057
20906	4396	536	55	249	2814067
20895	4396	129	55	249	2814097
23
21091	4370	165	53	250	2814243
21067	4363	274	53	250	2814253
21054	4363	389	53	250	2814263
21042	4363	472	54	250	2814273
21031	4363	569	54	250	2814293
21022	4363	667	55.3333	251	2814323
21030	4363	715	56	252	2814333
21045	4363	747	55	250	2814343
21071	4363	749	55	250	2814353
21112	4363	764	55	249	2814363
21164	4363	768	55	249	2814373
21225	4363	763	55	249	2814383
21292	4363	765	55	249	2814393
21359	4369	768	55	249	2814403
21424	4369	768	55	249	2814413
21483	4369	768	55	249	2814423
21532	4369	767	55	249	2814433
21570	4369	767	55	249	2814443
21594	4369	767	55	249	2814453
21610	4369	767	55	248	2814463
21617	4369	763	55	247	2814483
21626	4369	648	55	245	2814533
21626	4363	37	55	245	2814553
21
20011	3635	16	56	255	2815503
20005	3635	78	56	256	2815513
19995	3635	182	56	256	2815523
19987	3635	286	56	258	2815533
19978	3635	359	56	258	2815543
19966	3635	454	55	258	2815553
19960	3635	531	55	258	2815563
19960	3642	624	55	258	2815593
19973	3642	680	55	258	2815603
19995	3642	701	55	258	2815613
20033	3642	703	55	258	2815623
20085	3649	707	55	258	2815633
20146	3649	709	55	258	2815643
20210	3656	709	54	259	2815653
20272	3656	710	54	259	2815663
20326	3664	713	54	259	2815673
20370	3664	714	54	257	2815683
20402	3674	704	54	257	2815693
20423	3674	684	54	256	2815703
20434	3674	526	54	256	2815733
20426	3674	104	54	255	2815753
17
20150	3609	168	55	253	2815819
20066	3584	275	55	254	2815829
20039	3578	406	55	254	2815839
20022	3578	525	55	255	2815849
20013	3578	576	55	255	2815869
20024	3578	633	55	255	2815879
20048	3578	666	55	255	2815889
20088	3578	686	55	255	2815899
20141	3578	700	55	255	2815909
20205	3578	710	55	255	2815919
20270	3586	715	55	255	2815929
20331	3586	716	55	255	2815939
20382	3597	716	55	255	2815949
20417	3597	711	55	255	2815959
20440	3603	701	55	255	2815969
20452	3603	639	55	255	2815989
20459	3603	261	55	253.667	2816019
20
20431	3800	176	54	253	2816524
20425	3809	275	54	253	2816534
20414	3809	381	54	253	2816544
20414	3815	456	54	253	2816564
20407	3815	514	54	253	2816574
20407	3809	536	54	253	2816584
20407	3798	591	54	253	2816594
20415	3780	624	54	253	2816604
20415	3754	646	54	253	2816614
20423	3714	678	54	253	2816623
20423	3665	694	54	253	2816633
20423	3610	702	55	253	2816643
20423	3553	713	55	253	2816653
20423	3504	731	55	253	2816663
20423	3465	738	56	252	2816673
20423	3437	741	56	252	2816683
20423	3421	741	56	252	2816693
20423	3413	712	57	251	2816733
20423	3423	518	57	251	2816743
20423	3434	132	57	251	2816763
42
20445	3773	65	54	254	2816984
20438	3782	80	54	253	2816994
20430	3782	150	54	253	2817004
20430	3790	243	54	253	2817024
20430	3798	369	54	253	2817044
20430	3808	466	54	253	2817054
20437	3808	514	54	253	2817064
20437	3815	593	54	252.833	2817124
20447	3815	644	54	252	2817134
20462	3815	655	53	250	2817143
20486	3815	672	53	250	2817153
20518	3815	674	53	250	2817163
20559	3815	679	53	250	2817173
20605	3803	682	53	250	2817183
20655	3794	684	53	250	2817193
20704	3783	684	54	250	2817203
20751	3771	686	54	250	2817213
20793	3756	683	54	250	2817223
20829	3738	687	54	250	2817233
20858	3719	686	54	250	2817243
20881	3701	680	54	250	2817253
20898	3681	678	54	250	2817263
20908	3660	677	54	250	2817273
20908	3639	677	54	250	2817283
20908	3613	678	54	250	2817293
20896	3584	675	54	250	2817303
20876	3557	678	54	250	2817313
20843	3527	679	55	249	2817323
20801	3501	681	55	249	2817333
20752	3479	688	55	249	2817343
20696	3458	693	55	249	2817353
20641	3442	699	56	248	2817363
20591	3431	702	56	248	2817373
20546	3423	707	56	248	2817383
20509	3423	707	57	247	2817393
20479	3423	704	57	247	2817403
20455	3417	701	57	247	2817413
20438	3417	695	58	247	2817423
20428	3417	648	58	247	2817443
20428	3424	507	58	247	2817453
20444	3424	249	58	248	2817463
20469	3435	0	58	249	2817483
29
20926	3624	26	55	249	2817736
20933	3632	71	54	250	2817746
20933	3644	160	54	250	2817756
20933	3652	241	54	250	2817766
20933	3659	318	54	250	2817776
20933	3666	435	54	250	2817796
20933	3673	528	54	250	2817826
20933	3662	573	54	250	2817836
20933	3651	590	54	250	2817846
20933	3637	615	54	250	2817856
20941	3623	634	54	250	2817866
20950	3608	665	54	250	2817876
20962	3596	679	54	250	2817886
20975	3589	690	54	250	2817896
20994	3589	690	54	250	2817906
21015	3589	695	54	250	2817916
21033	3601	696	54	250	2817926
21050	3614	698	54	250	2817936
21060	3630	701	54	250	2817946
21060	3647	701	54	250	2817956
21068	3663	704	54	250	2817966
21068	3678	699	54	250	2817976
21055	3689	693	54	250	2817986
21039	3698	689	54	250	2817996
21017	3698	674	54	250	2818006
20994	3704	650	54	250	2818016
20972	3704	581	54	250	2818026
20955	3697	455	54	250	2818036
20943	3697	108	54	250	2818056
21
21144	3671	30	54	250	2818184
21127	3671	140	54	250	2818194
21120	3671	253	54	250	2818204
21112	3671	447	54	250	2818244
21112	3664	628	54	250	2818264
21126	3664	671	54	250	2818274
21149	3664	702	54	250	2818284
21182	3664	715	54	250	2818294
21225	3664	721	54	250	2818304
21275	3664	732	54	250	2818314
21329	3664	735	54	248	2818324
21384	3664	735	54	248	2818334
21438	3664	736	54	247	2818344
21488	3664	737	54	247	2818354
21529	3664	739	55	246	2818364
21559	3658	739	55	246	2818374
21582	3658	738	55	246	2818384
21596	3658	737	55	246	2818394
21604	3658	735	55	246	2818414
21613	3658	729	55	246	2818434
21613	3651	465	55	246	2818484
16
19990	2939	326	54	256	2819322
19990	2949	576	54	256	2819332
20003	2949	596	54	257	2819342
20015	2958	640	54	257	2819352
20036	2958	653	54	257	2819362
20069	2958	662	54	257	2819372
20115	2958	668	54	257	2819382
20170	2958	671	54	256	2819392
20227	2958	673	54	256	2819402
20280	2958	675	54	256	2819412
20325	2958	677	55	255	2819422
20364	2965	677	55	255	2819432
20393	2965	676	55	255	2819442
20413	2973	668	55	254	2819452
20424	2973	476	55	253.25	2819492
20409	2973	22	55	253	2819512
19
20069	2866	235	55	253	2819592
20005	2839	292	55	253	2819602
19986	2833	417	55	254	2819612
19978	2833	513	55	254.5	2819632
19991	2833	588	55	255	2819642
20012	2833	637	55	255	2819652
20045	2833	649	55	255	2819662
20087	2833	674	55	255	2819672
20135	2833	681	55	255	2819682
20185	2833	682	55	255	2819692
20232	2833	686	55	255	2819702
20278	2833	686	54	256	2819712
20318	2833	683	54	256	2819722
20352	2833	683	54	256	2819732
20377	2839	683	54	256	2819742
20392	2839	681	54	256	2819752
20400	2839	671	54	254	2819762
20400	2848	649	54	254	2819772
20407	2848	346	54.75	253	2819812
18
20415	3082	60	55	253	2820108
20415	3098	132	55	253	2820118
20415	3106	243	55	253	2820128
20415	3114	372	55	253	2820148
20415	3120	456	55	252	2820168
20415	3106	522	55	251	2820178
20415	3087	547	54	250	2820188
20415	3057	589	54	250	2820198
20415	3014	625	54	250	2820208
20415	2966	636	54	250	2820218
20415	2913	657	54	250	2820228
20415	2862	684	54	250	2820238
20415	2819	682	54	250	2820248
20415	2786	681	54	250	2820258
20409	2763	687	54	250	2820268
20409	2751	694	54	250	2820278
20409	2744	645	55	252.2	2820328
20409	2755	176	55	253	2820348
34
20439	3069	77	55	253	2820524
20430	3078	224	55	253	2820544
20430	3087	411	55	253	2820564
20430	3093	573	54.6667	251.333	2820624
20441	3093	644	54	250	2820634
20460	3093	649	54	250	2820644
20489	3082	651	54	250	2820654
20524	3074	660	54	250	2820664
20567	3062	665	54	250	2820674
20614	3048	667	54	250	2820684
20662	3030	667	54	250	2820694
20709	3011	666	54	250	2820704
20749	2989	662	54	250	2820714
20783	2969	661	54	250	2820724
20809	2946	664	54	250	2820734
20828	2924	664	54	250	2820744
20841	2903	666	54	250	2820754
20849	2880	661	54	250	2820764
20849	2859	658	54	250	2820774
20842	2837	659	54	250	2820784
20825	2815	662	54	250	2820794
20799	2792	666	54	250	2820804
20762	2769	664	54	250	2820814
20721	2750	666	54	250	2820824
20672	2731	668	54	250	2820834
20621	2717	671	54	250	2820844
20569	2707	669	54	250	2820854
20519	2699	677	54	250	2820864
20475	2699	679	54	250	2820874
20438	2699	681	54	250	2820884
20413	2693	681	54	250	2820894
20397	2693	654	54	250	2820934
20411	2693	542	54	250	2820944
20425	2693	148	54	250	2820964
27
20861	2914	189	54	250	2821156
20861	2923	411	54	250	2821216
20861	2914	537	54	250	2821226
20861	2906	589	55	249	2821236
20853	2895	603	55	249	2821246
20853	2883	619	55	249	2821256
20853	2871	625	55	249	2821266
20853	2863	636	54	250	2821276
20870	2856	649	54	250	2821286
20885	2856	660	54	250	2821296
20902	2856	664	54	250	2821306
20920	2856	668	54	250	2821316
20934	2864	665	54	250	2821326
20948	2874	664	54	250	2821336
20959	2887	670	54	250	2821346
20966	2901	673	54	250	2821356
20966	2915	684	54	250	2821366
20966	2928	681	54	248	2821376
20956	2940	684	54	248	2821386
20945	2950	679	54	247	2821396
20928	2950	678	54	247	2821406
20910	2957	672	55	246	2821416
20891	2957	664	55	246	2821426
20874	2957	642	55	246	2821436
20863	2951	598	55	246	2821446
20856	2951	533	55	246	2821456
20856	2944	233	55	246	2821486
23
21000	2944	141	55	246	2821604
21000	2935	220	55	246	2821614
20992	2935	404	55	246	2821644
21001	2935	510	55	246	2821654
21010	2935	557	55	246	2821664
21024	2935	600	55	246	2821674
21045	2926	624	55	246	2821684
21076	2926	643	55	246	2821694
21119	2926	651	55	246	2821704
21171	2926	659	55	246	2821714
21230	2926	663	55	246	2821724
21291	2926	672	55	246	2821734
21351	2926	679	55	246	2821744
21404	2926	690	55	246	2821754
21448	2926	690	55	246	2821764
21484	2926	692	55	246	2821774
21511	2926	694	55	246	2821784
21534	2926	694	55	246	2821794
21551	2926	699	54	245	2821804
21563	2926	699	55	244	2821814
21574	2919	696	55	243	2821824
21582	2919	674	55	243	2821844
21589	2919	248	55	243	2821884
17
19957	2228	308	55	258	2823162
19957	2235	502	55	258	2823172
19965	2235	549	55	258	2823182
19975	2244	611	55	258	2823192
19993	2244	626	55	258	2823202
20023	2251	653	55	258	2823212
20067	2251	672	55	258	2823222
20122	2251	679	55	258	2823232
20186	2258	681	56	258	2823242
20250	2258	681	56	258	2823252
20303	2258	679	56	258	2823262
20344	2268	677	56	258	2823272
20372	2268	661	56	258	2823282
20387	2279	625	56	258	2823292
20396	2279	556	56	258	2823302
20396	2288	429	56	258	2823312
20386	2288	113	56	258	2823332
15
20065	2190	286	56	258	2823408
19997	2169	361	56	258	2823418
19976	2169	512	56	258	2823428
19962	2169	598	56	258	2823458
19970	2169	657	56	258	2823468
19998	2169	679	56	258	2823478
20040	2169	696	56	258	2823488
20096	2169	702	56	258	2823498
20157	2169	702	56	258	2823508
20216	2169	702	56	258	2823518
20268	2178	698	56	258	2823528
20312	2178	691	56	258	2823538
20343	2189	678	56	258	2823548
20363	2189	655	56	258	2823558
20374	2195	370	56	258	2823598
18
20406	2362	183	55	258	2823748
20406	2371	331	55	258	2823758
20400	2382	487	55	258	2823778
20400	2389	538	55	258	2823798
20400	2373	564	55	257	2823808
20400	2354	574	55	257	2823818
20400	2324	604	55	255	2823828
20400	2289	626	56	255	2823838
20407	2249	663	56	255	2823848
20407	2205	674	56	255	2823858
20407	2162	686	56	255	2823868
20407	2121	690	56	255	2823878
20407	2085	690	57	254	2823888
20407	2058	690	57	254	2823898
20407	2039	692	57	254	2823908
20407	2029	684	57	254	2823938
20407	2039	567	57	254	2823948
20414	2053	189	57	254	2823968
31
20415	2350	274	56	255	2824084
20393	2356	354	56	255	2824094
20383	2364	489	56	255	2824114
20373	2364	556	56	254	2824134
20381	2364	615	56	253	2824144
20393	2364	642	56	252	2824154
20413	2355	657	56	252	2824164
20440	2349	666	56	252	2824174
20475	2340	671	56	252	2824184
20518	2328	677	56	252	2824194
20562	2312	678	56	252	2824204
20608	2293	678	56	252	2824214
20650	2269	680	56	252	2824224
20686	2247	681	57	251	2824234
20717	2221	680	57	251	2824244
20741	2196	679	57	251	2824254
20756	2170	678	57	251	2824264
20756	2144	680	57	251	2824274
20756	2115	677	57	251	2824284
20740	2088	686	57	251	2824294
20712	2062	690	57	251	2824304
20674	2038	694	57	251	2824314
20628	2018	695	57	251	2824324
20580	2006	695	57	251	2824334
20533	1998	695	57	251	2824344
20492	1998	696	57	251	2824354
20460	1998	691	57	251	2824364
20438	2006	682	57	251	2824374
20425	2006	666	57	251	2824384
20418	2016	524	57	251	2824414
20427	2024	0	57	251	2824434
27
20800	2194	197	55	249	2824648
20800	2202	267	55	249	2824658
20800	2210	375	55	249	2824668
20793	2210	443	55	249	2824688
20783	2210	502	55	249	2824708
20776	2197	553	55	249	2824718
20776	2187	589	55	249	2824728
20776	2175	616	55	249	2824738
20776	2164	637	56	248	2824748
20776	2153	653	56	248	2824758
20776	2142	675	56	248	2824768
20790	2131	681	56	248	2824778
20805	2125	686	56	248	2824788
20823	2125	696	56	248	2824798
20842	2125	693	56	248	2824808
20862	2137	696	56	248	2824818
20880	2152	697	56	248	2824828
20894	2169	704	56	248	2824838
20904	2187	702	56	248	2824848
20904	2203	710	56	248	2824858
20904	2216	704	56	248	2824868
20904	2228	699	56	248	2824878
20888	2234	686	56	248	2824888
20866	2234	660	56	248	2824898
20842	2234	599	56	248	2824908
20820	2234	479	56	248	2824918
20804	2221	111	56	248	2824938
22
20961	2233	182	55	249	2825076
20953	2226	377	55	249	2825116
20962	2226	534	55	249	2825126
20977	2226	597	56	248	2825136
20999	2219	659	56	248	2825146
21029	2219	689	56	247	2825156
21068	2219	721	56	247	2825166
21115	2219	739	55	245	2825176
21169	2219	744	55	245	2825186
21229	2219	746	55	245	2825196
21288	2219	752	55	245	2825206
21345	2219	755	56	244	2825216
21397	2212	756	56	244	2825226
21442	2212	758	56	244	2825236
21481	2212	770	56	244	2825246
21514	2212	769	56	244	2825256
21542	2212	769	56	244	2825266
21569	2212	768	56	244	2825276
21591	2212	766	56	243	2825286
21608	2212	760	56	243	2825296
21620	2212	713	56	242	2825316
21628	2212	269	56	242	2825346
17
22905	5136	110	58	254	2826620
22890	5136	161	58	254	2826630
22880	5136	276	58	254	2826640
22872	5136	439	58	255	2826660
22863	5143	615	58	257	2826690
22874	5143	695	58	257	2826700
22889	5152	705	58	257	2826710
22912	5152	710	58	257	2826720
22944	5161	711	58	257	2826730
22988	5168	708	58	257	2826740
23040	5174	707	58	257	2826750
23090	5174	707	58	257	2826760
23138	5185	703	58	257	2826770
23173	5185	688	58	255	2826780
23193	5192	651	58	255	2826790
23205	5192	435	58	254	2826820
23190	5192	26	58	254	2826840
18
22908	5085	339	58	254	2826916
22855	5060	358	58	254	2826926
22840	5060	484	58	255	2826936
22833	5060	583	58	256	2826956
22843	5060	622	58	257	2826966
22862	5060	659	58	257	2826976
22891	5068	682	58	257	2826986
22933	5068	696	58	257	2826996
22978	5075	707	58	257	2827006
23027	5075	708	58	257	2827016
23076	5087	707	58	257	2827026
23121	5094	706	58	257	2827036
23160	5100	704	58	257	2827046
23192	5100	702	58	257	2827056
23216	5107	682	58	255	2827066
23231	5107	656	58	255	2827076
23241	5107	569	58	254	2827096
23250	5107	149	58	254	2827126
20
23226	5279	366	56	258	2827304
23217	5296	385	56	256	2827314
23209	5303	480	56	256	2827324
23209	5311	581	56.25	254.75	2827364
23217	5311	628	57	254	2827374
23217	5296	664	57	253	2827384
23217	5279	693	57	253	2827394
23226	5254	704	57	251	2827404
23226	5220	729	57	251	2827414
23235	5180	743	57	251	2827424
23235	5133	759	57	251	2827434
23243	5085	764	57	251	2827444
23243	5039	772	57	251	2827454
23250	4999	780	57	251	2827464
23250	4970	783	57	251	2827474
23250	4949	785	57	251	2827484
23250	4935	783	58	250	2827494
23250	4929	736	58	250	2827524
23250	4945	543	58	250	2827534
23250	4967	175	58	250	2827554
30
23255	5264	264	57	251	2827660
23238	5281	291	57	251	2827670
23230	5290	399	57	251	2827680
23230	5297	479	57	251	2827690
23221	5297	568	57	251	2827720
23230	5297	638	57	251	2827730
23242	5297	665	57	251	2827740
23261	5297	674	57	251	2827750
23289	5297	681	57	251	2827760
23324	5289	687	57	251	2827770
23364	5279	687	57	251	2827780
23404	5264	690	57	249	2827790
23444	5247	688	57	249	2827800
23482	5225	691	57	247	2827810
23517	5201	690	57	247	2827820
23549	5175	689	57	247	2827830
23574	5146	687	57	247	2827840
23593	5116	681	57	247	2827850
23593	5084	680	57	247	2827860
23593	5050	678	57	247	2827870
23559	5017	680	57	247	2827880
23513	4985	680	58	247	2827890
23457	4961	682	58	247	2827900
23398	4942	679	58	247	2827910
23347	4932	679	58	247	2827920
23307	4932	672	58	247	2827930
23280	4932	647	58	247	2827940
23267	4932	577	58	247	2827950
23267	4939	389	58	247	2827960
23267	4948	0	58	247	2827980
29
23668	5151	232	57	251	2828176
23647	5151	276	57	251	2828186
23634	5158	382	57	251	2828196
23623	5158	429	57	251	2828206
23612	5158	466	57	251	2828216
23605	5158	529	57	251	2828226
23605	5146	579	57	251	2828236
23595	5136	634	57	251	2828246
23595	5125	651	57	251	2828256
23595	5113	666	57	251	2828266
23595	5101	683	57	251	2828276
23595	5095	695	57	251	2828286
23609	5088	705	57	251	2828296
23628	5088	709	57	251	2828306
23654	5088	709	57	251	2828316
23685	5088	708	57	251	2828326
23716	5096	711	57	251	2828336
23739	5106	717	57	251	2828346
23753	5121	715	57	251	2828356
23753	5136	715	57	249	2828366
23753	5152	714	57	249	2828376
23737	5168	711	57	247	2828386
23716	5180	709	57	247	2828396
23691	5189	710	57	247	2828406
23667	5189	704	57	247	2828416
23646	5189	678	57	247	2828426
23631	5189	612	57	247	2828436
23624	5189	484	57	247	2828446
23624	5179	137	57	247	2828466
18
23817	5166	175	56	248	2828604
23800	5174	500	56.5714	247.429	2828674
23817	5174	701	57	247	2828684
23839	5174	717	57	247	2828694
23875	5174	727	57	247	2828704
23924	5174	733	57	247	2828714
23981	5174	732	57	247	2828724
24044	5174	736	57	247	2828734
24106	5174	736	57	247	2828744
24166	5174	737	57	247	2828754
24221	5174	739	57	247	2828764
24268	5181	735	57	247	2828774
24306	5181	735	57	246	2828784
24334	5181	737	58	245	2828794
24354	5181	736	57	244	2828804
24367	5181	735	57	244	2828814
24374	5181	735	57	244	2828834
24380	5181	488	56.375	241.625	2828914
17
22851	4305	135	58	257	2829656
22835	4317	176	58	257	2829666
22829	4317	358	58	257	2829686
22821	4325	569	58	257	2829716
22821	4334	656	58	257	2829726
22835	4334	696	58	257	2829736
22848	4334	711	58	257	2829746
22870	4334	734	58	257	2829756
22901	4334	738	58	257	2829766
22940	4340	746	58	257	2829776
22987	4340	746	58	257	2829786
23036	4340	746	58	257	2829796
23082	4340	735	58	257	2829806
23118	4340	718	58	257	2829816
23145	4340	687	58	255	2829826
23157	4347	468	58	254.333	2829856
23146	4347	0	58	254	2829876
16
22969	4286	216	58	254	2829932
22917	4267	263	58	254	2829942
22894	4267	396	58	254	2829952
22879	4260	506	58	254	2829962
22873	4260	618	58	254	2829992
22886	4260	690	58	254	2830002
22905	4260	703	58	254	2830012
22934	4260	722	58	254	2830022
22968	4268	728	58	255	2830032
23008	4268	729	58	255	2830042
23048	4268	727	58	255	2830052
23087	4268	717	58	255	2830062
23119	4268	695	58	255	2830072
23143	4268	665	58	254	2830082
23156	4268	561	58	254	2830102
23165	4268	147	58	254	2830122
20
23220	4445	309	56	255	2830280
23220	4454	456	56	255	2830300
23220	4464	546	56	255	2830320
23220	4457	581	56	253	2830330
23220	4445	611	56	253	2830340
23220	4426	633	57	251	2830350
23220	4401	658	57	251	2830360
23220	4371	672	57	251	2830370
23220	4336	687	57	251	2830380
23220	4303	695	57	251	2830390
23220	4270	701	57	251	2830400
23220	4243	703	57	251	2830410
23220	4221	706	57	251	2830420
23220	4205	709	57	251	2830430
23220	4195	707	57	251	2830450
23220	4187	689	57	251	2830460
23228	4187	620	57	251	2830470
23228	4203	543	57	251	2830480
23228	4220	324	57	251	2830490
23228	4245	2	57	251	2830510
30
23228	4456	269	57	251	2830596
23220	4482	295	57	251	2830606
23213	4491	396	57	251	2830616
23213	4498	566	56.6667	251.333	2830676
23220	4484	691	56	252	2830686
23230	4476	701	57	251	2830696
23247	4463	708	57	251	2830706
23269	4447	717	56	250	2830716
23296	4430	718	56	250	2830726
23330	4409	718	56	248	2830736
23365	4388	722	56	248	2830746
23400	4364	722	56	248	2830756
23433	4338	725	56	248	2830766
23462	4313	724	56	248	2830776
23483	4287	718	56	248	2830786
23495	4259	714	57	247	2830796
23495	4234	716	57	247	2830806
23479	4210	716	57	247	2830816
23451	4187	718	57	247	2830826
23412	4170	720	57	247	2830836
23367	4156	717	57	247	2830846
23322	4149	717	57	247	2830856
23284	4149	718	57	247	2830866
23255	4149	717	57	247	2830876
23236	4149	714	57	247	2830886
23224	4149	702	57	247	2830896
23224	4159	675	57	247	2830906
23224	4168	590	57	247	2830916
23224	4176	476	57	247	2830926
23232	4184	51	57	247	2830946
27
23559	4295	141	57	251	2831104
23565	4302	247	57	251	2831124
23559	4309	435	57	251	2831154
23551	4309	545	57	251	2831184
23551	4301	614	57	249	2831204
23545	4286	642	57	247	2831214
23545	4276	656	57	247	2831224
23545	4267	673	57	247	2831234
23545	4258	688	57	247	2831244
23555	4250	706	57	247	2831254
23566	4243	721	57	247	2831264
23580	4243	730	57	247	2831274
23595	4236	733	57	247	2831284
23613	4236	736	57	247	2831294
23629	4245	734	57	247	2831304
23645	4255	736	57	247	2831314
23655	4268	736	57	247	2831324
23662	4281	741	57	247	2831334
23662	4294	739	57	247	2831344
23662	4307	734	57	247	2831354
23644	4318	731	57	247	2831364
23626	4327	727	57	247	2831374
23604	4334	715	57	247	2831384
23582	4334	686	57	247	2831394
23563	4334	634	57	247	2831404
23550	4334	531	57	247	2831414
23543	4334	146	57	247	2831434
22
23747	4317	150	56	248	2831588
23730	4317	218	56	248	2831598
23722	4317	361	56	248	2831618
23713	4317	528	56.6667	247.333	2831648
23713	4310	677	57	247	2831678
23720	4310	732	57	247	2831688
23734	4310	747	57	247	2831698
23759	4310	754	57	247	2831708
23798	4304	757	57	247	2831718
23850	4304	756	57	247	2831728
23913	4304	756	57	247	2831738
23987	4304	756	57	247	2831748
24065	4304	756	57	247	2831758
24139	4304	757	57	247	2831768
24204	4304	754	57	246	2831778
24253	4304	754	57	246	2831788
24291	4304	755	57	244	2831798
24318	4297	754	57	244	2831808
24340	4297	755	57	244	2831818
24356	4297	755	57	244	2831828
24366	4297	752	57	242	2831848
24375	4297	409	56	240.333	2831908
20
22920	3544	225	58	257	2832612
22897	3538	299	58	257	2832622
22887	3538	429	58	257	2832632
22879	3538	527	58	257	2832652
22873	3538	612	58	257	2832662
22873	3544	656	58	257	2832672
22881	3544	685	58	257	2832682
22895	3544	712	58	257	2832692
22920	3554	731	58	257	2832702
22955	3554	732	58	257	2832712
23002	3565	738	58	257	2832722
23056	3565	736	58	257	2832732
23112	3565	734	58	257	2832742
23160	3565	731	58	257	2832752
23197	3565	722	57	256	2832762
23221	3565	705	57	256	2832772
23232	3571	593	57	254	2832802
23214	3571	349	56	255	2832812
23190	3565	201	56	255	2832822
23155	3557	0	56	255	2832842
15
23019	3517	123	56	252	2832868
22944	3492	234	57	253	2832878
22917	3481	375	57	253	2832888
22898	3481	495	57	254	2832898
22886	3472	629	57.75	254	2832938
22909	3472	686	58	254	2832948
22940	3464	701	59	253	2832958
22984	3464	715	59	253	2832968
23037	3457	722	59	253	2832978
23089	3457	721	59	253	2832988
23138	3457	716	59	253	2832998
23176	3468	720	59	253	2833008
23202	3475	712	59	253	2833018
23217	3475	695	59	253	2833028
23224	3485	401	59	252.6	2833078
22
23277	3651	40	56	252	2833384
23263	3668	51	56	252	2833394
23263	3676	120	56	252	2833404
23255	3684	209	56	252	2833414
23255	3691	307	56	252	2833424
23255	3698	467	55.5	251	2833444
23255	3708	593	54.75	249.5	2833484
23255	3687	641	54	250	2833494
23255	3663	660	54	250	2833504
23255	3628	682	54	250	2833514
23264	3584	702	54	250	2833524
23264	3539	717	55	249	2833534
23271	3493	724	55	249	2833544
23271	3452	734	55	249	2833554
23271	3419	740	55	249	2833564
23271	3394	743	56	248	2833574
23271	3377	744	56	248	2833584
23278	3367	741	56.5	247.5	2833604
23278	3359	700	57	247	2833624
23278	3369	586	58	247	2833634
23278	3381	424	58	248	2833644
23278	3402	19	58	249	2833664
31
23266	3682	181	57	251	2833760
23237	3690	204	57	251	2833770
23226	3697	336	57	251	2833790
23218	3712	513	56.3333	250.667	2833820
23226	3712	612	55	250	2833830
23234	3712	637	55	249	2833840
23246	3705	668	54	250	2833850
23265	3705	680	54	250	2833860
23293	3695	694	54	250	2833870
23327	3685	693	54	250	2833880
23369	3672	696	54	250	2833890
23413	3655	696	54	250	2833900
23457	3635	696	54	250	2833910
23495	3612	696	54	250	2833920
23530	3586	696	54	250	2833930
23554	3559	696	54	250	2833940
23570	3531	697	54	250	2833950
23577	3501	694	54	250	2833960
23577	3472	691	55	249	2833970
23553	3442	691	55	249	2833980
23522	3414	690	55	249	2833990
23480	3389	688	56	248	2834000
23435	3369	692	56	248	2834010
23391	3353	694	56	248	2834020
23350	3344	695	57	247	2834030
23317	3344	693	57	247	2834040
23293	3344	692	57	247	2834050
23276	3344	688	58	247	2834060
23268	3352	648	58	247	2834080
23268	3360	455	59	246	2834100
23268	3369	42	59	246	2834120
27
23643	3555	73	56	248	2834276
23635	3555	203	55	249	2834286
23627	3555	360	54.5	249.5	2834306
23621	3555	517	54	250	2834346
23613	3546	606	54	250	2834356
23613	3537	629	55	249	2834366
23613	3524	653	55	249	2834376
23613	3512	664	55	249	2834386
23613	3501	684	56	248	2834396
23623	3492	702	56	248	2834406
23640	3485	711	56	248	2834416
23663	3485	715	56	248	2834426
23691	3485	718	57	247	2834436
23717	3485	720	57	247	2834446
23739	3495	725	57	247	2834456
23756	3507	726	57	247	2834466
23765	3518	728	57	247	2834476
23765	3532	726	58	247	2834486
23765	3549	727	58	247	2834496
23759	3565	724	58	247	2834506
23745	3579	725	58	247	2834516
23728	3588	718	58	245	2834526
23710	3588	713	58	245	2834536
23692	3588	690	56	244	2834546
23678	3588	646	56	244	2834556
23666	3588	542	56	244	2834566
23659	3579	154	55.5	244.5	2834586
19
23842	3578	43	55	246	2834732
23822	3578	167	55	246	2834752
23814	3571	555	55	246.333	2834812
23829	3571	707	55	248	2834822
23847	3571	726	55	249	2834832
23876	3565	732	55	249	2834842
23918	3565	734	55	249	2834852
23970	3558	741	55	248	2834862
24033	3558	740	55	248	2834872
24102	3552	746	55	246	2834882
24172	3552	743	55	246	2834892
24238	3552	748	55	246	2834902
24293	3544	748	55	246	2834912
24337	3544	749	55	246	2834922
24370	3544	750	55	246	2834932
24392	3544	748	55	246	2834942
24407	3544	739	55	244	2834952
24416	3544	683	55	243.5	2834972
24422	3538	251	55.3333	242.667	2835002
17
22855	2709	100	58	257	2835964
22847	2709	394	58	257	2836004
22847	2717	605	58	257	2836014
22855	2717	657	58	257	2836024
22862	2717	678	58	257	2836034
22878	2726	708	58	257	2836044
22905	2726	721	58	257	2836054
22946	2735	726	58	257	2836064
22994	2742	728	58	257	2836074
23049	2748	731	58	257	2836084
23102	2748	732	58	257	2836094
23151	2756	727	58	257	2836104
23192	2756	711	57	256	2836114
23221	2756	687	57	256	2836124
23242	2764	651	57	254	2836134
23254	2764	456	57	254	2836164
23241	2764	13	57	253.5	2836184
17
22916	2642	317	58	254	2836260
22863	2622	401	58	254	2836270
22852	2622	581	58	254	2836300
22873	2622	653	58	254	2836310
22901	2622	667	58	254	2836320
22942	2632	687	58	254	2836330
22993	2632	700	58	254	2836340
23048	2639	703	58	254	2836350
23103	2639	700	58	254	2836360
23158	2639	704	58	254	2836370
23204	2648	702	58	254	2836380
23239	2648	698	58	254	2836390
23267	2656	686	58	254	2836400
23284	2656	673	58	254	2836410
23296	2663	603	58	253	2836430
23303	2663	409	57.5	251.5	2836450
23291	2663	32	57	251	2836470
21
23268	2823	280	57	251	2836628
23268	2841	362	57	251	2836638
23268	2857	467	57	251	2836648
23268	2864	551	57	251	2836688
23268	2852	624	57	251	2836698
23275	2843	641	56	252	2836708
23275	2831	651	55	250	2836718
23275	2811	687	55	250	2836728
23281	2782	700	55	249	2836738
23281	2746	710	55	249	2836748
23281	2703	712	55	249	2836758
23281	2657	717	55	249	2836768
23281	2617	728	55	249	2836778
23288	2582	728	56	248	2836788
23288	2557	733	56	248	2836798
23288	2543	736	56	248	2836808
23288	2534	736	56.5	247.5	2836828
23295	2534	702	57	248	2836848
23295	2541	624	57	249	2836858
23295	2551	512	57	251	2836868
23295	2567	135	57	251	2836888
35
23296	2875	202	57	251	2837004
23272	2888	258	57	251	2837014
23261	2888	340	57	251	2837024
23251	2894	405	57	251	2837034
23244	2894	613	55.4286	249.571	2837104
23255	2894	716	55	249	2837114
23274	2885	724	55	249	2837124
23302	2878	729	55	249	2837134
23340	2868	731	55	249	2837144
23383	2858	742	55	249	2837154
23430	2846	744	55	249	2837164
23479	2834	745	55	249	2837174
23524	2820	746	55	249	2837184
23565	2804	746	55	249	2837194
23598	2787	746	55	249	2837204
23624	2768	743	55	249	2837214
23641	2747	738	55	249	2837224
23651	2725	738	55	249	2837234
23651	2702	735	55	249	2837244
23641	2676	732	55	249	2837254
23620	2649	734	55	249	2837264
23586	2620	731	55	249	2837274
23543	2592	733	56	248	2837284
23497	2569	734	56	248	2837294
23450	2551	734	56	248	2837304
23408	2538	736	56	248	2837314
23370	2530	735	57	247	2837324
23333	2530	732	57	247	2837334
23301	2520	734	57	247	2837344
23270	2520	731	57	247	2837354
23245	2520	729	57	247	2837364
23228	2520	721	58	247	2837374
23217	2520	699	58	247	2837384
23217	2527	620	58	247	2837404
23217	2534	192	58	248	2837424
27
23673	2744	234	56	248	2837810
23666	2744	349	56	248	2837820
23659	2744	416	56	248	2837840
23649	2744	445	56	248	2837850
23649	2731	493	56	248	2837860
23649	2724	549	56	248	2837870
23649	2715	598	56	248	2837880
23649	2705	642	56	248	2837890
23649	2695	667	56	248	2837900
23649	2688	683	56	248	2837910
23665	2688	690	56	248	2837920
23682	2681	692	56	248	2837930
23708	2681	694	56	248	2837940
23737	2681	694	56	248	2837950
23765	2694	693	56	248	2837960
23789	2705	698	56	248	2837970
23805	2718	702	56	248	2837980
23814	2733	703	56	248	2837990
23814	2745	703	56	248	2838000
23814	2757	701	56	248	2838010
23796	2766	698	56	248	2838020
23776	2773	696	56	248	2838030
23753	2773	686	56	248	2838040
23729	2780	653	56	247	2838050
23710	2780	601	56	247	2838060
23696	2780	477	55	245	2838070
23689	2770	101	55	245	2838090
21
23862	2739	298	56	248	2838234
23851	2739	456	56	248	2838244
23842	2739	522	56	248	2838254
23835	2739	548	56	248	2838264
23828	2739	661	56	248	2838314
23839	2739	757	56	248	2838324
23860	2739	764	56	248	2838334
23890	2739	768	56	248	2838344
23931	2739	771	56	247	2838354
23980	2739	769	56	247	2838364
24034	2730	770	55	245	2838374
24094	2730	765	55	245	2838384
24156	2730	765	55	245	2838394
24214	2730	769	55	245	2838404
24264	2730	765	55	245	2838414
24304	2724	763	55	245	2838424
24335	2724	762	55	245	2838434
24359	2724	757	55	245	2838444
24375	2724	742	55	245	2838454
24382	2724	700	55	244.5	2838474
24389	2724	245	55.75	242.5	2838514
17
22830	2097	347	57	254	2839176
22819	2109	461	57	254	2839196
22812	2121	637	57	255	2839236
22830	2121	716	57	257	2839246
22857	2121	755	57	257	2839256
22893	2121	788	57	257	2839266
22937	2121	807	57	257	2839276
22987	2121	811	57	256	2839286
23041	2132	813	57	256	2839296
23094	2141	807	57	254	2839306
23141	2147	802	57	254	2839316
23175	2147	787	57	254	2839326
23195	2155	758	57	254	2839336
23205	2155	658	57	254	2839366
23188	2155	506	57	254	2839376
23167	2148	368	57	254	2839386
23137	2141	95	57	254	2839406
15
22831	2037	328	58	254	2839464
22789	2014	412	58	254	2839474
22782	2014	605	58	254	2839494
22782	2024	691	58	254	2839504
22794	2024	707	58	254	2839514
22816	2032	722	58	254	2839524
22851	2032	739	58	255	2839534
22897	2032	750	58	255	2839544
22950	2032	761	58	257	2839554
23005	2032	769	58	257	2839564
23057	2039	774	58	255	2839574
23101	2039	776	58	255	2839584
23133	2039	775	58	254	2839594
23152	2039	774	58	254	2839604
23160	2039	566	58	254	2839684
19
23146	2189	220	56	258	2839872
23139	2212	309	56	258	2839882
23139	2220	420	56	258	2839892
23139	2228	523	56	256	2839912
23139	2235	698	57	253.375	2839992
23139	2219	743	57	251	2840002
23145	2197	750	57	251	2840012
23145	2165	758	57	251	2840022
23145	2123	770	57	251	2840032
23152	2078	772	57	251	2840042
23152	2034	775	57	251	2840052
23152	1997	778	57	251	2840062
23152	1968	785	57	251	2840072
23152	1947	786	57	251	2840082
23152	1933	786	57	251	2840092
23152	1924	764	57	251	2840132
23159	1934	649	57	251	2840142
23159	1949	509	57	251	2840152
23168	1968	64	57	251	2840172
32
23187	2243	14	57	254	2840280
23162	2250	152	57	254	2840290
23154	2258	295	57	254	2840310
23145	2258	452	57	254	2840320
23145	2264	640	57	251.667	2840380
23139	2264	733	57	251	2840430
23150	2264	771	57	251	2840440
23166	2257	779	57	251	2840450
23194	2249	785	56	250	2840460
23230	2238	788	56	250	2840470
23272	2222	790	56	248	2840480
23314	2204	792	56	248	2840490
23351	2183	791	56	248	2840500
23385	2159	791	56	248	2840510
23413	2132	789	56	248	2840520
23430	2107	787	56	248	2840530
23441	2081	786	56	248	2840540
23441	2056	780	57	247	2840550
23432	2032	779	57	247	2840560
23415	2007	778	57	247	2840570
23384	1981	777	57	247	2840580
23344	1960	777	57	247	2840590
23297	1943	775	57	247	2840600
23251	1930	777	57	247	2840610
23209	1923	776	57	247	2840620
23174	1923	778	57	247	2840630
23146	1923	775	57	247	2840640
23127	1923	771	57	247	2840650
23115	1923	753	57	247	2840660
23107	1923	726	57	247	2840670
23107	1931	605	57	248	2840690
23116	1942	112	57	250	2840710
27
23515	2097	136	57	251	2840884
23508	2105	231	57	251	2840894
23500	2105	367	57	251	2840914
23500	2112	450	57	249	2840934
23500	2101	514	57	247	2840944
23500	2092	552	57	247	2840954
23493	2081	589	57	247	2840964
23493	2069	603	57	247	2840974
23493	2060	633	57	247	2840984
23493	2052	658	57	247	2840994
23493	2043	679	57	247	2841004
23511	2037	694	57	247	2841014
23531	2037	697	57	247	2841024
23554	2030	703	57	247	2841034
23580	2030	704	57	247	2841044
23603	2043	712	57	247	2841054
23621	2054	718	57	247	2841064
23631	2066	722	57	247	2841074
23631	2078	718	57	247	2841084
23631	2090	718	57	246	2841094
23619	2102	717	57	246	2841104
23602	2113	715	56	244	2841114
23582	2121	711	56	244	2841124
23563	2121	689	56	244	2841134
23545	2129	643	56	244	2841144
23532	2129	539	56	244	2841154
23524	2129	162	56	244	2841174
19
23697	2099	261	57	247	2841280
23718	2099	545	57	247	2841330
23726	2099	730	57	247	2841350
23743	2099	773	57	247	2841360
23768	2099	784	57	246	2841370
23806	2099	800	57	246	2841380
23857	2099	809	57	244	2841390
23915	2099	815	57	244	2841400
23979	2109	817	57	244	2841410
24045	2109	818	57	244	2841420
24114	2117	813	57	244	2841430
24179	2117	810	57	242	2841440
24234	2117	806	57	242	2841450
24274	2117	799	56	241	2841460
24305	2117	787	56	241	2841470
24326	2117	746	56	241	2841480
24338	2117	665	56	239	2841490
24349	2111	486	56	239	2841500
24356	2111	0	56	238	2841520
