66
30
2923	11916	100	53	277	3008078
2908	11888	141	53	277	3008088
2908	11877	220	53	275	3008098
2895	11869	307	53.5	275	3008118
2895	11857	406	54	275	3008138
2895	11849	537	54	275	3008168
2902	11849	613	54	275	3008178
2912	11866	618	54	275	3008188
2929	11889	616	54	275	3008198
2952	11922	617	54	275	3008208
2979	11966	614	54	275	3008218
3006	12016	613	54	275	3008228
3031	12071	603	54	275	3008238
3055	12123	603	54	275	3008248
3074	12168	604	54	275	3008258
3088	12200	602	54	275	3008268
3097	12218	597	54	275	3008278
3097	12224	595	54	275	3008288
3104	12224	595	54	274	3008298
3104	12206	597	54	274	3008308
3112	12181	598	54	273	3008318
3121	12147	599	54	273	3008328
3133	12109	603	54	273	3008338
3146	12070	604	54	273	3008348
3158	12031	605	54	273	3008358
3170	11996	608	54	273	3008368
3180	11967	606	54	273	3008378
3180	11943	606	54	273	3008388
3189	11927	580	54	273	3008398
3189	11918	276	54	273	3008428
11
3068	12006	100	54	273	3008482
3025	12006	270	54	273	3008492
3005	11994	356	54	273	3008502
2990	11994	461	54	273	3008512
2981	11985	523	54	273	3008532
2989	11979	569	54	273	3008542
3005	11979	588	54	273	3008552
3032	11979	596	54	273	3008562
3066	11979	589	54	273	3008572
3103	11979	514	54	273	3008582
3135	11979	129	54	273	3008602
17
2905	11125	43	54	270	3009694
2905	11149	150	54	270	3009704
2905	11157	295	54	269	3009724
2905	11168	389	54	267	3009744
2905	11160	442	54	267	3009754
2912	11146	482	54	267	3009764
2912	11123	519	54	267	3009774
2920	11091	538	54	267	3009784
2920	11052	566	55	267	3009794
2926	11011	579	55	267	3009804
2926	10970	587	55	267	3009814
2926	10932	610	55	267	3009824
2934	10902	607	55	267	3009834
2934	10878	611	55	267	3009844
2934	10862	611	55	267	3009854
2934	10856	551	55	267	3009884
2934	10863	164	55	267	3009904
45
2914	11098	209	55	267	3009990
2891	11107	257	55	267	3010000
2880	11107	337	55	267	3010010
2873	11116	412	54	267	3010020
2873	11123	456	54	267	3010040
2893	11129	490	54	267	3010050
2919	11129	513	54	267	3010060
2955	11129	521	54	267	3010070
2996	11129	525	54	267	3010080
3039	11129	526	54	267	3010090
3081	11121	527	54	266	3010100
3117	11114	527	54	266	3010110
3144	11106	525	54	265	3010120
3160	11095	528	54	265	3010130
3160	11080	533	54	266	3010140
3142	11059	537	54	266	3010150
3111	11033	536	54	267	3010160
3070	11005	536	54	267	3010170
3027	10979	534	54	267	3010180
2990	10960	537	54	267	3010190
2964	10947	537	54	267	3010200
2949	10941	543	54	267	3010230
2970	10948	547	54	267	3010240
2998	10957	549	54	267	3010250
3033	10966	552	54	267	3010260
3072	10975	555	54	267	3010270
3110	10975	557	54	267	3010280
3149	10982	567	55	267	3010290
3184	10982	568	55	267	3010300
3216	10975	573	55	267	3010310
3240	10965	574	55	267	3010320
3256	10953	580	55	267	3010330
3256	10935	598	55	267	3010340
3249	10912	612	55	267	3010350
3225	10884	630	55	267	3010360
3190	10853	638	55	267	3010370
3144	10823	649	55	267	3010380
3094	10797	653	55	267	3010390
3045	10777	659	55	267	3010400
3000	10765	657	55	267	3010410
2963	10765	652	55	267	3010420
2935	10765	637	55	267	3010430
2914	10777	611	55	267	3010440
2900	10791	523	55	267	3010450
2892	10805	148	55	267	3010470
32
3035	7755	40	58	273	3012798
3042	7770	120	58	273	3012808
3051	7778	223	58	273	3012818
3051	7786	267	58	273	3012828
3059	7797	344	58	273	3012838
3059	7808	425	58	273	3012848
3066	7822	462	58	273	3012858
3066	7839	509	58	273	3012868
3066	7858	526	58	273	3012878
3066	7874	548	58	273	3012888
3048	7886	558	58	273	3012898
3027	7886	565	58	273	3012908
3000	7886	570	58	273	3012918
2967	7866	579	58	273	3012928
2931	7838	591	58	273	3012938
2899	7800	604	58	273	3012948
2873	7755	621	58	273	3012958
2854	7707	630	58	273	3012968
2847	7658	641	58	273	3012978
2847	7613	657	58	273	3012988
2871	7576	674	58	273	3012998
2907	7550	696	58	273	3013008
2956	7537	701	58	273	3013018
3017	7537	716	58	273	3013028
3080	7545	728	59	273	3013038
3141	7561	727	59	273	3013048
3194	7579	726	59	273	3013058
3231	7594	725	59	273	3013068
3257	7604	716	59	273	3013078
3271	7604	688	59	273	3013088
3271	7611	615	59	273	3013098
3279	7611	151	59	273	3013128
17
2914	5541	193	57	279	3013918
2914	5559	304	57	278	3013928
2914	5567	435	58	278	3013938
2921	5576	569	58	276	3013978
2929	5553	664	58	276	3013988
2929	5521	675	59	277	3013998
2929	5476	702	59	277	3014008
2940	5422	715	59	277	3014018
2940	5360	729	59	277	3014028
2949	5308	730	59	277	3014038
2949	5261	733	59	277	3014048
2957	5222	734	59	277	3014058
2957	5200	732	59	277	3014068
2957	5179	716	59	277	3014078
2964	5170	653	59	277	3014098
2964	5177	484	59	277	3014108
2964	5199	137	59	277	3014128
27
2940	5549	115	59	277	3014198
2923	5593	269	59	277	3014208
2910	5606	428	59	277	3014218
2896	5617	526	59	277	3014228
2888	5627	591	59	277	3014248
2888	5636	632	58	276	3014268
2911	5626	644	58	275	3014278
2940	5615	656	58	275	3014288
2983	5598	660	58	273	3014298
3036	5578	663	58	273	3014308
3099	5555	664	58	273	3014318
3167	5527	667	58	273	3014328
3234	5495	670	58	273	3014338
3293	5459	667	58	273	3014348
3335	5422	667	58	273	3014358
3358	5385	669	58	273	3014368
3358	5349	675	58	273	3014378
3345	5314	682	58	273	3014388
3313	5280	688	58	273	3014398
3263	5248	693	58	273	3014408
3202	5219	699	58	273	3014418
3136	5197	698	58	273	3014428
3075	5181	694	58	273	3014438
3023	5171	679	58	273	3014448
2988	5171	636	59	273	3014458
2968	5171	523	59	273	3014468
2956	5164	93	59	273	3014488
23
6742	11763	197	52	273	3018254
6734	11770	265	52	273	3018264
6734	11778	402	52	271	3018274
6734	11788	489	52	271	3018284
6734	11798	558	52	270	3018304
6734	11805	601	52	270	3018324
6734	11799	615	52	270	3018334
6734	11790	625	52	270	3018344
6740	11772	661	52	270	3018354
6747	11742	680	52	269	3018364
6756	11702	697	52	269	3018374
6766	11654	707	52	267	3018384
6778	11605	716	52	267	3018394
6790	11560	717	52	267	3018404
6800	11521	722	52	267	3018414
6810	11491	727	52	267	3018424
6816	11472	729	52	267	3018434
6816	11458	730	52	267	3018444
6824	11458	733	52	267	3018454
6824	11452	713	52	267	3018474
6824	11461	650	52	267	3018484
6824	11472	522	52	267	3018494
6816	11487	158	52	268	3018514
35
6683	11793	143	52	270	3018650
6676	11802	203	52	269	3018660
6670	11815	285	52	269	3018670
6670	11821	421	52	267	3018700
6670	11828	517	52	267	3018710
6678	11828	560	52	267	3018730
6693	11828	604	52	267	3018740
6715	11828	622	52	267	3018750
6750	11828	629	52	266	3018760
6800	11828	638	52	266	3018770
6863	11828	638	52	265	3018780
6935	11828	640	52	265	3018790
7007	11817	639	52	265	3018800
7075	11809	641	52	265	3018810
7134	11798	642	52	265	3018820
7182	11784	641	52	266	3018830
7220	11768	637	52	266	3018840
7248	11748	638	52	267	3018850
7267	11725	638	52	267	3018860
7276	11699	638	52	267	3018870
7276	11669	640	52	267	3018880
7269	11637	637	52	267	3018890
7252	11602	640	52	267	3018900
7226	11566	645	52	267	3018910
7189	11532	646	52	267	3018920
7144	11501	651	52	267	3018930
7091	11473	651	52	267	3018940
7033	11449	660	52	267	3018950
6975	11431	662	52	267	3018960
6923	11421	661	52	267	3018970
6881	11421	665	52	267	3018980
6853	11421	665	52	267	3018990
6835	11421	665	52	267	3019000
6825	11421	657	52.5	267	3019020
6818	11421	271	53	267	3019060
128
3471	12024	58	51	277	3019940
3471	12034	327	51	277	3020000
3479	12034	542	51	277	3020020
3485	12034	580	51	277	3020030
3495	12041	604	51	277	3020040
3510	12041	614	51	277	3020050
3535	12041	618	51	276	3020060
3567	12041	626	51	276	3020070
3610	12048	634	51	275	3020080
3667	12048	641	51	275	3020090
3739	12058	643	51	274	3020100
3823	12058	649	51	274	3020110
3914	12071	650	51	272	3020120
4008	12071	649	51	272	3020130
4100	12078	652	52	273	3020140
4191	12078	654	52	273	3020150
4281	12078	656	52	273	3020160
4371	12087	654	52	273	3020170
4466	12087	653	52	271	3020180
4561	12099	656	52	271	3020190
4655	12105	658	52	270	3020200
4743	12105	661	52	270	3020210
4825	12115	661	52	270	3020220
4901	12115	661	52	269	3020230
4975	12122	661	52	269	3020240
5046	12122	662	53	267	3020250
5115	12132	665	53	267	3020260
5182	12132	666	53	267	3020270
5247	12142	667	53	267	3020280
5307	12142	667	53	266	3020290
5362	12151	667	53	266	3020300
5413	12151	667	53	265	3020310
5455	12151	667	53	265	3020320
5489	12151	667	54	265	3020330
5518	12151	670	54	263	3020340
5542	12151	672	54	263	3020350
5567	12151	673	54	262	3020360
5592	12151	673	54	262	3020370
5612	12151	673	54	262	3020380
5630	12151	672	54	260	3020390
5644	12151	673	54	260	3020400
5655	12151	674	53	259	3020410
5661	12151	676	53	258.667	3020470
5668	12151	678	53	256	3020480
5674	12151	679	53	256	3020490
5682	12151	679	53	256	3020500
5689	12151	681	53	256	3020510
5698	12151	682	53	256	3020530
5708	12151	687	53	256	3020540
5715	12151	687	53	256	3020550
5727	12151	688	53	256	3020560
5739	12151	689	53	256	3020570
5754	12151	690	53	256	3020580
5767	12158	694	53	256	3020590
5777	12158	695	53	256	3020600
5786	12158	693	53	256	3020610
5792	12158	693	53	256	3020630
5800	12158	698	53	256	3020660
5806	12158	703	53	256	3020670
5806	12165	703	53	256	3020680
5813	12165	703	53	256	3020710
5820	12165	711	53.4286	258.857	3020850
5820	12159	715	55	260	3020860
5828	12150	714	55	260	3020870
5828	12139	715	55	261	3020880
5839	12125	714	55	261	3020890
5839	12104	720	55	261	3020900
5848	12083	720	55	261	3020910
5848	12057	720	55	261	3020920
5848	12031	721	55	261	3020930
5848	12005	725	55	263	3020940
5854	11977	726	55	263	3020950
5854	11952	727	55	264	3020960
5863	11927	727	55	264	3020970
5863	11903	731	55	264	3020980
5869	11881	730	55	264	3020990
5869	11861	732	55	264	3021000
5877	11841	732	55	266	3021010
5877	11825	733	55	266	3021020
5877	11811	734	55	267	3021030
5877	11800	734	55	267	3021040
5883	11793	736	55	267	3021070
5883	11787	735	55	267	3021110
5883	11778	734	55	267	3021120
5883	11772	739	55	269	3021130
5883	11765	738	55	269	3021140
5883	11757	739	55	270	3021150
5883	11747	739	55	270	3021160
5883	11738	738	55	270	3021170
5883	11729	738	55	270	3021180
5883	11721	740	55	270	3021200
5883	11709	738	55	270	3021220
5883	11701	738	55	270	3021250
5883	11695	735	55	270	3021410
5883	11688	722	55	270	3021430
5891	11688	721	55	270	3021450
5891	11678	721	55	270	3021460
5898	11678	720	55	270	3021470
5898	11667	720	55	270	3021480
5906	11667	721	55	270	3021490
5906	11657	720	55	270	3021500
5915	11657	720	55	270	3021510
5922	11648	720	55	270	3021520
5929	11648	721	55	270	3021530
5940	11641	725	55	270	3021540
5954	11641	725	55	270	3021550
5970	11635	727	55	270	3021560
5994	11635	727	55	270	3021570
6020	11635	727	55	270	3021580
6049	11628	728	55	270	3021590
6083	11628	727	55	270	3021600
6119	11628	732	55	270	3021610
6156	11628	734	55	270	3021620
6197	11628	736	55	270	3021630
6240	11637	734	55	270	3021640
6287	11637	735	55	270	3021650
6337	11646	735	55	269	3021660
6390	11646	737	55	269	3021670
6441	11646	735	55	267	3021680
6493	11646	738	55	267	3021690
6542	11646	741	55	267	3021700
6588	11646	738	55	267	3021710
6630	11646	740	55	267	3021720
6664	11646	738	55	267	3021730
6694	11646	739	55	267	3021740
6716	11646	738	55	267	3021750
6730	11652	739	55	267	3021760
6737	11652	581	55.7	264.7	3021860
46
3487	11006	204	54.8	278.8	3022760
3494	11006	445	55	279	3022780
3504	11006	472	55	279	3022790
3513	11006	491	55	279	3022800
3528	11006	515	55	279	3022810
3549	10999	528	55	279	3022820
3579	10999	530	55	279	3022830
3617	10999	534	55	279	3022840
3662	10999	536	55	279	3022850
3720	11008	543	55	277	3022860
3781	11008	549	55	277	3022870
3851	11017	553	54	275	3022880
3925	11017	556	54	275	3022890
3999	11017	558	54	275	3022900
4077	11017	558	54	275	3022910
4153	11024	560	54	275	3022920
4228	11024	561	54	275	3022930
4304	11033	562	54	275	3022940
4378	11033	563	54	275	3022950
4455	11045	566	55	274	3022960
4530	11052	568	55	274	3022970
4601	11052	569	55	273	3022980
4668	11061	568	55	271	3022990
4730	11061	570	55	270	3023000
4791	11070	570	55	270	3023010
4854	11070	569	55	270	3023020
4920	11079	574	55	270	3023030
4992	11079	574	55	269	3023040
5066	11089	573	55	269	3023050
5137	11089	575	55	267	3023060
5203	11097	576	55	267	3023070
5261	11097	579	55	267	3023080
5311	11105	582	55	266	3023090
5355	11105	578	55	266	3023100
5396	11113	579	55	264	3023110
5435	11120	580	55	264	3023120
5474	11120	577	55	264	3023130
5511	11131	579	55	264	3023140
5547	11131	580	55	263	3023150
5578	11139	579	56	263	3023160
5602	11139	579	56	261	3023170
5622	11139	583	56	261	3023180
5636	11139	586	56	261	3023190
5644	11146	587	56	261	3023210
5653	11146	583	55.8	260	3023260
5659	11146	467	55	258	3023360
56
5670	11289	185	54	262	3023502
5655	11300	237	54	262	3023512
5648	11300	347	54	262	3023522
5648	11310	437	54	262	3023532
5639	11310	498	54.3333	261.667	3023562
5639	11303	552	55	261	3023572
5639	11289	575	55	261	3023582
5648	11269	594	55	260	3023592
5655	11241	629	55	260	3023602
5663	11210	644	55	258	3023612
5670	11175	658	55	258	3023622
5670	11137	675	55	258	3023632
5681	11102	682	55	258	3023642
5687	11069	694	55	258	3023652
5687	11043	694	55	258	3023662
5697	11024	704	55	258	3023672
5697	11012	740	55	258	3023712
5697	11022	747	55	258	3023722
5697	11039	742	55	258	3023732
5688	11064	730	55	258	3023742
5682	11095	720	55	258	3023752
5675	11130	716	55	258	3023762
5669	11168	707	55	258	3023772
5662	11205	704	55	258	3023782
5655	11238	704	55	258	3023792
5646	11265	704	55	258	3023802
5637	11285	708	55	258	3023812
5630	11298	708	55	258	3023822
5630	11306	709	55	258	3023842
5624	11312	714	55	258	3023892
5624	11305	716	55	258	3023902
5624	11296	720	55	258	3023912
5638	11286	728	55	258	3023922
5653	11272	732	55	258	3023932
5676	11256	738	55	258	3023942
5709	11241	739	55	258	3023952
5747	11224	739	55	258	3023962
5789	11209	739	55	258	3023972
5829	11194	740	55	258	3023982
5864	11178	740	55	258	3023992
5890	11165	741	55	258	3024002
5908	11154	735	55	258	3024012
5917	11144	734	56	260	3024022
5917	11138	735	56	260	3024032
5917	11131	733	56	261	3024042
5898	11124	735	56	261	3024052
5872	11112	738	56	261	3024062
5835	11097	740	56	261	3024072
5790	11078	740	56	261	3024082
5745	11056	742	56	261	3024092
5703	11037	744	56	261	3024102
5669	11018	743	56	261	3024112
5643	11005	743	56	261	3024122
5626	10997	742	56	261	3024132
5618	10997	661	56	261	3024162
5630	11004	42	56	261	3024182
25
6013	11149	117	55	270	3024594
5995	11156	200	55	270	3024604
5988	11156	306	55	270	3024614
5982	11156	393	55.5	270	3024634
5973	11156	456	56	270	3024644
5966	11145	510	56	270	3024654
5966	11132	525	56	270	3024664
5956	11115	557	56	270	3024674
5956	11097	572	56	270	3024684
5956	11084	602	56	270	3024694
5970	11071	628	56	270	3024704
5987	11064	646	56	270	3024714
6010	11064	656	56	270	3024724
6033	11064	657	56	270	3024734
6056	11064	662	56	270	3024744
6073	11082	666	56	270	3024754
6084	11097	670	56	270	3024764
6084	11114	681	56	270	3024774
6084	11131	677	56	270	3024784
6073	11146	679	56	270	3024794
6054	11157	675	56	269	3024804
6028	11166	666	56	269	3024814
6000	11166	641	56	267	3024824
5972	11166	573	56	267	3024834
5952	11166	175	56	268	3024854
85
6048	11182	42	57	276	3025504
6038	11182	135	57	276	3025524
6029	11182	225	57	276	3025544
6022	11182	389	58	276	3025594
6030	11182	491	58	276	3025614
6038	11182	525	58	276	3025634
6045	11182	562	57.5	276	3025654
6055	11182	580	57	276	3025664
6064	11182	589	57	276	3025674
6078	11182	599	57	276	3025684
6096	11189	602	57	276	3025694
6117	11189	606	57	276	3025704
6139	11189	607	57	276	3025714
6159	11197	608	57	276	3025724
6178	11197	611	57	276	3025734
6195	11197	612	57	276	3025744
6210	11205	614	57	276	3025754
6224	11205	612	57	276	3025764
6235	11205	611	57	276	3025774
6246	11205	613	57	276	3025784
6258	11205	614	57	276	3025794
6270	11205	614	57	276	3025804
6281	11205	614	57	276	3025814
6293	11205	614	57	276	3025824
6303	11205	614	57	276	3025834
6312	11212	614	57	276	3025844
6319	11212	614	57	276	3025854
6327	11212	615	57	276	3025864
6335	11212	615	57	276	3025874
6343	11212	614	57	276	3025894
6351	11212	618	57	276	3025914
6358	11219	619	57	276	3025934
6365	11219	618	57	276	3025964
6372	11219	618	57	276	3026004
6378	11219	619	57	276	3026044
6386	11219	621	57	276	3026074
6392	11219	663	57	276	3026164
6392	11226	725	57	276	3026204
6385	11233	740	57	276	3026214
6385	11240	741	57	276	3026224
6385	11247	749	57	276	3026234
6378	11256	758	57	276	3026244
6378	11267	765	57	276	3026254
6371	11281	765	57	276	3026264
6371	11296	778	57	276	3026274
6361	11316	779	57	276	3026284
6361	11336	793	57	276	3026294
6353	11356	801	57	276	3026304
6353	11377	804	57	276	3026314
6343	11396	807	57	276	3026324
6343	11414	807	57	276	3026334
6333	11427	812	57	276	3026344
6333	11438	816	56	276	3026364
6333	11445	816	56	276	3026374
6327	11445	818	55.25	276	3026414
6327	11452	821	54.2	275.2	3026464
6327	11458	823	53.4	275	3026514
6320	11458	823	53	275	3026524
6320	11466	821	53	275	3026544
6320	11476	821	53	275	3026554
6314	11476	821	53	275	3026564
6314	11485	820	53	275	3026594
6314	11491	816	53.9	275	3026694
6333	11491	812	54	275	3026704
6354	11500	810	54	275	3026714
6382	11500	809	54	275	3026724
6416	11506	809	54	275	3026734
6449	11506	809	54	275	3026744
6480	11515	810	54	275	3026754
6510	11515	810	54	275	3026764
6535	11524	811	54	274	3026774
6561	11524	814	54	274	3026784
6588	11534	813	54	273	3026794
6616	11534	811	53	273	3026804
6646	11543	810	53	273	3026814
6675	11543	808	53	273	3026824
6700	11550	807	53	273	3026834
6721	11550	807	53	271	3026844
6735	11550	807	53	271	3026854
6746	11557	806	53	270	3026874
6756	11557	793	53	270	3026884
6763	11557	764	53	270	3026894
6770	11557	727	53	270	3026904
6779	11563	581	53	270	3026914
6790	11563	42	54	270	3026934
24
7270	11694	1	53	281	3029462
7261	11694	88	53	281	3029502
7271	11694	176	53	281	3029512
7271	11701	241	53	281	3029522
7277	11701	350	53	281	3029542
7277	11709	464	53	281	3029552
7284	11709	590	53	281	3029622
7298	11709	655	53	281	3029632
7320	11709	668	53	281	3029642
7355	11709	676	53	281	3029652
7410	11716	680	53	281	3029662
7481	11716	681	54	280	3029672
7564	11726	679	54	280	3029682
7655	11726	681	54	278	3029692
7744	11737	679	54	278	3029702
7829	11737	681	53	278	3029712
7902	11737	681	53	278	3029722
7959	11737	683	53	277	3029732
8001	11744	682	53	277	3029742
8030	11744	683	53	275	3029752
8049	11744	685	53	275	3029762
8062	11753	691	53	275	3029772
8072	11753	693	53	274.5	3029792
8081	11753	499	53.1667	273.167	3029852
21
6739	8868	96	56	277	3033319
6739	8880	202	56	276	3033329
6739	8888	301	56	276	3033339
6739	8895	433	56	276	3033359
6739	8903	558	56	276	3033389
6739	8894	603	56	276	3033399
6739	8882	639	56	276	3033409
6748	8861	664	56	276	3033419
6755	8830	677	56	276	3033429
6764	8789	704	56	276	3033439
6776	8739	724	56	276	3033449
6787	8683	734	56	276	3033459
6797	8625	744	56	276	3033469
6807	8573	750	56	276	3033479
6815	8527	766	56	276	3033489
6824	8488	770	57	276	3033499
6824	8459	770	57	276	3033509
6835	8440	772	57	276	3033519
6835	8428	734	57	276	3033558
6835	8437	481	58	276	3033568
6835	8452	37	58	276	3033588
59
6751	8883	29	56	279	3033787
6745	8883	48	56	279	3033797
6745	8890	170	56	276.4	3033847
6738	8890	545	56	274.545	3033957
6750	8890	687	56	273	3033967
6762	8896	695	56	273	3033977
6780	8896	703	56	273	3033987
6807	8896	709	56	273	3033997
6841	8896	716	56	273	3034007
6885	8903	720	55	273	3034017
6936	8903	723	55	273	3034027
6993	8903	725	55	273	3034037
7053	8903	726	55	273	3034047
7110	8903	726	56	273	3034057
7162	8903	728	56	273	3034067
7208	8903	730	56	273	3034077
7247	8895	729	56	273	3034087
7283	8889	731	56	273	3034097
7314	8889	734	56	273	3034106
7344	8877	736	56	273	3034116
7373	8869	735	56	273	3034126
7399	8860	735	56	273	3034136
7425	8850	736	56	273	3034146
7447	8840	738	56	273	3034156
7466	8830	738	56	273	3034166
7481	8818	739	56	273	3034176
7492	8806	739	56	273	3034186
7500	8793	741	56	273	3034196
7500	8781	740	56	273	3034206
7509	8769	741	56	273	3034216
7509	8756	741	56	271	3034226
7509	8743	743	56	271	3034236
7509	8729	743	56	270	3034246
7499	8713	745	56	270	3034256
7489	8696	747	56	270	3034266
7477	8679	749	56	270	3034276
7461	8658	753	56	270	3034286
7443	8639	753	56	270	3034296
7425	8621	753	56	270	3034306
7405	8602	756	56	270	3034316
7383	8583	756	56	271	3034326
7359	8566	761	56	271	3034336
7331	8549	763	56	273	3034346
7298	8531	768	56	273	3034356
7259	8513	771	56	273	3034366
7216	8496	775	56	273	3034376
7171	8478	779	56	273	3034386
7124	8461	784	56	273	3034396
7078	8448	783	56	273	3034406
7032	8436	783	56	273	3034416
6985	8426	785	57	273	3034426
6939	8416	785	57	273	3034436
6892	8405	787	57	273	3034446
6850	8394	788	57	273	3034456
6816	8384	788	57	273	3034466
6794	8377	787	57	273	3034476
6781	8377	731	57.25	273	3034516
6795	8377	495	58	273	3034526
6814	8387	8	58	273	3034546
101
4181	10962	188	50	283	3036897
4181	10968	439	50	282.5	3036937
4187	10968	634	50	282	3037177
4187	10976	728	49.4286	281.714	3037247
4187	10982	734	50	280	3037317
4194	10982	729	50	280	3037367
4194	10975	722	50	280	3037387
4194	10962	724	50	280	3037397
4194	10950	728	50	280	3037407
4194	10932	728	50	280	3037417
4194	10914	726	50	280	3037427
4194	10891	727	50	280	3037437
4194	10869	731	50	280	3037447
4194	10847	730	50	280	3037457
4200	10823	729	50	280	3037467
4200	10797	730	50	280	3037477
4200	10774	730	50	280	3037487
4207	10750	731	50	280	3037497
4207	10725	732	50	280	3037507
4207	10700	731	50	280	3037517
4207	10674	734	50	280	3037527
4207	10648	734	50	280	3037537
4207	10621	738	50	278	3037547
4207	10594	736	50	278	3037557
4207	10569	735	50	277	3037567
4207	10542	736	50	277	3037577
4207	10515	735	50	277	3037587
4207	10490	739	50	277	3037597
4215	10460	739	50	277	3037607
4215	10430	741	50	277	3037617
4215	10400	744	50	278	3037626
4223	10369	743	50	278	3037636
4223	10339	742	50	280	3037646
4230	10308	743	50	280	3037656
4230	10279	746	51	280	3037666
4237	10252	744	51	280	3037676
4237	10225	747	51	280	3037686
4244	10198	749	51	280	3037696
4244	10168	749	52	280	3037706
4244	10137	749	51	281	3037716
4244	10106	754	51	281	3037726
4244	10073	754	51	283	3037736
4250	10041	754	51	283	3037746
4250	10009	754	51	283	3037756
4250	9975	754	51	283	3037766
4258	9943	755	52	283	3037776
4258	9912	755	52	283	3037786
4258	9879	756	52	283	3037796
4258	9847	757	52	283	3037806
4258	9818	757	52	283	3037816
4264	9788	756	52	283	3037826
4264	9760	756	52	283	3037836
4264	9733	759	52	283	3037846
4264	9706	761	52	283	3037856
4271	9680	757	51	283	3037866
4271	9656	761	51	283	3037876
4271	9629	760	51	283	3037886
4271	9605	760	51	283	3037896
4271	9580	758	51	283	3037906
4271	9553	759	51	281	3037916
4271	9531	756	51	281	3037926
4271	9508	758	51	281	3037936
4271	9483	761	51	281	3037946
4271	9461	758	51	283	3037956
4271	9435	759	51	283	3037966
4271	9409	762	51	283	3037976
4271	9383	766	51	283	3037986
4271	9353	764	51	283	3037996
4271	9325	763	52	283	3038006
4271	9298	764	52	283	3038016
4271	9272	766	52	283	3038026
4271	9249	765	52	283	3038036
4271	9225	766	53	284	3038046
4278	9202	766	53	284	3038056
4278	9177	767	53	284	3038066
4278	9152	768	53	285	3038076
4278	9128	767	53	285	3038086
4278	9103	768	53	286	3038096
4278	9080	768	54	287	3038106
4285	9057	770	54	287	3038116
4285	9031	770	54	287	3038126
4285	9005	768	54	287	3038136
4285	8982	769	54	287	3038146
4292	8958	769	54	287	3038156
4292	8936	770	54	287	3038166
4292	8914	768	54	287	3038176
4292	8893	768	54	287	3038186
4301	8875	771	54	287	3038196
4301	8859	771	54	287	3038206
4301	8845	768	54	286	3038216
4309	8833	769	53	285	3038226
4309	8823	769	53	284	3038236
4309	8815	771	53	284	3038246
4309	8803	770	53	284	3038256
4309	8793	771	53	284	3038266
4309	8783	771	53	284	3038276
4309	8773	772	53	284	3038286
4309	8765	773	53	284	3038296
4309	8758	772	53	284	3038316
4316	8748	750	52.9231	283.923	3038446
4316	8756	31	53	284	3038466
68
4362	8682	22	52	278	3039039
4344	8689	74	52	278	3039049
4344	8696	95	52	278	3039059
4333	8696	151	52	278	3039079
4326	8696	359	52	278	3039139
4333	8696	500	52	278	3039159
4343	8696	533	52	278	3039169
4350	8696	545	52	278	3039179
4360	8696	552	52	278	3039189
4372	8696	573	52	278	3039199
4391	8696	592	52	278	3039209
4420	8696	608	52	276	3039219
4461	8702	615	52	276	3039229
4514	8702	627	52	275	3039239
4576	8702	636	52	275	3039249
4647	8711	644	52	274	3039259
4721	8711	649	52	274	3039269
4799	8722	651	52	273	3039279
4875	8722	654	52	273	3039289
4948	8734	656	52	273	3039299
5019	8734	659	52	271	3039309
5089	8743	663	52	271	3039319
5161	8743	668	52	270	3039329
5237	8755	667	52	270	3039339
5316	8755	673	52	270	3039349
5395	8764	673	52	270	3039359
5472	8764	675	52	270	3039369
5543	8764	677	52	269	3039379
5610	8764	680	52	269	3039389
5672	8764	681	52	267	3039399
5730	8764	683	52	267	3039409
5788	8764	690	52	266	3039419
5845	8757	690	52	266	3039429
5902	8757	695	52	265	3039439
5963	8757	695	52	265	3039449
6024	8757	698	52	265	3039459
6085	8757	703	52	265	3039469
6142	8757	704	52	265	3039479
6192	8749	704	52	265	3039489
6237	8749	708	52	265	3039499
6277	8743	705	52	265	3039509
6315	8743	707	52	265	3039519
6353	8743	707	52	265	3039529
6390	8743	708	52	265	3039539
6428	8743	708	52	265	3039549
6465	8743	708	52	265	3039559
6503	8743	709	52	265	3039569
6537	8743	709	52	265	3039579
6566	8743	709	52	264	3039589
6590	8743	710	53	263	3039599
6608	8743	712	53	262	3039609
6623	8743	712	53	262	3039619
6636	8743	712	53	262	3039629
6645	8743	712	53	262	3039649
6652	8743	713	53	260.75	3039689
6659	8743	714	53	259	3039719
6666	8743	715	53	259	3039739
6673	8743	717	53	259	3039749
6685	8743	718	53	259	3039759
6701	8743	718	53	259	3039769
6722	8743	718	53	259	3039779
6744	8743	721	53	259	3039789
6763	8743	721	53	259	3039799
6776	8736	721	53	259	3039809
6784	8736	720	53	259	3039819
6791	8736	720	53	259	3039839
6797	8736	705	53	259	3039869
6804	8736	304	53	259	3039899
28
3497	7814	5	53	281	3042603
3490	7808	28	53	281	3042613
3483	7808	154	53	283.222	3042703
3483	7801	354	53	284	3042743
3483	7794	466	53	284	3042773
3493	7794	512	53	284	3042783
3503	7794	526	53	284	3042793
3517	7794	538	53	284	3042803
3540	7794	549	53	282	3042813
3571	7794	551	53	282	3042823
3615	7794	556	53	281	3042833
3670	7804	560	53	281	3042843
3733	7804	557	54	280	3042853
3799	7814	557	54	280	3042863
3866	7814	556	54	278	3042873
3930	7814	554	54	278	3042883
3989	7821	545	54	278	3042893
4040	7821	545	54	277	3042903
4084	7821	544	54	277	3042913
4120	7821	544	54	275	3042923
4147	7829	543	54	275	3042933
4165	7829	544	54	275	3042943
4174	7829	544	54	274.333	3042973
4174	7836	541	54	273	3043003
4181	7836	529	54	273.667	3043033
4188	7843	522	54	275	3043053
4195	7843	385	54	275	3043083
4201	7843	40	54	275	3043103
58
4218	7952	155	54	275	3043279
4210	7959	183	54	275	3043289
4210	7970	285	54	275	3043299
4200	7970	348	54	275	3043309
4200	7978	368	54	275	3043319
4194	7978	389	54	275	3043329
4194	7967	407	54	275	3043339
4194	7955	460	54	275	3043349
4194	7938	488	54	275	3043359
4201	7916	513	54	275	3043369
4201	7890	522	54	275	3043379
4211	7866	543	54	275	3043389
4211	7841	556	54	275	3043399
4220	7818	572	54	275	3043409
4220	7798	579	54	275	3043419
4227	7779	587	54	275	3043429
4227	7765	590	54	275	3043439
4227	7755	595	54	275	3043459
4233	7749	622	54	275	3043489
4233	7765	625	54	275	3043499
4233	7780	618	54	275	3043509
4233	7801	615	54	275	3043519
4233	7826	616	54	275	3043529
4223	7850	616	54	275	3043539
4216	7872	618	54	275	3043549
4210	7890	614	54	275	3043559
4210	7906	615	54	275	3043569
4201	7918	620	54	275	3043579
4201	7927	625	54	274.5	3043599
4195	7935	626	54	273.5	3043619
4195	7942	628	54	273	3043639
4195	7948	629	54	273	3043679
4204	7934	634	54	273	3043689
4215	7923	634	54	273	3043699
4231	7911	636	54	273	3043709
4255	7898	638	54	273	3043719
4286	7886	641	54	273	3043729
4323	7877	642	55	273	3043739
4364	7870	641	55	273	3043749
4403	7862	643	55	273	3043759
4436	7855	642	55	274	3043769
4457	7848	642	55	274	3043779
4471	7841	645	55	276	3043799
4479	7841	645	55	276	3043809
4479	7833	645	55	276	3043829
4469	7833	647	55	276	3043839
4453	7823	652	55	276	3043849
4425	7812	652	55	276	3043859
4390	7796	651	55	276	3043869
4349	7776	653	55	276	3043879
4306	7759	656	55	276	3043889
4270	7744	655	55	276	3043899
4240	7732	656	55	276	3043909
4218	7723	656	55	276	3043919
4207	7723	654	54	275	3043929
4207	7714	612	54	275	3043969
4218	7723	392	54	275	3043979
4231	7729	38	54	275	3043999
25
4470	7873	242	55	276	3044169
4470	7864	449	55	276	3044179
4470	7853	470	55	276	3044189
4470	7841	471	55	276	3044199
4470	7830	495	55	276	3044209
4479	7821	521	55	276	3044219
4486	7813	565	55	276	3044229
4498	7807	581	55	276	3044239
4509	7807	598	55	276	3044249
4522	7798	618	55	276	3044259
4536	7798	629	55	276	3044269
4550	7798	632	55	274	3044279
4565	7811	646	55	274	3044289
4577	7821	652	55	273	3044299
4587	7834	661	55	273	3044309
4587	7846	671	55	271	3044319
4587	7858	672	55	271	3044329
4587	7872	673	55	270	3044339
4575	7884	672	55	270	3044349
4560	7894	666	55	270	3044359
4543	7903	659	55	269	3044369
4525	7903	641	55	269	3044379
4508	7903	588	55	267	3044389
4495	7903	472	55	267	3044399
4485	7896	111	55	267	3044419
18
4661	7891	33	57	276	3045003
4649	7891	130	57	276	3045023
4638	7891	259	57	276	3045053
4632	7891	483	57	275.6	3045103
4639	7891	615	57	273	3045123
4650	7891	625	57	273	3045133
4664	7891	630	57	273	3045143
4685	7891	642	57	273	3045153
4717	7891	643	57	273	3045163
4758	7891	645	57	273	3045173
4804	7902	647	57	273	3045183
4851	7908	649	57	273	3045193
4897	7915	649	57	273	3045203
4937	7915	652	57	273	3045213
4971	7922	651	57	273	3045223
4995	7922	652	57	272	3045233
5009	7922	652	57	272	3045243
5016	7922	504	57	270	3045333
25
5000	8436	26	54	273	3045807
4991	8436	74	54	273	3045817
4982	8445	171	54	273	3045837
4982	8457	299	54	273	3045857
4982	8465	493	53.6667	271.833	3045917
4982	8454	595	53	270	3045927
4982	8440	613	53	270	3045937
4982	8419	638	53	270	3045947
4982	8390	652	53	270	3045957
4995	8356	667	53	270	3045967
5003	8317	684	54	270	3045977
5011	8276	694	54	270	3045987
5019	8231	716	54	270	3045997
5026	8184	728	54	270	3046007
5026	8138	740	55	270	3046017
5036	8092	745	55	270	3046027
5036	8049	748	55	270	3046037
5036	8009	752	55	270	3046047
5036	7977	758	56	271	3046057
5036	7949	762	56	271	3046067
5036	7930	765	56	273	3046077
5036	7915	770	57	273	3046087
5036	7906	770	57	273	3046097
5036	7900	766	57	273	3046137
5036	7893	443	57	273	3046177
65
5115	8486	5	55	273	3046551
5094	8486	13	55	273	3046561
5085	8495	45	54	273	3046571
5078	8495	99	54	273	3046591
5068	8495	190	54	273	3046611
5060	8495	294	54	273	3046631
5054	8495	392	54	273	3046701
5054	8488	478	53.3333	273	3046731
5061	8488	521	53	273	3046741
5070	8488	543	53	273	3046751
5085	8488	562	53	273	3046761
5106	8488	570	53	273	3046771
5135	8488	589	53	273	3046781
5171	8488	594	53	273	3046791
5212	8496	600	53	273	3046801
5260	8496	605	53	273	3046811
5315	8507	606	53	273	3046821
5381	8514	619	53	273	3046831
5454	8521	619	53	273	3046841
5532	8528	628	53	273	3046851
5612	8534	634	53	273	3046861
5691	8534	634	53	273	3046871
5768	8545	637	53	273	3046881
5843	8545	640	53	273	3046891
5915	8551	643	53	273	3046901
5984	8551	644	53	273	3046911
6045	8558	645	53	271	3046921
6103	8558	646	53	271	3046931
6154	8569	649	53	270	3046941
6204	8576	650	53	270	3046951
6252	8583	653	53	270	3046961
6296	8591	656	53	270	3046971
6338	8597	659	53	270	3046981
6376	8604	659	53	269	3046991
6413	8604	659	53	269	3047001
6448	8612	660	53	267	3047011
6481	8612	660	53	267	3047021
6515	8612	664	53	267	3047031
6547	8612	665	53	267	3047041
6579	8612	665	53	267	3047051
6606	8612	665	53	266	3047061
6631	8612	668	53	266	3047071
6652	8612	667	53	265	3047081
6667	8619	668	53	265	3047091
6678	8619	671	53	265	3047101
6685	8619	676	53.5	264	3047121
6693	8619	680	54	262.5	3047141
6701	8619	682	54	262	3047151
6709	8612	681	54	262	3047161
6720	8612	682	54	262	3047171
6734	8612	683	54	262	3047181
6747	8604	686	54	262	3047191
6757	8604	687	54	262	3047201
6765	8604	687	54	262	3047211
6771	8604	688	54	262	3047221
6779	8604	690	54	262	3047231
6789	8604	692	54	262	3047241
6801	8604	695	54	262	3047251
6812	8604	698	53	262	3047261
6822	8604	700	53	262	3047271
6831	8604	700	53	262	3047281
6838	8604	701	53	262	3047291
6845	8604	697	53	262	3047301
6853	8604	626	53	262	3047321
6861	8604	42	54	262	3047341
108
3889	7763	2	54	278	3052271
3889	7771	39	54	278	3052291
3883	7771	73	54	278	3052301
3883	7779	244	54	278	3052391
3883	7786	484	54	278	3052471
3883	7794	646	53.5625	277.313	3052631
3889	7783	665	54	275	3052641
3889	7773	667	54	275	3052651
3897	7759	668	54	275	3052661
3897	7743	671	54	275	3052671
3903	7724	672	54	275	3052681
3903	7702	677	54	275	3052691
3912	7678	681	54	275	3052701
3912	7651	682	54	275	3052711
3920	7623	683	54	277	3052721
3920	7595	686	54	277	3052731
3928	7569	686	54	278	3052741
3928	7542	697	54	278	3052751
3938	7513	700	54	278	3052761
3938	7486	702	54	278	3052771
3948	7456	706	54	278	3052781
3948	7426	709	54	278	3052791
3957	7396	714	55	279	3052801
3957	7364	714	55	279	3052811
3957	7334	716	55	279	3052821
3957	7307	717	55	280	3052831
3957	7281	722	56	280	3052841
3965	7256	722	55	282	3052851
3965	7230	727	55	282	3052861
3965	7203	731	55	282	3052871
3965	7177	734	55	282	3052881
3974	7149	734	56	282	3052891
3974	7121	741	56	284	3052901
3974	7091	740	56	284	3052911
3974	7063	742	57	286	3052921
3974	7032	745	57	286	3052931
3974	7002	753	57	286	3052941
3974	6971	754	57	286	3052951
3974	6940	755	57	286	3052961
3974	6908	758	57	286	3052971
3981	6878	763	57	286	3052981
3981	6849	763	57	286	3052991
3981	6820	765	57	286	3053001
3981	6792	773	57	286	3053011
3981	6762	773	57	284	3053021
3981	6730	776	58	285	3053031
3981	6699	775	58	283	3053041
3981	6666	778	58	283	3053051
3981	6635	781	58	283	3053061
3981	6602	784	58	283	3053071
3981	6570	784	58	283	3053081
3981	6539	785	58	283	3053091
3981	6509	785	58	283	3053101
3981	6478	789	59	284	3053111
3981	6444	792	59	285	3053121
3981	6409	794	59	285	3053131
3981	6377	796	59	287	3053141
3981	6346	799	59	287	3053151
3981	6319	799	59	287	3053161
3981	6295	801	60	288	3053171
3981	6269	804	60	288	3053181
3981	6245	808	60	288	3053191
3981	6223	807	60	289	3053201
3981	6201	808	60	289	3053211
3981	6180	810	60	292	3053221
3981	6163	813	60	292	3053231
3981	6144	813	60	292	3053241
3981	6127	814	60	292	3053251
3981	6114	814	60	292	3053261
3989	6103	814	61	293	3053271
3989	6091	816	61	293	3053281
3989	6077	815	61	293	3053291
3989	6059	818	61	293	3053301
3989	6043	818	61	293	3053311
3989	6029	817	61	293	3053321
3982	6017	818	62	294	3053331
3982	6008	819	62	295	3053341
3982	5998	818	62	295	3053351
3982	5987	819	62	295	3053361
3982	5978	821	62	294	3053381
3982	5968	862	62.4	292.133	3053531
3982	5962	911	62.8	289.8	3053631
3982	5955	915	62	289	3053651
3975	5955	897	56.2597	281.909	3054421
3975	5949	879	55	282	3054441
3975	5933	880	55	282	3054451
3975	5921	881	55	282	3054461
3982	5908	881	55	282	3054471
3982	5893	881	55	282	3054481
3989	5881	881	55	282	3054491
3989	5871	880	55	282	3054501
3989	5863	880	55	282	3054511
3989	5851	882	55	282	3054521
3989	5839	883	55	282	3054531
3995	5823	883	55	282	3054541
3995	5808	881	55	282	3054551
3995	5797	880	55	282	3054561
4002	5785	882	55	282	3054571
4002	5774	882	55	282	3054581
4002	5764	883	55	282	3054591
4002	5751	883	55	282	3054601
4002	5741	882	55	282	3054611
4002	5730	882	55	282	3054621
4002	5719	883	55	282	3054631
4002	5712	883	55	282	3054641
4002	5703	882	55	282	3054661
4002	5694	817	55	282	3054791
4002	5701	70	56	282	3054811
54
4036	5705	48	56	282	3054991
4021	5696	76	56	282	3055001
4015	5696	171	56	282	3055021
4007	5689	408	56	282	3055091
4016	5689	572	56	282	3055101
4027	5681	596	56	282	3055111
4044	5681	604	56	282	3055121
4067	5681	615	56	282	3055131
4098	5681	637	55	282	3055141
4134	5681	646	55	282	3055151
4179	5681	660	55	282	3055161
4231	5687	678	55	282	3055171
4292	5694	683	56	282	3055181
4362	5703	690	56	282	3055191
4435	5712	694	57	281	3055201
4509	5720	697	57	281	3055211
4580	5728	700	57	279	3055221
4650	5737	707	57	279	3055231
4716	5744	711	57	279	3055241
4786	5753	718	57	279	3055251
4860	5761	731	57	279	3055261
4937	5768	735	57	278	3055271
5022	5775	741	57	278	3055281
5113	5782	750	57	276	3055291
5205	5789	750	57	276	3055301
5295	5798	755	57	276	3055311
5382	5804	763	57	276	3055321
5461	5811	767	58	275	3055331
5537	5811	772	58	275	3055341
5610	5819	784	58	273	3055351
5686	5819	791	58	273	3055361
5767	5833	792	58	272	3055371
5849	5840	795	58	272	3055381
5933	5847	795	58	270	3055391
6012	5847	793	58	270	3055401
6084	5858	794	58	270	3055411
6149	5858	796	58	270	3055421
6206	5868	795	58	270	3055431
6263	5875	796	58	270	3055441
6323	5875	797	58	270	3055451
6389	5884	796	58	270	3055461
6458	5884	798	58	268	3055471
6522	5891	799	58	268	3055481
6578	5891	799	58	267	3055491
6624	5891	801	58	267	3055501
6661	5891	802	58	267	3055511
6693	5891	802	58	267	3055521
6724	5891	803	58	267	3055531
6752	5891	803	58	267	3055541
6781	5898	809	58	267	3055551
6810	5898	811	58	267	3055561
6832	5898	810	58	265	3055571
6848	5898	812	58	265	3055581
6856	5898	598	58.8	263.6	3055681
25
6885	6022	22	55	273	3056259
6885	6038	124	55	273	3056279
6885	6050	223	55	273	3056289
6878	6050	299	55	273	3056299
6878	6063	370	55	273	3056309
6878	6071	430	55	273	3056319
6878	6078	497	54	273	3056329
6871	6078	543	54	273	3056339
6871	6086	580	54	272.5	3056379
6865	6070	630	54	271	3056389
6865	6051	649	54	270	3056399
6865	6021	665	54	270	3056409
6865	5978	697	54	270	3056419
6865	5926	716	54	270	3056429
6865	5867	726	55	270	3056439
6871	5805	735	55	270	3056449
6871	5744	747	55	270	3056459
6878	5689	760	55	270	3056469
6878	5639	764	55	270	3056479
6878	5600	769	55	270	3056489
6878	5571	771	55	271	3056499
6878	5552	775	55	271	3056509
6878	5543	757	55.1667	273	3056569
6878	5550	571	56	273	3056579
6885	5560	175	56	273	3056599
71
6840	6105	34	53	273	3056935
6829	6105	52	54	273	3056945
6829	6113	123	54	273	3056955
6821	6113	251	54	272.333	3056985
6821	6119	502	54	270.143	3057055
6835	6119	610	54	270	3057065
6848	6119	623	54	270	3057075
6864	6119	630	54	270	3057085
6884	6119	641	54	270	3057095
6908	6119	647	54	270	3057105
6937	6119	655	54	270	3057115
6972	6113	661	54	270	3057125
7010	6113	665	53	270	3057135
7045	6105	665	53	270	3057145
7077	6105	670	53	270	3057155
7106	6094	672	53	270	3057165
7132	6084	678	53	270	3057175
7157	6073	677	54	270	3057185
7183	6060	680	54	270	3057195
7208	6048	680	54	270	3057205
7230	6036	682	54	269	3057215
7249	6024	682	54	269	3057225
7268	6011	684	54	267	3057235
7285	5998	686	54	267	3057245
7302	5985	687	54	267	3057255
7318	5972	687	54	267	3057265
7333	5960	686	54	267	3057275
7345	5947	687	54	267	3057285
7355	5934	688	54	267	3057295
7366	5920	690	54	267	3057305
7377	5906	691	54	267	3057315
7386	5891	693	54	267	3057325
7396	5875	694	54	267	3057335
7403	5860	693	54	267	3057345
7403	5845	694	54	267	3057355
7410	5829	699	54	267	3057365
7410	5813	701	54	267	3057375
7410	5799	699	54	267	3057385
7410	5785	701	54	267	3057395
7410	5771	704	54	267	3057405
7403	5757	711	54	267	3057415
7403	5743	709	54	267	3057425
7393	5728	716	54	267	3057435
7385	5713	720	54	267	3057445
7377	5699	725	54	267	3057455
7364	5683	731	55	267	3057465
7350	5668	734	55	267	3057475
7332	5651	736	55	267	3057485
7313	5636	740	55	267	3057495
7294	5623	741	55	267	3057505
7275	5611	748	55	267	3057515
7254	5600	757	55	267	3057525
7233	5590	762	55	267	3057535
7209	5577	769	55	267	3057545
7180	5564	771	55	267	3057555
7147	5549	772	55	267	3057565
7110	5536	777	55	267	3057575
7075	5524	779	55	267	3057585
7043	5514	786	55	267	3057595
7016	5505	787	55	267	3057605
6993	5497	791	55	267	3057615
6975	5497	792	55	267	3057625
6960	5487	792	55	269	3057635
6948	5487	794	56	269	3057645
6938	5487	795	56	270	3057655
6930	5487	795	56	270	3057665
6920	5487	796	56	270	3057675
6912	5487	796	56	270	3057685
6905	5487	796	56	270	3057715
6899	5487	681	56	270	3057755
6913	5494	48	56	270	3057775
72
3777	5333	1	53	281	3060207
3768	5333	35	53	281	3060217
3759	5333	82	53	281	3060237
3750	5333	306	53	281	3060317
3761	5333	471	53	281	3060327
3776	5333	485	53	281	3060337
3797	5333	497	53	281	3060347
3825	5333	520	53	281	3060357
3859	5333	530	53	281	3060367
3896	5333	542	53	281	3060377
3934	5333	548	53	281	3060387
3971	5333	553	53	281	3060397
4008	5339	563	53	281	3060407
4045	5339	568	53	281	3060417
4081	5339	576	53	281	3060427
4119	5349	578	53	281	3060437
4155	5349	578	53	281	3060447
4188	5355	581	53	281	3060457
4220	5355	588	53	281	3060467
4250	5363	594	53	281	3060477
4279	5363	598	53	281	3060487
4309	5371	596	53	281	3060497
4339	5371	598	53	281	3060507
4371	5380	599	53	281	3060517
4405	5380	602	53	281	3060527
4440	5388	604	53	281	3060537
4474	5388	604	53	281	3060547
4510	5388	608	53	281	3060557
4545	5397	611	53	281	3060567
4577	5397	614	53	281	3060577
4609	5397	615	54	280	3060587
4638	5405	621	54	280	3060597
4666	5405	633	54	278	3060607
4693	5405	637	54	278	3060617
4720	5405	640	54	277	3060627
4745	5413	642	54	277	3060637
4767	5413	642	54	275	3060647
4785	5413	642	54	274	3060657
4802	5413	644	54	274	3060667
4819	5419	644	54	273	3060677
4836	5419	645	54	271	3060687
4856	5419	646	54	271	3060697
4876	5427	646	54	270	3060707
4898	5427	648	55	270	3060717
4922	5434	648	55	270	3060727
4946	5434	649	55	270	3060737
4968	5434	649	55	270	3060747
4991	5441	650	55	270	3060757
5011	5441	650	55	270	3060767
5034	5441	651	55	270	3060777
5056	5441	651	55	270	3060787
5079	5447	651	55	270	3060797
5100	5447	652	55	270	3060807
5122	5447	652	55	270	3060817
5145	5447	651	55	270	3060827
5168	5455	650	55	270	3060837
5192	5455	651	55	270	3060847
5218	5455	652	55	270	3060857
5240	5455	654	55	270	3060867
5261	5461	656	55	270	3060877
5280	5461	653	55	270	3060887
5295	5461	654	55	270	3060897
5308	5461	655	54	270	3060907
5316	5461	656	54	270	3060917
5323	5461	656	54	270	3060937
5329	5461	657	54	270	3060967
5341	5468	657	54	270	3060977
5350	5468	658	54	270	3060987
5359	5468	658	54	270	3060997
5369	5468	658	54	270	3061007
5375	5468	658	54	270	3061027
5382	5468	640	53.4348	267.087	3061487
57
5403	5600	171	53	267	3061607
5397	5618	247	53	267	3061617
5397	5625	348	52	267	3061627
5397	5632	467	52	267	3061647
5397	5638	515	52	267	3061657
5390	5638	543	52	267	3061667
5390	5629	582	52	267	3061677
5390	5616	595	52	267	3061687
5390	5596	608	52	267	3061697
5383	5570	623	52	267	3061707
5383	5537	656	52	267	3061717
5383	5496	668	52	267	3061727
5383	5453	679	52	267	3061737
5383	5412	686	52	267	3061747
5383	5376	703	53	267	3061757
5383	5348	706	53	267	3061767
5390	5327	710	53	267	3061777
5390	5312	716	53	267	3061787
5390	5305	735	54	267	3061827
5390	5324	726	55	267	3061837
5390	5346	725	55	267	3061847
5390	5378	718	55	267	3061857
5382	5416	717	55	267	3061867
5382	5459	707	55	267	3061877
5375	5503	709	55	267	3061887
5375	5540	709	55	267	3061897
5369	5569	709	55	267	3061907
5369	5591	712	55	267	3061917
5357	5605	711	54	267	3061927
5357	5615	715	54	267	3061937
5350	5615	715	54	267	3061947
5350	5623	713	53.4	267	3061997
5361	5614	715	53	267	3062007
5372	5608	717	53	267	3062017
5388	5598	716	52	267	3062027
5413	5586	715	52	267	3062037
5440	5572	715	52	267	3062047
5473	5554	715	52	267	3062057
5507	5535	712	52	267	3062067
5539	5518	712	52	267	3062077
5566	5504	713	52	267	3062087
5586	5492	712	53	267	3062097
5598	5483	714	53	266	3062107
5598	5473	712	53	266	3062117
5598	5459	710	53	265	3062127
5598	5443	712	53	265	3062137
5578	5424	715	53	265	3062147
5547	5401	720	54	265	3062157
5507	5377	718	54	265	3062167
5461	5355	728	54	265	3062177
5419	5337	731	54	265	3062187
5385	5323	731	55	264	3062197
5361	5313	729	55	264	3062207
5350	5313	725	55	264	3062217
5350	5305	680	55	264.667	3062247
5365	5315	480	55	266	3062257
5383	5324	71	55	267	3062277
26
5635	5486	5	53	267	3062419
5627	5486	207	53	267	3062439
5616	5495	362	53	267	3062459
5610	5495	463	53	265.667	3062489
5610	5481	534	53	265	3062499
5610	5469	547	54	265	3062509
5610	5457	564	54	265	3062519
5610	5446	580	54	263	3062529
5610	5438	589	54	263	3062539
5620	5438	606	54	262	3062549
5620	5429	625	54	262	3062559
5633	5429	640	55	261	3062569
5643	5429	645	55	261	3062579
5655	5439	645	55	261	3062589
5670	5448	651	55	261	3062599
5680	5458	657	55	261	3062609
5687	5470	665	55	261	3062619
5687	5483	668	55	261	3062629
5687	5496	679	55	261	3062639
5681	5512	681	55	261	3062649
5670	5525	687	55	261	3062659
5657	5536	680	55	261	3062669
5640	5536	670	55	261	3062679
5622	5543	629	55	261	3062689
5606	5543	526	54	262	3062699
5596	5533	155	54	262	3062719
71
5791	5517	10	53	270	3063056
5783	5523	19	54	270	3063116
5776	5523	63	54	270	3063135
5770	5523	91	54	270	3063155
5760	5523	91	54	270	3063165
5760	5517	92	54	270	3063175
5748	5517	90	54	270	3063185
5742	5517	91	54	270	3063205
5732	5517	136	54	270	3063235
5725	5517	211	54	270	3063275
5715	5517	274	54	270	3063295
5705	5517	327	54	270	3063305
5699	5517	384	54	270	3063325
5689	5517	544	54	270	3063455
5699	5517	620	54	270	3063465
5706	5517	626	54	270	3063475
5716	5517	628	54	270	3063485
5728	5517	630	54	270	3063495
5741	5524	636	53	270	3063505
5753	5524	642	53	270	3063515
5769	5524	652	52	270	3063525
5785	5532	654	52	270	3063535
5803	5532	658	52	270	3063545
5824	5532	660	52	270	3063555
5846	5541	660	52	270	3063565
5871	5541	660	52	270	3063575
5897	5550	661	52	270	3063585
5924	5550	660	52	270	3063595
5949	5559	664	52	270	3063605
5977	5559	664	52	270	3063615
6006	5566	664	52	270	3063625
6037	5566	663	52	270	3063635
6070	5573	664	52	270	3063645
6096	5573	665	52	270	3063655
6121	5573	665	52	270	3063665
6146	5582	667	52	270	3063675
6170	5582	665	52	269	3063685
6197	5591	665	52	269	3063695
6225	5591	665	52	267	3063705
6253	5598	665	52	267	3063715
6281	5598	665	52	267	3063725
6306	5598	666	52	267	3063735
6333	5608	666	52	267	3063745
6359	5608	665	52	267	3063755
6385	5608	665	52	267	3063765
6413	5614	667	52	267	3063775
6441	5614	666	52	267	3063785
6471	5614	667	52	267	3063795
6498	5622	667	52	267	3063805
6525	5622	667	53	267	3063815
6550	5630	667	53	267	3063825
6576	5630	668	53	266	3063835
6601	5638	670	53	266	3063845
6628	5638	668	53	265	3063855
6651	5638	670	53	265	3063865
6669	5645	671	53	265	3063875
6687	5645	671	53	265	3063885
6703	5645	672	53	265	3063895
6718	5645	671	53	265	3063905
6733	5653	671	53	263	3063915
6749	5653	672	53	263	3063925
6765	5653	672	53	262	3063935
6780	5653	672	53	262	3063945
6798	5653	671	53	262	3063955
6811	5660	671	53	262	3063965
6824	5660	673	53	262	3063975
6837	5660	668	53	262	3063985
6846	5660	671	53	262	3063995
6855	5667	670	53	262	3064005
6864	5667	670	53	262	3064035
6871	5667	462	53	262	3064095
24
7550	8766	12	52	278	3067232
7561	8766	24	52	278	3067242
7561	8773	41	52	278	3067252
7572	8773	80	52	277.333	3067282
7564	8773	92	52	276	3067292
7557	8773	94	52	275	3067312
7546	8773	127	52	275	3067342
7536	8765	222	52	275	3067362
7527	8758	390	52	275	3067412
7541	8758	495	52	275	3067422
7565	8758	514	52	275	3067432
7602	8768	532	52	275	3067442
7648	8768	550	52	275	3067452
7702	8768	556	52	275	3067462
7766	8768	558	52	275	3067472
7837	8768	560	52	275	3067482
7914	8768	557	52	275	3067492
7986	8768	558	52	275	3067502
8046	8768	558	52	275	3067512
8090	8768	560	52	275	3067522
8119	8768	564	52	275	3067532
8137	8768	564	52	275	3067542
8147	8768	562	52	275	3067562
8155	8768	280	52	275	3067592
25
7440	5814	20	53	284	3068224
7432	5814	67	53	284	3068254
7423	5814	162	53	284	3068274
7412	5814	251	53	284	3068294
7402	5814	297	53	284	3068314
7394	5814	326	53	284	3068334
7387	5814	454	53	284	3068384
7394	5814	572	53	284	3068414
7409	5814	591	52	283	3068424
7436	5814	599	52	283	3068434
7481	5814	625	52	283	3068444
7548	5814	629	52	282	3068454
7633	5814	633	52	282	3068464
7734	5814	638	53	281	3068474
7845	5820	637	53	281	3068484
7962	5820	637	53	279	3068494
8072	5827	636	53	279	3068504
8169	5827	634	53	278	3068514
8248	5827	638	53	278	3068524
8310	5827	637	53	278	3068534
8357	5834	643	53	278	3068544
8392	5834	643	53	278	3068554
8416	5843	644	53	277	3068564
8430	5843	644	53	277	3068574
8439	5843	440	53	274	3068634
22
9853	10663	10	51	277	3071200
9840	10671	140	51	277	3071220
9840	10678	468	51	276.5	3071300
9850	10678	591	51	275	3071310
9857	10665	618	51	275	3071320
9871	10648	627	51	275	3071330
9893	10622	633	51	275	3071340
9919	10586	644	51	275	3071350
9946	10541	651	51	275	3071360
9972	10488	660	51	275	3071370
9989	10428	671	52	275	3071380
9998	10363	688	52	275	3071390
9998	10300	697	52	275	3071400
9990	10240	703	53	275	3071410
9975	10184	715	53	275	3071420
9955	10138	715	53	275	3071430
9935	10098	717	54	275	3071440
9915	10065	714	54	275	3071450
9899	10042	704	55	277	3071460
9889	10026	688	55	277	3071470
9883	10018	599	55.5	279	3071490
9883	10026	155	56	279	3071510
26
9841	10663	87	51	277	3072232
9841	10669	277	51	277	3072262
9841	10676	545	51	275.222	3072352
9848	10676	650	50.75	275	3072392
9860	10676	667	50	275	3072402
9875	10676	678	50	275	3072412
9899	10676	681	50	275	3072422
9934	10676	685	50	275	3072432
9982	10676	690	50	275	3072442
10035	10663	689	51	275	3072452
10092	10652	688	51	275	3072462
10151	10637	687	51	275	3072472
10210	10618	689	51	275	3072482
10267	10596	687	51	275	3072492
10321	10569	686	51	275	3072502
10372	10539	688	51	275	3072512
10415	10508	689	51	275	3072522
10454	10476	689	51	274	3072532
10485	10444	691	51	274	3072542
10515	10414	694	52	273	3072552
10538	10386	694	52	273	3072562
10556	10362	695	52	273	3072572
10568	10342	700	53	273	3072582
10575	10329	701	53	273	3072592
10575	10321	704	53.6667	270.667	3072622
10582	10321	479	54.6	270	3072672
22
9949	10002	48	56	282	3072984
9941	10002	103	56	282	3072994
9932	10002	329	56	282	3073074
9943	10002	542	56	282	3073084
9958	10002	566	56	282	3073094
9983	10002	587	56	282	3073104
10020	10011	601	56	282	3073114
10069	10023	616	56	282	3073124
10127	10038	617	56	282	3073134
10195	10059	621	56	282	3073144
10265	10083	629	56	282	3073154
10336	10110	628	56	282	3073164
10399	10139	634	57	281	3073174
10451	10168	643	57	281	3073184
10492	10196	645	57	279	3073194
10522	10224	648	57	279	3073204
10545	10249	657	57	279	3073214
10563	10273	654	57	279	3073224
10575	10292	656	57	278	3073234
10581	10304	656	57	278	3073244
10581	10313	588	57	275.667	3073274
10588	10313	112	57	274	3073294
24
9933	7318	24	53	273	3074404
9923	7318	97	53	273	3074414
9914	7318	185	53	273	3074424
9914	7326	307	53	273	3074444
9914	7335	455	53	273	3074464
9914	7342	512	53	273	3074484
9920	7342	542	53	273	3074494
9930	7331	555	53	273	3074504
9945	7315	586	53	273	3074514
9968	7290	592	53	273	3074524
9994	7256	605	53	273	3074534
10022	7213	610	53	273	3074544
10047	7162	621	53	273	3074554
10063	7102	632	53	273	3074564
10063	7038	637	54	273	3074574
10063	6974	646	54	273	3074584
10052	6916	656	54	273	3074594
10038	6868	664	54	273	3074604
10020	6826	666	54	273	3074614
10002	6795	668	54	273	3074624
9986	6773	668	53	273	3074634
9975	6758	666	53	273	3074644
9975	6751	657	53	273	3074654
9968	6751	378	53.25	273	3074694
31
9903	7341	26	53	273	3075088
9892	7348	60	53	273	3075098
9885	7348	83	54	273	3075108
9885	7354	107	54	273	3075118
9877	7354	171	54	273	3075138
9868	7362	280	54	273	3075158
9859	7362	370	54	273	3075168
9859	7369	497	54	273	3075218
9870	7377	565	54	273	3075228
9881	7377	574	54	273	3075238
9903	7377	586	54	271	3075248
9937	7383	601	54	271	3075258
9984	7383	603	54	270	3075268
10048	7373	605	54	270	3075278
10121	7360	607	54	270	3075288
10201	7339	611	54	270	3075298
10283	7314	612	54	270	3075308
10355	7283	610	54	270	3075318
10419	7249	613	54	270	3075328
10471	7216	615	54	270	3075338
10514	7185	621	54	269	3075348
10548	7156	625	54	269	3075358
10575	7131	625	54	267	3075368
10597	7108	633	53	267	3075378
10613	7091	633	53	267	3075388
10625	7077	633	53	266	3075398
10635	7065	633	53	266	3075408
10635	7058	632	53	265	3075418
10643	7058	634	53	265	3075428
10643	7048	633	53	265	3075448
10650	7048	339	53	262.5	3075488
22
9984	6733	37	54	273	3075752
9960	6733	158	54	273	3075772
9952	6733	385	54	273	3075812
9965	6733	525	54	273	3075822
9981	6733	587	54	273	3075832
10010	6733	598	54	273	3075842
10053	6743	627	54	273	3075852
10106	6750	632	54	273	3075862
10167	6762	646	54	273	3075872
10230	6776	650	54	273	3075882
10295	6795	653	54	273	3075892
10354	6819	662	54	273	3075902
10408	6846	674	54	273	3075912
10455	6876	675	54	273	3075922
10492	6904	692	54	273	3075932
10521	6933	696	54	271	3075942
10542	6958	710	54	271	3075952
10557	6980	709	54	270	3075962
10566	6999	707	54	270	3075972
10566	7011	705	54	270	3075982
10575	7020	666	54	269	3076002
10575	7027	290	54	267	3076032
46
8100	11726	73	43	268	3080136
8089	11733	179	43	268	3080156
8089	11755	446	43	269.5	3080276
8089	11748	513	43	270	3080286
8089	11734	529	43	270	3080296
8089	11714	531	43	270	3080306
8089	11687	543	43	270	3080316
8089	11656	557	43	270	3080326
8089	11622	572	43	270	3080336
8089	11586	579	43	270	3080346
8089	11539	589	43	270	3080356
8089	11498	601	43	270	3080366
8098	11455	607	43	270	3080376
8098	11411	619	43	270	3080386
8098	11372	627	43	270	3080396
8105	11325	642	44	270	3080406
8105	11280	654	44	270	3080416
8113	11236	658	44	270	3080426
8113	11197	663	45	270	3080436
8121	11157	672	45	270	3080446
8121	11119	678	45	270	3080456
8129	11080	682	46	270	3080466
8129	11040	686	46	270	3080476
8136	11001	691	47	270	3080486
8136	10962	694	47	270	3080496
8145	10922	696	48	270	3080506
8145	10882	703	48	270	3080516
8151	10843	706	49	270	3080526
8151	10807	710	49	270	3080536
8151	10773	715	49	270	3080546
8159	10741	717	49	270	3080556
8159	10710	718	49	271	3080566
8159	10681	721	49	271	3080576
8166	10654	721	49	272	3080586
8166	10628	724	49	272	3080596
8166	10601	733	49	272	3080606
8174	10575	737	49	272	3080616
8174	10550	739	49	272	3080626
8174	10526	738	49	272	3080636
8174	10505	741	49	272	3080646
8181	10487	739	49	272	3080656
8181	10475	740	49	272	3080666
8181	10466	742	49	272	3080686
8181	10457	748	49	272	3080696
8189	10457	695	50	272	3080756
8196	10457	14	50	272	3080776
62
8204	10442	29	50	275	3081336
8197	10442	81	50	275	3081356
8197	10449	210	50	275.4	3081406
8206	10449	318	50	276	3081416
8215	10449	355	50	276	3081426
8227	10449	372	50	275	3081436
8245	10449	383	50	275	3081446
8267	10449	397	50	275	3081456
8295	10449	412	50	275	3081466
8325	10449	437	50	275	3081476
8359	10449	458	50	275	3081486
8398	10449	473	50	275	3081496
8440	10449	479	50	275	3081506
8483	10449	486	50	275	3081516
8526	10449	490	50	274	3081526
8568	10449	501	50	274	3081536
8610	10449	505	50	272	3081546
8655	10449	518	50	272	3081556
8700	10449	527	50	272	3081566
8747	10449	536	50	271	3081576
8794	10449	536	50	271	3081586
8842	10449	544	50	270	3081596
8889	10449	548	50	270	3081606
8935	10449	550	50	270	3081616
8980	10449	556	50	270	3081626
9025	10449	560	50	269	3081636
9067	10449	564	50	269	3081646
9108	10449	567	50	268	3081656
9150	10449	569	50	268	3081666
9192	10449	573	51	268	3081676
9234	10449	577	51	268	3081686
9278	10449	585	51	268	3081696
9323	10449	595	51	268	3081706
9366	10449	597	51	268	3081716
9409	10456	600	51	268	3081726
9450	10456	602	51	268	3081736
9489	10456	602	51	268	3081746
9525	10456	607	51	266	3081756
9561	10463	611	51	266	3081766
9596	10463	613	51	265	3081776
9630	10463	615	51	265	3081786
9663	10463	620	51	264	3081796
9694	10463	616	51	264	3081806
9723	10463	620	51	263	3081816
9750	10463	625	51	263	3081826
9776	10463	623	51	263	3081836
9800	10469	625	51	261	3081846
9822	10469	626	51	261	3081856
9841	10469	627	51	260	3081866
9859	10469	628	51	260	3081876
9873	10469	627	51	260	3081886
9885	10469	629	51	260	3081896
9896	10469	629	51	260	3081906
9903	10469	629	51	260	3081916
9913	10469	632	51	260	3081926
9921	10469	633	51	260	3081936
9929	10469	633	51	260	3081956
9938	10469	633	51	260	3081976
9946	10469	633	51	260	3081996
9954	10469	633	51	260	3082016
9960	10469	631	51	260	3082036
9968	10469	353	51	260	3082076
51
8245	10106	29	53	278	3084888
8245	10112	96	53	278	3084898
8252	10112	335	53	280.5	3084978
8259	10112	440	53	281	3084988
8259	10104	494	53	281	3084998
8259	10096	520	53	281	3085008
8259	10083	538	53	281	3085018
8259	10066	562	53	281	3085028
8259	10048	565	53	281	3085038
8259	10025	582	53	281	3085048
8259	9999	596	53	281	3085058
8267	9967	611	53	281	3085068
8267	9929	630	53	281	3085078
8274	9887	634	53	281	3085088
8274	9839	645	53	281	3085098
8283	9792	650	53	281	3085108
8283	9746	656	53	281	3085118
8295	9698	665	53	281	3085128
8295	9651	669	53	281	3085138
8307	9604	679	53	281	3085148
8307	9556	684	53	281	3085158
8307	9509	691	53	281	3085168
8315	9463	701	53	281	3085178
8315	9417	709	54	281	3085188
8322	9373	711	54	281	3085198
8322	9330	728	54	281	3085208
8322	9289	734	55	282	3085218
8322	9253	737	55	282	3085228
8322	9218	740	55	282	3085238
8322	9185	746	56	282	3085248
8322	9153	748	56	282	3085258
8328	9122	752	56	282	3085268
8328	9091	761	57	283	3085278
8328	9064	761	57	283	3085288
8328	9038	764	57	283	3085298
8336	9014	771	58	283	3085308
8336	8994	771	58	283	3085318
8336	8972	768	58	283	3085328
8345	8953	770	58	283	3085338
8345	8932	771	58	283	3085348
8345	8913	773	59	284	3085358
8345	8895	773	59	284	3085368
8352	8879	774	59	284	3085378
8352	8868	772	59	284	3085388
8352	8860	775	59	284	3085398
8352	8853	775	59	284	3085448
8358	8853	774	59	284	3085468
8358	8845	774	59	284	3085498
8358	8837	774	59	284	3085518
8365	8837	770	59	284	3085538
8365	8831	474	59.7143	280.571	3085608
20
8087	8753	25	60	280	3085812
8095	8753	83	60	280	3085822
8095	8760	175	59.4	281.6	3085872
8104	8760	308	59	284	3085882
8111	8760	347	59	284	3085892
8121	8760	371	59	284	3085902
8134	8760	401	59	282	3085912
8149	8760	423	59	282	3085922
8169	8769	450	60	280	3085932
8190	8769	464	60	280	3085942
8216	8775	476	60	280	3085952
8244	8775	483	60	280	3085962
8271	8783	491	60	280	3085972
8295	8783	510	60	280	3085982
8313	8783	517	59	280	3085992
8325	8790	525	59	280	3086002
8337	8790	533	59	280	3086012
8344	8790	537	59	280	3086022
8351	8790	542	59	280	3086042
8357	8790	346	59.4	280	3086092
56
8274	10111	31	53	281	3086752
8280	10111	216	53	281.222	3086842
8288	10111	376	53	284	3086852
8295	10111	406	53	284	3086862
8307	10118	436	53	284	3086872
8322	10118	455	53	284	3086882
8340	10118	470	53	284	3086892
8364	10125	481	53	284	3086902
8392	10125	504	53	284	3086912
8424	10133	530	53	282	3086922
8460	10133	539	53	282	3086932
8498	10140	552	53	281	3086942
8537	10140	561	53	281	3086952
8578	10140	568	54	280	3086962
8620	10149	575	54	280	3086972
8664	10149	583	54	278	3086982
8711	10149	602	54	278	3086992
8758	10149	623	54	278	3087002
8805	10149	632	54	277	3087012
8854	10156	634	54	277	3087022
8903	10156	641	54	275	3087032
8955	10163	644	54	275	3087042
9005	10163	652	54	274	3087052
9055	10170	656	54	274	3087062
9103	10170	665	54	273	3087072
9149	10177	666	54	273	3087082
9195	10177	670	54	273	3087092
9241	10177	672	54	273	3087102
9287	10185	674	54	273	3087112
9333	10185	678	54	273	3087122
9380	10185	680	54	273	3087132
9424	10192	681	54	273	3087142
9465	10192	681	54	271	3087152
9502	10192	683	54	271	3087162
9535	10198	685	54	270	3087172
9568	10198	686	55	270	3087182
9600	10205	689	55	270	3087192
9634	10205	689	55	269	3087202
9665	10205	688	55	269	3087212
9696	10212	690	55	267	3087222
9723	10212	691	55	267	3087232
9750	10212	690	55	267	3087242
9777	10220	690	55	266	3087252
9802	10220	690	55	266	3087262
9828	10227	690	55	264	3087272
9852	10227	693	55	264	3087282
9875	10227	696	55	264	3087292
9899	10227	697	55	264	3087302
9919	10227	698	55	264	3087312
9938	10227	697	55	264	3087322
9953	10227	697	55	264	3087332
9964	10227	697	55	264	3087342
9973	10227	697	55	264	3087352
9982	10227	700	55	264	3087362
9991	10227	697	55	264	3087372
9998	10227	503	55	264	3087442
79
8352	8764	8	53	275	3089456
8344	8772	75	53	275	3089476
8344	8778	216	53	277.5	3089516
8338	8778	367	53	278	3089526
8338	8785	597	53	277.643	3089666
8338	8776	676	53	275	3089676
8338	8769	680	53	275	3089686
8345	8758	687	53	275	3089696
8345	8743	696	53	275	3089706
8345	8724	711	53	275	3089716
8352	8703	713	53	275	3089726
8352	8682	716	53	275	3089736
8359	8655	728	53	275	3089746
8359	8628	739	53	275	3089756
8366	8597	752	53	275	3089766
8366	8563	755	53	275	3089776
8366	8528	762	53	275	3089786
8366	8494	768	53	275	3089796
8373	8460	776	53	275	3089806
8373	8424	787	53	275	3089816
8373	8387	794	54	275	3089826
8380	8354	798	54	275	3089836
8380	8322	803	54	275	3089846
8380	8293	808	54	275	3089856
8380	8263	814	55	276	3089866
8380	8233	817	55	276	3089876
8380	8204	822	55	276	3089886
8380	8171	828	55	276	3089896
8386	8141	827	55	276	3089906
8386	8109	837	56	276	3089916
8386	8077	838	56	276	3089926
8395	8046	843	56	276	3089936
8395	8011	853	56	276	3089946
8401	7979	852	56	276	3089956
8401	7944	862	56	276	3089966
8401	7912	862	56	276	3089976
8410	7886	866	56	276	3089986
8410	7855	868	56	276	3089996
8416	7825	869	56	276	3090006
8416	7797	873	56	276	3090016
8425	7763	877	56	276	3090026
8425	7735	878	56	276	3090036
8425	7708	881	56	276	3090046
8432	7678	881	56	276	3090056
8432	7655	883	56	276	3090066
8432	7629	884	56	274	3090076
8432	7603	888	56	274	3090086
8439	7578	889	57	273	3090096
8439	7551	897	57	273	3090106
8439	7526	897	57	273	3090116
8439	7498	903	57	273	3090126
8439	7472	905	57	273	3090136
8446	7445	913	57	273	3090146
8446	7416	915	57	273	3090156
8446	7391	916	57	273	3090166
8453	7365	921	57	273	3090176
8453	7343	918	57	273	3090186
8453	7325	920	58	273	3090196
8453	7308	921	58	273	3090206
8453	7291	921	58	273	3090216
8461	7275	925	58	273	3090226
8461	7258	927	58	273	3090236
8468	7240	930	59	273	3090246
8468	7223	933	59	273	3090256
8468	7207	932	59	273	3090266
8468	7194	931	59	273	3090276
8468	7185	931	59	273	3090286
8468	7175	936	59	273	3090296
8468	7166	936	59	273	3090306
8468	7154	936	59	273	3090316
8477	7142	938	60	273	3090326
8477	7131	938	60	273	3090336
8486	7119	939	60	273	3090346
8486	7108	940	60	273	3090356
8492	7098	940	60	273	3090366
8492	7091	937	60	273	3090486
8500	7091	780	60	273	3090496
8515	7109	580	60	273	3090506
8544	7132	53	60	273	3090526
69
8533	7081	10	57	273	3091092
8533	7088	55	57	273	3091112
8533	7094	126	57	273	3091142
8533	7101	168	57	272.333	3091172
8526	7101	301	57	270	3091342
8533	7101	494	57	270	3091362
8544	7101	514	57	270	3091372
8554	7101	522	57	270	3091382
8567	7101	549	57	270	3091392
8582	7101	560	57	270	3091402
8601	7101	568	57	270	3091412
8623	7101	582	57	270	3091422
8646	7101	589	57	270	3091432
8672	7101	596	57	270	3091442
8700	7094	604	57	270	3091452
8731	7094	615	57	270	3091462
8766	7094	622	57	270	3091472
8802	7094	626	57	270	3091482
8840	7094	632	57	270	3091492
8880	7094	644	57	270	3091502
8921	7094	648	57	270	3091512
8963	7094	651	57	270	3091522
9003	7094	653	57	270	3091532
9044	7094	657	57	270	3091542
9085	7088	658	57	268	3091552
9127	7088	665	57	268	3091562
9172	7088	666	57	267	3091572
9215	7088	669	57	267	3091582
9256	7088	671	57	267	3091592
9296	7088	672	57	267	3091602
9331	7088	671	57	267	3091612
9363	7088	673	57	267	3091622
9393	7088	674	57	267	3091632
9423	7088	675	57	267	3091642
9455	7094	674	57	267	3091652
9490	7094	678	57	265	3091662
9527	7094	680	57	265	3091672
9563	7094	679	57	264	3091682
9596	7094	680	57	264	3091692
9627	7094	682	57	264	3091702
9655	7094	682	57	264	3091712
9683	7094	682	57	264	3091722
9710	7094	682	57	262	3091732
9737	7094	682	57	262	3091742
9764	7094	683	57	261	3091752
9788	7094	684	57	261	3091762
9813	7094	683	57	261	3091772
9838	7094	683	57	261	3091782
9859	7094	686	57	261	3091792
9877	7094	686	57	261	3091802
9889	7094	687	57	261	3091812
9900	7094	686	57	261	3091822
9908	7094	687	57	261	3091832
9919	7094	687	57	261	3091842
9933	7088	686	57	261	3091852
9948	7088	687	57	261	3091862
9964	7088	687	57	261	3091872
9980	7088	687	57	261	3091882
9994	7088	687	58	260	3091892
10004	7088	688	58	260	3091902
10010	7088	688	58	260	3091922
10018	7088	688	58	260	3091942
10031	7088	688	58	260	3091952
10038	7088	687	58	260	3091962
10046	7088	687	58	260	3091972
10046	7081	683	58	260	3091982
10054	7081	651	58	260	3091992
10061	7081	542	58	260	3092002
10067	7081	80	58	260	3092022
54
8683	6839	14	54	270	3094077
8676	6839	26	54	270	3094087
8676	6847	27	54	270	3094097
8670	6847	23	54	270	3094127
8663	6853	14	54	270	3094146
8656	6853	13	54	270	3094166
8644	6853	14	54	270	3094186
8634	6853	11	54	270	3094206
8627	6853	1	54	270	3094226
8620	6853	9	54	270	3094246
8611	6853	55	54	270	3094276
8604	6853	268	54	270	3094386
8615	6853	482	54	270	3094396
8624	6853	498	54	270	3094406
8635	6853	519	54	270	3094416
8653	6853	538	54	270	3094426
8679	6853	542	54	270	3094436
8714	6860	552	54	270	3094446
8756	6860	562	54	270	3094456
8804	6860	567	54	270	3094466
8850	6860	576	54	270	3094476
8896	6860	579	54	270	3094486
8941	6860	581	54	270	3094496
8983	6867	587	54	270	3094506
9021	6867	590	54	270	3094516
9059	6867	592	54	270	3094526
9098	6873	596	54	270	3094536
9143	6873	599	54	270	3094546
9194	6873	605	54	269	3094556
9250	6873	606	54	269	3094566
9309	6873	606	55	267	3094576
9367	6873	608	55	267	3094586
9422	6873	611	55	267	3094596
9471	6867	611	55	267	3094606
9514	6867	615	55	267	3094616
9555	6867	615	55	267	3094626
9597	6867	622	55	267	3094636
9637	6867	628	55	266	3094646
9678	6867	633	55	266	3094656
9719	6867	640	55	264	3094666
9755	6867	642	55	264	3094676
9790	6867	643	55	264	3094686
9822	6867	645	55	264	3094696
9852	6867	647	55	264	3094706
9880	6867	649	55	264	3094716
9907	6867	649	55	263	3094726
9933	6873	652	55	263	3094736
9958	6873	651	55	261	3094746
9980	6873	654	55	261	3094756
9998	6873	656	55	261	3094766
10009	6873	658	55	261	3094776
10017	6873	656	55	261	3094796
10026	6873	586	55	263.714	3094866
10036	6873	1	55	264	3094886
67
8552	6816	13	53	273	3095597
8552	6823	34	53	273	3095607
8559	6830	60	53	271	3095627
8568	6830	77	53	270	3095647
8576	6830	111	53	270	3095687
8582	6830	158	53	270	3095717
8589	6830	166	53	270	3095737
8599	6830	191	53	270	3095757
8607	6830	241	53	270	3095767
8607	6838	299	53	270	3095827
8599	6838	366	53	270	3095857
8592	6838	402	53	270	3095877
8578	6838	416	53	270	3095887
8569	6838	419	53	270	3095897
8560	6829	422	53	270	3095907
8550	6829	425	53	270	3095917
8542	6829	431	53	270	3095926
8535	6829	439	53	270	3095936
8528	6823	454	53	270	3095966
8521	6823	633	52.0556	270	3096146
8521	6813	734	52	270	3096156
8528	6807	741	52	270	3096166
8528	6796	753	52	270	3096176
8535	6780	755	52	270	3096186
8535	6763	755	53	270	3096196
8543	6742	764	53	270	3096206
8543	6719	766	53	270	3096216
8550	6695	771	53	270	3096226
8550	6667	772	53	270	3096236
8550	6639	777	53	270	3096246
8557	6606	793	53	270	3096256
8557	6575	795	53	270	3096266
8557	6540	796	53	270	3096276
8557	6504	799	53	270	3096286
8565	6467	803	53	270	3096296
8565	6427	807	53	270	3096306
8565	6388	810	53	270	3096316
8571	6356	811	54	270	3096326
8571	6325	815	54	270	3096336
8571	6297	817	54	270	3096346
8578	6271	820	54	270	3096356
8578	6243	823	54	270	3096366
8584	6218	824	55	270	3096376
8584	6192	832	55	270	3096386
8592	6166	832	55	270	3096396
8592	6142	833	55	270	3096406
8598	6119	836	55	270	3096416
8598	6099	836	56	270	3096426
8598	6082	839	56	270	3096436
8606	6067	841	56	271	3096446
8606	6052	843	56	271	3096456
8606	6041	841	56	273	3096466
8606	6031	840	56	273	3096476
8606	6024	842	56	273	3096496
8606	6015	840	56	273	3096506
8612	6015	843	56	273	3096516
8612	6001	842	56	273	3096526
8612	5992	843	57	273	3096536
8612	5981	843	57	273	3096546
8612	5968	844	57	273	3096556
8612	5955	844	57	273	3096566
8612	5941	843	57	273	3096576
8620	5929	844	57	273	3096586
8620	5920	844	57	273	3096596
8620	5911	843	57	273	3096616
8620	5902	820	57	273	3096676
8620	5910	302	57	273	3096726
35
8398	5892	25	57	279	3096877
8390	5885	64	57	279	3096887
8382	5885	173	57	279	3096917
8382	5878	352	57	279	3096967
8391	5869	465	57	279	3096977
8403	5869	483	57	279	3096987
8415	5869	485	57	279	3096997
8426	5863	486	57	279	3097007
8434	5863	487	57	279	3097037
8441	5863	455	57	279	3097057
8433	5863	412	57	278	3097067
8427	5863	389	57	278	3097077
8417	5863	365	57	276	3097087
8407	5856	354	57	276	3097097
8394	5856	350	57	276	3097107
8383	5856	350	57	276	3097117
8373	5849	357	57	276	3097127
8367	5849	392	57	278.333	3097157
8360	5849	508	57	279	3097197
8367	5849	568	57	279	3097207
8375	5849	582	57	279	3097217
8392	5849	589	57	279	3097227
8413	5849	598	57	279	3097237
8438	5857	613	57	279	3097247
8466	5857	620	57	279	3097257
8494	5866	634	57	278	3097267
8524	5866	637	57	278	3097277
8557	5876	642	57	276	3097287
8586	5876	643	57	276	3097297
8611	5885	644	57	276	3097307
8633	5885	645	57	276	3097317
8648	5893	649	57	276	3097327
8659	5893	653	57	275	3097337
8668	5893	661	57	274	3097357
8676	5893	519	57	273	3097436
20
12713	9237	270	58	270	3100917
12713	9248	470	58	270	3100957
12720	9238	557	58	270	3100967
12730	9228	581	58	270	3100977
12744	9212	602	58	270	3100987
12763	9188	623	59	270	3100997
12782	9157	638	59	270	3101007
12802	9115	659	59	270	3101017
12824	9064	673	59	270	3101027
12843	9006	687	59	270	3101037
12860	8942	691	59	270	3101047
12872	8878	695	59	270	3101057
12872	8818	698	60	270	3101067
12872	8765	695	60	270	3101077
12872	8721	693	60	270	3101087
12859	8688	686	60	270	3101097
12847	8665	664	60	270	3101107
12836	8651	618	61	270	3101117
12825	8651	514	61	270	3101127
12819	8651	93	61	270	3101147
22
12860	9256	84	58	270	3101553
12860	9263	160	58	270	3101563
12860	9275	303	58	270	3101583
12860	9283	438	58	269.333	3101613
12870	9283	509	58	268	3101623
12885	9267	544	58	267	3101633
12906	9247	565	58	267	3101643
12933	9216	595	59	267	3101653
12966	9175	605	59	267	3101663
13001	9126	612	59	267	3101673
13035	9069	625	59	267	3101683
13063	9009	625	59	267	3101693
13082	8950	627	59	267	3101703
13094	8893	629	59	267	3101713
13094	8843	629	59	267	3101723
13094	8802	630	59	267	3101733
13094	8769	627	60	267	3101743
13080	8742	605	60	267	3101753
13068	8719	572	60	267	3101763
13058	8700	505	60	267	3101773
13051	8685	355	60	267	3101783
13051	8674	25	60.5	266.5	3101803
28
12923	9215	9	58	270	3102117
12904	9232	49	58	270	3102127
12896	9232	100	58	270	3102137
12896	9241	149	58	270	3102147
12886	9241	207	58	270	3102157
12886	9251	314	58	270	3102177
12886	9261	477	58	270	3102207
12893	9261	531	58	270	3102217
12905	9261	539	58	270	3102227
12928	9261	543	58	270	3102237
12962	9252	549	58	270	3102247
13008	9238	552	58	270	3102257
13064	9216	556	59	270	3102267
13128	9186	560	59	270	3102277
13196	9151	560	59	270	3102287
13265	9114	568	59	270	3102297
13329	9076	581	59	268	3102307
13381	9041	594	59	268	3102317
13423	9010	601	59	267	3102327
13450	8983	611	59	267	3102337
13470	8960	618	59	267	3102347
13482	8943	620	59	267	3102357
13490	8929	624	59	267	3102367
13498	8918	626	60	267	3102377
13498	8910	614	60	267	3102387
13508	8910	587	60	267	3102397
13508	8902	460	60	266	3102417
13515	8902	29	60	265	3102437
21
13038	8641	204	62	274	3102645
13012	8631	242	62	274	3102655
13012	8623	308	62	274	3102665
13005	8623	352	62	274	3102675
13005	8615	409	62	274	3102685
13013	8615	481	62	274	3102695
13024	8615	542	62	274	3102705
13042	8615	575	62	274	3102715
13070	8622	599	62	274	3102725
13110	8637	623	62	274	3102735
13161	8658	628	62	274	3102745
13223	8683	638	62	274	3102755
13288	8713	645	62	272	3102765
13351	8744	645	62	272	3102775
13410	8777	650	62	270	3102785
13455	8810	652	62	270	3102795
13486	8838	673	62	270	3102805
13508	8863	666	62	270	3102815
13520	8884	664	62	270	3102825
13527	8897	642	62	268	3102835
13527	8906	244	62	266.5	3102875
18
13551	8895	84	60	277	3104529
13544	8906	208	60	275	3104549
13544	8912	429	60	273	3104599
13555	8912	552	60	273	3104609
13565	8921	573	60	273	3104619
13584	8921	590	60	273	3104629
13612	8930	602	60	272	3104639
13651	8930	614	60	272	3104649
13704	8939	619	60	270	3104659
13765	8939	621	60	270	3104669
13832	8939	626	60	270	3104679
13898	8939	622	60	270	3104689
13958	8939	620	60	270	3104699
14010	8939	615	60	270	3104709
14050	8939	614	60	270	3104719
14077	8939	604	60	270	3104729
14092	8939	587	60	270	3104739
14099	8939	292	60	268	3104789
20
14259	9172	42	58	264	3104945
14259	9178	284	58	264	3104955
14259	9188	419	58	264	3104995
14269	9175	505	58	264	3105005
14282	9155	526	58	264	3105015
14300	9131	539	59	263	3105025
14320	9106	552	59	263	3105035
14339	9086	567	59	263	3105045
14355	9071	597	59	263	3105055
14370	9062	633	59	263	3105065
14385	9062	658	59	263	3105075
14402	9062	678	59	263	3105085
14421	9077	673	59	263	3105095
14445	9099	678	59	263	3105105
14468	9126	665	59	262	3105115
14493	9158	656	59	262	3105125
14517	9189	629	59	260	3105135
14533	9215	607	59	260	3105145
14543	9234	541	59	260	3105155
14543	9244	164	59	260	3105185
12
14444	9123	314	59	260	3105261
14437	9099	364	59	260	3105271
14437	9087	478	59	260	3105281
14437	9071	548	59	260	3105291
14437	9045	589	59	260	3105301
14437	9013	614	59	260	3105311
14437	8973	619	59	260	3105321
14437	8931	622	59	260	3105331
14437	8892	598	60	260	3105341
14437	8859	542	60	261	3105351
14428	8834	382	60	261	3105361
14428	8820	0	60	263	3105381
29
10620	10269	11	55	270	3106085
10609	10276	28	55	270	3106095
10602	10276	59	55	270	3106105
10602	10283	113	55	270	3106135
10595	10283	160	55	270	3106145
10595	10290	338	55	270	3106295
10595	10297	239	55	270	3106315
10602	10309	191	55	270	3106325
10602	10316	189	55	270	3106345
10602	10324	215	55	270	3106355
10594	10324	297	55	270	3106375
10583	10332	404	55	270	3106395
10573	10332	472	55	270	3106415
10566	10340	584	54.75	270	3106495
10580	10340	654	54	270	3106505
10602	10340	660	54	269	3106515
10636	10340	663	54	269	3106525
10690	10340	673	54	267	3106535
10760	10349	673	54	267	3106545
10841	10349	677	54	267	3106555
10925	10356	679	54	267	3106565
11004	10356	680	54	267	3106575
11072	10356	679	54	267	3106585
11128	10356	680	54	267	3106595
11171	10356	682	54	267	3106605
11203	10356	683	54	267	3106615
11222	10363	687	54	267	3106625
11233	10363	595	54	267	3106665
11239	10363	79	54	267	3106685
44
11234	10250	44	54	273	3107165
11205	10273	44	54	271	3107175
11195	10282	54	55	271	3107185
11195	10290	58	55	270	3107195
11195	10297	69	55.5	270	3107215
11209	10306	97	56	270	3107225
11216	10306	135	56	270	3107245
11216	10315	187	56	270	3107285
11225	10323	211	56	270	3107295
11235	10323	225	56	270	3107305
11246	10331	250	56	270	3107315
11257	10331	276	56	270	3107325
11265	10331	309	56	270	3107335
11265	10337	388	56	270	3107365
11271	10337	506	55.8333	270	3107425
11271	10324	552	55	270	3107435
11278	10309	573	55	270	3107445
11278	10289	589	56	270	3107455
11284	10261	616	56	270	3107465
11284	10228	630	56	270	3107475
11296	10185	643	56	270	3107485
11304	10133	656	56	270	3107495
11304	10071	674	56	270	3107505
11314	10001	687	56	270	3107515
11314	9928	696	56	270	3107525
11326	9853	709	56	270	3107535
11338	9782	721	56	270	3107545
11350	9714	732	57	270	3107555
11365	9644	743	57	270	3107565
11377	9575	750	57	270	3107575
11389	9504	753	57	270	3107585
11400	9434	755	58	270	3107595
11409	9367	762	58	270	3107605
11417	9306	765	58	270	3107615
11425	9253	765	59	270	3107625
11431	9208	768	59	270	3107635
11438	9173	768	60	270	3107645
11445	9140	769	60	270	3107655
11445	9117	766	61	270	3107665
11455	9101	762	61	270	3107675
11455	9088	752	61.5	270	3107695
11455	9079	726	62	270	3107705
11461	9079	687	62	270	3107715
11461	9073	292	62.75	270	3107755
38
11530	8989	71	62	277	3108009
11520	8998	80	62	277	3108019
11513	9008	134	62	277	3108029
11505	9008	166	63	278	3108039
11505	9014	204	63	276	3108049
11497	9014	393	63	274.333	3108109
11506	9014	505	63	274	3108119
11513	9014	525	63	274	3108129
11525	9014	546	63	274	3108139
11548	9014	557	63	274	3108149
11585	9014	580	63	274	3108159
11640	9014	603	63	274	3108169
11710	9014	606	63	274	3108179
11792	9014	607	63	272	3108189
11881	9014	613	63	272	3108199
11973	9014	618	63	270	3108209
12069	9014	621	63	270	3108219
12165	9008	619	63	270	3108229
12264	9008	620	63	270	3108239
12360	9001	620	63	270	3108249
12450	9001	623	63	270	3108259
12529	9001	623	63	270	3108269
12594	9001	622	63	270	3108279
12645	9001	626	63	270	3108289
12687	9001	628	63	268	3108299
12716	9001	628	63	268	3108309
12737	9001	629	63	266	3108319
12751	9001	632	63	266	3108329
12761	9001	633	63	266	3108339
12767	9001	633	63	266	3108359
12779	9001	632	63	266	3108379
12794	9001	634	63	266	3108389
12807	9001	636	63	266	3108399
12823	9001	637	63	266	3108409
12841	8994	633	63	266	3108419
12857	8994	619	63	264	3108429
12870	8994	528	63	264	3108439
12879	8994	117	63	262	3108459
34
11822	8706	30	61	274	3108973
11797	8714	109	60	273	3108983
11786	8714	184	60	273	3108993
11776	8714	254	60	275	3109003
11769	8714	318	60	275	3109013
11762	8714	394	60	277	3109033
11751	8714	518	60	277	3109093
11751	8721	600	60	277	3109133
11771	8721	630	60	277	3109143
11800	8721	637	60	277	3109153
11846	8732	641	60	277	3109163
11911	8741	644	60	277	3109173
11988	8749	643	60	277	3109183
12073	8757	644	60	277	3109193
12157	8763	642	60	277	3109203
12240	8763	641	60	275	3109213
12318	8773	642	60	275	3109223
12390	8773	640	60	273	3109233
12453	8785	641	60	273	3109243
12508	8791	643	60	273	3109253
12555	8791	642	60	273	3109263
12598	8802	640	60	272	3109273
12635	8802	640	60	272	3109283
12668	8802	639	60	270	3109293
12695	8802	634	60	270	3109303
12716	8802	636	60	270	3109313
12732	8808	634	60	270	3109323
12741	8808	633	60	270	3109343
12750	8808	633	60	269	3109363
12768	8808	630	60	268	3109373
12782	8808	629	60	267	3109383
12800	8808	627	60	267	3109393
12816	8808	623	60	267	3109403
12825	8808	383	60.75	266.25	3109443
33
11638	8656	35	60	277	3109945
11638	8665	69	60	277	3109955
11644	8683	163	60	277	3109975
11644	8690	320	59.3333	277	3110005
11652	8690	481	59	277	3110025
11658	8690	569	59	275	3110045
11667	8690	616	59	273	3110075
11674	8682	638	59	273	3110085
11674	8672	664	59	273	3110095
11682	8657	686	59	273	3110105
11682	8633	700	59	273	3110115
11692	8600	712	59	273	3110125
11700	8558	730	59	273	3110135
11706	8503	745	59	273	3110145
11713	8436	755	60	273	3110155
11713	8359	763	60	273	3110165
11719	8275	775	60	273	3110175
11719	8187	784	60	273	3110185
11728	8101	788	61	274	3110195
11734	8018	796	61	274	3110205
11741	7938	809	61	274	3110215
11741	7864	815	62	274	3110225
11741	7792	821	62	274	3110235
11741	7724	826	63	274	3110245
11734	7662	830	63	274	3110255
11734	7605	832	64	274	3110265
11734	7559	830	64	274	3110275
11734	7524	832	65	274	3110285
11734	7497	833	65	276	3110295
11734	7478	834	66	277	3110305
11734	7465	834	66	279	3110315
11734	7457	830	67	279	3110335
11734	7451	493	68	280	3110395
28
10650	7080	14	65	283	3110729
10643	7080	122	65	283	3110789
10643	7073	223	65	283	3110829
10636	7073	407	65	283	3110909
10650	7073	566	65	283	3110919
10664	7079	587	65	283	3110929
10686	7079	601	65	283	3110939
10721	7090	627	65	283	3110949
10769	7098	630	65	283	3110959
10829	7108	649	65	283	3110969
10901	7117	658	65	283	3110979
10985	7126	663	65	283	3110989
11077	7137	665	66	281	3110999
11175	7146	667	66	281	3111009
11280	7155	670	67	279	3111019
11383	7165	679	67	279	3111029
11484	7173	686	67	279	3111039
11579	7181	698	67	279	3111049
11663	7187	702	67	279	3111059
11739	7194	709	67	279	3111069
11802	7194	722	67	279	3111079
11853	7202	727	67	279	3111089
11893	7202	733	67	277	3111099
11921	7210	739	67	277	3111109
11939	7210	749	67	275	3111119
11948	7210	756	67	275	3111139
11955	7216	764	67	275	3111179
11961	7216	685	67	275	3111319
23
11769	7446	5	65	279	3111601
11769	7455	69	65	279	3111621
11769	7462	158	66	279	3111641
11769	7470	320	66	276.667	3111701
11769	7460	388	66	274	3111711
11760	7450	399	66	274	3111721
11760	7433	446	66	274	3111731
11760	7412	466	66	274	3111741
11760	7388	496	66	274	3111751
11760	7360	521	66	274	3111761
11760	7332	544	66	274	3111771
11760	7305	560	66	274	3111781
11760	7281	577	66	274	3111791
11754	7258	595	66	274	3111801
11754	7240	604	66	274	3111811
11754	7225	614	66	274	3111821
11747	7214	637	66	278.333	3111881
11747	7221	621	66	279	3111891
11756	7233	581	66	279	3111901
11763	7247	534	66	279	3111911
11773	7264	460	66	279	3111921
11783	7283	376	66	279	3111931
11792	7300	78	66	279	3111951
18
11748	7375	48	64	280	3112225
11742	7399	111	64	278	3112235
11742	7411	150	64	278	3112245
11742	7423	232	65	279	3112255
11748	7435	345	65	279	3112275
11748	7444	427	66	279	3112305
11748	7432	504	66	279	3112315
11748	7414	515	66	279	3112325
11748	7389	529	66	279	3112335
11755	7356	539	66	279	3112345
11755	7321	547	66	279	3112355
11755	7286	569	66	279	3112365
11755	7251	578	66	279	3112375
11755	7224	591	66	279	3112385
11755	7199	603	66	279	3112395
11755	7183	608	67	279	3112405
11762	7173	606	67	279	3112415
11762	7167	367	67	279	3112455
