72
28
13772	6133	102	54	270	2704536
13779	6133	292	54	270	2704556
13779	6140	525	54	270	2704636
13785	6140	752	53.8333	269.722	2704816
13792	6140	814	53	267	2704986
13792	6133	825	53	267	2704996
13799	6133	826	53	267	2705006
13799	6127	825	53	267	2705016
13806	6127	824	53	267	2705026
13813	6112	828	53	267	2705036
13821	6102	830	53	267	2705046
13831	6090	830	53	267	2705056
13842	6076	829	53	267	2705066
13851	6061	830	54	267	2705076
13860	6043	829	54	267	2705086
13869	6018	831	54	267	2705096
13879	5990	832	54	267	2705106
13888	5960	834	54	267	2705116
13888	5927	836	54	267	2705126
13888	5897	837	54	267	2705136
13888	5865	840	54	267	2705146
13878	5835	839	54	267	2705156
13865	5807	837	54	267	2705166
13850	5780	834	54	267	2705176
13834	5758	816	54	267	2705186
13822	5742	786	54	267	2705196
13814	5731	684	54	267	2705216
13804	5724	222	54	267	2705236
22
13947	6166	288	54	270	2706154
13953	6166	591	54	270	2706184
13960	6160	622	54	270	2706194
13960	6153	627	54	270	2706204
13973	6143	642	54	270	2706214
13985	6127	662	54	270	2706224
14001	6106	682	54	270	2706234
14020	6077	689	54	269	2706244
14039	6042	695	54	269	2706254
14053	6001	702	54	267	2706264
14053	5954	711	54	267	2706274
14053	5906	723	54	267	2706284
14053	5859	725	54	267	2706294
14053	5818	724	55	267	2706304
14041	5784	726	55	267	2706314
14030	5757	726	55	267	2706324
14020	5735	726	55	267	2706334
14011	5718	725	55	267	2706344
14011	5708	709	55	267	2706354
14004	5708	696	55	269	2706364
14004	5698	584	55	269.75	2706404
14004	5708	53	55	270	2706424
22
13981	6156	1	54	270	2706996
13981	6163	36	54	270	2707006
13981	6170	100	54	270	2707026
13975	6170	180	54	270	2707036
13975	6177	232	54	270	2707046
13967	6177	323	54	270	2707066
13957	6177	501	54	270	2707116
13968	6177	588	54	270	2707126
13985	6177	597	54	270	2707136
14012	6177	598	54	270	2707146
14048	6177	603	54	270	2707156
14092	6167	606	54	270	2707166
14142	6150	606	54	270	2707176
14201	6130	608	54	270	2707186
14261	6106	612	54	269	2707196
14311	6083	616	55	269	2707206
14355	6060	621	55	267	2707216
14384	6039	630	55	267	2707226
14402	6019	633	55	267	2707236
14417	6004	633	55	267	2707246
14427	5994	630	55	266	2707266
14427	5986	391	55	264	2707316
21
14027	5744	223	56	270	2707512
13999	5726	252	56	270	2707522
13989	5719	345	56	270	2707542
13989	5712	450	56	270	2707562
14001	5704	536	56	270	2707572
14010	5704	596	56	270	2707582
14022	5704	625	56	270	2707592
14037	5704	646	56	270	2707602
14060	5713	663	56	270	2707612
14093	5727	665	56	270	2707622
14137	5748	672	56	270	2707632
14190	5774	676	56	270	2707642
14242	5806	681	56	270	2707652
14291	5839	682	56	270	2707662
14330	5874	687	56	270	2707672
14358	5908	690	56	269	2707682
14376	5938	694	56	269	2707692
14389	5963	693	56	267	2707702
14397	5983	694	56	267	2707712
14397	5995	689	56	267	2707722
14397	6001	399	56	264.667	2707782
18
14458	5995	134	55	270	2707976
14449	5995	223	55.5	269.5	2707996
14437	5995	311	56	268	2708016
14428	5995	541	56	266.667	2708076
14434	5995	689	56	264	2708086
14449	5995	696	56	264	2708096
14476	6001	697	56	264	2708106
14516	6001	701	56	264	2708116
14568	6014	700	56	264	2708126
14625	6024	703	56	264	2708136
14687	6033	703	56	264	2708146
14749	6045	703	56	264	2708156
14803	6056	705	56	263	2708166
14844	6064	707	56	263	2708176
14868	6064	709	56	261	2708186
14880	6071	707	56	261	2708196
14888	6071	703	56	261	2708216
14895	6071	456	56	261	2708276
15
13340	5915	35	54	273	2709128
13334	5915	160	54	273	2709158
13327	5915	427	54	273	2709218
13336	5915	567	54	273	2709228
13353	5923	597	54	273	2709238
13380	5923	607	54	273	2709248
13420	5934	616	54	273	2709258
13470	5942	620	54	273	2709268
13530	5950	622	54	271	2709278
13597	5958	622	54	271	2709288
13657	5966	625	54	270	2709298
13707	5966	624	54	270	2709308
13740	5974	625	54	270	2709318
13760	5974	624	54	270	2709328
13770	5974	393	54.4286	270	2709398
18
13425	5788	174	55	271	2709516
13364	5747	220	55	273	2709526
13344	5734	292	55	273	2709536
13333	5727	435	55	273	2709566
13354	5727	539	55	273	2709576
13383	5727	590	55	273	2709586
13420	5735	604	55	273	2709596
13468	5743	611	55	273	2709606
13525	5754	625	55	273	2709616
13586	5764	630	55	273	2709626
13649	5775	637	55	273	2709636
13710	5787	638	55	273	2709646
13762	5795	638	55	273	2709656
13804	5804	637	55	273	2709666
13835	5811	626	55	271	2709676
13856	5811	602	55	271	2709686
13867	5811	545	55	270	2709696
13874	5811	150	55	270	2709726
19
13287	5149	211	54	275	2714360
13287	5158	321	54	274.667	2714390
13287	5165	577	54	273.125	2714470
13300	5165	695	54	273	2714480
13316	5165	723	54	273	2714490
13342	5159	725	54	273	2714500
13380	5159	732	54	273	2714510
13425	5159	733	54	273	2714520
13476	5169	731	54	273	2714530
13531	5169	724	54	273	2714540
13585	5179	725	54	271	2714550
13633	5186	725	54	271	2714560
13671	5192	727	54	270	2714570
13698	5192	727	54	270	2714580
13715	5200	725	55	270	2714590
13729	5200	721	55	270	2714600
13740	5206	714	55	270	2714610
13748	5206	689	55	270	2714630
13755	5206	338	55	268.4	2714680
20
13444	5042	117	54	273	2714836
13408	5015	184	54	273	2714846
13395	5009	279	54	273	2714856
13388	5009	396	54	273	2714876
13380	5009	517	54.6667	273	2714906
13374	5009	636	55	273	2714946
13393	5009	680	55	271	2714956
13419	5009	690	55	271	2714966
13455	5009	689	55	270	2714976
13499	5021	690	55	270	2714986
13547	5030	690	55	270	2714996
13593	5039	691	55	270	2715006
13638	5050	691	55	270	2715016
13678	5058	690	55	270	2715026
13711	5065	688	55	270	2715036
13740	5065	679	55	270	2715046
13762	5073	676	55	270	2715056
13777	5073	663	55	269	2715066
13788	5073	600	55	267.667	2715096
13795	5073	211	55	267	2715126
24
13765	5284	118	53	267	2715432
13753	5301	152	54	267	2715442
13753	5309	253	54	267	2715452
13740	5317	306	54	267	2715462
13740	5324	358	54	267	2715472
13733	5324	440	54	267	2715482
13733	5334	550	54	267	2715502
13733	5340	630	54	267	2715542
13733	5327	660	54	267	2715552
13748	5313	678	54	267	2715562
13768	5292	686	54	267	2715572
13797	5263	696	54	267	2715582
13830	5230	698	54	267	2715592
13861	5193	701	54	267	2715602
13883	5155	701	54	267	2715612
13892	5114	705	54	267	2715622
13892	5075	704	54	267	2715632
13879	5036	705	54	267	2715642
13863	4999	702	54	267	2715652
13847	4967	690	54	267	2715662
13832	4941	665	54	267	2715672
13824	4924	626	54	267	2715682
13824	4915	508	55	267	2715702
13824	4924	101	55	267	2715722
23
13872	5291	11	53	267	2715928
13854	5302	97	53	267	2715938
13844	5312	155	53	267	2715948
13834	5312	243	53	267	2715958
13825	5323	306	53	267	2715968
13817	5323	400	54	267	2715988
13811	5323	529	54	267	2716018
13822	5323	579	54	267	2716028
13835	5323	587	54	267	2716038
13853	5323	606	54	267	2716048
13880	5314	619	54	267	2716058
13917	5302	626	54	267	2716068
13961	5284	628	54	267	2716078
14012	5264	629	54	267	2716088
14065	5243	631	54	267	2716098
14113	5225	633	54	267	2716108
14153	5210	632	54	266	2716118
14185	5199	640	54	266	2716128
14206	5191	642	54	265	2716138
14221	5191	642	54	265	2716148
14231	5181	639	54	265	2716168
14238	5181	533	54.2	264.6	2716218
14238	5172	58	55	262	2716238
21
13790	4927	127	55	267	2716424
13767	4919	198	55	267	2716434
13759	4919	296	55	267	2716454
13759	4911	415	55	267	2716474
13773	4904	495	56	269	2716484
13791	4904	527	56	269	2716494
13815	4904	554	56	270	2716504
13847	4904	564	56	270	2716514
13888	4920	577	56	270	2716524
13932	4935	591	56	270	2716534
13980	4958	594	56	269	2716544
14028	4984	602	56	269	2716554
14073	5011	619	56	267	2716564
14115	5040	636	56	267	2716574
14148	5069	638	56	267	2716584
14175	5097	645	56	267	2716594
14194	5125	656	56	267	2716604
14206	5151	656	56	267	2716614
14216	5173	663	56	267	2716624
14216	5187	660	56	266	2716634
14222	5196	394	56	264.333	2716694
21
14265	5183	125	55	261	2717176
14251	5183	198	55	263	2717186
14244	5183	274	55	263	2717196
14236	5183	359	55	264	2717216
14229	5183	528	55	264	2717246
14239	5183	628	55	264	2717256
14250	5190	641	55	264	2717266
14270	5190	660	55	264	2717276
14302	5190	680	55	264	2717286
14342	5199	682	55	264	2717296
14390	5199	686	55	264	2717306
14440	5208	687	55	264	2717316
14487	5216	686	55	264	2717326
14526	5224	691	55	264	2717336
14560	5233	701	55	263	2717346
14588	5240	708	55	263	2717356
14612	5247	709	55	261	2717366
14635	5247	709	55	261	2717376
14654	5256	708	55	261	2717386
14666	5256	705	55	261	2717396
14674	5256	495	55	261	2717496
25
13399	4349	25	55	270	2718812
13392	4358	36	55	270	2718822
13392	4364	45	55	270	2718832
13385	4364	54	55	270	2718852
13385	4372	64	55	270	2718862
13378	4372	99	55	270	2718882
13370	4372	154	55	270	2718902
13358	4372	220	55	270	2718922
13348	4372	292	55	270	2718932
13348	4379	385	55	270	2718952
13340	4379	576	55	270	2719002
13352	4386	660	55	270	2719012
13374	4386	670	55	270	2719022
13406	4386	686	55	270	2719032
13449	4395	686	55	270	2719042
13499	4395	693	55	270	2719052
13547	4405	694	55	270	2719062
13596	4405	696	55	270	2719072
13641	4414	697	55	270	2719082
13680	4414	697	55	270	2719092
13711	4424	694	55	269	2719102
13734	4424	688	55	269	2719112
13747	4432	671	55	267	2719122
13755	4432	531	55	267	2719162
13736	4432	114	55	267	2719182
20
13438	4315	173	55	267	2719268
13379	4298	239	55	267	2719278
13358	4298	339	55	269	2719288
13345	4298	403	55	269	2719298
13337	4298	453	55	270	2719308
13337	4290	533	55	270	2719328
13350	4290	597	55	270	2719338
13366	4290	629	55	270	2719348
13392	4290	646	55	270	2719358
13429	4290	656	55	270	2719368
13474	4290	661	55	270	2719378
13526	4298	658	55	270	2719388
13584	4306	660	55	270	2719398
13639	4316	659	55	270	2719408
13688	4322	659	55	270	2719418
13727	4322	658	55	269	2719428
13754	4329	652	55	269	2719438
13770	4329	642	55	267	2719448
13779	4329	606	55	267	2719468
13785	4329	338	55	267	2719508
22
13755	4543	90	53	267	2719816
13741	4563	167	53	267	2719826
13735	4573	266	53	267	2719836
13735	4581	339	53	267	2719846
13724	4581	408	53	267	2719856
13724	4591	462	53	266	2719866
13715	4591	566	53	265.2	2719916
13724	4591	626	53	265	2719926
13734	4577	637	53	265	2719936
13751	4561	660	53	265	2719946
13774	4540	667	53	265	2719956
13798	4512	671	53	265	2719966
13819	4474	676	54	265	2719976
13832	4432	681	54	265	2719986
13832	4386	687	54	265	2719996
13832	4339	690	54	265	2720006
13832	4297	694	54	265	2720016
13818	4259	696	54	265	2720026
13808	4229	695	55	264	2720036
13799	4206	692	55	264	2720046
13792	4191	687	55	264	2720056
13792	4184	444	55.6667	264.667	2720116
27
13739	4590	76	53	267	2720388
13721	4590	117	53	267	2720398
13714	4597	235	53	267	2720418
13708	4597	339	53	267	2720428
13708	4605	435	52.5	267	2720448
13708	4613	495	52	266	2720458
13718	4613	529	52	266	2720468
13728	4613	556	52	265	2720478
13746	4613	575	52	265	2720488
13771	4604	595	53	265	2720498
13809	4593	600	53	265	2720508
13857	4577	602	53	265	2720518
13913	4558	606	53	265	2720528
13971	4532	612	53	265	2720538
14024	4503	620	53	265	2720548
14069	4475	628	53	265	2720558
14102	4447	633	53	265	2720568
14126	4423	634	54	265	2720578
14141	4404	636	54	265	2720588
14151	4386	640	54	265	2720598
14159	4370	638	54	265	2720608
14159	4357	633	55	263	2720618
14169	4347	626	55	263	2720628
14169	4340	618	55	261	2720638
14175	4340	565	55	261	2720668
14183	4340	372	55	261	2720678
14183	4351	0	55	261	2720698
21
13812	4188	1	55	264	2720916
13785	4180	128	55	264	2720926
13778	4169	263	55	266	2720946
13770	4163	464	55.8	267	2720996
13770	4156	590	56	267	2721006
13785	4156	612	56	267	2721016
13804	4156	637	56	267	2721026
13834	4156	648	56	267	2721036
13874	4174	660	56	267	2721046
13920	4192	663	56	267	2721056
13969	4214	674	56	267	2721066
14016	4239	679	56	267	2721076
14058	4266	679	56	267	2721086
14095	4293	682	56	266	2721096
14127	4319	687	56	266	2721106
14151	4342	687	56	264	2721116
14170	4360	681	56	264	2721126
14181	4371	679	56	264	2721136
14181	4378	668	56	264	2721146
14189	4378	550	56	262.75	2721186
14197	4378	41	56	261	2721206
19
13651	5285	19	52	267	2722444
13645	5285	78	52	267	2722464
13633	5285	162	53	267	2722484
13624	5285	398	53	267	2722554
13631	5285	576	53	267	2722584
13643	5279	631	53	266	2722594
13655	5279	638	53	266	2722604
13671	5263	650	53	265	2722614
13689	5249	652	53	265	2722624
13708	5228	662	53	265	2722634
13723	5199	663	53	265	2722644
13733	5165	665	53	265	2722654
13740	5123	670	53	265	2722664
13740	5077	670	53	266	2722674
13740	5033	670	53	266	2722684
13740	4992	664	53	267	2722694
13733	4960	640	53	267	2722704
13733	4934	569	53	267	2722714
13725	4914	192	53.5	267	2722734
18
13696	4516	30	57	270	2723244
13696	4526	74	56.5	270	2723264
13696	4533	141	56	270	2723274
13689	4533	188	56	270	2723284
13689	4540	295	56	270	2723304
13680	4540	408	56	270	2723314
13680	4547	502	56	270	2723354
13680	4535	561	56	270	2723364
13689	4519	595	56	270	2723374
13700	4497	616	56	270	2723384
13713	4467	630	56	270	2723394
13728	4431	638	56	270	2723404
13740	4391	643	56	270	2723414
13746	4346	640	56	270	2723424
13746	4298	625	56	270	2723434
13737	4251	578	57	270	2723444
13721	4206	486	57	270	2723454
13695	4162	100	57	270	2723474
3
14245	4354	28	57	272.5	2724151
14253	4363	52	57	269.667	2724211
14246	4363	21	57	267	2724251
23
14245	4354	6	57	267	2724269
14246	4356	34	57	267	2724279
14237	4356	58	57	267	2724299
14226	4356	67	57	267	2724319
14215	4356	105	57	268.667	2724349
14208	4356	361	57	270	2724399
14208	4364	560	57	269.091	2724508
14233	4364	674	57	267	2724518
14269	4374	675	57	267	2724528
14326	4380	673	57	267	2724538
14404	4390	667	57	267	2724548
14494	4400	668	57	267	2724558
14590	4411	660	57	267	2724568
14682	4422	659	57	267	2724578
14762	4430	665	57	267	2724588
14826	4430	666	57	267	2724598
14869	4438	671	57	267	2724608
14896	4438	671	57	265	2724618
14914	4438	668	57	265	2724628
14927	4438	661	57	264	2724638
14937	4438	634	57	264	2724648
14944	4431	501	57	264	2724668
14951	4431	12	57	264	2724688
16
13388	3639	61	56	270	2725509
13367	3630	100	56	270	2725519
13356	3630	232	56	270	2725529
13346	3630	356	56	270	2725539
13337	3630	486	56	270	2725559
13330	3630	637	55	270	2725599
13342	3630	696	55	270	2725609
13360	3630	724	55	270	2725619
13397	3630	732	55	270	2725629
13449	3630	738	55	270	2725639
13512	3641	740	55	270	2725649
13574	3641	733	55	270	2725659
13620	3650	731	55	270	2725669
13654	3650	721	55	270	2725679
13674	3650	689	55	270	2725689
13683	3650	362	55	268	2725729
19
13402	3504	40	56	269	2725817
13310	3468	373	56	269	2725827
13274	3460	420	56	270	2725837
13250	3460	539	57	270	2725847
13240	3460	581	57	270	2725857
13249	3460	634	57	270	2725867
13275	3460	656	57	270	2725877
13314	3471	695	58	270	2725887
13364	3480	708	58	270	2725897
13417	3490	722	58	270	2725907
13472	3499	721	58	270	2725917
13527	3507	721	58	270	2725927
13578	3514	712	58	270	2725937
13624	3514	701	58	268	2725947
13659	3521	678	58	268	2725957
13683	3521	632	59	267	2725967
13698	3521	572	59	267	2725977
13707	3521	488	59	267	2725987
13713	3521	159	59	267	2726007
18
13662	3794	288	55	267	2726173
13652	3801	344	55	267	2726183
13652	3809	437	55	267	2726193
13652	3816	488	54	267	2726203
13652	3829	527	54	266	2726223
13663	3815	564	54	265	2726233
13677	3798	594	54	265	2726243
13696	3773	612	54	265	2726253
13718	3737	629	53	265	2726263
13738	3692	642	53	265	2726273
13755	3639	651	54	265	2726283
13764	3580	652	54	265	2726293
13764	3522	655	54	265	2726303
13756	3470	653	55	264	2726313
13742	3430	646	55	264	2726323
13729	3402	625	55	264	2726333
13717	3387	578	56	264	2726343
13709	3387	218	56.3333	264	2726373
18
13861	3806	184	55	264	2726529
13852	3821	285	55	264	2726539
13844	3827	365	55	264	2726549
13844	3834	454	54	265	2726569
13854	3834	512	54	265	2726579
13867	3821	545	54	263	2726589
13883	3798	578	54	263	2726599
13901	3766	603	54	262	2726609
13920	3725	632	54	262	2726619
13933	3676	641	54	262	2726629
13940	3623	651	54	262	2726639
13940	3565	655	54	262	2726649
13940	3507	656	55	261	2726659
13927	3456	657	55	261	2726669
13917	3412	653	55	261	2726679
13907	3382	643	56	261	2726689
13899	3362	608	56	261	2726699
13892	3350	312	56.6667	261	2726729
19
13861	3815	83	55	264	2726945
13845	3815	155	54.5	264.5	2726965
13845	3823	408	54	265	2727045
13857	3823	553	54	265	2727055
13872	3823	557	54	265	2727065
13897	3812	567	54	265	2727075
13932	3803	570	54	265	2727085
13979	3792	577	54	263	2727095
14037	3775	577	54	263	2727105
14100	3755	579	54	262	2727115
14163	3733	582	54	262	2727125
14220	3706	588	54	262	2727135
14265	3679	596	54	262	2727145
14296	3652	607	54	262	2727155
14316	3625	610	54	262	2727165
14329	3601	610	54	262	2727175
14337	3582	607	54	260	2727185
14337	3569	592	54	260	2727195
14344	3560	332	53.75	259	2727235
20
13946	3380	24	57	264	2727393
13903	3354	232	57	264	2727403
13888	3345	328	57	264	2727413
13878	3345	401	57	264	2727423
13878	3334	460	58	264	2727443
13897	3326	527	58	264	2727453
13923	3326	581	59	263	2727463
13960	3326	613	59	263	2727473
14006	3338	648	59	263	2727483
14058	3355	656	59	263	2727493
14115	3376	664	59	263	2727503
14175	3403	666	60	263	2727513
14231	3433	663	60	263	2727523
14280	3466	663	60	261	2727533
14322	3502	668	60	261	2727543
14353	3537	671	60	260	2727553
14375	3569	667	60	260	2727563
14389	3596	663	59	260	2727573
14398	3613	647	59	260	2727583
14398	3622	352	57.5	257.5	2727623
21
14367	3601	91	57	264	2727889
14346	3595	157	57	264	2727899
14338	3595	271	57	263	2727919
14329	3595	472	57	261.25	2727959
14338	3595	615	57	261	2727969
14338	3603	657	57	261	2727979
14355	3603	666	57	261	2727989
14377	3612	692	57	261	2727999
14415	3612	698	57	261	2728009
14466	3624	708	57	261	2728019
14532	3632	716	57	259	2728029
14604	3642	714	57	259	2728039
14676	3651	728	55	258	2728049
14741	3658	732	55	258	2728059
14794	3658	734	55	258	2728069
14833	3665	733	55	258	2728079
14859	3665	734	55	258	2728089
14878	3665	734	55	258	2728099
14890	3665	733	55	258	2728109
14899	3665	730	55	257	2728129
14908	3665	485	55	255	2728189
18
13317	2857	92	57	268	2729557
13293	2849	143	57	268	2729567
13281	2849	260	57	267	2729577
13273	2849	388	57	267	2729597
13266	2849	562	57	267	2729617
13276	2849	655	57	265	2729627
13293	2849	674	57	265	2729637
13320	2849	694	56	264	2729647
13359	2860	697	56	264	2729657
13407	2860	702	56	264	2729667
13459	2868	701	56	264	2729677
13513	2868	699	56	263	2729687
13561	2876	693	56	263	2729697
13605	2876	687	56	261	2729707
13636	2876	677	56	261	2729717
13656	2882	648	56	261	2729727
13665	2882	470	56	261	2729757
13655	2882	4	56	261	2729777
17
13345	2762	404	57	264	2729853
13276	2741	416	57	264	2729863
13252	2741	506	57	264	2729873
13238	2741	603	57	264	2729903
13263	2741	637	57	264	2729913
13302	2741	670	57	264	2729923
13350	2750	694	57	264	2729933
13402	2757	707	57	264	2729943
13452	2763	711	57	264	2729953
13498	2763	714	57	264	2729963
13539	2773	705	57	264	2729973
13575	2773	700	57	264	2729983
13602	2779	683	57	262	2729993
13622	2779	660	57	262	2730003
13635	2779	619	57	261	2730013
13645	2779	492	57	261	2730033
13651	2779	91	57	261	2730053
22
13679	3025	279	57	264	2730229
13665	3044	327	57	262	2730239
13657	3052	422	57	262	2730249
13650	3059	491	56	261	2730269
13643	3066	571	56	261	2730299
13654	3058	657	56	261	2730309
13665	3048	677	56	261	2730319
13678	3032	695	56	260	2730329
13696	3010	701	56	260	2730339
13717	2981	702	55	258	2730349
13739	2945	704	55	258	2730359
13757	2906	704	55	258	2730369
13768	2864	705	56	258	2730379
13768	2820	704	56	258	2730389
13768	2781	704	56	258	2730399
13752	2745	703	56	258	2730409
13734	2715	702	56	258	2730419
13714	2691	691	56	258	2730429
13695	2674	667	56	258	2730439
13682	2665	624	56	258	2730449
13674	2665	518	56	258	2730469
13674	2671	105	56.5	258.5	2730489
22
13843	3047	128	56	258	2730725
13829	3062	188	55	258	2730735
13821	3062	281	55	258	2730745
13814	3074	364	55	258	2730765
13805	3082	500	55	257.857	2730835
13812	3074	590	55	257	2730845
13819	3064	619	55	255	2730855
13831	3048	620	55	255	2730865
13850	3024	634	55	255	2730875
13874	2992	638	55	255	2730885
13898	2953	647	55	255	2730895
13920	2911	650	56	255	2730905
13934	2869	655	56	255	2730915
13940	2828	658	56	255	2730925
13940	2789	658	56	255	2730935
13924	2753	656	56	255	2730945
13905	2719	653	56	255	2730955
13879	2686	646	56	255	2730965
13852	2658	624	56	255	2730975
13827	2634	582	56	255	2730985
13808	2615	528	56	255	2730995
13797	2606	258	56	255	2731025
22
13842	3042	19	56	255	2731253
13810	3042	182	55	255	2731263
13800	3048	305	55	255	2731283
13800	3058	452	55	255	2731303
13810	3066	549	55	255	2731313
13823	3066	576	55	255	2731323
13843	3066	610	55	255	2731333
13869	3066	615	55	255	2731343
13907	3059	625	55	255	2731353
13955	3047	630	55	255	2731363
14008	3029	636	55	255	2731373
14064	3003	636	55	255	2731383
14117	2974	639	56	255	2731393
14164	2943	638	56	255	2731403
14202	2912	639	56	255	2731413
14228	2884	637	56	255	2731423
14245	2858	637	56	255	2731433
14254	2836	634	56	253	2731443
14261	2817	630	56	253	2731453
14267	2800	607	56	252	2731463
14267	2789	574	56	252	2731473
14275	2781	254	56	252	2731513
20
13780	2662	135	57	256	2731697
13754	2645	220	57	257	2731707
13744	2645	304	57	257	2731717
13744	2636	441	57.6667	258.333	2731747
13763	2636	546	58	260	2731757
13786	2636	594	58	260	2731767
13815	2636	598	58	260	2731777
13853	2650	622	58	260	2731787
13897	2660	624	58	260	2731797
13947	2672	629	58	260	2731807
14002	2686	627	58	260	2731817
14058	2701	628	58	259	2731827
14112	2720	634	58	259	2731837
14158	2743	633	57	257	2731847
14194	2767	647	57	257	2731857
14222	2794	641	57	257	2731867
14242	2822	641	57	256	2731877
14255	2848	638	57	256	2731887
14262	2867	623	57	254	2731897
14262	2880	347	57	253.5	2731937
20
14284	2837	192	57.5	258	2732223
14291	2837	518	57	256	2732243
14305	2846	637	57	254	2732253
14319	2846	689	57	254	2732263
14341	2846	721	57	253	2732273
14373	2853	744	57	253	2732283
14413	2853	762	57	251	2732293
14458	2861	771	57	251	2732303
14512	2867	777	57	251	2732313
14572	2875	785	57	251	2732323
14633	2875	779	57	251	2732333
14695	2889	777	57	251	2732343
14746	2896	778	57	251	2732353
14786	2896	777	57	251	2732363
14818	2908	777	57	251	2732373
14841	2908	771	56	250	2732383
14860	2908	755	56	250	2732393
14876	2908	722	56	248	2732403
14888	2908	652	56	248	2732413
14897	2908	216	57	247	2732443
16
15667	6078	152	55	264	2733873
15649	6078	242	55	264	2733883
15640	6078	381	55	264	2733893
15631	6085	477	55	264	2733903
15625	6085	646	55	263.8	2733953
15635	6085	727	56	263	2733963
15655	6085	734	56	261	2733973
15688	6085	738	56	261	2733983
15733	6091	741	56	261	2733993
15788	6091	741	56	261	2734003
15843	6091	742	56	261	2734013
15895	6100	747	56	261	2734023
15935	6100	743	56	261	2734033
15964	6109	735	56	261	2734043
15982	6109	715	56	261	2734053
15991	6109	384	56	261	2734103
18
15682	6005	340	56	264	2734189
15627	5997	392	56	264	2734199
15610	5990	488	56	264	2734209
15602	5990	576	56	264	2734239
15618	5983	675	56	264	2734249
15638	5983	711	56	264	2734259
15664	5983	729	56	264	2734269
15698	5992	742	56	264	2734279
15736	5992	747	56	264	2734289
15779	6002	748	56	264	2734299
15824	6002	750	57	264	2734309
15869	6010	750	57	264	2734319
15911	6010	745	57	264	2734329
15948	6016	739	57	264	2734339
15976	6016	727	57	264	2734349
15995	6016	708	57	264	2734359
16006	6016	673	57	262	2734369
16006	6023	321	57	261.25	2734409
20
15990	6238	350	54	262	2734589
15964	6248	348	54	262	2734599
15957	6255	436	54	262	2734609
15957	6264	504	55	261	2734619
15948	6264	566	55	261	2734649
15955	6250	619	55	261	2734659
15965	6234	656	55	261	2734669
15980	6213	673	56	261	2734679
16000	6188	694	56	261	2734689
16023	6158	704	56	261	2734699
16044	6123	709	56	261	2734709
16061	6085	709	56	261	2734719
16069	6043	709	57	261	2734729
16069	6003	710	57	261	2734739
16061	5965	708	57	261	2734749
16043	5932	702	57	261	2734759
16020	5905	689	57	261	2734769
15995	5884	659	57	261	2734779
15975	5871	596	57	261	2734789
15960	5863	264	57	261	2734819
22
16230	6268	13	55	261	2735093
16203	6274	59	55	260	2735103
16192	6283	134	55	260	2735113
16185	6283	231	54	259	2735123
16185	6294	309	55	258	2735133
16176	6294	435	55	258	2735163
16176	6284	536	55	258	2735173
16176	6268	568	55	258	2735183
16190	6245	626	55	258	2735193
16209	6217	649	55	258	2735203
16234	6186	673	56	258	2735213
16258	6151	691	56	258	2735223
16276	6113	702	56	258	2735233
16286	6073	711	56	258	2735243
16286	6028	720	56	258	2735253
16273	5983	721	56	258	2735263
16251	5941	714	56	258	2735273
16223	5903	705	56	258	2735283
16193	5872	681	56	258	2735293
16165	5848	642	56	258	2735303
16144	5833	570	56	258	2735313
16130	5825	148	56.3333	257.667	2735343
23
16260	6233	112	55	261	2735549
16222	6243	97	55	261	2735559
16203	6243	135	55	261	2735569
16189	6243	191	56	261	2735579
16179	6253	236	56	260	2735589
16172	6253	368	55.25	258.5	2735629
16179	6253	516	55	258	2735649
16194	6253	551	55	258	2735659
16214	6246	567	56	258	2735669
16243	6233	591	56	258	2735679
16283	6212	614	56	258	2735689
16331	6183	632	56	258	2735699
16380	6151	653	56	258	2735709
16432	6117	669	56	258	2735719
16480	6084	685	56	258	2735729
16522	6054	697	56	258	2735739
16555	6028	697	56	258	2735749
16576	6006	697	56	256	2735759
16590	5988	696	56	256	2735769
16590	5975	688	56	255	2735779
16598	5967	666	56	255	2735789
16598	5960	542	57	254	2735809
16598	5953	62	57	254	2735829
19
16142	5809	160	58	264	2735985
16110	5789	278	58	264	2736005
16110	5783	455	58	264	2736025
16125	5783	522	58	264	2736035
16144	5783	572	58	264	2736045
16172	5783	623	58	264	2736055
16209	5790	638	59	263	2736065
16251	5799	650	59	263	2736075
16296	5809	664	59	262	2736085
16343	5823	671	59	262	2736095
16390	5842	674	59	260	2736105
16434	5863	678	59	260	2736115
16472	5889	682	59	260	2736125
16504	5917	679	59	260	2736135
16530	5945	679	59	260	2736145
16549	5972	675	59	260	2736155
16562	5992	671	58	258	2736165
16570	6005	643	58	258	2736175
16570	6013	244	58	257	2736215
19
16542	6015	191	58	260	2736453
16521	6015	237	58	260	2736463
16515	6015	436	58.3333	260	2736493
16523	6022	556	59	260	2736503
16541	6022	652	59	260	2736513
16568	6022	671	59	260	2736523
16607	6028	700	59	260	2736533
16656	6028	732	59	260	2736543
16710	6037	736	59	260	2736553
16770	6037	743	59	260	2736563
16829	6047	747	58	258	2736573
16884	6047	749	58	258	2736583
16935	6057	758	58	257	2736593
16978	6057	759	58	257	2736603
17012	6067	755	58	257	2736613
17039	6067	747	59	256	2736623
17056	6077	728	59	256	2736633
17069	6077	675	59	256	2736643
17075	6077	242	59	256	2736673
19
15501	5266	117	55	270	2737257
15474	5258	208	55	270	2737267
15463	5258	325	55	270	2737277
15456	5258	417	55	270	2737287
15456	5264	548	55	270	2737317
15471	5264	636	55	270	2737327
15492	5272	677	55	270	2737337
15524	5272	690	55	270	2737347
15570	5280	698	55	270	2737357
15624	5280	705	55	269	2737367
15682	5287	709	55	269	2737377
15744	5287	709	55	267	2737387
15801	5287	710	55	267	2737397
15851	5294	705	56	267	2737407
15890	5294	702	56	267	2737417
15917	5302	693	56	267	2737427
15931	5302	668	56	267	2737437
15939	5302	481	56	266.667	2737467
15921	5302	53	56	265	2737487
19
15653	5213	286	56	267	2737553
15577	5195	368	56	267	2737563
15549	5195	457	56	267	2737573
15530	5195	514	56	267	2737583
15521	5195	567	56	267	2737603
15528	5189	633	56	267	2737613
15544	5189	686	56	267	2737623
15571	5189	699	56	267	2737633
15611	5189	708	56	267	2737643
15660	5196	710	56	267	2737653
15715	5196	712	56	267	2737663
15771	5205	712	56	267	2737673
15823	5205	709	56	267	2737683
15869	5205	709	56	267	2737693
15904	5212	695	56	266	2737703
15930	5212	682	56	266	2737713
15947	5212	648	56	264	2737723
15956	5212	546	56	264	2737743
15964	5212	159	56	264	2737763
26
15930	5397	59	54	265	2738041
15920	5405	119	55	264	2738061
15909	5415	211	55	264	2738071
15902	5415	247	55	264	2738081
15895	5426	321	55	264	2738101
15882	5434	398	55	264	2738111
15875	5434	448	55	264	2738121
15875	5441	486	55	264	2738131
15867	5441	525	55	264	2738141
15867	5447	578	55	264	2738171
15878	5447	613	55	264	2738181
15889	5438	626	55	264	2738191
15905	5426	645	55	264	2738201
15924	5405	653	55	264	2738211
15945	5379	661	55	264	2738221
15965	5346	668	55	264	2738231
15983	5307	674	56	264	2738241
15996	5267	678	56	264	2738251
16005	5225	681	56	264	2738261
16005	5188	682	56	263	2738271
16005	5155	687	56	263	2738281
16005	5127	686	56	261	2738291
16005	5106	682	56	261	2738301
15997	5090	672	56	261	2738311
15997	5080	646	56	263	2738321
15990	5073	368	56	263.75	2738361
21
16104	5433	43	55	261	2738625
16095	5445	143	55	261	2738645
16086	5457	286	55	261	2738665
16080	5467	486	55	261	2738725
16092	5452	591	55	261	2738735
16101	5434	604	55	261	2738745
16115	5411	620	55	261	2738755
16133	5381	634	55	261	2738765
16151	5346	644	56	261	2738775
16169	5306	654	56	261	2738785
16184	5262	667	56	261	2738795
16192	5218	677	56	261	2738805
16192	5176	684	56	261	2738815
16192	5139	689	56	261	2738825
16182	5107	690	56	261	2738835
16170	5079	691	56	261	2738845
16158	5055	689	56	261	2738855
16148	5038	686	57	261	2738865
16140	5025	667	57	261	2738885
16140	5019	575	57	261	2738905
16140	5032	198	57	261	2738925
24
16104	5443	100	54	265	2739189
16094	5449	135	54	265	2739199
16082	5458	222	54	265	2739209
16082	5466	295	55	263	2739219
16072	5466	326	55	263	2739229
16072	5475	375	55	263	2739239
16062	5475	427	55	263	2739249
16062	5482	524	55	264	2739289
16083	5482	582	55	264	2739299
16111	5482	590	55	264	2739309
16151	5482	596	55	264	2739319
16198	5469	603	55	264	2739329
16248	5453	603	55	264	2739339
16301	5430	612	55	263	2739349
16351	5403	615	56	263	2739359
16398	5373	623	56	261	2739369
16439	5343	633	56	261	2739379
16470	5314	642	56	261	2739389
16495	5289	646	56	261	2739399
16512	5267	652	56	261	2739409
16525	5249	652	56	260	2739419
16534	5236	646	56	260	2739429
16534	5228	628	56	258	2739439
16545	5228	358	56	258	2739479
19
16163	5014	131	57	265	2739657
16152	4996	241	57	265	2739667
16143	4996	478	57.8	266.6	2739717
16161	4996	631	58	265	2739727
16182	4996	654	58	264	2739737
16213	5005	677	59	263	2739747
16252	5014	690	59	263	2739757
16297	5025	698	59	263	2739767
16343	5040	700	59	263	2739777
16386	5058	703	59	263	2739787
16425	5081	703	59	262	2739797
16462	5108	697	59	262	2739807
16494	5138	702	59	260	2739817
16520	5169	703	59	260	2739827
16543	5199	702	58	260	2739837
16559	5224	699	58	260	2739847
16569	5243	694	58	260	2739857
16575	5254	641	58	259.5	2739877
16575	5262	202	57.3333	257.667	2739907
21
16541	5242	126	56	264	2740181
16534	5242	172	56	264	2740191
16534	5249	286	57	264	2740201
16527	5249	372	57	262	2740211
16527	5256	465	57	261.5	2740231
16533	5256	534	57	261	2740241
16551	5263	586	57	261	2740251
16581	5263	606	57	261	2740261
16624	5270	618	57	261	2740271
16677	5270	633	57	261	2740281
16735	5279	636	58	260	2740291
16797	5279	640	58	260	2740301
16857	5279	641	58	260	2740311
16914	5286	636	58	260	2740321
16966	5286	636	58	259	2740331
17014	5286	632	58	259	2740341
17057	5286	628	57	257	2740351
17096	5286	614	57	257	2740361
17129	5286	587	57	257	2740371
17156	5286	532	57	257	2740381
17175	5286	188	57	256.5	2740401
17
15524	4469	22	55	270	2740977
15513	4460	65	56	270	2740987
15501	4460	124	56	270	2740997
15495	4460	267	56	270	2741017
15483	4460	507	56.4	270	2741067
15495	4460	646	57	270	2741077
15515	4460	660	57	270	2741087
15548	4467	673	57	268	2741097
15593	4474	678	57	268	2741107
15648	4483	680	57	267	2741117
15707	4491	679	57	267	2741127
15765	4491	679	57	267	2741137
15813	4499	674	57	267	2741147
15851	4499	671	57	267	2741157
15876	4499	647	57	267	2741167
15891	4499	611	57	267	2741177
15900	4499	307	57	266	2741217
18
15580	4369	228	56	267	2741313
15525	4347	282	56	267	2741323
15510	4347	394	56	267	2741333
15501	4339	543	56	267	2741373
15518	4339	657	56	267	2741383
15538	4339	668	57	267	2741393
15566	4349	686	57	267	2741403
15603	4349	692	57	267	2741413
15649	4357	697	57	267	2741423
15702	4357	700	57	267	2741433
15755	4357	697	57	267	2741443
15809	4357	694	57	267	2741453
15859	4357	688	57	267	2741463
15899	4357	687	57	265	2741473
15929	4357	682	57	265	2741483
15947	4357	674	57	264	2741493
15956	4357	617	57	264	2741523
15963	4357	215	57	264	2741553
24
15875	4619	133	54	263	2741797
15851	4636	163	55	264	2741807
15840	4644	259	55	264	2741817
15832	4650	363	55	264	2741827
15832	4658	437	55	264	2741837
15823	4658	510	55	264	2741847
15823	4666	596	55	264	2741887
15834	4666	636	54	265	2741897
15844	4653	652	54	265	2741907
15859	4637	666	54	265	2741917
15881	4614	674	54	265	2741927
15908	4582	682	54	265	2741937
15939	4541	683	54	265	2741947
15971	4494	688	54	263	2741957
15996	4445	689	55	263	2741967
16012	4397	689	55	261	2741977
16012	4351	691	55	261	2741987
16012	4310	689	55	261	2741997
15998	4272	687	56	261	2742007
15981	4235	679	56	261	2742017
15963	4207	657	56	261	2742027
15947	4184	617	57	261	2742037
15938	4169	492	57	261	2742057
15930	4169	4	57.5	260.5	2742077
19
16084	4602	213	53	259	2742393
16068	4621	236	54	260	2742403
16068	4630	315	54	260	2742413
16068	4636	405	55	261	2742443
16068	4628	480	55	261	2742453
16078	4613	527	54	262	2742463
16089	4588	545	54	262	2742473
16102	4554	561	54	262	2742483
16118	4509	574	55	261	2742493
16134	4459	583	55	261	2742503
16145	4406	590	55	261	2742513
16145	4353	592	55	261	2742523
16145	4304	594	55	261	2742533
16133	4261	595	56	261	2742543
16118	4225	589	56	261	2742553
16102	4195	566	56	261	2742563
16088	4174	521	56	261	2742573
16076	4160	425	57	261	2742583
16066	4153	90	57	261	2742603
22
16080	4576	54	53	262	2742809
16066	4587	71	53	262	2742819
16066	4596	136	54	262	2742829
16060	4596	186	54	262	2742839
16060	4606	291	54.5	261.5	2742859
16060	4616	442	55	261	2742879
16066	4616	524	55	261	2742899
16082	4616	553	55	261	2742909
16105	4616	560	55	261	2742919
16141	4607	567	55	261	2742929
16192	4596	576	55	261	2742939
16251	4576	588	55	261	2742949
16313	4551	597	55	261	2742959
16373	4514	606	55	261	2742969
16425	4477	611	55	261	2742979
16468	4441	615	55	261	2742989
16500	4412	618	55	261	2742999
16522	4390	618	56	260	2743009
16536	4372	613	56	260	2743019
16545	4361	600	55	258	2743029
16545	4353	573	55	258	2743039
16554	4353	292	56	258	2743069
20
16073	4131	58	57	264	2743245
16065	4109	224	57	264	2743255
16057	4101	352	58	264	2743275
16057	4111	482	58	264	2743295
16070	4111	564	59	263	2743305
16089	4111	590	59	263	2743315
16120	4111	608	59	263	2743325
16162	4126	640	59	263	2743335
16213	4139	651	59	263	2743345
16269	4155	652	59	263	2743355
16326	4173	653	59	263	2743365
16382	4194	660	59	262	2743375
16433	4218	662	59	262	2743385
16476	4244	670	59	260	2743395
16508	4270	674	59	260	2743405
16530	4293	672	59	260	2743415
16545	4315	668	59	260	2743425
16553	4332	660	59	260	2743435
16553	4343	640	58	258	2743445
16553	4349	344	58	257.25	2743485
19
16619	4340	269	56	261	2743681
16592	4347	354	57	261	2743691
16583	4347	515	57	261	2743711
16583	4353	581	57	261	2743721
16602	4353	606	57	261	2743731
16634	4363	638	58	259	2743741
16677	4370	650	58	259	2743751
16730	4380	663	57	257	2743761
16787	4390	680	57	257	2743771
16845	4399	685	57	257	2743781
16905	4406	687	57	257	2743791
16965	4406	688	57	257	2743801
17025	4414	687	57	256	2743811
17083	4414	688	58	255	2743821
17134	4414	684	58	254	2743831
17179	4414	680	58	254	2743841
17210	4414	661	58	254	2743851
17229	4414	626	58	254	2743861
17236	4414	307	58	253.333	2743891
18
15437	3611	133	56	264	2744425
15399	3617	246	56	264	2744435
15387	3617	451	55.5	264	2744455
15387	3627	608	55	264	2744475
15398	3633	660	55	264	2744485
15420	3633	682	55	264	2744495
15451	3633	694	55	264	2744505
15494	3633	705	55	264	2744515
15541	3633	710	55	264	2744525
15588	3640	711	55	263	2744535
15637	3640	710	54	263	2744545
15685	3640	705	54	262	2744555
15731	3647	699	54	262	2744565
15775	3647	688	54	262	2744575
15808	3659	673	54	262	2744585
15829	3659	641	54	262	2744595
15840	3665	516	54	262	2744615
15834	3665	97	54	262	2744635
17
15527	3552	389	55	263	2744713
15469	3538	425	56	263	2744723
15453	3538	531	56	264	2744733
15446	3538	605	56	264	2744753
15459	3538	653	57	264	2744763
15481	3538	672	57	264	2744773
15514	3538	689	57	264	2744783
15555	3538	702	57	264	2744793
15597	3538	709	58	264	2744803
15637	3538	710	58	264	2744813
15674	3545	706	58	262	2744823
15706	3545	696	58	262	2744833
15731	3545	675	58	260	2744843
15750	3545	633	58	260	2744853
15763	3552	560	58	260	2744863
15770	3552	409	58	260	2744873
15777	3552	20	58	260	2744893
21
15782	3774	179	54	262	2745113
15771	3784	280	54	262	2745123
15771	3801	377	54	262	2745133
15763	3810	480	54	262	2745153
15763	3821	559	54	262	2745183
15770	3821	602	54	262	2745193
15779	3806	619	54	260	2745203
15794	3789	631	54	260	2745213
15812	3764	650	53	259	2745223
15834	3733	661	53	259	2745233
15854	3690	668	53	259	2745243
15869	3641	674	53	259	2745253
15875	3583	677	53	259	2745263
15875	3524	686	53	259	2745273
15866	3469	690	54	259	2745283
15852	3421	696	54	259	2745293
15835	3384	693	54	259	2745303
15819	3357	687	55	258	2745313
15804	3338	659	55	258	2745323
15792	3327	615	56	258	2745333
15784	3327	321	57	258.5	2745373
9
15851	3773	17	54	259	2745609
15841	3773	32	54	259	2745619
15830	3780	66	53	259	2745629
15823	3792	97	53	259	2745639
15815	3792	133	53	259	2745649
15807	3792	181	53	259	2745659
15799	3798	215	54	260	2745669
15793	3798	257	54	261	2745689
15784	3798	238	53.5	262	2745849
18
15851	3773	304	53	262	2746129
15923	3803	411	53	260.333	2746159
15933	3803	489	53	259	2746169
15945	3796	525	53	259	2746179
15962	3786	545	53	259	2746189
15985	3771	577	53	259	2746199
16007	3749	605	53	259	2746209
16030	3717	629	53	259	2746219
16048	3677	650	53	259	2746229
16058	3628	659	53	259	2746239
16058	3569	668	53	259	2746249
16058	3512	672	54	259	2746259
16040	3456	671	54	259	2746269
16024	3409	671	54	259	2746279
16009	3372	660	55	258	2746289
15997	3344	627	55	258	2746299
15989	3325	587	55	258	2746309
15989	3316	298	56.3333	257.667	2746339
23
15989	3798	85	54	259	2746561
15978	3808	170	54	259	2746571
15978	3827	277	54	259	2746581
15968	3827	336	53	259	2746591
15960	3827	398	53	259	2746611
15949	3827	486	53	259	2746661
15959	3821	560	53	259	2746671
15975	3813	567	53	259	2746681
16000	3802	575	53	259	2746691
16036	3787	575	53	259	2746701
16080	3769	580	53	259	2746711
16127	3745	582	53	259	2746721
16178	3717	585	53	259	2746731
16226	3685	590	53	259	2746741
16266	3650	597	53	259	2746751
16296	3614	606	53	259	2746761
16315	3580	615	54	259	2746771
16324	3545	621	54	257	2746781
16324	3514	623	54	257	2746791
16331	3487	620	55	255	2746801
16331	3466	612	55	255	2746811
16331	3453	589	55	255	2746821
16337	3446	333	56.25	254.75	2746861
17
16037	3337	246	57	261	2747057
15999	3317	285	57	261	2747067
15985	3310	396	58	260	2747077
15975	3310	458	58	260	2747087
15975	3301	536	58.5	260	2747107
15985	3301	618	59	260	2747117
16005	3301	645	58	258	2747127
16036	3311	670	59	258	2747137
16079	3328	681	59	258	2747147
16128	3348	683	59	258	2747157
16185	3374	690	59	258	2747167
16238	3401	689	59	258	2747177
16288	3429	697	59	258	2747187
16330	3456	692	59	256	2747197
16360	3479	696	59	256	2747207
16379	3496	691	59	256	2747217
16388	3508	431	59	255	2747267
22
16373	3509	229	57	261	2747533
16357	3509	248	57	261	2747543
16350	3509	375	58	260	2747553
16342	3509	443	58	260	2747563
16342	3520	495	58	260	2747573
16333	3520	565	58	259	2747593
16333	3527	614	58	258	2747603
16350	3527	637	58	257	2747613
16378	3538	683	58	257	2747623
16422	3548	707	58	257	2747633
16483	3560	721	58	257	2747643
16556	3571	730	58	257	2747653
16637	3583	731	58	257	2747663
16722	3591	732	58	257	2747673
16806	3598	732	58	257	2747683
16885	3598	731	58	255	2747693
16950	3605	726	57	256	2747703
17002	3605	714	57	254	2747713
17042	3614	696	57	254	2747723
17071	3614	659	57	254	2747733
17091	3620	563	57	254	2747743
17103	3620	149	57	254	2747763
13
15409	2872	302	56	267	2748373
15401	2872	397	56	267	2748383
15394	2879	515	56	267	2748393
15394	2894	583	56	267	2748413
15411	2894	623	56	267	2748423
15437	2902	637	56	267	2748433
15474	2902	646	56	267	2748443
15517	2902	652	56	267	2748453
15565	2902	651	56	267	2748463
15611	2909	632	56	266	2748473
15653	2909	602	56	266	2748483
15686	2909	543	56	264	2748493
15705	2909	193	56	264	2748523
12
15451	2818	399	56	266	2748601
15406	2798	437	56	266	2748611
15390	2798	537	56	267	2748621
15383	2798	583	56	267	2748641
15398	2791	628	56	267	2748651
15423	2791	646	56	267	2748661
15460	2791	650	56	267	2748671
15502	2791	652	56	267	2748681
15547	2798	639	56	267	2748691
15589	2804	601	56	267	2748701
15623	2804	526	56	267	2748711
15650	2813	174	56	267	2748731
19
15827	3020	124	56	261	2748909
15795	3039	327	56	261	2748919
15780	3048	424	56	261	2748929
15766	3055	514	56	261	2748939
15757	3055	557	56	261	2748969
15757	3044	590	56	261	2748979
15764	3028	621	56	261	2748989
15777	3004	641	56	261	2748999
15794	2973	653	56	261	2749009
15812	2933	660	56	261	2749019
15830	2884	669	56	261	2749029
15841	2832	667	56	261	2749039
15841	2777	667	56	261	2749049
15834	2725	666	56	261	2749059
15817	2680	659	56	261	2749069
15796	2644	652	57	261	2749079
15777	2619	629	57	261	2749089
15760	2605	591	57	261	2749099
15750	2605	286	57	261	2749129
20
15903	3040	109	56	261	2750061
15911	3040	327	56	261	2750091
15911	3047	434	56	261	2750101
15918	3047	455	56	261	2750111
15925	3038	494	57	261	2750121
15936	3025	515	57	261	2750131
15948	3006	537	57	261	2750141
15962	2979	567	57	261	2750151
15976	2946	607	57	261	2750161
15987	2905	627	57	261	2750171
15987	2857	645	57	261	2750181
15987	2804	651	57	261	2750191
15987	2751	651	57	261	2750201
15977	2703	653	57	261	2750211
15970	2664	650	57	261	2750221
15970	2638	646	57	261	2750231
15959	2622	638	57	261	2750241
15959	2615	612	57	261	2750251
15952	2615	505	58	260	2750271
15952	2627	86	58	260	2750291
19
15951	3003	104	57	261	2750457
15942	3019	181	57	261	2750467
15942	3027	282	57	261	2750477
15930	3033	397	57	261	2750497
15930	3040	478	57	261	2750517
15944	3040	512	57	261	2750527
15963	3040	531	57	261	2750537
15992	3040	548	57	261	2750547
16028	3028	574	57	259	2750557
16069	3014	587	57	259	2750567
16117	2995	594	56	258	2750577
16170	2969	597	56	258	2750587
16221	2938	603	56	258	2750597
16268	2904	614	56	258	2750607
16306	2871	618	56	258	2750617
16335	2842	621	56	258	2750627
16356	2819	621	56	258	2750637
16369	2803	612	56	256	2750647
16377	2794	384	56	255.25	2750687
19
15969	2658	200	58	259	2750853
15938	2639	246	58	259	2750863
15930	2639	340	58	260	2750873
15930	2632	439	58	259.333	2750903
15945	2625	544	58	259	2750913
15964	2625	585	58	259	2750923
15991	2625	622	58	260	2750933
16027	2635	648	58	260	2750943
16068	2645	665	58	260	2750953
16114	2661	673	58	260	2750963
16162	2681	675	58	260	2750973
16206	2704	680	58	260	2750983
16248	2731	678	58	260	2750993
16284	2761	681	58	259	2751003
16314	2792	677	58	259	2751013
16336	2818	678	57	257	2751023
16351	2837	665	57	257	2751033
16362	2851	609	57	257	2751053
16370	2860	255	57	256.333	2751083
21
16343	2866	74	57	257	2751369
16350	2866	132	57	257	2751379
16359	2866	273	57	257	2751399
16369	2866	376	57	257	2751409
16369	2873	458	57	257	2751419
16377	2873	567	57	257	2751439
16386	2873	643	57	257	2751449
16395	2873	673	57	257	2751459
16415	2873	705	57	256	2751469
16444	2873	716	57	256	2751479
16486	2879	728	57	254	2751489
16540	2879	731	57	254	2751499
16599	2879	734	57	254	2751509
16661	2887	731	57	254	2751519
16725	2887	726	57	254	2751529
16785	2894	717	57	254	2751539
16838	2894	705	57	254	2751549
16884	2900	675	57	254	2751559
16920	2900	611	57	253	2751569
16949	2900	510	57	253	2751579
16972	2900	96	57	251	2751599
