71
21
19273	14797	123	58	270	2591820
19263	14797	189	58	270	2591830
19255	14797	420	58	270	2591890
19248	14797	698	58	266.273	2592000
19248	14790	845	57.4545	262	2592110
19258	14790	884	57	261	2592120
19273	14790	892	57	261	2592130
19293	14790	896	57	261	2592140
19324	14790	896	57	261	2592150
19360	14797	895	57	261	2592160
19397	14797	895	57	261	2592170
19436	14797	892	57	261	2592180
19470	14804	892	57	261	2592190
19498	14804	891	57	261	2592200
19521	14811	890	57	261	2592210
19542	14811	890	57	259	2592220
19557	14820	889	57	259	2592230
19575	14820	888	56	258	2592240
19590	14829	886	56	258	2592250
19601	14829	877	56	258	2592260
19608	14829	524	56.1667	258.167	2592320
14
19643	15005	504	59	267.053	2596080
19643	14992	703	59	267	2596090
19643	14977	713	59	267	2596100
19650	14954	727	59	267	2596110
19650	14922	740	59	265	2596120
19663	14882	752	59	265	2596130
19669	14837	769	59	263	2596140
19676	14792	773	59	263	2596150
19676	14751	783	59	263	2596160
19685	14717	800	59	263	2596170
19685	14693	802	59	263	2596180
19685	14676	802	59	263	2596190
19692	14665	801	60	265	2596210
19692	14658	495	60.1667	266.833	2596270
51
19533	15069	88	57	267	2597288
19533	15076	217	57	267	2597308
19541	15084	370	57	267	2597328
19541	15091	452	57	267	2597338
19549	15091	538	57	267	2597358
19556	15091	618	57	267	2597378
19564	15083	664	57	267	2597398
19574	15073	703	57	267	2597408
19581	15064	717	57	267	2597418
19593	15050	746	57	267	2597428
19613	15030	764	57	267	2597438
19634	15007	770	58	267	2597448
19659	14980	780	58	267	2597458
19683	14952	787	58	267	2597468
19704	14922	802	58	267	2597478
19724	14891	809	58	267	2597488
19738	14857	815	58	267	2597498
19747	14820	823	58	267	2597508
19747	14782	829	58	267	2597518
19754	14744	834	58	267	2597528
19754	14707	833	58	267	2597538
19754	14670	840	59	267	2597548
19744	14637	841	59	267	2597558
19736	14605	841	59	267	2597568
19726	14578	839	59	267	2597578
19716	14559	841	59	267	2597588
19707	14546	844	59	267	2597608
19699	14538	845	59	267	2597688
19699	14547	833	59	267	2597708
19693	14561	830	59	267	2597718
19693	14574	823	59	267	2597728
19684	14594	816	59	267	2597738
19684	14622	804	59	267	2597748
19684	14653	798	59	267	2597758
19684	14690	794	59	267	2597768
19684	14725	793	59	267	2597778
19677	14757	794	59	267	2597788
19677	14790	794	59	267	2597798
19669	14821	793	59	267	2597808
19669	14851	797	59	267	2597818
19659	14879	796	59	267	2597828
19659	14906	795	59	265	2597838
19648	14926	800	59	265	2597848
19640	14942	799	59	263	2597858
19632	14955	800	59	263	2597868
19624	14963	799	59	263	2597878
19616	14970	800	59	263	2597888
19608	14977	800	59	263	2597908
19598	14986	801	58	264	2597928
19591	14986	800	58	264	2597938
19591	14993	578	58	265.222	2598028
27
19602	15059	14	58	270	2598416
19602	15067	44	58	270	2598426
19593	15067	81	58	270	2598436
19587	15077	134	58	270	2598446
19579	15077	183	58	270	2598456
19573	15087	260	58	270	2598476
19566	15087	369	58	270	2598496
19566	15094	488	58	270	2598516
19573	15094	572	58	268	2598526
19573	15101	660	58	267.125	2598606
19587	15093	746	58	267	2598616
19606	15093	761	58	267	2598626
19641	15083	759	58	267	2598636
19692	15083	763	58	267	2598646
19752	15072	758	58	267	2598656
19818	15066	755	58	267	2598666
19885	15057	755	58	265	2598676
19945	15042	753	58	265	2598686
19997	15024	756	58	264	2598696
20038	15002	756	58	264	2598706
20067	14980	759	58	264	2598716
20088	14959	760	58	264	2598726
20103	14939	758	58	264	2598736
20115	14923	758	58	264	2598746
20124	14910	749	58	262	2598756
20124	14900	732	58	262	2598766
20133	14893	376	58	260	2598816
23
19701	14577	76	60	265	2599004
19673	14568	168	60	267	2599014
19664	14561	364	60	267	2599054
19674	14561	538	60	267	2599064
19688	14561	574	60	267	2599074
19709	14561	607	60	267	2599084
19733	14573	634	60	267	2599094
19762	14583	670	60	267	2599104
19798	14599	683	60	267	2599114
19837	14619	690	60	267	2599124
19882	14643	709	60	267	2599134
19927	14673	715	60	267	2599144
19972	14707	718	60	267	2599154
20015	14742	717	60	267	2599164
20053	14778	725	60	267	2599174
20084	14809	721	60	265	2599184
20108	14835	725	60	265	2599194
20127	14857	724	60	263	2599204
20139	14872	724	60	263	2599214
20147	14883	721	60	263	2599224
20147	14892	698	60	261	2599234
20156	14892	652	60	261	2599244
20156	14901	285	60	260	2599274
26
20188	14909	295	60	261.7	2599746
20188	14902	517	60	260	2599756
20195	14902	564	60	260	2599766
20195	14888	590	60	260	2599776
20205	14878	611	60	260	2599786
20212	14869	636	60	260	2599796
20220	14861	667	60	260	2599806
20231	14853	690	60	260	2599816
20241	14853	705	60	260	2599826
20252	14844	708	59	258	2599836
20266	14844	718	59	258	2599846
20277	14844	724	58	257	2599856
20289	14858	726	58	257	2599866
20300	14869	723	58	257	2599876
20308	14883	716	58	257	2599886
20308	14900	720	58	257	2599896
20308	14916	716	58	257	2599906
20308	14931	715	58	257	2599916
20294	14943	711	58	257	2599926
20276	14951	704	58	257	2599936
20253	14951	695	58	257	2599946
20228	14951	681	58	257	2599956
20204	14951	633	58	257	2599966
20185	14938	556	58	257	2599976
20172	14928	389	58	257	2599986
20172	14919	0	58	257	2600006
16
20341	14925	230	59	263	2600193
20335	14925	456	59	260.8	2600243
20349	14925	622	59	260	2600253
20374	14925	649	60	260	2600263
20411	14925	671	60	260	2600272
20463	14925	681	60	260	2600282
20528	14925	696	60	260	2600292
20600	14933	690	60	260	2600302
20677	14933	694	59	258	2600312
20750	14939	695	59	258	2600322
20818	14939	693	59	256	2600332
20874	14947	693	59	256	2600342
20915	14947	693	59	256	2600352
20943	14955	691	59	256	2600362
20959	14955	684	59	256	2600372
20967	14962	380	59	256	2600422
14
19272	14618	325	62.3333	283.667	2601553
19272	14636	503	61	279	2601573
19289	14636	560	61	277	2601583
19305	14642	576	61	277	2601593
19329	14642	618	61	277	2601603
19361	14642	643	61	277	2601613
19401	14642	657	61	277	2601623
19447	14642	663	61	277	2601633
19499	14657	664	61	275	2601643
19554	14671	664	61	275	2601653
19605	14685	668	61	274	2601663
19647	14697	659	61	274	2601673
19674	14704	630	61	274	2601683
19687	14704	193	61	273.333	2601713
18
19285	13966	99	57	273	2604393
19262	13966	163	57	273	2604403
19254	13966	323	58	273	2604423
19246	13966	443	58	273	2604443
19254	13966	513	58	273	2604453
19265	13959	555	58	273	2604463
19284	13959	572	58	273	2604473
19313	13959	600	58	273	2604483
19352	13959	608	58	273	2604493
19402	13959	618	58	273	2604503
19453	13959	621	58	272	2604513
19501	13972	620	58	272	2604523
19543	13978	625	58	270	2604533
19574	13978	620	58	270	2604543
19598	13989	616	58	270	2604553
19616	13989	602	58	270	2604563
19629	13989	563	58	270	2604573
19638	13989	245	58	270	2604613
16
19314	13845	239	58	270	2604721
19273	13825	309	58	270	2604731
19263	13825	432	58	271	2604751
19270	13825	512	58	272	2604761
19290	13825	533	58	273	2604771
19319	13825	568	58	273	2604781
19357	13834	591	58	273	2604791
19404	13834	603	58	273	2604801
19454	13847	604	58	272	2604811
19505	13854	607	58	272	2604821
19555	13860	608	59	270	2604831
19598	13867	604	59	270	2604841
19631	13867	599	59	270	2604851
19652	13874	588	59	270	2604861
19665	13874	505	59	270	2604881
19673	13874	102	59	268.667	2604911
18
19656	14148	140	56	269	2605105
19639	14157	198	56	269	2605115
19639	14164	344	56	267	2605135
19639	14174	460	56.5	267	2605175
19651	14159	532	57	267	2605185
19663	14142	557	57	267	2605195
19680	14119	560	57	267	2605205
19701	14090	575	57	267	2605215
19725	14056	590	57	267	2605225
19744	14016	596	58	267	2605235
19759	13969	597	58	267	2605245
19759	13918	602	58	267	2605255
19759	13867	599	58	267	2605265
19759	13820	602	58	267	2605275
19742	13780	589	58	267	2605285
19731	13748	568	58	267	2605295
19723	13728	506	58	267	2605305
19716	13715	165	59	267	2605335
25
19657	14140	12	57	267	2605691
19657	14146	79	57	267	2605721
19657	14155	317	57	267	2605821
19657	14161	519	57	267	2605861
19665	14161	565	57	267	2605871
19672	14161	594	57	267	2605881
19684	14153	606	57	267	2605891
19703	14153	613	57	267	2605901
19727	14146	615	57	267	2605911
19757	14146	629	57	267	2605921
19793	14135	632	57	267	2605931
19834	14127	643	57	267	2605941
19884	14113	648	57	267	2605951
19936	14099	650	57	267	2605961
19987	14080	650	58	267	2605971
20034	14058	651	58	267	2605981
20071	14035	652	58	265	2605991
20105	14010	655	58	265	2606001
20131	13987	658	58	264	2606011
20153	13968	657	58	264	2606021
20170	13953	656	58	264	2606031
20180	13943	656	58	264	2606041
20188	13935	630	58	262	2606061
20195	13935	477	58	260	2606081
20202	13935	58	58	260	2606101
26
19762	13709	65	59	267	2606289
19733	13692	105	59	267	2606299
19723	13692	164	59	267	2606309
19716	13682	206	60	267	2606329
19716	13675	371	60	267.4	2606379
19716	13668	513	60	270	2606389
19727	13668	549	60	270	2606399
19741	13668	571	60	270	2606409
19764	13668	601	60	268	2606419
19794	13675	621	60	268	2606429
19832	13687	637	60	267	2606439
19876	13704	659	60	267	2606449
19921	13724	671	60	267	2606459
19970	13750	668	60	267	2606469
20019	13777	673	60	267	2606479
20061	13801	681	60	267	2606489
20100	13824	679	60	267	2606499
20132	13842	681	60	267	2606509
20156	13857	682	60	265	2606519
20176	13870	686	60	265	2606529
20192	13881	684	60	263	2606539
20205	13891	680	60	263	2606549
20214	13900	675	60	263	2606559
20220	13907	646	60	261	2606579
20220	13917	510	60	260	2606599
20220	13923	103	59.5	259	2606619
45
20250	13944	269	59	266.882	2607845
20250	13937	443	59	263	2607885
20244	13937	462	58.625	263.375	2607965
20244	13931	484	59	263	2607975
20237	13931	501	59	263	2608015
20237	13924	519	59	263	2608035
20230	13924	522	59	263	2608045
20230	13916	526	59	263	2608075
20230	13909	530	59	263	2608085
20223	13909	535	59	263	2608115
20223	13902	546	59	263	2608135
20223	13895	562	59	263	2608165
20231	13887	586	59	263	2608175
20239	13887	596	59	263	2608185
20250	13887	606	59	263	2608195
20263	13880	622	59	263	2608205
20278	13880	628	59	263	2608215
20294	13880	632	59	263	2608225
20310	13887	638	59	263	2608235
20327	13893	642	59	263	2608245
20344	13900	646	59	263	2608255
20358	13900	651	59	263	2608265
20372	13911	653	59	263	2608275
20383	13917	656	59	263	2608285
20390	13924	655	59	263	2608295
20397	13932	660	59	263	2608305
20397	13938	656	59	263	2608315
20397	13947	660	59	263	2608325
20397	13955	663	59	262	2608335
20397	13964	661	59	262	2608345
20397	13975	657	59	260	2608355
20397	13984	653	59	260	2608365
20386	13993	652	59	260	2608375
20374	14001	654	58	260	2608385
20359	14001	653	58	260	2608395
20341	14009	652	58	260	2608405
20325	14009	653	58	260	2608415
20310	14009	652	58	260	2608425
20295	14009	648	58	260	2608435
20280	14000	643	58	260	2608445
20264	13989	622	58	260	2608455
20249	13974	590	58	260	2608465
20237	13955	541	58	260	2608475
20230	13936	391	58	262	2608485
20230	13917	49	59	262.5	2608505
30
20473	13986	62	59	267	2608895
20466	13986	263	59	265.286	2608965
20466	13979	579	59	263	2609085
20457	13979	602	59	263	2609095
20446	13973	602	59	263	2609105
20432	13973	602	59	263	2609115
20419	13973	601	58	264	2609125
20411	13965	601	58	264	2609145
20404	13965	626	58	264	2609205
20412	13965	669	58	264	2609215
20420	13965	675	58	264	2609225
20439	13965	691	58	264	2609235
20465	13972	693	58	264	2609245
20503	13972	695	58	264	2609255
20550	13979	708	58	264	2609265
20603	13979	708	58	264	2609275
20663	13991	708	58	262	2609285
20726	13998	703	58	262	2609295
20788	14007	706	59	260	2609305
20845	14016	704	59	260	2609315
20899	14016	708	59	260	2609325
20949	14025	704	59	260	2609335
20993	14025	701	59	260	2609345
21032	14025	701	59	260	2609355
21063	14025	702	59	260	2609365
21084	14025	701	59	260	2609375
21099	14025	702	58	258	2609385
21107	14025	702	58	258	2609395
21107	14019	700	58	257	2609405
21115	14019	461	58	257	2609455
15
19361	13166	263	58	267	2610691
19351	13166	537	59	264.6	2610741
19361	13166	671	59	263	2610751
19374	13166	693	59	263	2610761
19395	13173	700	59	263	2610771
19428	13173	705	60	261	2610781
19469	13182	702	60	261	2610791
19518	13182	705	60	260	2610801
19572	13194	700	60	260	2610811
19622	13194	700	60	260	2610821
19666	13203	689	60	260	2610831
19700	13203	684	60	260	2610841
19721	13212	671	60	260	2610851
19733	13212	480	60	260	2610891
19717	13212	15	60	260	2610911
19
19434	13083	234	59	260	2610997
19387	13062	271	59	260	2611007
19375	13062	461	59	260	2611037
19381	13062	560	59	260	2611047
19396	13069	579	59	260	2611057
19421	13069	605	59	260	2611067
19454	13069	626	59	260	2611077
19492	13077	625	59	260	2611087
19535	13077	627	60	260	2611097
19579	13087	629	60	260	2611107
19623	13087	636	60	260	2611117
19665	13097	633	60	260	2611127
19701	13097	633	60	260	2611137
19731	13106	625	60	260	2611147
19755	13106	618	60	260	2611157
19770	13106	592	60	260	2611167
19782	13106	545	60	260	2611177
19788	13106	360	60	260	2611207
19788	13097	5	60	260	2611227
22
19675	13410	75	56	261	2611673
19668	13410	196	56	261	2611693
19668	13417	336	56	261	2611703
19661	13417	463	55	261	2611753
19668	13409	572	55	261	2611763
19679	13398	583	55	261	2611773
19694	13381	591	55	261	2611783
19710	13358	613	55	261	2611793
19730	13329	626	55	261	2611803
19753	13290	631	55	261	2611813
19778	13248	638	56	261	2611823
19803	13205	642	56	261	2611833
19823	13161	645	56	260	2611843
19836	13120	650	57	259	2611853
19836	13078	652	56	258	2611863
19829	13037	659	56	258	2611873
19812	12996	659	58	259	2611883
19790	12957	656	58	259	2611893
19770	12922	649	58	260	2611903
19753	12894	627	59	260	2611913
19742	12874	587	59	260	2611923
19736	12864	277	60.25	259.75	2611963
21
19689	13387	52	57	261	2612369
19689	13393	279	57	261	2612429
19695	13400	469	56	261	2612439
19704	13400	504	56	261	2612449
19717	13400	531	56	261	2612459
19735	13400	553	56	261	2612469
19763	13400	563	56	261	2612479
19800	13392	564	56	261	2612489
19845	13385	573	56	261	2612499
19895	13375	573	56	261	2612509
19947	13360	575	56	261	2612519
19996	13338	576	56	261	2612529
20040	13313	589	56	261	2612539
20077	13286	597	56	261	2612549
20107	13258	604	57	259	2612559
20130	13234	602	57	259	2612569
20149	13215	602	56	258	2612579
20164	13201	602	56	258	2612589
20175	13191	596	57	257	2612599
20175	13184	582	57	257	2612609
20183	13184	270	57.75	255.25	2612649
21
19768	12869	34	61	263	2612921
19749	12863	99	61	263	2612931
19742	12863	225	62	263	2612951
19742	12856	388	62	263	2612981
19750	12856	497	62	263	2612991
19764	12856	524	62	263	2613001
19786	12856	551	62	263	2613011
19817	12868	556	62	263	2613021
19855	12882	562	62	263	2613031
19895	12897	574	62	263	2613041
19935	12915	577	62	263	2613051
19974	12939	590	62	263	2613061
20012	12967	585	62	263	2613071
20048	12998	591	62	261	2613081
20082	13032	591	62	261	2613091
20110	13064	591	62	259	2613101
20131	13092	596	62	259	2613111
20147	13112	596	62	259	2613121
20160	13126	591	62	259	2613131
20168	13136	577	61.5	258	2613151
20176	13144	242	60.25	256.25	2613191
29
20212	13189	83	58	258	2613409
20205	13189	232	58	257	2613439
20205	13197	370	59	256	2613459
20196	13197	452	59	256	2613479
20185	13187	491	59	256	2613489
20185	13180	504	59	256	2613499
20176	13171	548	59	256	2613509
20176	13161	558	59	256	2613519
20176	13150	572	60	256	2613529
20176	13138	600	60	256	2613539
20176	13129	633	60	254	2613549
20191	13129	644	60	254	2613559
20205	13119	657	60	252	2613569
20225	13119	667	60	252	2613579
20247	13119	665	60	252	2613589
20270	13133	667	60	252	2613599
20291	13145	675	60	252	2613609
20306	13156	678	60	252	2613619
20317	13169	674	60	252	2613629
20317	13185	675	60	252	2613639
20317	13201	664	60	252	2613649
20317	13219	665	60	252	2613659
20317	13233	664	60	252	2613669
20300	13243	658	60	252	2613679
20282	13250	636	60	252	2613689
20263	13250	596	60	252	2613699
20243	13250	513	60	252	2613709
20230	13242	350	60	252	2613719
20220	13234	12	60	252	2613739
21
20311	13212	313	58.5	256.5	2614003
20320	13212	530	59	256	2614013
20320	13219	569	59	256	2614023
20332	13219	615	60	256	2614033
20344	13219	645	60	256	2614043
20365	13226	678	60	256	2614053
20396	13226	684	60	256	2614063
20439	13240	711	60	256	2614073
20491	13249	717	60	256	2614083
20548	13259	718	60	256	2614093
20611	13271	727	60	256	2614103
20674	13281	724	60	254	2614113
20738	13289	718	60	254	2614123
20799	13298	720	60	252	2614133
20853	13304	715	60	252	2614143
20901	13304	715	60	252	2614153
20943	13313	711	60	252	2614163
20976	13313	711	59	253	2614173
21000	13313	713	59	253	2614183
21016	13319	712	59	253	2614193
21024	13319	424	58.8333	251.833	2614253
20
19476	12319	148	58	270	2615205
19469	12312	250	58	270	2615215
19462	12312	375	59	268	2615235
19455	12312	575	59.625	267	2615315
19470	12312	710	60	267	2615325
19490	12312	726	60	267	2615335
19522	12312	729	60	267	2615345
19565	12320	738	60	267	2615355
19615	12320	733	60	267	2615365
19665	12334	732	60	265	2615375
19712	12342	732	60	265	2615385
19756	12349	732	60	263	2615395
19793	12357	731	60	263	2615405
19824	12363	726	60	263	2615415
19847	12363	718	60	263	2615425
19864	12371	709	60	263	2615435
19875	12371	674	60	263	2615455
19882	12371	574	60	263	2615475
19872	12371	398	59	263	2615485
19860	12371	59	59	263	2615505
20
19527	12237	248	59	265	2615609
19487	12219	267	59	267	2615619
19475	12219	389	59	267	2615639
19469	12219	545	59	267	2615669
19478	12219	642	59	267	2615679
19487	12219	664	60	267	2615689
19504	12219	686	60	267	2615699
19528	12219	691	60	267	2615709
19560	12228	703	60	267	2615719
19600	12228	707	60	267	2615729
19644	12236	707	60	267	2615739
19693	12236	708	60	265	2615749
19740	12244	705	60	265	2615759
19784	12251	709	60	263	2615769
19820	12251	708	60	263	2615779
19848	12262	708	60	263	2615789
19869	12262	702	60	263	2615799
19881	12268	690	60	263	2615809
19890	12268	647	60	263	2615829
19896	12268	277	60	263	2615869
23
19871	12520	198	58	265	2616345
19860	12529	320	58	265	2616355
19852	12541	448	58	264	2616375
19844	12541	523	58	264	2616385
19844	12548	552	58	264	2616395
19837	12548	584	58	264	2616415
19837	12541	618	58	264	2616425
19837	12534	653	58	264	2616435
19837	12523	674	57	264	2616445
19847	12510	706	57	264	2616455
19863	12491	712	57	264	2616465
19886	12467	720	57	264	2616475
19910	12434	721	57	264	2616485
19935	12396	721	57	264	2616495
19952	12353	725	58	264	2616505
19964	12306	725	58	264	2616515
19964	12263	724	58	264	2616525
19964	12222	724	58	264	2616535
19964	12187	725	58	264	2616545
19947	12159	717	59	263	2616555
19935	12133	700	59	263	2616565
19924	12116	655	59	263	2616575
19917	12104	304	59.75	263	2616615
21
19856	12482	62	59	267	2617187
19856	12492	210	59	267	2617207
19856	12505	315	59	267	2617227
19865	12505	433	59	267	2617247
19875	12505	505	58	267	2617257
19885	12505	528	58	267	2617267
19903	12505	549	58	267	2617277
19930	12505	555	58	267	2617287
19970	12505	564	58	267	2617297
20022	12492	568	58	267	2617307
20081	12482	575	58	267	2617317
20144	12469	576	58	265	2617327
20203	12452	580	58	265	2617337
20252	12435	588	58	264	2617347
20292	12417	596	58	264	2617357
20322	12401	604	58	262	2617367
20345	12384	614	58	262	2617377
20364	12370	608	58	260	2617387
20378	12357	605	58	260	2617397
20386	12349	591	59	260	2617417
20394	12342	269	58	257.4	2617467
19
19953	12107	73	61	266	2617733
19947	12100	144	61	265	2617743
19938	12092	340	62.2	265.2	2617793
19947	12092	477	63	266	2617803
19960	12092	504	63	266	2617813
19980	12092	540	63	266	2617823
20009	12102	558	63	266	2617833
20048	12114	575	63	266	2617843
20097	12131	587	63	266	2617853
20149	12150	597	63	266	2617863
20205	12175	615	63	266	2617873
20254	12203	618	63	264	2617883
20296	12235	619	63	264	2617893
20330	12268	613	63	262	2617903
20356	12303	628	63	262	2617913
20374	12331	633	62	263	2617923
20385	12354	650	62	261	2617933
20393	12367	643	62	260	2617953
20393	12375	372	60.8	258	2618003
27
20460	12432	199	61	259	2618237
20453	12432	304	61	259	2618257
20453	12439	393	61	259	2618267
20445	12439	448	60.5	258.5	2618287
20445	12425	491	59	258	2618297
20438	12413	521	59	256	2618307
20438	12398	563	59	256	2618317
20438	12382	579	59	256	2618327
20438	12367	615	59	256	2618337
20438	12356	637	59	256	2618347
20438	12349	664	59	256	2618357
20453	12349	677	59	256	2618367
20465	12349	684	59	256	2618377
20481	12349	688	59	256	2618387
20498	12356	687	59	256	2618397
20516	12368	686	59	256	2618407
20529	12382	686	59	256	2618417
20536	12400	682	59	256	2618427
20536	12417	682	59	256	2618437
20536	12432	679	59	256	2618447
20527	12446	681	59	256	2618457
20510	12455	682	59	256	2618467
20489	12455	681	59	256	2618477
20466	12463	671	59	256	2618487
20445	12463	646	59	256	2618497
20429	12463	583	59	256	2618507
20418	12455	259	59	256	2618537
21
20615	12453	72	61	259	2618753
20608	12453	259	61	259	2618773
20596	12453	402	61	259	2618793
20587	12453	488	61	259	2618813
20587	12447	625	60	256.8	2618863
20608	12447	706	60	256	2618873
20638	12447	720	60	256	2618883
20682	12447	722	59	256	2618893
20737	12456	722	59	256	2618903
20799	12456	720	59	256	2618913
20864	12469	717	59	256	2618923
20925	12477	718	59	256	2618933
20986	12487	717	59	256	2618943
21042	12494	715	59	256	2618953
21093	12494	712	59	256	2618963
21138	12505	711	59	255	2618973
21177	12505	708	59	255	2618983
21205	12505	704	59	253	2618993
21225	12511	700	59	253	2619003
21237	12511	688	59	253	2619013
21243	12511	408	58.5	250.5	2619053
18
19488	11706	221	63	270	2620297
19471	11699	305	63	270	2620307
19465	11699	436	63	270	2620327
19457	11699	533	63	270	2620347
19464	11699	579	63	270	2620357
19477	11699	616	63	270	2620367
19501	11707	645	63	270	2620377
19538	11707	663	62	270	2620387
19585	11721	677	63	268	2620397
19641	11730	678	63	268	2620407
19699	11740	678	63	266	2620417
19755	11748	678	63	266	2620427
19806	11748	669	63	266	2620437
19845	11758	669	63	266	2620447
19874	11758	661	63	266	2620457
19893	11765	642	63	266	2620467
19905	11765	568	63	266	2620487
19911	11765	152	63	266	2620517
17
19544	11629	244	63	266	2620633
19505	11610	280	63	266	2620643
19499	11610	431	63	266	2620663
19508	11610	488	63	266	2620673
19525	11610	543	63	266	2620683
19553	11621	560	63	266	2620693
19590	11627	576	63	266	2620703
19636	11635	590	63	266	2620713
19689	11642	597	63	266	2620723
19745	11650	596	63	266	2620733
19799	11658	599	63	266	2620743
19845	11658	596	63	266	2620753
19881	11667	595	63	266	2620763
19905	11667	582	63	266	2620773
19920	11667	561	63	266	2620783
19927	11667	483	63	266	2620803
19934	11667	113	63	264.667	2620833
20
19920	11882	96	62	263	2621269
19912	11894	139	62	263	2621279
19905	11894	242	62	263	2621289
19899	11901	325	62	263	2621299
19892	11901	448	62	263	2621339
19892	11891	557	62	263	2621349
19903	11877	587	62	263	2621359
19918	11856	610	62	263	2621369
19936	11827	619	62	263	2621379
19953	11795	627	62	263	2621389
19970	11756	645	62	263	2621399
19982	11714	651	62	264	2621409
19982	11673	654	62	264	2621419
19982	11632	656	62	266	2621429
19975	11594	657	63	266	2621439
19961	11559	656	63	266	2621449
19947	11529	642	63	266	2621459
19933	11503	611	63	266	2621469
19920	11486	538	63	266	2621479
19913	11475	148	63.6667	266	2621509
22
19920	11892	78	62	263	2621793
19893	11899	111	62	263	2621803
19886	11899	215	62	264	2621823
19879	11899	387	62	266	2621853
19879	11906	536	62	266	2621873
19886	11906	575	62	266	2621883
19892	11906	587	62	266	2621893
19909	11906	599	62	266	2621903
19937	11906	608	62	266	2621913
19978	11906	615	62	266	2621923
20026	11895	620	62	266	2621933
20082	11887	621	62	266	2621943
20140	11877	624	62	264	2621953
20196	11865	631	62	264	2621963
20250	11853	638	62	263	2621973
20292	11841	641	62	263	2621983
20326	11830	643	62	263	2621993
20353	11820	645	62	263	2622003
20371	11810	644	62	261	2622013
20385	11802	637	62	261	2622023
20395	11796	605	62	259	2622043
20405	11796	250	63	258	2622083
21
19942	11473	134	65	266	2622349
19935	11473	331	65	266	2622399
19946	11473	501	65	266	2622409
19962	11473	533	65	266	2622419
19985	11482	564	65	266	2622429
20014	11492	580	65	266	2622439
20052	11507	604	65	266	2622449
20096	11526	625	65	266	2622459
20144	11549	634	65	266	2622469
20196	11577	637	65	266	2622479
20248	11606	640	65	266	2622489
20294	11637	640	65	266	2622499
20334	11667	641	65	264	2622509
20364	11693	641	65	264	2622519
20386	11714	645	65	261	2622529
20401	11730	646	65	261	2622539
20412	11743	638	65	261	2622549
20419	11756	637	64	260	2622559
20419	11763	618	64	260	2622569
20427	11763	569	63	258	2622579
20427	11770	187	63	258	2622609
28
20439	11761	150	65	259	2622805
20432	11761	257	65	259	2622815
20432	11768	367	64	257	2622835
20424	11774	438	64	257	2622855
20417	11774	513	64	257	2622875
20411	11774	566	64	257	2622885
20411	11768	605	64	257	2622895
20411	11760	644	64	257	2622905
20404	11753	658	64	257	2622915
20404	11744	667	64	257	2622925
20404	11736	680	64	257	2622935
20418	11736	700	64	257	2622945
20431	11727	710	64	257	2622955
20452	11727	712	64	257	2622965
20477	11727	705	64	257	2622975
20502	11742	711	64	257	2622985
20523	11755	709	63	258	2622995
20539	11769	720	63	258	2623005
20548	11781	720	63	258	2623015
20548	11794	715	63	258	2623025
20548	11804	710	63	258	2623035
20541	11814	703	63	258	2623045
20528	11822	694	63	258	2623055
20513	11822	675	63	258	2623065
20495	11832	636	63	256	2623075
20477	11832	550	63	256	2623085
20462	11832	398	63	254	2623095
20452	11822	21	63	255	2623115
23
20591	11762	90	64	257	2623253
20559	11770	155	64	257	2623263
20549	11770	268	64	257	2623273
20540	11777	377	64	257	2623293
20534	11777	477	64	257	2623303
20534	11784	604	64	257	2623343
20551	11784	681	64	257	2623353
20575	11784	682	64	257	2623363
20614	11793	698	64	257	2623373
20669	11800	703	64	257	2623383
20736	11810	701	64	255	2623393
20810	11822	701	64	255	2623403
20888	11836	683	64	253	2623413
20968	11851	688	64	253	2623423
21045	11864	679	64	253	2623433
21114	11876	674	64	253	2623443
21172	11885	674	64	253	2623453
21217	11885	665	64	253	2623463
21249	11894	664	64	253	2623473
21271	11894	643	64	251	2623483
21287	11894	591	64	251	2623493
21298	11894	455	64	249	2623503
21305	11894	37	64	249	2623523
17
22225	15055	139	60	263	2625169
22211	15055	258	60	263	2625179
22204	15055	413	60	263	2625199
22194	15062	627	60	263	2625269
22206	15062	745	60	263	2625279
22224	15062	749	60	261	2625289
22257	15072	750	60	261	2625299
22302	15072	750	60	260	2625309
22353	15084	747	60	260	2625319
22408	15091	746	60	260	2625329
22458	15098	747	60	260	2625339
22504	15105	747	60	260	2625349
22543	15112	747	60	260	2625359
22575	15112	735	60	260	2625369
22597	15120	716	60	260	2625379
22610	15120	688	60	260	2625389
22617	15120	391	60	260	2625439
18
22279	14990	324	59	260	2625545
22223	14967	362	59	260	2625555
22207	14967	428	59	262	2625565
22207	14960	500	59	262.5	2625585
22220	14960	565	59	263	2625595
22244	14960	615	59	263	2625605
22276	14960	646	59	263	2625615
22316	14973	667	59	262	2625625
22359	14982	675	59	262	2625635
22408	14991	675	60	260	2625645
22457	14999	679	60	260	2625655
22507	14999	670	60	260	2625665
22553	15009	666	60	260	2625675
22592	15009	668	60	260	2625685
22621	15009	663	60	260	2625695
22643	15016	649	60	260	2625705
22655	15016	622	60	260	2625715
22662	15016	283	59.8	259.6	2625765
24
22599	15251	185	55	258	2625973
22584	15268	234	55	258	2625983
22584	15278	331	55	258	2625993
22574	15288	380	55	258	2626003
22574	15296	431	55	258	2626013
22564	15296	476	55	258	2626023
22564	15303	558	55	258	2626063
22564	15297	611	55	258	2626073
22564	15288	634	55	258	2626083
22575	15270	659	55	258	2626093
22592	15246	674	55	258	2626103
22615	15211	681	56	258	2626113
22643	15172	687	56	258	2626123
22670	15132	693	56	258	2626133
22694	15090	694	56	258	2626143
22710	15052	689	56	258	2626153
22716	15017	693	56	258	2626163
22716	14983	691	57	257	2626173
22702	14953	683	57	257	2626183
22685	14926	663	57	257	2626193
22665	14900	615	57	257	2626203
22645	14880	521	58	257	2626213
22627	14866	367	58	257	2626223
22614	14866	47	58.5	256.5	2626243
23
22665	15281	149	55	258	2626437
22641	15294	203	55	258	2626447
22629	15300	302	55	258	2626457
22619	15307	355	55	258	2626467
22610	15307	405	55	258	2626477
22610	15313	515	55	258	2626517
22620	15313	606	55	258	2626527
22636	15303	615	55	258	2626537
22665	15296	636	55	258	2626547
22707	15283	644	55	258	2626557
22756	15267	646	55	258	2626567
22810	15242	650	55	258	2626577
22863	15213	651	56	258	2626587
22913	15185	653	56	256	2626597
22955	15155	656	56	256	2626607
22990	15132	659	56	255	2626617
23015	15115	664	56	255	2626627
23036	15101	663	56	255	2626637
23052	15090	664	57	254	2626647
23064	15083	653	57	254	2626657
23075	15083	634	57	254	2626667
23083	15074	535	57	254	2626687
23090	15074	91	58	252	2626707
23
22661	14817	231	58	255	2626905
22635	14798	266	58	257	2626915
22624	14798	371	58	257	2626925
22617	14790	442	59.3333	258.667	2626955
22628	14790	504	61	259	2626965
22642	14801	533	61	259	2626975
22661	14807	576	61	259	2626985
22683	14816	614	61	259	2626995
22710	14826	632	61	259	2627005
22740	14837	645	61	259	2627015
22774	14852	657	61	259	2627025
22814	14870	659	61	259	2627035
22856	14891	661	61	259	2627045
22899	14914	667	60	258	2627055
22938	14940	666	60	258	2627065
22975	14969	670	60	256	2627075
23006	14998	670	60	256	2627085
23029	15026	668	60	256	2627095
23049	15051	660	60	256	2627105
23061	15070	657	60	254	2627115
23069	15084	642	60	254	2627125
23069	15092	558	59.5	252.5	2627145
23069	15099	159	59	253	2627165
26
23130	15141	246	56	258	2627361
23120	15148	328	56	258	2627371
23112	15148	403	57	257	2627381
23104	15155	432	57	256	2627391
23096	15155	457	57	256	2627401
23086	15155	490	57	254	2627411
23080	15142	506	58	254	2627421
23080	15131	551	58	254	2627431
23072	15116	592	58	254	2627441
23072	15102	614	58	254	2627451
23072	15089	651	58	254	2627461
23085	15081	670	58	254	2627471
23100	15081	683	58	254	2627481
23124	15081	696	58	252	2627491
23152	15081	698	58	252	2627501
23181	15090	710	57	251	2627511
23205	15102	716	57	251	2627521
23223	15115	712	57	251	2627531
23235	15128	723	57	251	2627541
23235	15140	724	57	251	2627551
23235	15154	711	57	251	2627561
23235	15167	687	57	251	2627571
23224	15178	646	57	251	2627581
23209	15187	574	57	251	2627591
23194	15187	414	57	251	2627601
23180	15187	8	57	251	2627621
21
23333	15135	112	57	257	2627897
23326	15144	189	58	257	2627907
23313	15144	290	58	257	2627917
23307	15152	394	58	255	2627937
23300	15152	523	58	254	2627977
23315	15152	620	58	254	2627987
23333	15152	650	58	254	2627997
23360	15152	661	58	254	2628007
23396	15152	667	58	252	2628017
23439	15161	668	58	252	2628027
23488	15161	668	57	251	2628037
23543	15169	668	57	251	2628047
23597	15169	669	57	251	2628057
23648	15178	667	57	251	2628067
23692	15178	668	57	251	2628077
23726	15189	663	57	251	2628087
23753	15189	663	57	251	2628097
23774	15196	650	57	251	2628107
23789	15196	622	57	251	2628117
23799	15196	564	57	251	2628127
23805	15196	163	57	249.667	2628157
15
22259	14271	312	62	274	2629503
22250	14264	528	63	274	2629543
22258	14264	633	63	272	2629553
22276	14264	673	63	272	2629563
22305	14264	682	63	270	2629573
22349	14278	700	63	270	2629583
22400	14291	700	63	270	2629593
22460	14307	704	63	270	2629603
22523	14322	702	62	270	2629613
22585	14335	701	62	270	2629623
22639	14347	697	62	268	2629633
22680	14354	693	62	268	2629643
22707	14354	679	62	266	2629653
22722	14363	492	61.5	266	2629693
22699	14354	0	61	266	2629713
17
22389	14218	90	61	266	2629789
22331	14190	340	62	266	2629799
22311	14190	431	62	266	2629809
22300	14190	538	62	266	2629829
22308	14190	582	62	266	2629839
22333	14190	604	63	266	2629849
22371	14205	633	63	266	2629859
22420	14219	659	63	266	2629869
22478	14236	687	63	266	2629879
22536	14252	691	63	266	2629889
22592	14269	690	63	266	2629899
22645	14283	693	63	266	2629909
22688	14295	689	63	266	2629919
22725	14303	683	63	264	2629929
22750	14303	661	63	264	2629939
22765	14303	626	63	262	2629949
22774	14303	296	62	263	2629989
18
22732	14517	331	61	259	2630169
22715	14517	350	60	261	2630179
22707	14526	454	60	261	2630189
22700	14526	494	60	263	2630199
22700	14541	530	60	263	2630219
22709	14528	570	60	263	2630229
22723	14513	607	59	263	2630239
22743	14491	636	59	263	2630249
22767	14463	656	59	263	2630259
22790	14427	671	59	263	2630269
22810	14384	680	59	263	2630279
22822	14337	682	59	263	2630289
22822	14286	675	60	263	2630299
22822	14235	659	60	263	2630309
22808	14190	633	60	263	2630319
22791	14152	579	60	263	2630329
22774	14124	440	61	263	2630339
22759	14106	48	61	263	2630359
20
22717	14506	189	60	263	2630633
22699	14506	221	60	263	2630643
22692	14506	325	60	263	2630653
22692	14521	410	60	263	2630683
22703	14529	495	59	263	2630693
22719	14529	529	59	263	2630703
22741	14529	550	59	263	2630713
22770	14529	573	59	263	2630723
22805	14517	590	59	263	2630733
22845	14506	596	59	263	2630743
22891	14492	600	59	263	2630753
22946	14475	601	59	263	2630763
23004	14458	608	59	263	2630773
23060	14440	607	59	262	2630783
23109	14421	610	59	262	2630793
23145	14404	614	59	260	2630803
23168	14388	607	59	260	2630813
23183	14377	592	59	260	2630823
23190	14368	490	58	258	2630843
23190	14360	92	58.5	256.5	2630863
21
22784	14083	120	61	263	2631089
22754	14077	151	61	263	2631099
22741	14069	227	62	263	2631109
22734	14069	285	62	263	2631119
22734	14061	387	62.5	262.5	2631139
22742	14054	478	63	262	2631149
22755	14054	530	63	264	2631159
22775	14054	579	64	264	2631169
22802	14066	595	64	266	2631179
22838	14079	598	64	266	2631189
22879	14095	625	64	266	2631199
22925	14115	625	64	264	2631209
22975	14140	632	64	264	2631219
23026	14169	632	64	262	2631229
23077	14205	638	64	262	2631239
23124	14246	652	64	262	2631249
23163	14287	646	64	262	2631259
23192	14323	658	64	260	2631269
23212	14351	655	63	260	2631279
23221	14368	650	63	258	2631289
23221	14378	315	61.8	257	2631339
25
23216	14375	61	62	263	2631734
23216	14385	190	62	263	2631754
23216	14392	381	61.4	261.4	2631804
23216	14383	504	61	259	2631814
23216	14375	526	61	259	2631824
23216	14367	541	61	259	2631834
23226	14358	553	61	259	2631844
23233	14352	579	61	259	2631854
23240	14352	598	61	259	2631864
23250	14343	620	61	259	2631874
23265	14343	625	61	259	2631884
23280	14343	633	61	259	2631893
23299	14353	637	61	259	2631903
23315	14364	643	61	259	2631913
23328	14375	651	61	259	2631923
23336	14387	655	61	259	2631933
23336	14400	656	61	259	2631943
23336	14412	657	61	259	2631953
23336	14424	645	61	259	2631963
23319	14433	644	61	259	2631973
23301	14433	636	60	258	2631983
23280	14441	608	60	258	2631993
23258	14441	564	60	256	2632003
23241	14441	461	60	256	2632013
23230	14431	89	60	256	2632033
20
23393	14384	118	62	263	2632250
23383	14384	183	62	263	2632260
23373	14391	350	62	260.333	2632290
23366	14397	546	61.25	259	2632330
23372	14397	636	61	259	2632340
23382	14397	664	61	259	2632350
23401	14397	678	61	259	2632360
23431	14407	683	61	259	2632370
23473	14407	687	61	259	2632380
23524	14417	685	61	259	2632390
23584	14426	680	61	259	2632400
23646	14436	673	61	259	2632410
23707	14446	673	60	258	2632420
23762	14457	662	60	258	2632430
23808	14465	658	60	256	2632440
23845	14465	632	60	256	2632450
23875	14473	608	60	256	2632460
23899	14473	543	60	256	2632470
23919	14473	435	60	256	2632480
23936	14473	83	60	255	2632499
17
22350	13441	45	61	266	2633470
22330	13433	94	61	266	2633480
22320	13433	191	61	266	2633490
22310	13426	259	61	266	2633500
22303	13426	502	61	266	2633550
22317	13426	658	61	266	2633560
22333	13426	683	61	266	2633570
22359	13426	693	61	266	2633580
22397	13438	702	61	266	2633590
22446	13438	704	61	266	2633600
22500	13450	709	61	266	2633610
22552	13450	712	61	266	2633620
22598	13459	703	60	267	2633630
22633	13459	701	60	265	2633640
22654	13468	695	60	265	2633650
22666	13468	514	60	263	2633700
22647	13468	3	60	263	2633720
18
22365	13359	331	61	265	2633798
22311	13340	385	61	265	2633808
22296	13340	498	61	266	2633838
22316	13340	573	61	266	2633848
22346	13340	607	61	266	2633858
22385	13340	646	61	266	2633868
22430	13352	665	61	266	2633878
22474	13360	675	61	266	2633888
22515	13368	677	61	266	2633898
22550	13368	678	61	266	2633908
22577	13378	675	61	266	2633918
22600	13378	663	61	266	2633928
22615	13378	645	61	266	2633938
22626	13378	619	61	266	2633948
22635	13378	560	61	265	2633958
22641	13385	468	61	265	2633968
22648	13385	280	61	263	2633978
22656	13385	5	61	263	2633998
21
22627	13578	248	60	263	2634214
22600	13597	270	59	263	2634224
22590	13597	383	59	263	2634234
22590	13606	481	59	263	2634264
22597	13606	543	59	263	2634274
22607	13606	568	59	263	2634284
22620	13606	605	59	263	2634294
22635	13589	629	59	263	2634304
22653	13573	651	59	263	2634314
22675	13547	659	59	263	2634324
22696	13513	665	59	263	2634334
22714	13471	670	59	263	2634344
22725	13422	670	59	263	2634354
22725	13371	671	59	263	2634364
22725	13319	675	60	263	2634374
22708	13272	673	60	263	2634384
22695	13234	661	60	263	2634394
22683	13206	627	61	263	2634404
22673	13187	557	61	263	2634414
22665	13178	407	62	263	2634424
22657	13178	47	62	263	2634444
20
22550	13613	108	60	267	2634682
22543	13619	218	59	265	2634702
22536	13619	350	59	263	2634722
22536	13627	449	59	263	2634752
22545	13627	509	59	263	2634762
22560	13635	534	59	263	2634772
22586	13635	563	59	263	2634782
22621	13635	574	59	263	2634792
22666	13635	581	59	263	2634802
22718	13619	587	59	263	2634812
22772	13604	590	59	263	2634822
22829	13584	608	59	263	2634832
22883	13562	613	59	263	2634842
22934	13542	615	59	262	2634852
22977	13522	616	59	262	2634862
23013	13505	619	59	260	2634872
23040	13491	608	59	260	2634882
23059	13480	576	59	260	2634892
23071	13472	418	58.5	259	2634912
23071	13463	20	58	257.5	2634932
19
22695	13140	127	63	262	2635238
22687	13131	269	64	264	2635258
22699	13131	362	64	266	2635268
22712	13131	395	64	266	2635278
22732	13131	448	64	266	2635288
22756	13141	497	64	266	2635298
22786	13151	536	65	266	2635308
22821	13164	573	65	266	2635318
22857	13180	595	65	266	2635328
22892	13199	599	65	266	2635338
22926	13223	602	65	264	2635348
22957	13249	619	65	264	2635358
22984	13280	618	65	261	2635368
23010	13315	625	65	261	2635378
23029	13346	624	65	261	2635388
23042	13374	623	64	262	2635398
23050	13393	611	64	262	2635408
23050	13406	561	64	260	2635418
23050	13412	182	63.3333	258.667	2635448
25
23101	13439	137	61	263	2635782
23101	13448	185	61	263	2635792
23108	13448	270	61	263	2635802
23108	13457	447	61	261.667	2635862
23099	13448	560	61	259	2635872
23099	13437	569	61	259	2635882
23089	13426	580	61	259	2635892
23089	13416	599	61	259	2635902
23089	13408	620	61	259	2635912
23103	13408	631	61	259	2635922
23117	13401	642	61	259	2635932
23134	13401	646	61	259	2635942
23153	13411	654	61	259	2635952
23172	13422	662	61	259	2635962
23187	13433	665	61	259	2635972
23199	13445	672	61	259	2635982
23205	13456	673	60	258	2635992
23205	13467	674	60	258	2636002
23205	13477	672	60	256	2636012
23188	13485	672	60	256	2636022
23171	13492	661	60	256	2636032
23151	13492	639	60	256	2636042
23130	13492	583	60	256	2636052
23111	13492	449	60	256	2636062
23100	13492	46	60	256	2636082
19
23234	13461	109	61	262	2636368
23241	13461	244	61	261	2636378
23250	13467	308	61	259	2636388
23260	13467	384	61	259	2636398
23275	13474	435	61	259	2636408
23295	13474	489	61	259	2636418
23325	13482	525	61	259	2636428
23364	13482	537	61	259	2636438
23414	13495	550	61	259	2636448
23470	13502	553	61	259	2636458
23531	13510	552	61	259	2636468
23589	13518	554	61	259	2636478
23640	13527	555	60	258	2636488
23685	13534	552	60	258	2636498
23723	13541	553	60	256	2636508
23753	13541	544	60	256	2636518
23776	13547	497	60	256	2636528
23793	13547	396	60	256	2636538
23805	13547	44	60	256	2636558
18
22340	12540	225	61	270	2637906
22348	12534	365	61	270	2637926
22337	12534	483	61	270	2637946
22329	12534	584	61	270	2637976
22345	12534	677	61	270	2637986
22362	12541	717	61	270	2637996
22388	12541	728	61	268	2638006
22425	12549	736	61	268	2638016
22470	12549	738	61	266	2638026
22519	12558	736	61	266	2638036
22573	12565	735	60	267	2638046
22622	12571	733	60	267	2638056
22665	12571	730	60	267	2638066
22699	12581	716	60	267	2638076
22723	12581	698	60	267	2638086
22736	12581	618	60	267	2638106
22742	12581	360	60	265	2638126
22723	12569	0	60	263	2638146
18
22495	12485	285	61	265	2638214
22436	12465	326	61	266	2638224
22417	12465	431	61	266	2638234
22407	12465	488	61	266	2638244
22407	12459	533	61	266	2638254
22414	12459	573	61	266	2638264
22432	12459	617	61	266	2638274
22459	12459	645	61	266	2638284
22494	12467	673	61	266	2638294
22536	12475	688	61	266	2638304
22580	12484	689	61	266	2638314
22622	12491	686	61	266	2638324
22665	12499	679	61	266	2638334
22699	12499	668	61	266	2638344
22726	12508	629	61	266	2638354
22749	12508	568	61	266	2638364
22764	12508	449	61	266	2638374
22774	12508	96	61	265	2638394
19
22756	12719	328	61	263	2638530
22725	12743	388	61	263	2638540
22713	12751	478	61	263	2638550
22704	12758	539	60.6667	263	2638580
22716	12746	587	60	263	2638590
22731	12732	615	60	263	2638600
22751	12712	653	60	263	2638610
22772	12685	661	60	263	2638620
22793	12651	678	60	263	2638630
22812	12612	683	60	263	2638640
22827	12570	680	60	263	2638650
22836	12527	679	61	263	2638660
22836	12486	676	61	263	2638670
22836	12448	669	61	263	2638680
22828	12412	654	61	263	2638690
22814	12382	619	61	263	2638700
22797	12358	529	61	263	2638710
22781	12342	345	61	263	2638720
22769	12342	2	61.5	263	2638740
21
22727	12753	250	60	261	2638946
22700	12762	301	60	261	2638956
22687	12762	380	60	263	2638966
22678	12762	519	60	263	2639016
22695	12754	644	60	263	2639026
22714	12754	669	60	263	2639036
22745	12745	673	60	263	2639046
22786	12736	682	60	263	2639056
22838	12722	682	60	263	2639066
22895	12707	683	60	261	2639076
22950	12688	684	60	261	2639086
23000	12667	683	60	260	2639096
23044	12646	686	60	260	2639106
23079	12624	686	60	260	2639116
23109	12600	684	60	260	2639126
23131	12577	681	60	260	2639136
23146	12554	676	59	258	2639146
23155	12535	659	59	258	2639156
23155	12519	629	59	256	2639166
23155	12508	568	60	256	2639176
23155	12501	137	60	256	2639206
20
22778	12269	157	64	262	2639454
22767	12269	251	64	262	2639474
22760	12269	416	64	262	2639504
22770	12262	540	64	262	2639514
22784	12262	592	64	262	2639524
22806	12262	615	64	262	2639534
22836	12277	627	65	261	2639544
22875	12291	637	65	261	2639554
22918	12311	653	65	261	2639564
22962	12332	666	65	261	2639574
23009	12357	672	65	261	2639584
23055	12386	668	65	261	2639594
23098	12416	678	65	261	2639604
23133	12447	675	65	261	2639614
23160	12473	686	64	260	2639624
23180	12496	682	64	260	2639634
23191	12513	681	63	258	2639644
23198	12524	671	63	258	2639654
23198	12532	516	62.25	256.25	2639694
23198	12539	2	62	255	2639714
26
23199	12552	209	62	259	2639898
23181	12552	313	62	259	2639918
23181	12566	489	61	255.8	2639968
23181	12558	596	61	255	2639978
23188	12558	623	61	255	2639988
23188	12550	665	61	255	2639998
23198	12550	676	61	255	2640008
23207	12537	681	61	255	2640018
23220	12537	689	61	255	2640028
23235	12529	696	61	255	2640038
23250	12529	701	61	253	2640048
23265	12537	702	61	253	2640058
23280	12547	703	61	252	2640068
23292	12558	715	61	252	2640078
23300	12569	713	61	252	2640088
23300	12581	714	61	252	2640098
23300	12591	712	61	252	2640108
23300	12599	709	61	252	2640118
23285	12606	706	61	252	2640128
23268	12606	705	61	252	2640138
23250	12606	703	61	252	2640148
23230	12606	695	60	252	2640158
23211	12599	666	60	252	2640168
23196	12590	603	60	252	2640178
23186	12580	488	60	252	2640188
23186	12568	117	60	252	2640208
18
23325	12602	18	61	259	2640474
23305	12602	292	60	256.667	2640534
23311	12594	513	60	256	2640544
23325	12594	565	60	256	2640554
23349	12594	590	60	256	2640564
23389	12594	619	60	256	2640574
23445	12594	642	60	256	2640584
23513	12606	652	60	256	2640594
23585	12615	657	60	256	2640604
23656	12626	665	60	256	2640614
23725	12636	660	60	256	2640624
23789	12644	658	60	256	2640634
23848	12651	651	60	256	2640644
23900	12651	650	60	256	2640654
23944	12651	647	60	254	2640664
23978	12651	623	60	254	2640674
24001	12651	594	60	252	2640684
24015	12651	236	60	252	2640724
17
22411	11874	176	65	274	2641754
22404	11874	267	65	274	2641764
22394	11874	382	65	274	2641774
22394	11880	449	65	274	2641784
22386	11880	554	65	274	2641814
22406	11888	618	65	274	2641824
22431	11896	638	65	274	2641834
22470	11907	663	65	272	2641844
22519	11922	670	65	272	2641854
22574	11935	688	65	270	2641864
22629	11945	691	65	270	2641874
22681	11954	693	65	270	2641884
22726	11961	686	65	270	2641894
22761	11967	675	65	270	2641904
22785	11967	659	64	270	2641914
22797	11974	528	64	270	2641944
22781	11967	105	64	270	2641964
16
22466	11836	281	64	270	2642042
22396	11813	318	64	270	2642052
22380	11813	457	64.5	270	2642072
22392	11813	512	65	270	2642082
22424	11813	557	65	270	2642092
22469	11828	592	65	270	2642102
22527	11842	611	65	270	2642112
22592	11860	621	65	270	2642122
22658	11878	628	65	270	2642132
22721	11896	627	65	270	2642142
22773	11911	621	65	270	2642152
22813	11922	590	65	270	2642162
22844	11929	563	65	270	2642172
22864	11929	483	65	270	2642182
22877	11929	350	65	270	2642192
22887	11929	29	65	268	2642212
19
22823	12077	258	63	266	2642370
22801	12088	299	63	266	2642380
22789	12088	416	63	266	2642390
22779	12088	481	63	266	2642400
22772	12096	534	63	266	2642420
22772	12088	580	63	266	2642430
22788	12078	617	64	266	2642440
22805	12062	629	64	266	2642450
22825	12040	645	64	266	2642460
22848	12008	657	64	266	2642470
22869	11970	661	64	266	2642480
22885	11923	666	64	266	2642490
22897	11874	668	64	266	2642500
22897	11823	660	64	266	2642510
22897	11772	653	64	266	2642520
22897	11727	633	65	266	2642530
22880	11689	587	65	266	2642540
22866	11660	494	65	266	2642550
22853	11639	142	65	266	2642570
23
22795	12061	56	63	264	2642874
22785	12068	116	63	264	2642884
22776	12068	202	63	266	2642894
22776	12074	311	63	266	2642914
22776	12081	525	63.8571	266	2642984
22790	12081	628	64	266	2642994
22809	12081	642	64	266	2643004
22837	12081	643	64	266	2643014
22875	12073	647	64	266	2643024
22923	12064	646	64	266	2643034
22979	12052	647	64	266	2643044
23039	12034	650	64	266	2643054
23098	12010	651	63	266	2643064
23151	11983	653	63	266	2643074
23194	11955	657	63	264	2643084
23227	11929	656	64	264	2643094
23252	11906	653	64	262	2643104
23271	11887	650	64	262	2643114
23285	11873	641	64	262	2643124
23295	11862	620	64	262	2643134
23302	11862	576	64	262	2643144
23302	11854	457	64	260	2643154
23310	11854	42	63.5	259	2643174
18
22899	11629	264	66	266	2643398
22899	11621	381	66	266	2643428
22912	11621	509	66	266	2643438
22926	11629	531	66	266	2643448
22950	11629	583	66	266	2643458
22982	11643	602	67	265	2643468
23025	11654	630	67	265	2643478
23070	11669	637	67	265	2643488
23117	11687	658	67	265	2643498
23160	11708	663	66	266	2643508
23196	11733	660	66	266	2643518
23227	11763	650	66	263	2643528
23251	11794	640	66	263	2643538
23271	11828	638	66	261	2643548
23285	11856	614	66	261	2643558
23295	11877	569	66	261	2643568
23295	11889	429	66	261	2643578
23302	11889	11	66	260	2643598
26
23309	11901	278	65	266	2644164
23299	11907	384	65	266	2644174
23293	11907	423	65	266	2644184
23285	11907	455	65	266	2644194
23278	11907	469	65	266	2644204
23270	11893	489	65	266	2644214
23270	11882	514	65	264	2644224
23263	11869	561	65	264	2644234
23263	11856	592	65	261	2644244
23263	11843	620	65	261	2644254
23273	11832	642	65	261	2644264
23287	11824	664	65	261	2644274
23309	11824	681	65	261	2644284
23334	11824	683	65	261	2644294
23360	11832	701	65	261	2644304
23383	11843	700	65	261	2644314
23400	11857	709	66	261	2644324
23411	11871	707	66	261	2644334
23411	11885	704	66	261	2644344
23411	11901	703	66	261	2644354
23397	11914	697	65	261	2644364
23380	11927	688	65	261	2644374
23360	11936	664	65	261	2644384
23341	11936	618	65	261	2644394
23328	11942	526	65	261	2644404
23319	11942	158	65	261	2644424
20
23459	11880	175	65	266	2644570
23430	11873	249	65	266	2644580
23418	11873	375	65	266	2644590
23411	11873	538	65	265.5	2644630
23427	11879	668	65	264	2644640
23447	11879	711	65	261	2644650
23476	11891	734	65	261	2644660
23516	11897	736	65	261	2644670
23564	11904	740	65	261	2644680
23621	11913	739	65	261	2644690
23684	11924	735	65	261	2644700
23749	11937	739	65	261	2644710
23811	11952	740	65	261	2644720
23865	11965	738	65	259	2644730
23908	11974	739	65	259	2644740
23940	11974	734	64	257	2644750
23963	11983	711	64	257	2644760
23980	11983	675	64	257	2644770
23990	11983	541	64	257	2644790
23990	11974	108	64	257	2644810
