67
14
15300	8831	41	62	351	7690205
15310	8847	422	62	351	7690225
15310	8855	599	62.6667	350.333	7690255
15310	8863	777	64.3333	349.667	7690315
15310	8846	916	66	349	7690325
15310	8818	938	66	349	7690335
15310	8773	951	66	349	7690345
15310	8712	960	66	349	7690355
15303	8644	966	66	349	7690365
15295	8577	961	66	349	7690375
15286	8511	950	66	351	7690385
15280	8458	917	66	351	7690395
15280	8420	831	66	351	7690405
15280	8396	255	66	353	7690435
32
15356	8809	520	62	356	7690550
15345	8837	615	62	356	7690560
15336	8845	696	62	354	7690570
15330	8845	826	62.25	353.5	7690610
15350	8845	901	63	352	7690620
15375	8845	922	64	352	7690630
15410	8854	935	64	350	7690640
15452	8854	952	65	349	7690650
15500	8863	964	65	349	7690660
15553	8863	971	66	349	7690670
15605	8875	972	65	347	7690680
15660	8875	973	66	346	7690690
15714	8885	972	66	346	7690699
15761	8885	974	67	345	7690709
15804	8885	973	67	345	7690719
15838	8878	976	67	345	7690729
15861	8878	976	67	345	7690739
15876	8869	984	67	345	7690749
15883	8869	1002	67	345	7690759
15883	8858	1020	67	345	7690769
15883	8847	1023	67	345	7690779
15883	8827	1023	67	345	7690789
15874	8797	1023	67	345	7690799
15866	8753	1023	67	345	7690809
15854	8702	1023	67	345	7690819
15840	8644	1023	68	348	7690829
15825	8584	1023	68	348	7690839
15810	8525	1023	68	348	7690849
15795	8469	989	68	350	7690859
15780	8422	890	69	350	7690869
15765	8384	687	69	352	7690879
15750	8361	52	69	352	7690899
17
15410	8423	18	66	2	7690998
15335	8423	657	66	2	7691008
15308	8432	753	66	0	7691018
15290	8432	841	66	0	7691028
15281	8439	915	66	0	7691048
15301	8439	981	66	0	7691058
15332	8446	1013	66	0	7691068
15377	8446	1023	66	0	7691078
15435	8446	1023	66	0	7691088
15502	8458	1023	66	0	7691098
15574	8465	1023	66	0	7691108
15647	8475	1023	67	358	7691118
15716	8486	1023	67	358	7691128
15774	8496	1021	68	358	7691138
15819	8506	924	68	358	7691148
15847	8516	693	68	355	7691158
15859	8522	18	68	355	7691178
10
15528	8698	596	64	358	7691354
15537	8722	781	64	356	7691374
15537	8728	963	64	355	7691394
15529	8714	1023	65	354	7691404
15517	8698	1023	65	354	7691414
15498	8669	1023	66	351	7691424
15475	8630	1019	66	351	7691434
15450	8590	959	66	351	7691444
15433	8555	763	66	351	7691454
15433	8533	65	66	351	7691474
8
15565	8710	81	66	351	7691534
15606	8744	984	66	351	7691564
15606	8732	1023	66	351	7691574
15606	8717	1023	66	351	7691584
15614	8691	1023	66	351	7691594
15614	8654	1023	66	351	7691604
15626	8609	948	66	353	7691614
15626	8562	344	66	353	7691634
7
15513	8575	665	66	356	7691710
15513	8630	812	66	358	7691720
15513	8639	975	66	358	7691760
15528	8632	1008	66	358	7691770
15546	8623	985	66	356	7691780
15574	8613	894	66	356	7691790
15613	8606	293	66	356	7691810
11
15248	7305	515	60	340	7692750
15248	7342	610	60	340	7692760
15248	7351	780	61.3333	341.667	7692790
15255	7351	932	62.5	340.5	7692810
15255	7325	985	63	342	7692820
15255	7285	999	63	342	7692830
15255	7232	1000	64	341	7692840
15240	7170	985	64	343	7692850
15225	7113	946	65	342	7692860
15212	7068	840	65	342	7692870
15212	7035	295	65	345	7692890
28
15328	7328	298	64	345	7692970
15328	7384	660	63	346	7692980
15317	7396	741	63	346	7692990
15311	7396	815	63	344	7693000
15311	7404	866	63	344	7693020
15329	7404	910	63	344	7693030
15359	7411	926	63	344	7693040
15401	7411	936	64	343	7693050
15453	7423	939	64	343	7693060
15510	7423	943	65	342	7693070
15570	7431	943	65	342	7693080
15626	7431	942	65	342	7693090
15675	7440	943	65	342	7693100
15720	7440	946	66	344	7693110
15754	7448	948	66	344	7693120
15780	7448	948	67	343	7693130
15797	7448	954	67	343	7693140
15808	7448	997	67	343	7693180
15808	7436	1023	67	341	7693190
15814	7414	1023	67	343	7693200
15814	7379	1023	67	343	7693210
15807	7324	1023	68	342	7693220
15791	7259	1023	68	342	7693230
15769	7193	1023	69	341	7693240
15746	7127	1023	69	341	7693250
15721	7070	975	69	341	7693260
15699	7022	777	69	344	7693270
15677	6988	100	69	344	7693290
13
15315	7021	749	66	349	7693386
15233	7001	858	66	349	7693396
15202	6994	942	66	349	7693406
15182	6994	1006	66	349	7693426
15196	6994	1023	66	349	7693436
15232	6994	1023	66	349	7693446
15284	6994	1023	66	349	7693456
15349	7002	1023	66	349	7693466
15423	7012	1023	66	349	7693476
15500	7029	1023	66	349	7693486
15575	7047	1005	67	348	7693496
15639	7066	847	67	348	7693506
15682	7081	253	68	348	7693526
50
15421	7235	366	65	345	7693654
15404	7269	462	64	345	7693664
15404	7286	537	64	345	7693674
15404	7304	626	63	346	7693684
15404	7320	686	64	343	7693694
15418	7333	763	64	343	7693704
15425	7333	861	65	342	7693714
15432	7333	940	65	342	7693724
15432	7317	986	65	342	7693734
15432	7286	1009	65	342	7693744
15432	7238	1023	65	345	7693754
15415	7190	1023	66	344	7693764
15404	7145	1023	66	344	7693774
15397	7110	1010	67	345	7693784
15397	7095	970	67	345	7693794
15397	7089	947	67	345	7693804
15409	7097	936	67	345	7693814
15426	7124	931	67	345	7693824
15449	7164	932	67	345	7693834
15475	7212	934	67	345	7693844
15500	7259	936	67	345	7693854
15525	7296	940	67	345	7693864
15549	7320	944	67	345	7693874
15570	7333	950	67	345	7693884
15588	7333	963	67	345	7693894
15602	7333	991	67	345	7693904
15613	7320	1013	67	345	7693914
15613	7305	1023	67	345	7693924
15613	7286	1023	67	345	7693934
15599	7265	1023	67	345	7693944
15580	7244	1023	67	345	7693954
15558	7228	1023	67	345	7693964
15540	7216	1023	67	345	7693974
15529	7209	1023	67	343	7694014
15539	7209	1023	67	343	7694024
15555	7209	1023	67	343	7694034
15575	7201	1023	67	343	7694044
15596	7192	1023	67	343	7694054
15615	7176	1023	67	345	7694064
15627	7159	1023	67	345	7694074
15627	7138	1023	67	345	7694084
15627	7116	1023	67	345	7694094
15627	7096	1023	67	345	7694104
15607	7075	1023	67	345	7694114
15586	7058	1023	67	345	7694124
15561	7042	1023	67	345	7694134
15530	7030	1018	67	345	7694144
15499	7023	972	67	345	7694154
15469	7023	807	68	348	7694164
15440	7023	182	68	348	7694184
16
15282	5020	478	59	343	7695402
15263	5020	611	59	343	7695412
15256	5020	754	59	343	7695422
15256	5011	865	59	343	7695432
15246	5011	950	60	342	7695442
15246	4999	1023	60	342	7695452
15239	4987	1023	61	342	7695462
15239	4961	1023	61	342	7695472
15222	4915	1023	61	342	7695482
15204	4845	1023	61	343	7695492
15180	4759	1023	62	343	7695502
15152	4665	1023	62	343	7695512
15132	4584	1023	63	342	7695522
15121	4522	994	63	342	7695532
15121	4486	853	63	344	7695542
15141	4477	308	63	344	7695562
30
15251	4942	452	63	344	7695658
15269	5019	580	63	344	7695668
15269	5039	725	63	344	7695678
15278	5048	871	61.6667	343	7695708
15290	5048	957	61	343	7695718
15303	5037	999	61	343	7695728
15325	5030	1014	61	342	7695738
15358	5024	1023	62	341	7695748
15399	5015	1023	62	341	7695758
15448	5009	1023	63	340	7695768
15499	5009	1023	63	340	7695778
15548	5009	1023	63	340	7695788
15591	5002	1023	63	340	7695798
15624	5002	1023	64	339	7695808
15645	4995	1023	64	339	7695818
15659	4995	1023	64	336	7695828
15665	4995	1023	64	336	7695838
15665	4985	1023	64	338	7695848
15665	4978	1023	64	338	7695858
15665	4959	1023	64	338	7695868
15665	4936	1023	64	338	7695878
15654	4901	1023	64	338	7695888
15641	4856	1023	64	338	7695898
15622	4799	1023	64	338	7695908
15600	4734	1023	65	340	7695918
15577	4668	1023	65	340	7695928
15554	4603	1023	65	340	7695938
15536	4546	992	65	340	7695948
15519	4498	847	65	340	7695958
15503	4465	211	65	342	7695978
12
15192	4521	699	63	348	7696066
15140	4543	825	63	348	7696076
15121	4543	926	63	348	7696086
15109	4543	1003	63	348	7696106
15126	4543	1023	63	348	7696116
15159	4543	1023	63	348	7696126
15214	4543	1023	63	348	7696136
15283	4543	1023	63	348	7696146
15358	4551	1023	64	347	7696156
15434	4561	964	64	347	7696166
15498	4581	757	65	345	7696176
15552	4598	11	65	345	7696196
18
15398	4844	607	60	346	7696354
15398	4852	838	60.5	345.5	7696374
15391	4852	1010	61.6667	344.167	7696434
15380	4852	1023	63	342	7696444
15371	4844	1023	63	342	7696454
15358	4830	1023	64	341	7696464
15343	4813	1023	64	341	7696474
15329	4788	1023	65	342	7696484
15313	4756	1023	65	342	7696494
15306	4722	1023	65	342	7696504
15306	4683	1023	65	342	7696514
15306	4648	1023	65	342	7696524
15319	4622	1023	65	342	7696534
15341	4605	1023	65	342	7696544
15375	4605	1023	65	342	7696554
15420	4605	1023	65	342	7696564
15469	4621	913	65	342	7696574
15519	4643	244	65	345	7696594
22
17101	8635	404	65	340	7698978
17094	8651	486	65	340	7698988
17094	8661	572	65	340	7698998
17085	8661	651	64	338	7699008
17085	8674	726	64	338	7699028
17106	8682	779	64	338	7699038
17130	8682	809	64	338	7699048
17157	8682	834	64	338	7699058
17182	8682	887	64	338	7699068
17209	8653	902	64	338	7699078
17230	8608	914	64	338	7699088
17245	8542	927	64	338	7699098
17245	8452	932	64	338	7699108
17238	8353	944	64	338	7699118
17208	8248	947	65	340	7699128
17169	8153	947	65	340	7699138
17120	8063	950	65	340	7699148
17065	7976	944	65	342	7699158
17014	7898	931	65	342	7699168
16968	7830	887	65	345	7699178
16938	7779	797	65	345	7699188
16924	7752	311	65	347	7699208
26
17393	8673	460	61	347	7699654
17371	8683	538	61	345	7699664
17356	8696	621	62	345	7699674
17342	8696	693	62	345	7699684
17334	8704	741	63	344	7699704
17334	8712	775	63	344	7699714
17346	8712	795	63	344	7699724
17358	8712	813	63	344	7699734
17371	8712	831	63	342	7699744
17385	8712	865	64	341	7699754
17400	8704	885	64	341	7699764
17418	8685	906	65	340	7699774
17437	8659	929	65	340	7699784
17457	8616	950	65	342	7699794
17475	8559	962	65	342	7699804
17488	8488	970	65	342	7699814
17495	8402	976	65	342	7699824
17495	8316	982	65	342	7699834
17482	8230	989	65	345	7699844
17460	8144	994	65	345	7699854
17425	8061	996	65	345	7699864
17384	7978	996	65	347	7699874
17338	7900	992	65	347	7699884
17295	7837	972	65	347	7699894
17265	7791	917	66	349	7699904
17247	7768	445	66	350.333	7699934
55
17443	8649	152	63	344	7700278
17434	8668	338	63.5	343.5	7700298
17426	8678	528	64.5	342.5	7700318
17418	8687	690	65	342	7700338
17418	8694	835	65	342	7700378
17426	8687	907	65	342	7700388
17440	8687	936	65	340	7700398
17468	8687	961	65	340	7700408
17508	8698	973	65	340	7700418
17565	8707	984	65	340	7700428
17637	8715	993	65	340	7700438
17720	8723	998	66	340	7700448
17812	8723	999	66	340	7700458
17910	8729	1001	67	339	7700468
18015	8729	1003	67	339	7700478
18112	8719	1009	67	339	7700488
18204	8707	1019	67	339	7700498
18281	8695	1023	67	339	7700508
18338	8681	1023	67	339	7700518
18378	8667	1023	67	339	7700528
18406	8651	1023	67	338	7700538
18424	8631	1023	67	338	7700548
18437	8610	1023	68	336	7700558
18450	8590	1023	69	339	7700568
18461	8567	1023	69	339	7700578
18469	8545	1023	69	339	7700588
18469	8510	1023	69	339	7700598
18469	8470	1023	69	339	7700608
18459	8424	1023	69	339	7700618
18440	8372	1023	69	341	7700628
18416	8324	1023	69	341	7700638
18397	8276	1023	69	341	7700648
18372	8227	1023	69	341	7700658
18344	8181	1023	69	344	7700668
18313	8139	1023	69	344	7700678
18272	8097	1023	69	344	7700688
18224	8061	1023	69	346	7700698
18165	8026	1023	69	346	7700708
18098	7989	1023	69	346	7700718
18027	7957	1023	70	349	7700728
17954	7928	1023	70	349	7700738
17881	7896	1023	70	349	7700748
17803	7873	1023	70	352	7700758
17722	7850	1023	70	352	7700768
17642	7828	1023	70	352	7700778
17572	7815	1023	70	355	7700788
17520	7803	1023	70	355	7700798
17479	7803	1023	70	357	7700808
17449	7803	1023	70	357	7700818
17426	7795	1023	70	357	7700828
17407	7795	1023	70	357	7700838
17390	7795	1023	70	0	7700848
17376	7788	1005	69	0	7700858
17368	7788	772	68.5	0	7700878
17360	7788	117	68	0	7700898
59
15858	8627	186	63	344	7702658
15858	8644	335	63	344	7702668
15858	8651	483	63	344	7702678
15852	8657	635	62	344	7702698
15852	8666	773	62.6667	342.333	7702728
15861	8666	860	63	342	7702738
15881	8666	887	63	342	7702748
15917	8666	914	63	342	7702758
15977	8673	936	63	342	7702768
16054	8673	948	63	340	7702778
16150	8682	956	63	340	7702788
16248	8690	964	63	340	7702798
16344	8690	971	63	340	7702808
16428	8702	975	63	340	7702818
16494	8710	979	63	340	7702828
16543	8710	979	63	340	7702838
16575	8710	980	64	339	7702848
16600	8716	979	64	339	7702858
16619	8716	979	64	338	7702868
16637	8716	977	64	338	7702878
16656	8716	976	64	338	7702888
16674	8716	972	64	338	7702898
16691	8725	970	64	338	7702908
16706	8725	966	64	338	7702918
16720	8725	966	64	338	7702928
16732	8725	964	64	338	7702938
16742	8725	965	64	338	7702948
16750	8725	967	64	338	7702958
16750	8731	969	64	338	7702968
16759	8731	979	64	338	7702988
16759	8722	998	64	338	7702998
16759	8702	1009	64	338	7703008
16759	8666	1017	65	340	7703018
16747	8616	1023	65	340	7703028
16736	8556	1023	65	340	7703038
16721	8498	1023	65	340	7703048
16710	8438	1023	65	340	7703058
16701	8383	1023	65	340	7703068
16701	8338	1023	65	340	7703078
16701	8302	1023	65	342	7703088
16701	8285	1023	65	342	7703098
16719	8285	1023	65	342	7703108
16733	8285	1023	66	342	7703118
16749	8293	1023	66	342	7703128
16766	8304	1023	67	343	7703138
16781	8317	1023	67	343	7703148
16802	8332	1023	67	343	7703158
16834	8350	1023	67	343	7703168
16880	8369	1023	67	343	7703178
16944	8389	1023	67	343	7703188
17019	8411	1023	67	343	7703198
17098	8435	1023	67	343	7703208
17165	8454	1023	67	343	7703218
17220	8468	1023	67	343	7703228
17256	8475	1023	67	343	7703238
17271	8475	1023	67	343	7703248
17279	8467	1023	68	342	7703268
17279	8455	996	69	341	7703288
17272	8455	397	69	341	7703318
17
17026	7980	119	69	346	7703870
17042	7987	559	69	346	7703920
17042	7993	877	69	346	7703930
17029	7993	908	69	346	7703940
17006	7993	955	69	346	7703950
16971	7984	981	69	346	7703960
16928	7975	1009	69	346	7703970
16878	7959	1023	69	346	7703980
16825	7944	1023	69	346	7703990
16771	7931	1023	69	346	7704000
16721	7920	1023	69	346	7704010
16679	7920	1023	69	346	7704020
16650	7913	1023	69	346	7704030
16635	7913	963	69.2	348.2	7704080
16644	7913	814	68	350	7704090
16651	7913	650	68	350	7704100
16660	7913	104	68	350	7704120
39
16696	7906	97	66	351	7704214
16690	7914	524	66	351	7704224
16681	7924	585	66	351	7704234
16675	7924	664	66	351	7704244
16675	7933	735	66	351	7704274
16685	7933	844	66	351	7704284
16685	7924	903	67	351	7704294
16692	7903	935	67	351	7704304
16692	7865	977	68	350	7704314
16680	7816	1004	68	350	7704324
16669	7749	1023	68	353	7704334
16652	7680	1023	68	353	7704344
16634	7609	1023	68	353	7704354
16612	7538	1023	68	355	7704364
16593	7473	1023	68	355	7704374
16582	7422	1023	68	355	7704384
16582	7382	1023	68	355	7704394
16582	7350	1023	68	355	7704404
16582	7329	1023	68	355	7704414
16582	7308	1023	68	358	7704424
16574	7293	1023	68	358	7704434
16574	7285	1023	68	358	7704454
16574	7277	1015	68	358	7704504
16564	7287	996	68	358	7704514
16550	7293	996	68	358	7704524
16526	7293	1000	68	358	7704534
16489	7293	1000	68	358	7704544
16440	7293	1003	68	358	7704554
16377	7293	1006	68	358	7704564
16297	7282	1016	69	357	7704574
16208	7274	1023	69	357	7704584
16117	7260	1023	70	357	7704594
16031	7243	1023	70	357	7704604
15960	7228	1023	70	357	7704614
15905	7215	1023	70	357	7704624
15864	7215	1023	70	355	7704634
15839	7208	1016	70	355	7704644
15824	7208	976	70	355	7704654
15816	7208	458	68.5	355	7704694
18
20206	8441	257	61	343	7708514
20199	8458	349	61	343	7708524
20199	8465	454	61	343	7708534
20192	8473	577	62	343	7708554
20192	8480	731	63	340	7708584
20192	8461	837	63	340	7708594
20192	8428	878	64	339	7708604
20186	8368	898	63	337	7708614
20171	8289	924	64	338	7708624
20146	8188	942	64	338	7708634
20121	8078	944	64	338	7708644
20094	7972	950	65	340	7708654
20069	7871	948	65	340	7708664
20055	7794	934	65	340	7708674
20048	7738	875	65	342	7708684
20048	7705	736	65	342	7708694
20060	7693	523	65	345	7708704
20072	7704	5	65	346	7708724
49
20201	8389	217	61	336	7709038
20194	8416	380	61	336	7709048
20194	8428	469	62	336	7709058
20194	8435	641	62.3333	335.667	7709088
20194	8442	781	63.6667	334.333	7709118
20201	8442	832	64	334	7709128
20209	8442	862	64	336	7709138
20225	8448	874	65	335	7709148
20251	8448	882	65	335	7709158
20290	8448	895	66	334	7709168
20339	8439	904	66	334	7709178
20397	8429	908	66	334	7709188
20463	8418	912	66	334	7709198
20538	8408	913	65	332	7709208
20618	8396	913	65	332	7709218
20699	8382	911	65	332	7709228
20780	8368	911	65	332	7709238
20855	8348	910	66	331	7709248
20924	8320	907	67	333	7709258
20981	8292	906	68	332	7709268
21027	8257	906	68	332	7709278
21059	8221	907	68	332	7709288
21078	8188	917	68	332	7709298
21089	8149	925	68	332	7709308
21089	8107	933	68	332	7709318
21071	8064	935	68	334	7709328
21048	8015	941	68	334	7709338
21015	7965	946	68	334	7709348
20983	7917	954	68	336	7709358
20950	7868	961	68	336	7709368
20915	7824	965	68	336	7709378
20878	7782	972	69	339	7709388
20835	7741	979	69	339	7709398
20790	7708	986	69	339	7709408
20744	7681	988	69	341	7709418
20692	7665	992	69	341	7709428
20629	7651	1006	69	341	7709438
20555	7636	1021	69	341	7709448
20475	7625	1023	69	344	7709458
20397	7614	1023	69	344	7709468
20325	7607	1023	69	344	7709478
20267	7607	1023	69	344	7709488
20220	7607	1023	69	346	7709498
20186	7618	1023	69	346	7709508
20164	7630	1013	69	346	7709518
20149	7644	964	69	346	7709528
20141	7654	884	69	346	7709538
20141	7661	693	69	347	7709548
20141	7669	110	68.5	347.5	7709568
49
18445	8274	399	57	334	7710782
18433	8290	441	57	334	7710792
18433	8298	519	58	335	7710802
18424	8306	585	58	335	7710812
18424	8312	616	59	336	7710822
18424	8320	647	59	336	7710832
18424	8326	678	60	335	7710842
18424	8336	715	60	335	7710852
18435	8343	750	60	337	7710862
18443	8343	789	60	337	7710872
18453	8353	840	60	337	7710882
18466	8353	875	61	336	7710892
18487	8353	898	61	336	7710902
18518	8353	920	62	335	7710912
18555	8353	938	62	335	7710922
18601	8353	962	62	335	7710932
18658	8362	979	62	335	7710942
18723	8362	986	62	335	7710952
18798	8362	993	62	336	7710962
18879	8362	996	62	336	7710972
18965	8362	1001	62	336	7710982
19058	8362	1000	63	335	7710992
19154	8368	1008	63	335	7711002
19245	8368	1009	64	334	7711012
19330	8368	1015	64	334	7711022
19407	8356	1015	64	334	7711032
19476	8342	1016	64	334	7711042
19544	8330	1019	65	333	7711052
19608	8313	1023	65	333	7711062
19665	8299	1023	66	334	7711072
19720	8299	1023	66	334	7711082
19771	8299	1023	66	334	7711092
19811	8293	1023	66	334	7711102
19845	8293	1023	66	334	7711112
19875	8293	1023	66	334	7711122
19896	8286	1023	66	334	7711132
19914	8286	1023	66	334	7711142
19933	8286	1023	66	334	7711152
19954	8278	1023	66	336	7711162
19978	8278	1023	66	336	7711172
20006	8278	1023	66	336	7711182
20027	8278	1023	66	336	7711192
20042	8278	1023	66	336	7711202
20053	8272	1023	67	335	7711212
20063	8272	1023	67	335	7711222
20076	8272	1023	68	334	7711232
20093	8272	1023	68	334	7711242
20108	8272	1023	68	334	7711252
20116	8272	785	68	335.556	7711342
15
16617	6068	66	61	345	7713110
16607	6081	144	61	345	7713120
16607	6088	264	61	345	7713140
16600	6099	450	61	345	7713170
16593	6106	747	61	345	7713250
16593	6096	900	61	345	7713260
16593	6073	913	61	345	7713270
16584	6033	919	61	345	7713280
16576	5977	927	61	345	7713290
16569	5921	929	61	345	7713300
16562	5870	928	61	345	7713310
16555	5820	924	61	347	7713320
16555	5784	893	61	347	7713330
16546	5758	786	61	347	7713340
16546	5739	265	61	347	7713360
21
16630	6014	685	62	349	7713458
16630	6069	743	61	347	7713468
16615	6088	843	61	347	7713478
16605	6098	909	61	347	7713528
16616	6098	939	61	347	7713538
16628	6098	960	61	345	7713548
16644	6084	970	61	345	7713558
16660	6068	987	61	345	7713568
16679	6046	998	62	345	7713578
16698	6017	1005	62	345	7713588
16714	5989	1006	63	344	7713598
16734	5964	1010	63	344	7713608
16753	5937	1015	63	346	7713618
16767	5908	1016	63	346	7713628
16783	5878	1015	63	346	7713638
16796	5846	1003	63	346	7713648
16803	5823	979	63	346	7713658
16814	5809	918	63	346	7713668
16814	5798	797	63	346	7713678
16814	5788	582	63	348	7713688
16814	5781	6	63	348	7713708
16
16585	5653	441	62	353	7713822
16564	5666	602	62	353	7713832
16553	5677	680	62	353	7713842
16545	5686	820	62	353	7713882
16556	5686	907	62	353	7713892
16567	5696	954	62	351	7713902
16586	5707	977	62	351	7713912
16613	5722	1000	63	350	7713922
16647	5741	1018	63	350	7713932
16687	5770	1019	63	348	7713942
16727	5798	1019	63	348	7713952
16762	5825	1015	63	348	7713962
16794	5851	997	63	348	7713972
16819	5874	948	63	346	7713982
16840	5893	827	63	346	7713992
16854	5910	279	63	346	7714012
29
16907	5898	350	63	348	7714190
16907	5932	632	63	348	7714200
16899	5948	768	63	348	7714210
16887	5958	882	63	348	7714220
16875	5958	932	63	348	7714230
16862	5958	957	63	348	7714240
16849	5945	976	63	346	7714250
16838	5929	973	63	346	7714260
16821	5893	973	63	346	7714270
16808	5852	976	63	346	7714280
16800	5810	976	63	346	7714290
16800	5770	975	63	346	7714300
16808	5747	969	63	346	7714310
16827	5731	969	63	346	7714320
16855	5724	963	63	346	7714330
16889	5724	956	63	346	7714340
16927	5752	948	63	346	7714350
16965	5790	941	63	346	7714360
16993	5839	938	63	346	7714370
17011	5894	939	64	345	7714380
17011	5941	947	64	345	7714390
17005	5978	976	65	345	7714400
16989	5998	981	65	345	7714410
16964	5998	984	65	345	7714420
16931	5987	977	65	345	7714430
16896	5965	958	65	345	7714440
16862	5941	874	65	347	7714450
16835	5912	682	65	347	7714460
16821	5892	36	64	347	7714480
32
16235	7125	229	58	340	7715818
16235	7151	355	58	340	7715828
16235	7162	403	58	340	7715838
16222	7175	468	59	341	7715848
16215	7187	524	59	341	7715858
16215	7198	558	60	341	7715868
16215	7215	594	60	341	7715878
16230	7233	647	60	340	7715888
16243	7246	695	60	340	7715898
16251	7255	793	60	340	7715918
16251	7230	877	60	340	7715928
16251	7176	911	60	340	7715938
16244	7092	932	60	340	7715948
16230	6982	956	61	342	7715958
16215	6865	970	61	342	7715968
16196	6751	977	62	341	7715978
16177	6649	980	62	341	7715988
16160	6545	985	63	342	7715998
16145	6442	986	63	342	7716008
16131	6346	987	63	342	7716018
16122	6259	987	63	344	7716028
16122	6194	989	63	344	7716038
16122	6152	986	63	346	7716048
16122	6127	986	63	346	7716058
16122	6114	985	63	348	7716068
16122	6104	981	63	348	7716078
16114	6093	980	65	349	7716088
16114	6083	972	65	349	7716098
16114	6073	956	66	351	7716108
16107	6063	944	66	351	7716118
16107	6057	879	66	352.818	7716228
16100	6057	189	66	353	7716258
37
16125	6210	116	66	349	7716510
16125	6221	431	66	350.429	7716580
16125	6208	777	66	351	7716590
16125	6189	846	66	351	7716600
16125	6158	869	66	351	7716610
16118	6115	902	66	351	7716620
16111	6070	916	66	353	7716630
16105	6022	922	66	353	7716640
16095	5974	925	66	353	7716650
16095	5930	925	66	353	7716660
16087	5891	925	66	356	7716670
16087	5857	921	66	356	7716680
16087	5830	912	66	356	7716690
16080	5812	880	66	356	7716700
16080	5801	751	66	358	7716730
16080	5821	700	66	358	7716740
16080	5842	700	66	0	7716750
16080	5861	706	66	0	7716760
16080	5876	720	66	0	7716770
16080	5882	768	66	0	7716790
16086	5882	844	66	0	7716810
16086	5889	907	66	0	7716830
16095	5889	947	66	0	7716840
16101	5889	985	66	0	7716850
16123	5889	1002	66	0	7716860
16156	5889	1018	66	0	7716870
16204	5897	1023	66	0	7716880
16260	5904	1023	66	0	7716890
16316	5904	1023	66	0	7716900
16371	5914	1023	66	358	7716910
16421	5923	1023	66	358	7716920
16466	5931	1023	66	358	7716930
16501	5940	1023	67	358	7716940
16532	5940	1023	67	358	7716950
16556	5940	1023	68	358	7716960
16573	5940	1018	68	358	7716970
16583	5930	442	68	358	7717000
30
20055	7814	156	66	320	7719226
20061	7814	246	66	320	7719236
20055	7814	335	65	322	7719256
20048	7814	399	65	322	7719266
20048	7822	510	65	322	7719346
20048	7828	669	65	322	7719376
20048	7835	839	66	320.444	7719556
20036	7835	984	67	319	7719566
20022	7835	991	67	319	7719576
20001	7835	1008	67	319	7719586
19970	7835	1016	67	319	7719596
19933	7835	1023	67	319	7719606
19895	7835	1023	67	319	7719616
19845	7828	1023	67	319	7719626
19789	7818	1023	67	319	7719636
19725	7810	1023	67	319	7719646
19650	7802	1023	67	319	7719656
19576	7802	1023	66	320	7719666
19499	7790	1023	66	320	7719676
19422	7790	1023	65	322	7719686
19350	7780	1023	65	322	7719696
19283	7780	1023	65	322	7719706
19219	7768	1023	65	322	7719716
19162	7761	1023	65	322	7719726
19112	7753	1015	65	322	7719736
19074	7747	983	65	322	7719746
19048	7747	943	65	322	7719756
19026	7747	873	65	322	7719766
19006	7738	753	65	322	7719776
18987	7721	231	65	325	7719796
35
18991	7674	125	63	333	7720150
19004	7710	340	63	333	7720160
19010	7726	444	63	331	7720170
19017	7746	534	63	331	7720180
19017	7759	596	64	330	7720190
19024	7767	653	64	330	7720200
19024	7773	734	64.5	327	7720220
19031	7773	844	64	326	7720230
19031	7750	881	64	326	7720240
19031	7708	914	64	326	7720250
19031	7639	949	64	326	7720260
19021	7543	971	65	328	7720270
19006	7430	985	65	328	7720280
18984	7312	995	65	328	7720290
18959	7194	1003	65	330	7720300
18936	7080	1006	65	330	7720310
18915	6973	1014	65	330	7720320
18900	6872	1023	65	332	7720330
18886	6778	1023	65	332	7720340
18875	6695	1023	66	334	7720350
18862	6617	1023	66	334	7720360
18850	6538	1023	66	336	7720370
18837	6463	1023	67	339	7720380
18823	6386	1023	67	339	7720390
18810	6314	1023	67	341	7720400
18799	6254	1023	67	343	7720410
18793	6203	1023	67	345	7720420
18793	6163	1023	68	348	7720430
18784	6133	1023	68	348	7720440
18784	6115	1023	68	350	7720450
18784	6104	1021	68	353.714	7720520
18778	6098	927	68	355	7720540
18778	6088	741	68	355	7720550
18763	6080	583	68	355	7720560
18750	6071	68	68	355	7720580
32
17020	5864	276	65	342	7721191
16992	5864	408	65	342	7721201
16992	5874	624	65	342	7721221
17003	5882	815	65	342	7721241
17015	5882	910	65	342	7721251
17028	5875	947	65	342	7721261
17054	5875	977	65	342	7721271
17104	5864	994	65	342	7721281
17179	5864	1012	65	342	7721291
17282	5864	1023	65	342	7721301
17408	5878	1023	65	342	7721310
17550	5892	1023	65	342	7721320
17700	5911	1023	66	342	7721330
17853	5933	1023	66	342	7721340
18000	5953	1023	67	341	7721350
18123	5968	1023	67	339	7721360
18221	5977	1023	67	339	7721370
18287	5977	1023	67	339	7721380
18329	5977	1023	67	341	7721390
18353	5983	1023	68	340	7721400
18369	5983	1023	68	340	7721410
18378	5983	1023	69	339	7721420
18388	5983	1023	69	339	7721430
18405	5983	1023	69	339	7721440
18428	5983	1023	69	339	7721450
18457	5990	1017	69	339	7721460
18489	5990	988	69	339	7721470
18518	5997	965	69	339	7721480
18544	5997	939	69	339	7721490
18567	6008	912	69	339	7721500
18581	6008	808	69	340.333	7721530
18581	5998	205	69	341	7721550
13
18841	6191	401	67	338	7722211
18835	6191	530	68	336	7722221
18826	6191	640	68	336	7722231
18826	6199	695	68	336	7722241
18817	6199	754	68	336	7722271
18810	6199	815	69	339	7722291
18810	6178	862	69	339	7722301
18800	6145	906	69	339	7722311
18793	6093	918	69	339	7722321
18782	6036	919	69	341	7722331
18771	5986	903	69	341	7722341
18757	5939	846	69	341	7722351
18742	5908	320	69	341	7722371
10
18553	5942	389	66	346	7722471
18519	5950	820	65	347	7722481
18507	5957	927	65	347	7722501
18498	5966	1013	65	347	7722511
18506	5966	1023	65	347	7722521
18525	5959	1023	65	347	7722531
18559	5952	1023	65	347	7722541
18609	5945	1023	66	346	7722551
18672	5945	986	66	346	7722561
18738	5945	364	67	345	7722580
22
19628	5550	505	64	350	7726551
19628	5566	564	64	350	7726561
19628	5573	647	64	350	7726581
19635	5581	714	64	350	7726591
19647	5581	747	63	348	7726601
19663	5581	771	63	348	7726611
19683	5581	792	63	346	7726621
19706	5581	817	64	345	7726631
19726	5561	829	64	345	7726641
19747	5534	858	65	342	7726651
19766	5491	874	65	342	7726661
19779	5432	895	65	342	7726671
19787	5362	911	65	342	7726681
19787	5282	926	65	342	7726691
19777	5203	940	65	342	7726701
19763	5123	956	65	342	7726711
19742	5041	960	65	345	7726721
19721	4964	961	65	345	7726731
19698	4895	943	65	345	7726741
19680	4841	901	65	347	7726751
19665	4806	788	65	347	7726761
19656	4792	248	65.5	348	7726781
47
19703	5584	471	65	342	7727375
19696	5578	591	65	341	7727395
19687	5584	794	65.4	340	7727445
19704	5584	854	66	336	7727455
19721	5584	864	66	336	7727465
19744	5591	878	66	336	7727475
19774	5591	889	66	336	7727485
19808	5591	899	66	336	7727495
19849	5591	911	66	336	7727505
19897	5583	915	66	336	7727515
19952	5583	916	66	336	7727525
20017	5573	919	66	336	7727535
20085	5564	917	66	336	7727545
20158	5552	917	66	336	7727555
20227	5536	918	67	338	7727565
20293	5517	917	67	338	7727575
20352	5495	918	68	336	7727585
20402	5473	917	68	336	7727595
20444	5450	920	68	336	7727605
20475	5428	924	68	336	7727615
20493	5409	932	68	336	7727625
20504	5389	948	68	336	7727635
20504	5370	959	68	336	7727645
20511	5348	963	68	336	7727655
20511	5324	971	68	336	7727665
20505	5294	971	68	336	7727675
20493	5260	977	68	336	7727685
20477	5220	980	69	339	7727695
20456	5177	980	69	339	7727705
20428	5131	989	69	339	7727715
20398	5090	992	69	339	7727725
20362	5048	992	69	339	7727735
20322	5010	1003	69	339	7727745
20276	4974	1007	69	341	7727755
20224	4937	1020	69	341	7727765
20166	4904	1023	69	341	7727775
20101	4869	1023	69	344	7727785
20033	4835	1023	69	344	7727795
19965	4805	1023	69	344	7727805
19904	4781	1023	69	344	7727815
19854	4766	1023	69	346	7727825
19817	4759	1023	69	346	7727835
19792	4759	1023	69	346	7727845
19778	4759	1023	69	346	7727855
19770	4759	998	69	346	7727865
19770	4766	790	69	346	7727895
19770	4775	69	69	346	7727915
29
20625	5286	536	66	334	7728231
20625	5319	659	66	336	7728241
20611	5331	775	67	335	7728251
20598	5339	862	67	335	7728261
20581	5339	896	68	336	7728271
20565	5339	916	68	336	7728281
20546	5328	924	68	336	7728291
20525	5306	954	68	336	7728301
20504	5270	968	69	339	7728311
20488	5229	978	69	339	7728321
20480	5189	981	69	339	7728331
20487	5158	980	69	339	7728341
20508	5138	980	69	341	7728351
20546	5129	971	69	341	7728361
20598	5129	961	69	341	7728371
20656	5145	948	69	341	7728381
20716	5174	934	69	341	7728391
20768	5213	924	69	341	7728401
20806	5261	924	69	341	7728411
20829	5307	936	69	341	7728421
20829	5346	973	69	341	7728431
20829	5372	1007	69	341	7728441
20802	5382	1023	69	344	7728451
20766	5382	1023	70	343	7728461
20720	5360	1023	70	343	7728471
20671	5339	1023	70	343	7728481
20625	5311	971	70	343	7728491
20586	5289	868	70	343	7728501
20559	5273	272	69	344	7728521
12
18727	5875	318	63	333	7729707
18727	5899	444	63	333	7729717
18727	5908	682	63	333	7729757
18736	5877	827	63	333	7729767
18736	5829	846	63	333	7729777
18727	5764	873	63	333	7729787
18713	5686	889	64	334	7729797
18692	5603	892	64	334	7729807
18673	5525	884	64	334	7729817
18656	5458	844	64	334	7729827
18645	5403	746	64	334	7729837
18645	5367	246	64	334	7729857
19
18649	5351	432	64	334	7729935
18640	5357	646	64	334	7729945
18632	5364	784	64.6667	333.333	7729975
18640	5364	872	65	332	7729985
18659	5371	903	65	332	7729995
18694	5371	925	65	332	7730005
18752	5379	935	65	332	7730015
18833	5379	943	65	332	7730025
18942	5385	944	65	332	7730035
19067	5385	948	66	331	7730045
19202	5385	950	66	331	7730055
19340	5379	949	67	330	7730065
19468	5379	949	67	330	7730075
19578	5368	951	67	330	7730085
19673	5358	953	67	330	7730095
19743	5350	951	68	328	7730105
19791	5341	943	68	328	7730115
19823	5341	898	69	327	7730125
19840	5335	340	69	327	7730155
99
15726	4651	469	60	340	7730963
15726	4658	582	60	340	7730973
15726	4666	666	60	340	7730983
15703	4673	748	60	340	7730993
15695	4673	807	60	340	7731013
15695	4679	837	61	339	7731033
15704	4679	855	62	338	7731043
15723	4679	886	62	338	7731053
15758	4679	904	62	336	7731063
15807	4688	915	62	336	7731073
15876	4688	941	62	336	7731083
15968	4697	957	62	336	7731093
16082	4697	962	62	336	7731103
16215	4709	971	63	335	7731113
16356	4716	976	63	335	7731123
16497	4724	981	64	334	7731133
16634	4724	984	64	334	7731143
16765	4732	985	64	334	7731153
16893	4732	989	64	334	7731163
17019	4732	989	63	333	7731173
17144	4732	995	64	331	7731183
17269	4732	1001	64	331	7731193
17396	4739	1003	65	330	7731203
17521	4748	1007	65	330	7731213
17640	4757	1011	65	330	7731223
17752	4764	1011	65	330	7731233
17852	4764	1011	65	330	7731243
17940	4764	1009	65	330	7731253
18019	4764	1011	65	330	7731263
18092	4770	1013	66	329	7731273
18162	4770	1016	66	331	7731283
18231	4778	1021	67	330	7731293
18293	4778	1023	67	330	7731303
18348	4785	1023	67	330	7731313
18396	4785	1023	67	330	7731323
18436	4785	1023	67	330	7731333
18472	4785	1023	67	330	7731343
18503	4785	1023	67	330	7731353
18533	4785	1023	67	330	7731363
18561	4785	1023	67	330	7731373
18590	4785	1023	67	330	7731383
18618	4785	1023	67	330	7731393
18640	4785	1023	67	330	7731403
18657	4785	1023	68	332	7731413
18670	4785	1023	68	332	7731423
18681	4785	1023	68	332	7731433
18697	4785	1023	68	332	7731443
18714	4785	1023	68	332	7731453
18730	4785	1023	68	332	7731463
18747	4785	1023	68	332	7731473
18763	4785	1023	68	332	7731483
18779	4785	1023	68	332	7731493
18796	4785	1023	68	332	7731503
18817	4785	1023	68	332	7731513
18841	4785	1023	68	332	7731523
18870	4792	1023	68	331	7731533
18901	4792	1023	68	331	7731543
18932	4802	1023	69	329	7731553
18959	4802	1023	69	329	7731563
18984	4814	1023	69	329	7731573
19005	4814	1023	69	329	7731583
19024	4814	1023	69	329	7731593
19046	4822	1023	69	329	7731603
19066	4822	1023	69	329	7731613
19090	4822	1023	69	329	7731623
19118	4822	1023	69	329	7731633
19150	4829	1023	69	329	7731643
19186	4829	1023	69	329	7731653
19227	4829	1023	69	329	7731663
19264	4838	1023	69	329	7731673
19294	4838	1023	69	329	7731683
19317	4846	1023	69	329	7731693
19332	4846	1023	69	329	7731703
19343	4846	1023	69	329	7731713
19357	4846	1023	69	329	7731723
19374	4846	1023	69	329	7731733
19396	4854	1023	69	329	7731743
19419	4854	1023	69	329	7731753
19438	4854	1023	69	329	7731763
19456	4861	1023	69	329	7731773
19474	4861	1023	69	329	7731783
19499	4861	1023	69	329	7731793
19525	4872	1023	69	329	7731803
19548	4872	1023	69	329	7731813
19574	4872	1023	69	329	7731823
19594	4879	1023	70	328	7731833
19611	4879	1023	70	328	7731843
19628	4879	1023	71	326	7731853
19638	4879	1023	71	326	7731863
19648	4879	1023	71	326	7731873
19662	4879	1023	71	326	7731883
19675	4879	1023	71	326	7731893
19688	4873	1023	71	326	7731903
19703	4873	1023	71	326	7731913
19721	4873	1023	71	326	7731923
19739	4873	1023	71	326	7731933
19755	4873	1023	71	326	7731943
19768	4873	906	71	326	7731963
19759	4883	167	71	326	7731983
18
22196	7389	541	60	335	7735783
22202	7395	613	60	337	7735793
22202	7404	735	60.6667	336.333	7735823
22213	7404	801	62	336	7735833
22228	7395	819	62	336	7735843
22245	7386	846	63	337	7735853
22265	7364	868	63	337	7735863
22285	7328	893	64	338	7735873
22302	7278	904	64	338	7735883
22314	7212	922	64	338	7735893
22314	7130	940	65	340	7735903
22314	7044	957	66	340	7735913
22291	6950	971	66	342	7735923
22262	6855	971	67	343	7735933
22228	6773	966	67	343	7735943
22194	6706	911	67	345	7735953
22169	6661	777	67	345	7735963
22157	6645	147	68	348	7735983
33
22333	7388	370	62	332	7736291
22315	7415	514	62	332	7736301
22308	7427	608	63	331	7736311
22302	7437	703	63	333	7736321
22302	7445	805	63.5	333.5	7736361
22314	7452	861	65	333	7736371
22336	7452	884	65	335	7736381
22375	7452	904	66	334	7736391
22433	7439	920	66	334	7736401
22510	7426	936	66	336	7736411
22598	7407	943	66	336	7736421
22689	7387	949	67	335	7736431
22780	7363	951	67	335	7736441
22861	7340	952	68	334	7736451
22932	7317	951	68	334	7736461
22987	7288	958	68	334	7736471
23025	7258	966	68	334	7736481
23045	7217	974	68	334	7736491
23045	7170	992	68	334	7736501
23032	7115	1003	68	336	7736511
23001	7058	1015	68	336	7736521
22957	7000	1023	68	336	7736531
22903	6939	1023	69	339	7736541
22842	6883	1023	69	339	7736551
22773	6824	1023	70	338	7736561
22699	6770	1023	70	340	7736571
22622	6725	1023	70	340	7736581
22538	6684	1023	70	340	7736591
22455	6653	1023	69	344	7736601
22379	6630	1023	69	344	7736611
22317	6615	1023	69	346	7736621
22280	6609	1023	69	346	7736631
22263	6609	523	69.75	348.25	7736671
16
21035	7934	367	60	344	7738623
21011	7934	505	61	343	7738633
21011	7943	592	61	343	7738643
21002	7951	728	62	343	7738663
21002	7958	838	63.5	341.5	7738683
21018	7958	913	64	341	7738693
21035	7968	934	65	340	7738703
21064	7977	963	65	340	7738713
21110	7992	980	65	340	7738723
21170	8011	985	66	340	7738733
21236	8032	984	66	340	7738743
21303	8050	979	67	339	7738753
21369	8062	953	67	339	7738763
21427	8070	889	67	339	7738773
21481	8070	755	67	339	7738783
21522	8070	105	67	339	7738803
20
21525	8023	56	64	338	7739319
21525	8031	359	64	338	7739329
21517	8031	449	64	338	7739339
21517	8038	657	64	338	7739389
21524	8031	791	64	338	7739399
21524	8020	822	64	338	7739409
21524	7994	855	64	338	7739419
21513	7956	865	65	340	7739429
21506	7902	878	65	340	7739439
21497	7834	885	65	340	7739449
21490	7765	890	65	340	7739459
21480	7693	894	65	340	7739469
21480	7621	898	65	342	7739479
21470	7554	903	65	342	7739489
21470	7488	904	65	342	7739499
21461	7434	905	65	345	7739509
21461	7388	903	65	345	7739519
21453	7356	891	65	345	7739529
21453	7336	858	65	347	7739539
21453	7324	377	65.5	348	7739579
29
21422	7256	519	65	345	7739695
21414	7265	613	65	345	7739705
21414	7276	676	65	345	7739715
21405	7276	745	65	347	7739725
21405	7283	809	65	347	7739765
21420	7283	889	65	347	7739775
21432	7283	905	67	348	7739785
21452	7283	947	67	348	7739795
21483	7283	963	68	348	7739805
21525	7275	975	68	348	7739815
21584	7275	984	68	350	7739825
21652	7275	991	69	350	7739835
21728	7275	996	69	350	7739845
21807	7275	1001	70	349	7739855
21885	7275	1003	70	349	7739865
21962	7275	1002	69	346	7739875
22035	7267	1008	69	346	7739885
22101	7267	1007	69	346	7739895
22157	7258	1007	69	346	7739905
22200	7258	1003	69	346	7739915
22233	7258	1001	69	346	7739925
22259	7258	992	69	346	7739935
22275	7258	984	69	346	7739945
22286	7258	982	70	346	7739955
22295	7258	978	70	346	7739965
22305	7251	949	71	345	7739975
22316	7251	906	71	345	7739985
22327	7251	846	71	345	7739995
22335	7244	365	69.6667	346	7740025
16
22178	6777	127	64	334	7741911
22171	6777	485	64.6667	333.333	7741941
22165	6777	751	65	330.667	7741971
22156	6783	857	65	330	7741981
22147	6783	881	65	330	7741991
22126	6783	906	65	330	7742001
22095	6794	928	66	329	7742011
22047	6794	938	66	329	7742021
21986	6806	940	67	328	7742031
21917	6806	943	67	328	7742041
21841	6806	945	67	328	7742051
21774	6806	949	67	328	7742061
21721	6806	944	67	328	7742071
21690	6806	919	66	329	7742081
21675	6806	812	65.5	330.5	7742101
21683	6806	218	65	332	7742121
13
21732	6735	327	64	334	7742635
21710	6735	446	64	334	7742645
21702	6742	553	64	334	7742655
21692	6742	632	64	334	7742665
21682	6752	672	65	333	7742675
21672	6759	681	65	333	7742685
21657	6759	688	65	332	7742695
21637	6771	690	65	332	7742705
21615	6771	694	65	332	7742715
21595	6781	691	65	333	7742725
21577	6781	658	65	333	7742735
21565	6781	548	64	334	7742745
21557	6781	79	64	334	7742765
56
21539	6767	418	62	338	7743139
21545	6776	527	62	338	7743149
21545	6787	686	62.5	337.5	7743169
21545	6796	804	63.6667	335	7743199
21545	6787	857	64	334	7743209
21545	6762	874	64	334	7743219
21545	6713	899	64	334	7743229
21545	6639	915	64	334	7743239
21545	6544	928	64	336	7743249
21536	6438	947	64	336	7743259
21536	6332	956	64	336	7743269
21521	6238	969	64	338	7743279
21509	6153	979	64	338	7743289
21496	6077	994	64	338	7743299
21484	6007	1006	65	340	7743309
21471	5934	1010	65	340	7743319
21457	5862	1018	65	340	7743329
21441	5793	1023	65	342	7743339
21427	5731	1023	65	342	7743349
21416	5679	1023	65	345	7743359
21405	5636	1023	65	347	7743369
21398	5602	1023	65	347	7743379
21398	5575	1023	66	349	7743389
21390	5547	1023	66	349	7743399
21390	5518	1023	66	351	7743409
21390	5489	1023	66	353	7743419
21390	5459	1023	66	353	7743429
21383	5432	1023	66	356	7743439
21383	5413	1023	66	356	7743449
21383	5398	1023	66	356	7743459
21383	5389	1023	67	355	7743479
21383	5382	1023	68	355	7743499
21383	5371	1023	68	355	7743519
21376	5355	1023	68	355	7743529
21376	5339	1023	68	355	7743539
21367	5318	1023	68	355	7743549
21367	5294	1023	68	355	7743559
21356	5275	1023	68	355	7743569
21356	5264	1023	68	355	7743579
21356	5258	1015	68	355	7743669
21348	5265	1015	68	356.5	7743689
21337	5265	1016	68	358	7743699
21321	5272	1014	68	358	7743709
21298	5272	1016	68	358	7743719
21266	5272	1017	68	358	7743729
21227	5272	1017	68	358	7743739
21185	5279	1016	68	358	7743749
21138	5279	1021	68	358	7743759
21089	5286	1023	68	355	7743769
21037	5286	1023	68	355	7743779
20988	5286	1023	68	355	7743789
20948	5286	1004	68	358	7743799
20920	5279	945	68	358	7743809
20906	5279	840	68	358	7743819
20906	5287	664	68	358	7743829
20913	5305	63	68	358	7743849
18
24066	7245	281	60	335	7749151
24049	7265	399	61	336	7749161
24038	7275	449	61	336	7749171
24029	7288	525	62	335	7749181
24029	7301	574	62	336	7749191
24029	7311	642	62	336	7749201
24037	7318	708	62	336	7749211
24045	7318	773	63	335	7749221
24053	7326	869	63.5	336.5	7749241
24053	7315	947	64	336	7749251
24053	7299	967	64	338	7749261
24038	7252	987	64	338	7749271
24016	7190	986	65	337	7749281
23985	7109	970	66	340	7749291
23955	7024	920	67	339	7749301
23937	6959	824	67	339	7749311
23928	6910	615	67	339	7749321
23938	6891	3	67	341	7749341
16
24075	7301	55	59	336	7749499
24066	7310	263	59	336	7749509
24066	7317	414	60	335	7749519
24066	7324	633	60.5	335.5	7749539
24074	7331	860	62.25	335.25	7749579
24081	7323	954	64	336	7749589
24081	7314	988	65	335	7749599
24092	7300	999	65	337	7749609
24103	7273	1013	66	336	7749619
24117	7238	1016	66	336	7749629
24132	7198	1017	66	336	7749639
24148	7151	1010	67	339	7749649
24161	7106	978	67	339	7749659
24169	7062	910	67	339	7749669
24169	7019	800	67	339	7749679
24169	6981	270	67	339	7749699
13
23939	6833	110	64	345	7749787
23895	6833	758	64	345	7749797
23875	6833	837	63	346	7749807
23861	6833	912	63	346	7749817
23850	6839	955	63	346	7749837
23862	6846	972	63	346	7749847
23891	6861	992	63	346	7749857
23938	6877	993	64	345	7749867
24001	6898	994	64	345	7749877
24076	6927	974	65	345	7749887
24150	6948	916	65	345	7749897
24217	6973	809	66	344	7749907
24270	6992	252	66.5	343.5	7749927
28
24328	7054	388	64	336	7750163
24305	7073	485	64	336	7750173
24297	7080	625	64	336	7750193
24287	7090	806	65.2	335.2	7750243
24276	7077	916	66	336	7750253
24266	7060	941	66	336	7750263
24251	7030	951	66	336	7750273
24239	6996	958	66	336	7750283
24239	6961	958	66	336	7750293
24239	6929	956	66	336	7750303
24247	6905	954	67	339	7750313
24269	6887	942	67	339	7750323
24301	6878	927	67	339	7750333
24342	6878	924	67	339	7750343
24386	6893	918	67	339	7750353
24424	6921	918	67	339	7750363
24451	6956	919	67	339	7750373
24467	6994	929	67	339	7750383
24467	7031	947	67	339	7750393
24458	7057	993	67	339	7750403
24441	7078	1008	67	339	7750413
24415	7092	1011	67	339	7750423
24383	7092	1013	67	339	7750433
24348	7099	1000	67	339	7750443
24311	7099	978	67	339	7750453
24278	7080	909	67	339	7750463
24254	7068	792	67	339	7750473
24236	7054	185	67	339	7750493
33
23061	7018	217	60	338	7752300
23041	7025	376	60	338	7752310
23024	7034	513	60	340	7752320
23004	7034	605	60	340	7752330
22987	7042	677	61	339	7752340
22977	7042	724	61	339	7752350
22977	7048	761	62	338	7752360
22969	7048	828	62	338	7752400
22982	7048	897	62	338	7752410
23004	7048	922	63	337	7752420
23032	7055	943	63	337	7752430
23076	7055	970	64	336	7752440
23130	7066	986	64	336	7752449
23191	7066	996	65	335	7752459
23260	7066	1007	65	335	7752469
23331	7066	1013	66	334	7752479
23400	7059	1014	66	334	7752489
23463	7059	1016	66	334	7752499
23525	7059	1016	66	334	7752509
23580	7059	1019	66	334	7752519
23630	7059	1018	66	334	7752529
23675	7059	1020	66	334	7752539
23713	7059	1023	66	334	7752549
23744	7059	1023	66	334	7752559
23766	7059	1023	66	334	7752569
23785	7059	1023	66	334	7752579
23805	7059	1018	66	334	7752589
23825	7059	1014	65	332	7752599
23847	7059	1002	65	332	7752609
23867	7050	986	65	332	7752619
23882	7050	973	66	331	7752629
23892	7050	940	66.5	330.5	7752649
23892	7044	432	66.3333	330.667	7752679
16
25073	6983	481	60	344	7755628
25073	7012	560	61	343	7755638
25073	7024	622	61	342	7755648
25062	7034	679	62	341	7755658
25062	7042	738	62.6667	340.333	7755688
25069	7042	822	64	341	7755698
25069	7031	891	64	341	7755708
25069	6998	928	65	340	7755718
25069	6939	955	65	340	7755728
25057	6854	979	66	340	7755738
25033	6749	985	66	342	7755748
25003	6641	985	67	341	7755758
24974	6539	958	67	341	7755768
24950	6456	918	67	343	7755778
24942	6398	816	67	343	7755788
24942	6366	298	67	344	7755808
58
25129	6994	319	64	338	7756244
25129	7001	412	64	338	7756254
25129	7011	533	65	337	7756264
25129	7018	625	65	337	7756274
25123	7018	698	66	336	7756284
25123	7027	775	66	336	7756314
25129	7027	831	66	336	7756324
25129	7033	853	66	336	7756334
25136	7033	877	66	336	7756344
25143	7033	889	66	336	7756354
25153	7033	895	67	335	7756364
25170	7033	917	67	335	7756374
25197	7033	927	68	334	7756384
25233	7033	932	68	334	7756394
25278	7033	933	68	334	7756404
25329	7021	939	68	334	7756414
25383	7012	943	68	334	7756424
25437	7003	945	68	334	7756434
25488	6990	943	68	334	7756444
25532	6978	944	68	334	7756454
25569	6962	946	68	334	7756464
25600	6946	949	68	334	7756474
25627	6928	950	68	334	7756484
25653	6910	950	68	336	7756494
25679	6892	954	68	336	7756504
25701	6871	958	68	336	7756514
25720	6847	964	68	336	7756524
25735	6818	976	68	336	7756534
25742	6785	978	68	336	7756544
25742	6749	990	68	336	7756554
25742	6712	1004	69	339	7756564
25727	6673	1012	69	339	7756574
25710	6631	1019	69	339	7756584
25690	6596	1023	69	339	7756594
25665	6557	1023	69	341	7756604
25639	6523	1023	69	341	7756614
25614	6493	1023	69	341	7756624
25585	6463	1023	69	341	7756634
25555	6436	1023	69	344	7756644
25529	6415	1023	69	344	7756654
25500	6395	1023	69	344	7756664
25472	6380	1023	69	344	7756674
25443	6368	1023	69	346	7756684
25406	6354	1023	69	346	7756694
25366	6343	1023	69	346	7756704
25324	6334	1023	69	346	7756714
25282	6334	1023	69	346	7756724
25240	6334	1023	70	349	7756734
25199	6334	1023	70	349	7756744
25158	6334	1023	70	349	7756754
25122	6334	1023	70	349	7756764
25089	6334	1023	70	349	7756774
25065	6334	1023	70	349	7756784
25052	6334	1023	70	349	7756794
25052	6341	972	70	349	7756834
25044	6350	808	70	349	7756844
25035	6350	683	70	349	7756854
25020	6358	183	70	349	7756874
27
25823	6703	555	71	345	7757256
25823	6723	637	71	345	7757266
25815	6734	700	71	345	7757276
25809	6741	824	71	341.4	7757326
25802	6729	903	71	339	7757336
25802	6707	932	71	339	7757346
25802	6680	952	71	339	7757356
25795	6650	958	71	339	7757366
25795	6623	957	71	339	7757376
25808	6604	956	71	339	7757386
25829	6590	950	71	339	7757396
25859	6583	943	71	339	7757406
25900	6583	924	71	339	7757416
25945	6593	903	71	339	7757426
25989	6613	891	71	339	7757436
26025	6642	892	71	339	7757446
26045	6677	903	71	339	7757456
26055	6714	942	71	339	7757466
26049	6747	963	71	339	7757476
26032	6775	1001	71	339	7757486
26004	6794	1023	71	339	7757496
25966	6806	1023	71	339	7757506
25926	6806	1023	71	339	7757516
25887	6806	1023	71	339	7757526
25855	6790	954	71	339	7757536
25829	6769	859	71	339	7757546
25810	6748	257	71	339	7757566
32
24536	6978	228	65	340	7758900
24527	6989	364	65	340	7758910
24527	6996	491	65	340	7758920
24515	6996	575	65	340	7758930
24509	6996	626	65	340	7758940
24509	7003	663	65	340	7758950
24497	7003	707	65.5	340	7758970
24490	7003	758	66.6667	339.333	7759000
24503	7003	823	67	339	7759010
24516	7003	851	67	339	7759020
24537	7003	891	67	339	7759030
24562	6993	911	67	339	7759040
24592	6993	949	67	339	7759050
24630	6993	979	67	339	7759060
24672	6985	992	67	339	7759070
24717	6985	1008	67	339	7759080
24765	6977	1023	67	339	7759090
24810	6977	1023	67	339	7759100
24851	6969	1023	67	339	7759110
24888	6969	1023	67	339	7759120
24922	6959	1023	67	339	7759130
24953	6952	1023	67	339	7759140
24980	6952	1023	67	339	7759150
25005	6943	1023	67	339	7759160
25026	6943	1023	67	338	7759170
25046	6936	1023	67	338	7759180
25065	6936	1023	68	336	7759190
25080	6936	1023	68	336	7759200
25095	6927	1023	68	336	7759210
25108	6927	991	68	336	7759220
25115	6915	877	68	336	7759240
25124	6906	187	68	336	7759270
57
21345	5256	228	60.6667	338	7760704
21334	5256	466	62	338	7760714
21324	5248	561	62	338	7760724
21314	5240	665	62	338	7760734
21305	5240	735	63	340	7760744
21305	5232	780	63	340	7760754
21298	5232	836	63	340	7760784
21307	5232	885	64	341	7760794
21324	5247	913	64	341	7760804
21354	5256	931	65	340	7760814
21401	5267	942	65	340	7760824
21463	5279	957	65	340	7760834
21537	5286	963	65	340	7760844
21618	5293	966	65	340	7760854
21709	5293	973	65	340	7760864
21806	5300	979	65	340	7760874
21909	5300	985	65	340	7760884
22015	5309	988	65	340	7760894
22121	5309	994	65	340	7760904
22229	5316	995	65	340	7760914
22334	5316	998	65	340	7760924
22440	5309	1000	65	340	7760934
22546	5309	1001	65	340	7760944
22648	5299	1000	66	340	7760954
22742	5299	1001	65	337	7760964
22827	5293	1001	66	336	7760974
22900	5293	1000	66	336	7760984
22965	5286	1000	66	336	7760994
23018	5286	1002	66	336	7761004
23061	5286	1004	66	336	7761014
23094	5286	1005	66	336	7761024
23115	5286	1005	66	336	7761034
23133	5293	1008	66	336	7761044
23145	5293	1007	66	336	7761054
23154	5293	982	66	336	7761144
23147	5293	837	66	336	7761154
23141	5293	771	66	336	7761164
23133	5293	665	66	336	7761174
23127	5293	435	66	336	7761204
23127	5299	760	66.5556	337.667	7761294
23127	5314	931	67	339	7761304
23127	5341	936	67	339	7761314
23139	5387	935	67	339	7761324
23155	5456	937	67	339	7761334
23176	5543	940	67	339	7761344
23199	5636	942	66	336	7761354
23222	5729	945	66	336	7761364
23242	5817	948	66	336	7761374
23259	5892	950	66	336	7761384
23268	5950	952	66	336	7761394
23268	5993	951	66	336	7761404
23277	6023	948	66	336	7761414
23277	6042	933	66	336	7761424
23285	6063	868	66	336	7761434
23294	6083	750	66	336	7761444
23304	6103	407	66	336	7761454
23315	6122	42	66	334	7761474
16
23247	6014	247	62	332	7761816
23247	6022	392	63	333	7761826
23247	6028	517	63	333	7761836
23247	6038	595	63	333	7761846
23247	6049	693	63	333	7761856
23247	6062	742	63	333	7761866
23247	6082	804	63	333	7761876
23247	6104	824	64	331	7761886
23256	6133	836	64	331	7761896
23263	6166	849	65	332	7761906
23269	6196	848	65	332	7761916
23279	6228	848	65	332	7761926
23291	6258	841	65	332	7761936
23304	6285	827	65	332	7761946
23317	6308	766	65	332	7761956
23326	6324	252	65	332	7761986
12
23262	6099	365	60.5	331.5	7762322
23262	6112	608	61	332	7762342
23262	6125	700	61	333	7762352
23252	6138	709	62	332	7762362
23252	6156	710	62	332	7762372
23244	6181	712	63	333	7762382
23244	6212	709	63	333	7762392
23236	6249	704	63	333	7762402
23236	6298	682	63	333	7762412
23256	6357	628	64	331	7762422
23279	6420	560	64	331	7762432
23307	6481	170	65	330	7762452
33
23235	6428	473	56	327	7762708
23244	6434	569	57	328	7762718
23244	6442	690	58	329	7762728
23244	6450	778	60	331	7762738
23244	6457	821	60	332	7762748
23254	6457	853	61	333	7762758
23267	6465	882	63	334	7762768
23292	6465	903	63	334	7762778
23334	6480	924	63	333	7762788
23401	6494	950	63	333	7762798
23491	6510	960	64	330	7762808
23601	6528	966	64	330	7762818
23722	6543	969	65	328	7762828
23846	6553	969	65	325	7762838
23968	6553	973	65	325	7762848
24083	6553	978	66	326	7762858
24192	6553	979	66	326	7762868
24296	6541	982	66	326	7762878
24398	6535	981	66	326	7762888
24499	6535	981	66	324	7762898
24601	6535	981	66	322	7762908
24697	6535	980	66	322	7762918
24784	6535	980	67	320	7762928
24860	6535	979	67	320	7762938
24921	6535	980	67	320	7762948
24968	6535	984	67	319	7762958
25005	6535	986	67	319	7762968
25039	6535	988	67	319	7762978
25066	6528	987	67	319	7762988
25089	6528	989	67	317	7762998
25104	6528	987	67	317	7763008
25110	6528	936	68	315	7763028
25102	6528	305	68	315	7763048
14
26079	6698	376	68	332	7764356
26064	6691	532	68	332	7764366
26064	6700	680	68	332	7764376
26064	6706	804	68	332	7764386
26064	6714	970	68	331.5	7764426
26071	6714	1023	69	329	7764436
26085	6714	1023	69	329	7764446
26115	6714	1023	69	329	7764456
26164	6720	1023	69	329	7764466
26231	6720	1023	69	329	7764476
26308	6720	1023	69	329	7764486
26385	6730	998	69	329	7764496
26454	6730	853	69	329	7764506
26510	6730	153	69.5	328.5	7764526
15
26620	6938	555	71	326	7764792
26632	6993	659	71	326	7764802
26639	7016	754	71	326	7764812
26639	7026	852	70.5	325.5	7764832
26653	7026	935	70	325	7764842
26661	7018	1002	69	327	7764852
26671	6998	1023	69	327	7764862
26671	6958	1023	69	327	7764872
26671	6885	1023	69	329	7764882
26655	6793	1023	69	329	7764892
26625	6688	1023	69	329	7764902
26589	6580	1023	69	329	7764912
26557	6495	981	70	332	7764922
26533	6428	850	71	330	7764932
26523	6388	242	71	331.5	7764952
25
26692	6836	780	71	337	7765040
26683	6897	855	71	335	7765050
26674	6917	900	71	335	7765060
26666	6932	936	72	332.5	7765080
26682	6939	939	72	331	7765090
26710	6939	939	72	331	7765100
26753	6939	937	72	331	7765110
26810	6939	933	72	331	7765120
26875	6939	934	72	327	7765130
26937	6939	934	73	325	7765140
26987	6939	934	74	323	7765150
27024	6927	937	75	320	7765160
27048	6918	949	76	315	7765170
27063	6906	974	77	312	7765180
27071	6889	998	77	309	7765190
27071	6876	1018	78	301	7765200
27071	6852	1023	79	296	7765210
27071	6817	1023	79	292	7765220
27064	6765	1023	80	281	7765230
27048	6696	1023	81	276	7765240
27026	6620	1023	81	270	7765250
26995	6540	1003	81	264	7765260
26960	6470	905	82	263	7765270
26921	6409	689	82	256	7765280
26879	6364	37	82	263	7765300
9
26590	6424	862	78	312	7765368
26556	6461	943	77	315	7765378
26546	6461	1023	75.3333	322.333	7765408
26565	6461	1023	74	328	7765418
26607	6450	1023	73	329	7765428
26667	6442	1023	72	334	7765438
26746	6442	1023	72	334	7765448
26836	6442	905	73	332	7765458
26923	6448	203	74.5	333	7765478
9
26791	6808	750	82	315	7765596
26803	6864	867	82	315	7765606
26793	6874	936	81	319	7765616
26782	6874	977	80	323	7765626
26770	6874	977	79	326	7765636
26770	6853	950	78	325	7765646
26770	6822	884	76	330	7765656
26782	6782	682	75	332	7765666
26800	6743	4	73.5	333	7765686
21
26998	6744	801	78	318	7765764
26998	6751	924	79	315	7765774
26979	6761	1000	80	307	7765784
26958	6761	1018	81	302	7765794
26935	6761	1013	81	296	7765804
26913	6761	988	81	296	7765814
26887	6761	958	81	296	7765824
26860	6750	959	81	296	7765834
26838	6737	952	81	296	7765844
26820	6723	951	81	296	7765854
26812	6712	945	81	302	7765864
26812	6703	947	80	307	7765874
26812	6695	950	79	311	7765884
26826	6684	957	79	315	7765894
26835	6668	969	78	318	7765904
26843	6647	985	77	321	7765914
26843	6627	999	76	327	7765924
26843	6594	994	75	329	7765934
26835	6558	970	74	334	7765944
26824	6520	873	74	335	7765954
26809	6477	162	73.5	336	7765974
