59
14
2419	19192	353	64	334	7810249
2400	19229	445	64	336	7810259
2388	19241	538	64	336	7810269
2380	19251	593	64	338	7810279
2380	19257	741	64.4	338.8	7810329
2380	19225	862	65	340	7810339
2380	19174	884	65	340	7810349
2380	19099	906	65	340	7810359
2371	19003	912	64	341	7810369
2357	18908	908	64	343	7810379
2345	18817	886	63	344	7810389
2337	18743	827	63	344	7810399
2337	18686	683	63	346	7810409
2337	18647	144	63	347	7810429
31
2402	19186	124	63	346	7810617
2402	19201	491	64	345	7810627
2392	19201	628	64	345	7810637
2392	19209	711	65	345	7810647
2384	19209	801	65	345	7810677
2394	19209	843	65	345	7810687
2414	19217	864	65	345	7810697
2446	19226	880	65	342	7810707
2497	19238	889	65	342	7810717
2555	19250	899	65	342	7810727
2618	19259	901	65	340	7810737
2679	19259	902	65	340	7810747
2735	19269	900	65	340	7810757
2790	19269	896	65	340	7810767
2840	19269	893	64	338	7810777
2884	19269	889	64	338	7810787
2919	19262	889	64	338	7810797
2944	19250	893	64	338	7810807
2956	19232	898	64	338	7810817
2956	19214	911	64	338	7810827
2956	19191	919	64	338	7810837
2956	19162	924	64	338	7810847
2956	19129	926	65	340	7810857
2947	19084	934	65	340	7810867
2947	19032	936	64	341	7810877
2938	18971	936	64	343	7810887
2928	18903	929	63	344	7810897
2913	18836	905	63	344	7810907
2893	18772	810	64	345	7810917
2869	18717	586	64	345	7810927
2842	18674	0	65	347	7810947
16
2484	18716	62	61	353	7811053
2432	18729	683	61	353	7811063
2406	18735	760	60	353	7811073
2385	18735	845	60	353	7811083
2370	18743	917	60	353	7811103
2370	18752	964	60	353	7811113
2394	18761	993	61	353	7811123
2426	18772	1016	61	353	7811133
2473	18783	1023	62	353	7811143
2535	18795	1023	63	352	7811153
2610	18806	1023	63	352	7811163
2687	18821	1023	64	352	7811173
2763	18837	1005	64	352	7811183
2832	18851	917	64	352	7811193
2889	18866	721	64	352	7811203
2931	18877	35	64	352	7811223
12
2677	19095	417	59	343	7811489
2677	19105	595	59	345	7811499
2677	19111	823	60.6	343.4	7811549
2670	19111	944	61	343	7811559
2670	19101	947	61	343	7811569
2652	19084	946	61	343	7811579
2630	19053	942	62	345	7811589
2599	19010	932	62	345	7811599
2568	18960	892	63	344	7811609
2541	18916	815	63	346	7811619
2525	18886	659	63	346	7811629
2525	18871	103	63	346	7811649
10
2667	19072	525	62	349	7811705
2701	19134	796	62	349	7811715
2701	19146	991	62	349	7811755
2701	19138	1023	61	347	7811765
2713	19125	1023	61	347	7811775
2726	19100	1023	61	347	7811785
2743	19062	1012	62	346	7811795
2761	19016	919	62	346	7811805
2773	18970	750	63	346	7811815
2773	18926	192	63	348	7811835
6
2626	18956	753	62	351	7811925
2626	18979	886	62	351	7811935
2618	18979	1004	62	351	7811975
2635	18979	1002	62	351	7811985
2665	18979	914	62	351	7811995
2707	18979	294	62	351	7812015
15
2379	17003	115	64	350	7813666
2370	17018	291	64	350	7813676
2370	17024	415	64	350	7813686
2360	17024	532	64	350	7813696
2360	17033	677	64	350.667	7813726
2360	17026	806	64	352	7813736
2360	17002	836	64	352	7813746
2360	16961	877	64	352	7813755
2360	16900	898	64	352	7813765
2349	16822	906	64	354	7813775
2336	16743	905	64	354	7813785
2323	16668	896	64	354	7813795
2313	16602	821	64	356	7813805
2313	16556	666	64	356	7813815
2313	16530	84	65	356	7813835
31
2402	17038	429	66	353	7813966
2385	17076	497	65	354	7813976
2385	17087	591	65	354	7813986
2377	17094	696	64	352	7814006
2391	17101	777	64	352	7814016
2409	17101	840	64	350	7814026
2437	17111	867	64	350	7814036
2476	17122	882	64	350	7814046
2524	17137	898	64	350	7814056
2574	17152	907	64	350	7814066
2624	17163	910	64	350	7814076
2669	17163	912	64	350	7814086
2707	17163	910	64	350	7814095
2740	17163	910	64	352	7814105
2767	17163	907	64	352	7814115
2790	17151	906	64	352	7814125
2807	17142	907	64	352	7814135
2822	17132	907	64	352	7814145
2833	17122	908	64	352	7814155
2840	17111	913	65	351	7814165
2840	17091	922	65	351	7814175
2847	17058	937	66	351	7814185
2847	17013	963	66	351	7814195
2837	16959	969	66	353	7814205
2827	16900	986	66	353	7814215
2812	16837	984	66	353	7814225
2797	16774	980	66	356	7814235
2782	16712	943	66	356	7814245
2767	16656	845	66	356	7814255
2753	16608	660	66	356	7814265
2738	16567	43	66	357	7814285
13
2379	16549	595	66	2	7814390
2337	16572	738	66	2	7814400
2322	16580	842	66	2	7814410
2310	16580	906	66	2	7814420
2310	16587	965	66	2	7814440
2339	16587	1011	66	2	7814450
2376	16596	1023	66	2	7814460
2430	16602	1023	66	2	7814470
2498	16614	1023	67	2	7814480
2570	16629	1008	67	2	7814490
2640	16646	929	68	0	7814500
2701	16662	769	68	0	7814510
2746	16678	111	68	0	7814530
46
2505	16916	495	60	357	7814678
2485	16940	643	60	355	7814688
2477	16940	787	60	355	7814708
2470	16940	898	61.3333	354.667	7814737
2478	16922	932	63	354	7814747
2478	16892	931	63	354	7814757
2478	16849	919	64	354	7814767
2478	16804	891	65	356	7814777
2478	16765	831	65	356	7814787
2485	16742	743	66	356	7814797
2494	16742	700	66	358	7814807
2505	16751	697	66	358	7814817
2517	16779	699	66	358	7814827
2526	16819	710	66	358	7814837
2534	16870	738	66	358	7814847
2542	16919	766	66	358	7814857
2552	16961	791	66	358	7814867
2565	16993	810	66	358	7814877
2580	17011	830	66	358	7814887
2599	17021	849	66	358	7814897
2621	17021	876	66	358	7814907
2643	17021	883	66	358	7814917
2665	17014	893	66	358	7814927
2682	17004	903	66	358	7814937
2693	16991	912	66	358	7814947
2693	16974	914	66	358	7814957
2693	16948	920	66	356	7814967
2675	16918	924	66	356	7814977
2655	16886	930	66	356	7814987
2633	16857	928	66	356	7814997
2617	16840	927	66	356	7815007
2609	16831	921	66	356	7815037
2622	16831	922	66	356	7815047
2632	16823	922	66	356	7815057
2644	16816	924	66	356	7815067
2654	16809	929	66	356	7815077
2662	16800	937	66	358	7815087
2662	16790	958	66	358	7815097
2669	16776	972	66	358	7815107
2669	16756	980	66	358	7815117
2649	16730	979	66	358	7815127
2630	16703	976	66	358	7815137
2605	16675	924	66	358	7815147
2574	16650	852	66	358	7815157
2543	16635	622	66	358	7815167
2510	16627	0	66	0	7815187
16
2295	14395	173	63	342	7817678
2295	14415	282	63	344	7817688
2295	14425	410	63	344	7817698
2295	14431	540	63	344	7817718
2295	14438	703	63	342	7817758
2295	14431	806	63	342	7817768
2295	14418	837	63	342	7817778
2295	14384	862	63	342	7817788
2295	14327	874	63	342	7817798
2295	14247	880	63	342	7817808
2287	14154	880	63	342	7817818
2279	14062	877	63	342	7817828
2270	13989	869	63	344	7817838
2262	13930	825	63	344	7817848
2262	13889	733	63	344	7817858
2262	13871	235	63	345.333	7817888
31
2332	14322	325	63	340	7818066
2313	14340	478	63	342	7818076
2307	14349	632	63	342	7818096
2307	14359	759	64	342	7818116
2325	14366	835	65	342	7818126
2354	14372	864	65	342	7818136
2394	14382	881	65	342	7818146
2444	14392	894	65	342	7818156
2499	14402	901	65	342	7818166
2552	14409	904	65	340	7818176
2602	14409	907	65	340	7818186
2645	14409	910	65	340	7818196
2681	14409	910	65	340	7818206
2709	14409	913	64	338	7818216
2733	14399	913	64	338	7818226
2755	14390	914	64	338	7818236
2771	14382	915	64	338	7818246
2785	14372	917	64	338	7818256
2794	14361	928	64	338	7818266
2802	14346	945	64	338	7818276
2808	14327	972	64	338	7818286
2808	14292	1001	64	338	7818296
2808	14239	1008	64	338	7818306
2808	14174	1010	64	338	7818316
2790	14100	1015	64	338	7818326
2775	14035	1014	65	340	7818336
2759	13979	1006	65	340	7818346
2746	13941	970	65	340	7818356
2732	13907	866	65	340	7818366
2718	13880	684	65	342	7818376
2703	13862	68	65	342	7818396
12
2362	13859	512	63	346	7818490
2313	13868	660	63	346	7818500
2299	13878	783	63	346	7818510
2290	13878	911	63	346	7818540
2297	13878	978	63	346	7818550
2313	13878	1021	63	346	7818560
2344	13886	1023	63	346	7818570
2390	13886	1023	63	346	7818580
2449	13892	1023	63	346	7818590
2516	13892	985	63	346	7818600
2580	13907	864	63	346	7818610
2636	13920	231	63	346	7818630
22
2570	14204	186	57	337	7818818
2570	14239	357	58	338	7818828
2562	14251	533	58	338	7818838
2553	14260	659	59	337	7818848
2546	14260	784	59	339	7818858
2539	14260	894	60	338	7818878
2531	14260	980	61.5	338.5	7818898
2523	14260	1001	64	339	7818908
2515	14247	1016	64	338	7818918
2502	14232	1023	64	338	7818928
2485	14206	1023	64	338	7818938
2467	14173	1023	65	340	7818948
2452	14137	1023	65	340	7818958
2441	14102	1023	65	340	7818968
2441	14074	1023	65	340	7818978
2441	14052	1023	65	340	7818988
2452	14036	1023	65	340	7818998
2475	14022	1023	65	342	7819008
2513	14010	1023	65	342	7819018
2560	14010	996	65	342	7819028
2612	14010	903	65	342	7819038
2664	14024	290	65	342	7819058
13
5715	18284	119	65	345	7826410
5715	18292	589	65.8571	343.571	7826480
5715	18276	844	67	341	7826490
5715	18254	876	67	341	7826500
5706	18208	901	67	341	7826510
5696	18142	917	67	341	7826520
5684	18060	924	67	341	7826530
5668	17965	936	67	343	7826540
5654	17876	936	67	343	7826550
5641	17797	920	67	343	7826560
5632	17733	883	67	345	7826570
5632	17689	804	67	345	7826580
5625	17665	248	68	348.667	7826610
53
5719	18286	180	67	343	7827086
5728	18286	388	67	341	7827106
5717	18286	650	67	341	7827166
5724	18286	779	67	341	7827176
5731	18286	824	67	341	7827186
5745	18298	849	67	339	7827196
5764	18306	873	67	339	7827206
5790	18312	892	67	338	7827216
5819	18312	899	67	338	7827226
5852	18321	906	68	336	7827236
5889	18321	909	68	336	7827246
5930	18321	910	68	336	7827256
5975	18328	912	68	336	7827266
6022	18328	918	68	336	7827276
6066	18328	921	68	336	7827286
6108	18318	928	68	336	7827296
6149	18309	934	68	336	7827306
6189	18296	936	68	336	7827316
6232	18281	936	68	336	7827326
6276	18266	935	68	336	7827336
6321	18250	934	69	335	7827346
6363	18236	933	69	335	7827356
6403	18223	934	70	334	7827366
6435	18207	933	70	334	7827376
6462	18190	931	70	334	7827386
6480	18167	932	70	334	7827396
6492	18140	933	70	334	7827406
6492	18108	938	71	337	7827416
6492	18071	941	71	337	7827426
6476	18030	948	71	337	7827436
6457	17991	948	71	337	7827446
6437	17955	950	71	339	7827456
6417	17922	950	71	339	7827466
6395	17889	956	71	339	7827476
6365	17852	964	71	342	7827486
6329	17815	963	71	342	7827496
6283	17773	976	71	342	7827506
6230	17736	990	71	345	7827516
6173	17701	996	71	345	7827526
6110	17666	1007	72	348	7827536
6046	17637	1013	72	348	7827546
5981	17614	1017	72	348	7827556
5919	17598	1023	72	351	7827566
5864	17591	1023	72	351	7827576
5812	17591	1023	72	351	7827586
5771	17591	1021	72	354	7827596
5738	17591	1021	72	354	7827606
5711	17598	1005	72	354	7827616
5689	17598	984	71	354	7827626
5670	17609	925	71	354	7827636
5648	17617	845	70	355	7827646
5627	17624	692	70	355	7827656
5610	17633	88	70	355	7827676
42
2949	19022	198	57	332	7832170
2949	19031	259	57	332	7832180
2942	19031	350	57	332	7832190
2942	19038	450	57	332	7832200
2935	19038	562	58	333	7832220
2935	19045	631	59	332	7832230
2945	19045	658	59	332	7832240
2962	19052	688	59	332	7832250
2986	19052	708	59	332	7832260
3021	19061	738	59	332	7832270
3065	19061	772	59	332	7832280
3119	19061	786	59	332	7832290
3183	19070	805	59	332	7832300
3260	19070	814	59	332	7832310
3350	19092	828	59	332	7832320
3453	19111	839	59	332	7832330
3562	19129	849	59	332	7832340
3670	19142	854	59	332	7832350
3774	19142	862	60	331	7832360
3872	19142	867	60	331	7832370
3971	19142	869	60	328	7832380
4065	19142	873	60	328	7832390
4158	19136	877	60	328	7832400
4247	19136	880	60	328	7832410
4332	19124	882	60	328	7832420
4415	19124	884	60	328	7832430
4497	19114	889	60	325	7832440
4574	19114	891	60	325	7832450
4646	19107	892	61	324	7832460
4710	19107	896	61	324	7832470
4768	19107	898	62	326	7832480
4819	19107	907	62	326	7832490
4868	19107	914	62	326	7832500
4910	19100	914	62	327	7832510
4946	19100	921	63	326	7832520
4974	19100	929	63	326	7832530
4995	19092	929	64	326	7832540
5011	19092	930	64	326	7832550
5025	19092	921	64	326	7832560
5033	19092	901	65	328	7832580
5040	19092	803	65	328	7832600
5040	19083	281	65	328	7832620
21
4981	19009	136	60	328	7833270
5000	19025	413	60	329	7833290
5000	19037	534	60	330	7833300
4990	19037	625	60	330	7833330
4990	19028	700	60	330	7833340
4998	19001	737	60	330	7833350
4998	18958	774	61	331	7833360
5007	18895	801	61	331	7833370
5007	18821	821	61	331	7833380
5007	18733	845	61	333	7833390
4992	18639	858	61	333	7833400
4980	18545	865	61	333	7833410
4970	18452	866	62	335	7833420
4970	18372	866	62	335	7833430
4963	18307	858	62	335	7833440
4963	18255	853	62	336	7833450
4969	18213	833	62	336	7833460
4969	18179	796	62	336	7833470
4976	18151	721	62	338	7833480
4976	18128	545	62	338	7833490
4983	18113	48	63	340	7833510
20
4987	18131	533	63	346	7833626
4966	18131	590	63	346	7833636
4958	18131	694	63	346	7833646
4950	18131	777	63.3333	345	7833676
4963	18131	839	64	343	7833686
4991	18131	865	65	342	7833696
5039	18131	889	65	342	7833706
5104	18149	910	65	342	7833716
5186	18168	925	65	340	7833726
5280	18188	942	65	340	7833736
5379	18208	950	65	340	7833746
5474	18221	954	66	340	7833756
5559	18221	955	66	340	7833766
5629	18227	957	67	339	7833776
5685	18227	948	66	336	7833786
5728	18218	934	66	336	7833796
5758	18210	896	66	336	7833806
5776	18204	818	66	336	7833816
5786	18204	697	66	336	7833826
5786	18196	174	66.5	337.5	7833846
21
5627	17825	327	64	339	7834670
5620	17825	533	64	339	7834680
5609	17825	670	65	340	7834690
5597	17825	753	65	340	7834700
5580	17825	837	65	340	7834710
5562	17825	860	65	340	7834720
5538	17825	904	65	340	7834730
5507	17825	918	66	340	7834740
5470	17816	933	66	340	7834750
5423	17816	943	67	341	7834760
5367	17807	948	67	341	7834770
5299	17807	947	67	341	7834780
5220	17795	952	67	341	7834790
5130	17783	957	67	341	7834800
5039	17766	971	67	341	7834810
4953	17748	970	67	341	7834820
4882	17731	968	67	341	7834830
4831	17721	958	67	341	7834840
4801	17713	916	67	341	7834850
4786	17713	710	67	341	7834870
4799	17713	20	67	341	7834890
17
4811	17654	408	63	344	7835206
4818	17664	519	63	344	7835216
4811	17664	640	63.5	343.5	7835236
4801	17664	720	64.5	342.5	7835256
4801	17655	786	65	345	7835266
4801	17637	828	65	345	7835276
4810	17601	850	65	345	7835286
4810	17545	875	65	345	7835296
4810	17479	889	65	345	7835306
4810	17404	897	65	345	7835316
4793	17331	900	65	347	7835326
4778	17262	894	65	347	7835336
4763	17201	879	66	346	7835346
4753	17151	838	67	348	7835356
4753	17111	755	68	348	7835366
4753	17089	622	68	348	7835376
4753	17075	95	68	349	7835396
37
4753	17057	515	62	343	7836654
4753	17065	539	63	342	7836664
4735	17065	570	63	342	7836674
4728	17073	653	64	342	7836694
4718	17073	744	65	342	7836714
4706	17073	793	66	342	7836724
4699	17073	811	66	344	7836734
4691	17073	816	67	343	7836744
4678	17073	830	67	343	7836754
4658	17066	845	67	343	7836764
4629	17059	851	68	342	7836774
4588	17051	867	68	342	7836784
4533	17041	894	69	344	7836794
4465	17027	904	69	344	7836804
4385	17014	924	69	344	7836814
4299	17000	934	68	345	7836824
4205	16989	949	68	342	7836834
4105	16976	955	67	343	7836844
3999	16965	966	67	343	7836854
3889	16954	975	67	343	7836864
3782	16946	979	67	343	7836874
3679	16938	986	67	343	7836884
3582	16929	994	67	343	7836894
3491	16922	996	66	344	7836904
3405	16915	992	66	344	7836914
3330	16915	1003	65	345	7836924
3265	16915	1010	65	345	7836934
3208	16915	1007	65	345	7836944
3156	16915	1007	65	345	7836954
3106	16921	1008	65	342	7836964
3056	16921	1006	65	342	7836974
3005	16921	1008	65	342	7836984
2961	16921	1010	65	342	7836994
2925	16921	1009	65	342	7837004
2904	16921	1009	65	342	7837014
2894	16921	859	64.8	343.2	7837064
2904	16921	1	63.5	345.5	7837084
31
7424	17535	296	60	341	7840334
7424	17543	388	60	341	7840344
7417	17543	493	60	340	7840354
7417	17549	615	60	340	7840384
7417	17556	685	60	340	7840394
7424	17556	712	61	339	7840404
7430	17556	738	61	339	7840414
7440	17556	754	62	338	7840424
7455	17556	775	62	338	7840434
7472	17556	788	62	338	7840444
7496	17543	801	62	338	7840454
7521	17531	809	62	338	7840464
7547	17517	816	63	337	7840474
7575	17500	832	63	337	7840484
7602	17480	841	64	336	7840494
7629	17450	853	64	336	7840504
7653	17417	865	64	336	7840514
7672	17374	874	64	336	7840524
7686	17326	892	64	336	7840534
7695	17275	914	64	336	7840544
7695	17212	932	64	338	7840554
7695	17151	957	64	338	7840564
7695	17081	969	64	338	7840574
7672	17013	982	65	340	7840584
7649	16947	999	65	340	7840594
7621	16887	999	65	340	7840604
7596	16840	998	65	342	7840614
7579	16807	984	65	342	7840624
7570	16789	824	65	345.5	7840664
7562	16796	282	65	347	7840674
7562	16811	1	65	347	7840694
57
7494	17561	342	60	340	7841484
7494	17567	632	61.3333	338.667	7841514
7504	17576	702	62	338	7841524
7515	17576	723	62	338	7841534
7528	17582	754	62	338	7841544
7545	17589	770	62	338	7841554
7566	17596	781	62	338	7841564
7592	17603	788	62	338	7841574
7624	17609	797	62	338	7841584
7658	17609	804	62	338	7841594
7692	17619	808	62	338	7841604
7724	17619	824	63	337	7841614
7752	17619	836	63	337	7841624
7780	17619	856	64	336	7841634
7810	17619	864	64	336	7841644
7845	17606	869	64	336	7841654
7882	17591	869	64	336	7841664
7921	17577	872	64	336	7841674
7962	17559	873	64	336	7841684
7999	17539	873	64	336	7841694
8036	17518	874	64	336	7841704
8067	17496	870	64	336	7841714
8096	17473	875	64	336	7841724
8121	17447	876	64	336	7841734
8142	17425	875	65	335	7841744
8159	17402	880	65	335	7841754
8172	17381	880	66	334	7841764
8178	17360	884	66	334	7841774
8178	17338	893	66	334	7841784
8187	17312	896	66	334	7841794
8187	17286	901	66	334	7841804
8180	17260	907	66	334	7841814
8171	17231	912	66	334	7841824
8156	17203	925	66	334	7841834
8138	17174	938	66	336	7841844
8115	17139	944	66	336	7841854
8089	17105	949	66	336	7841864
8063	17070	956	67	339	7841874
8032	17038	957	67	339	7841884
8001	17011	960	67	339	7841894
7966	16984	971	67	339	7841904
7931	16959	971	67	341	7841914
7894	16933	982	67	341	7841924
7859	16914	988	67	341	7841934
7825	16897	993	67	341	7841944
7793	16885	997	67	343	7841954
7765	16876	1006	67	343	7841964
7736	16869	1007	67	343	7841974
7706	16869	1008	67	343	7841984
7674	16858	1010	67	343	7841994
7640	16858	1010	67	343	7842004
7608	16842	1021	67	343	7842014
7585	16835	1017	67	343	7842024
7572	16835	1009	67	345	7842034
7572	16826	995	67	345	7842044
7565	16826	775	67	345	7842084
7577	16834	51	66	346	7842104
34
7592	16972	309	64	326	7847737
7581	16978	490	64	326	7847747
7575	16978	578	65	327	7847757
7568	16978	643	65	327	7847767
7560	16985	679	66	326	7847777
7553	16985	717	66	326	7847787
7544	16985	761	66	326	7847797
7533	16985	791	66	326	7847807
7523	16985	823	66	326	7847817
7511	16985	847	66	326	7847827
7496	16985	864	67	324	7847837
7475	16985	883	67	326	7847847
7447	16985	909	68	325	7847857
7409	16985	925	68	325	7847867
7360	16973	931	68	325	7847877
7304	16961	944	68	325	7847887
7233	16950	945	68	325	7847897
7152	16934	948	68	325	7847907
7055	16916	949	68	325	7847917
6944	16894	954	68	325	7847927
6827	16871	964	67	326	7847937
6713	16852	964	67	326	7847947
6606	16831	965	67	328	7847957
6510	16818	962	67	328	7847967
6425	16806	958	67	328	7847977
6346	16795	957	67	328	7847987
6277	16795	949	67	328	7847997
6217	16782	949	67	330	7848007
6167	16782	933	67	330	7848017
6129	16767	898	67	330	7848027
6103	16757	837	67	330	7848037
6085	16750	733	66	331	7848047
6075	16743	515	66	331	7848057
6075	16736	3	65	332	7848077
38
6180	16693	140	65	333	7848451
6163	16713	290	65	332	7848461
6156	16721	350	65	332	7848471
6150	16728	447	65	332	7848491
6140	16736	513	65	332	7848521
6140	16724	566	65	332	7848531
6140	16702	588	65	332	7848541
6140	16661	631	66	334	7848551
6140	16601	660	66	334	7848561
6140	16525	694	66	334	7848571
6140	16432	729	66	334	7848581
6132	16320	763	66	336	7848591
6123	16204	785	66	336	7848601
6114	16079	805	66	336	7848611
6106	15959	816	67	339	7848621
6100	15852	828	67	339	7848631
6100	15745	836	67	341	7848641
6089	15647	846	67	341	7848651
6089	15552	853	67	343	7848661
6076	15458	865	67	345	7848671
6067	15367	866	68	348	7848681
6057	15272	869	68	348	7848691
6045	15181	873	68	350	7848701
6030	15102	878	68	353	7848711
6017	15029	881	69	355	7848721
6006	14971	880	69	357	7848731
5997	14923	883	70	357	7848741
5989	14878	884	70	0	7848751
5980	14842	876	70	0	7848761
5971	14805	888	70	3	7848771
5962	14772	884	70	3	7848781
5955	14742	882	70	5	7848791
5955	14717	869	70	5	7848801
5946	14701	830	70	5	7848811
5946	14693	732	70	8	7848831
5946	14705	551	70	8	7848841
5946	14719	216	70	8	7848851
5940	14732	5	70	8	7848871
91
2838	14159	423	61	342	7849511
2824	14159	473	61	342	7849521
2811	14148	479	61	342	7849531
2796	14136	531	61	343	7849541
2784	14127	616	61.5	344.5	7849581
2810	14136	674	63	346	7849591
2842	14148	689	63	346	7849601
2891	14161	702	63	346	7849611
2954	14170	715	63	346	7849621
3031	14179	727	63	346	7849631
3122	14187	746	63	346	7849641
3225	14196	779	63	346	7849651
3341	14213	790	64	347	7849661
3465	14231	803	64	347	7849671
3597	14246	818	65	347	7849681
3732	14263	827	65	347	7849691
3867	14274	828	65	347	7849701
4000	14274	829	65	347	7849711
4129	14289	831	65	347	7849721
4254	14289	832	66	349	7849731
4373	14289	833	67	348	7849741
4484	14289	839	67	348	7849751
4589	14289	848	68	350	7849761
4687	14289	851	68	350	7849771
4779	14295	856	68	350	7849781
4869	14295	861	68	353	7849791
4956	14295	868	68	353	7849801
5040	14303	869	68	353	7849811
5119	14303	873	68	355	7849821
5192	14303	874	68	355	7849831
5258	14309	877	69	355	7849841
5317	14309	882	69	355	7849851
5370	14318	885	70	355	7849861
5415	14318	887	70	355	7849871
5455	14318	891	70	355	7849881
5490	14318	897	70	355	7849891
5522	14325	903	70	357	7849901
5550	14325	907	70	357	7849911
5572	14325	912	70	357	7849921
5593	14332	917	70	357	7849931
5610	14332	919	70	357	7849941
5630	14332	925	70	357	7849951
5650	14340	927	70	357	7849961
5667	14340	926	70	357	7849971
5680	14349	927	70	357	7849981
5690	14349	929	70	357	7849991
5700	14349	929	70	357	7850001
5712	14356	933	70	357	7850011
5728	14356	934	70	357	7850021
5745	14356	933	69	357	7850031
5760	14364	934	69	357	7850041
5771	14364	936	68	358	7850051
5781	14370	940	68	358	7850061
5794	14370	942	68	358	7850071
5812	14379	954	68	358	7850081
5835	14379	952	68	358	7850091
5858	14389	955	68	358	7850101
5881	14389	955	68	358	7850111
5902	14389	955	68	358	7850121
5918	14389	955	68	358	7850131
5931	14389	955	68	358	7850141
5942	14389	956	68	358	7850151
5952	14397	957	68	358	7850161
5960	14397	958	68	358	7850171
5969	14403	958	68	358	7850191
5975	14403	957	68	358	7850261
5982	14403	950	68	358	7850361
5974	14403	940	68	358	7850450
5974	14411	937	68	358	7850470
5968	14411	936	68	358	7850480
5968	14417	935	68	358	7850500
5960	14426	931	68	358	7850520
5960	14444	924	68	358	7850530
5951	14457	926	68	358	7850540
5951	14472	925	68	358	7850550
5951	14488	926	68	358	7850560
5941	14502	924	68	358	7850570
5941	14519	924	68	358	7850580
5941	14534	925	68	358	7850590
5941	14556	926	68	358	7850600
5941	14583	927	68	358	7850610
5951	14612	926	68	358	7850620
5958	14653	926	68	358	7850630
5967	14687	927	68	355	7850640
5967	14723	928	68	355	7850650
5974	14748	932	68	355	7850660
5974	14761	932	68	355	7850670
5974	14774	929	68	355	7850690
5974	14787	913	68	353	7850700
5974	14795	659	68	353	7850720
5966	14805	29	68	353	7850740
77
6471	18006	270	54	331	7853083
6464	18012	368	54.5	332	7853103
6454	18012	470	56	332	7853113
6454	18019	542	56.3333	331.667	7853143
6463	18019	597	57	332	7853153
6473	18019	619	57	332	7853163
6485	18019	653	57	332	7853173
6499	18019	689	57	332	7853183
6513	18019	709	58	331	7853193
6531	18019	727	58	331	7853203
6553	18019	742	58	330	7853213
6579	18019	754	58	330	7853223
6610	18019	759	58	330	7853233
6645	18019	768	58	330	7853243
6684	18012	773	58	330	7853253
6726	18012	771	58	330	7853263
6770	18004	773	58	330	7853273
6817	18004	771	58	330	7853283
6866	17996	771	58	330	7853293
6915	17996	769	58	330	7853303
6963	17989	763	58	330	7853313
7007	17989	762	58	330	7853323
7042	17982	764	58	330	7853333
7068	17982	763	58	330	7853343
7086	17971	763	58	330	7853353
7095	17971	764	58	330	7853363
7095	17963	763	58	330	7853373
7104	17963	763	58	330	7853423
7104	17956	771	58	330	7853443
7112	17943	787	58	330	7853453
7112	17927	793	58	330	7853463
7124	17906	800	58	330	7853473
7124	17876	807	58	330	7853483
7134	17840	817	58	330	7853493
7134	17801	820	59	332	7853503
7134	17756	830	59	332	7853513
7140	17711	839	59	332	7853523
7140	17661	845	59	332	7853533
7140	17610	851	59	332	7853543
7140	17570	852	59	332	7853553
7140	17530	855	59	333	7853563
7140	17499	854	59	333	7853573
7140	17475	855	59	333	7853583
7140	17453	858	59	333	7853593
7132	17432	860	59	333	7853603
7132	17411	861	59	333	7853613
7123	17395	861	60	335	7853623
7123	17383	861	60	335	7853633
7123	17377	861	60	335	7853643
7116	17377	855	60.2	334.4	7853743
7124	17377	853	61	333	7853763
7136	17377	859	61	333	7853773
7145	17383	861	61	333	7853783
7158	17383	867	61	333	7853793
7175	17390	867	61	333	7853803
7197	17390	877	61	333	7853813
7224	17396	881	61	333	7853823
7255	17396	882	61	333	7853833
7292	17396	883	61	333	7853843
7335	17396	883	61	331	7853853
7383	17396	884	61	331	7853863
7431	17396	884	61	331	7853873
7475	17396	885	61	331	7853883
7511	17396	885	61	331	7853893
7539	17396	888	61	331	7853903
7561	17385	890	61	331	7853913
7581	17385	892	61	331	7853923
7599	17377	895	61	331	7853933
7613	17377	896	61	333	7853943
7623	17377	897	61	333	7853953
7631	17377	899	61	333	7853973
7639	17369	900	61	333	7854003
7648	17369	901	61	333	7854023
7655	17369	893	61	333	7854043
7665	17361	839	61	333	7854063
7673	17361	686	61	333	7854073
7673	17347	149	61	333	7854093
16
7386	15147	32	65	340	7899340
7386	15155	323	65	340	7899370
7386	15162	479	65	340	7899380
7380	15162	652	65	341.8	7899480
7380	15154	786	65	342	7899490
7380	15139	807	65	342	7899500
7380	15107	828	65	342	7899510
7372	15062	862	65	342	7899520
7372	15003	873	65	342	7899530
7358	14930	882	65	342	7899540
7345	14852	884	65	345	7899550
7332	14777	888	65	345	7899560
7317	14711	879	65	345	7899570
7307	14658	862	65	347	7899580
7307	14627	784	65	347	7899590
7307	14608	292	65.6667	348.333	7899620
43
7393	15156	206	62	338	7900162
7384	15156	468	62	338	7900182
7378	15156	654	64.2857	338.857	7900252
7389	15162	732	65	340	7900262
7406	15162	733	65	340	7900272
7430	15170	736	66	340	7900282
7462	15177	745	66	340	7900292
7498	15184	752	67	339	7900302
7534	15184	762	67	339	7900312
7575	15193	770	66	336	7900322
7611	15193	775	66	336	7900332
7645	15193	781	66	336	7900342
7682	15183	792	66	336	7900352
7718	15175	790	66	336	7900362
7761	15164	794	66	336	7900372
7806	15152	792	66	336	7900382
7848	15139	793	66	336	7900392
7887	15120	792	66	336	7900402
7920	15103	795	66	336	7900412
7947	15086	794	66	336	7900422
7967	15065	801	66	336	7900432
7980	15048	807	66	336	7900442
7988	15022	813	67	339	7900452
7988	14991	829	67	339	7900462
7981	14954	834	67	339	7900472
7967	14912	848	67	339	7900482
7944	14868	850	67	341	7900492
7911	14823	860	67	341	7900502
7870	14777	878	67	341	7900512
7819	14732	895	67	341	7900522
7760	14689	906	67	343	7900532
7697	14648	933	67	343	7900542
7634	14612	939	67	343	7900552
7571	14584	946	67	345	7900562
7512	14563	943	67	345	7900572
7456	14552	942	67	345	7900582
7405	14552	938	67	345	7900592
7359	14552	940	68	348	7900602
7320	14552	930	68	348	7900612
7290	14552	895	68	348	7900622
7268	14552	850	68	348	7900632
7252	14561	697	68	348	7900642
7242	14561	153	68	349	7900662
46
4042	19051	295	58.3333	332.667	7903772
4024	19051	365	59	332	7903782
4024	19033	409	59	332	7903792
4024	19011	428	59	333	7903802
4018	18977	449	59	333	7903812
4018	18929	472	59	333	7903822
4018	18870	497	60	335	7903832
4018	18797	519	60	335	7903842
4026	18711	544	60	335	7903852
4026	18615	566	60	337	7903862
4038	18511	594	60	337	7903872
4038	18401	612	60	337	7903882
4050	18285	636	60	338	7903892
4057	18167	674	60	338	7903902
4065	18043	704	61	339	7903912
4073	17915	718	61	339	7903922
4084	17780	729	63	340	7903932
4095	17635	731	63	342	7903942
4110	17484	721	63	342	7903952
4125	17333	721	63	344	7903962
4140	17188	733	63	346	7903972
4155	17058	748	63	346	7903982
4170	16936	755	63	348	7903992
4182	16824	759	64	350	7904002
4192	16712	759	64	352	7904012
4201	16601	756	64	352	7904022
4201	16496	758	64	354	7904032
4211	16394	757	64	356	7904042
4211	16297	751	64	356	7904052
4211	16201	758	64	358	7904062
4200	16107	760	64	358	7904072
4194	16013	762	64	0	7904082
4194	15921	762	64	0	7904092
4185	15832	764	64	0	7904102
4185	15747	758	64	2	7904112
4185	15669	763	65	2	7904122
4185	15598	761	65	2	7904132
4185	15540	759	66	4	7904142
4195	15487	763	66	4	7904152
4195	15444	759	66	4	7904162
4195	15403	753	66	4	7904172
4195	15366	751	66	7	7904182
4195	15338	724	66	7	7904192
4195	15313	665	66	7	7904202
4183	15297	532	66	9	7904212
4175	15282	162	66	9	7904232
111
4223	15272	430	65	13	7904476
4223	15281	509	65	13	7904486
4223	15290	565	66	11	7904496
4215	15290	632	67.5	10.25	7904536
4224	15297	685	68	7	7904546
4235	15297	702	68	7	7904556
4254	15305	717	68	7	7904566
4281	15305	731	68	7	7904576
4318	15316	750	68	7	7904586
4364	15316	757	68	5	7904596
4419	15316	766	68	5	7904606
4480	15316	780	68	5	7904616
4545	15307	795	68	5	7904626
4612	15297	807	68	5	7904636
4679	15285	810	68	5	7904646
4748	15271	818	68	5	7904656
4822	15254	820	69	5	7904666
4897	15237	822	69	5	7904676
4978	15222	824	70	5	7904686
5059	15210	828	70	8	7904696
5141	15210	831	70	8	7904706
5225	15210	829	70	8	7904716
5309	15210	831	70	8	7904726
5393	15219	831	70	8	7904736
5475	15219	837	70	8	7904746
5550	15225	844	70	8	7904756
5619	15225	843	70	8	7904766
5680	15225	844	70	8	7904776
5738	15225	850	70	8	7904786
5796	15225	854	70	8	7904796
5853	15225	861	70	8	7904806
5910	15225	865	70	8	7904816
5965	15225	870	70	8	7904826
6015	15225	871	70	8	7904836
6060	15225	873	70	8	7904846
6099	15225	876	70	8	7904856
6130	15233	882	70	8	7904866
6153	15233	881	70	8	7904876
6169	15233	883	70	8	7904886
6180	15233	890	70	8	7904896
6189	15233	892	70	8	7904906
6201	15233	901	70	8	7904916
6217	15233	909	70	8	7904926
6237	15233	912	70	8	7904936
6261	15240	921	70	8	7904946
6287	15240	927	70	8	7904956
6316	15247	935	70	8	7904966
6345	15247	935	70	8	7904976
6370	15247	935	70	8	7904986
6396	15247	940	70	8	7904996
6422	15247	945	70	8	7905006
6451	15247	948	70	8	7905016
6484	15247	951	70	8	7905026
6516	15247	954	70	8	7905036
6547	15247	955	70	8	7905046
6577	15247	956	70	8	7905056
6605	15247	957	70	8	7905066
6630	15247	958	70	8	7905076
6653	15247	957	70	11	7905086
6670	15237	956	70	11	7905096
6684	15237	956	70	11	7905106
6697	15227	955	70	11	7905116
6710	15227	961	70	11	7905126
6727	15217	965	70	11	7905136
6744	15217	964	70	11	7905146
6764	15217	970	70	11	7905156
6781	15217	975	70	11	7905166
6799	15217	977	70	11	7905176
6820	15217	979	70	11	7905186
6841	15217	980	70	11	7905196
6869	15217	981	70	11	7905206
6899	15217	983	70	11	7905216
6931	15217	985	70	11	7905226
6965	15217	984	70	11	7905236
6993	15217	986	70	11	7905246
7014	15217	996	70	11	7905256
7031	15207	1012	70	11	7905266
7043	15207	1018	70	11	7905276
7053	15198	1023	70	11	7905286
7065	15198	1023	70	11	7905296
7076	15186	1023	70	11	7905306
7090	15178	1023	70	11	7905316
7106	15172	1023	70	11	7905326
7126	15172	1023	70	8	7905336
7146	15163	1023	70	8	7905346
7165	15163	1023	70	8	7905356
7182	15163	1023	70	8	7905366
7194	15163	1023	71	6	7905376
7204	15163	1023	71	6	7905386
7215	15163	1023	72	6	7905396
7225	15163	1023	72	6	7905406
7238	15163	1023	72	6	7905416
7254	15163	1023	72	3	7905426
7269	15163	1023	72	3	7905436
7283	15163	1023	72	3	7905446
7296	15163	1023	72	3	7905456
7306	15163	1023	72	3	7905466
7318	15163	1023	72	3	7905476
7329	15163	1023	72	3	7905486
7336	15163	1023	72	3	7905496
7345	15163	1023	72	3	7905506
7353	15163	1023	72	3	7905516
7362	15163	1023	72	3	7905526
7374	15163	1023	72	3	7905536
7386	15157	1023	72	3	7905546
7399	15157	1023	72	3	7905556
7415	15157	1023	72	6	7905566
7427	15157	1023	72	6	7905576
7437	15157	1023	72	6	7905586
7443	15157	988	72	3.9	7905686
7425	15157	153	72	0	7905706
44
5927	14420	41	64	358	7906497
5920	14420	339	64	358	7906507
5910	14412	445	64	358	7906517
5904	14412	604	64	358	7906537
5895	14412	741	64	356	7906577
5914	14412	812	65	356	7906587
5936	14424	827	65	354	7906597
5966	14434	833	66	353	7906607
6005	14445	854	66	353	7906617
6049	14457	866	66	353	7906627
6100	14468	879	66	353	7906637
6159	14478	897	66	351	7906646
6222	14487	898	66	351	7906656
6293	14487	903	66	351	7906666
6368	14497	913	66	351	7906676
6443	14497	917	66	351	7906686
6518	14505	924	67	351	7906696
6586	14514	929	67	351	7906706
6648	14524	940	68	350	7906716
6703	14534	949	68	350	7906726
6752	14544	960	68	350	7906736
6798	14551	972	68	350	7906746
6842	14551	981	68	350	7906756
6884	14562	990	68	350	7906766
6925	14562	999	68	350	7906776
6968	14570	1006	68	350	7906786
7010	14570	1011	68	350	7906796
7050	14580	1017	68	350	7906806
7086	14580	1023	68	350	7906816
7116	14587	1023	68	353	7906826
7142	14587	1023	68	353	7906836
7167	14587	1023	68	353	7906846
7188	14587	1023	68	353	7906856
7208	14587	1023	68	353	7906866
7226	14587	1023	68	353	7906876
7243	14587	1023	68	353	7906886
7260	14587	1023	68	353	7906896
7275	14587	1023	68	353	7906906
7291	14587	1023	68	353	7906916
7307	14587	1023	68	353	7906926
7322	14595	1023	68	353	7906936
7336	14595	1023	68	353	7906946
7346	14602	981	68	355	7906976
7337	14602	203	68	355	7906996
18
10306	16679	27	66	344	7912917
10306	16693	476	65.5	344.5	7912937
10306	16702	602	65	345	7912977
10318	16702	651	65	345	7912987
10333	16692	667	65	345	7912997
10352	16676	695	65	347	7913007
10374	16647	722	65	347	7913017
10395	16599	752	65	347	7913027
10410	16540	778	65	347	7913037
10410	16463	793	65	347	7913047
10410	16374	815	65	347	7913057
10395	16282	818	66	349	7913067
10371	16189	822	66	349	7913077
10338	16106	811	67	348	7913087
10305	16036	814	67	351	7913097
10275	15988	736	68	350	7913107
10251	15958	593	68	353	7913117
10238	15949	51	68	354	7913137
19
10611	16718	441	62	349	7913513
10611	16746	525	62	349	7913523
10611	16756	595	63	348	7913533
10604	16756	673	63	348	7913553
10610	16756	718	63	348	7913563
10618	16756	748	63	348	7913573
10632	16744	777	64	350	7913583
10649	16721	810	64	350	7913593
10666	16682	830	65	349	7913603
10681	16625	858	65	349	7913613
10688	16552	891	66	349	7913623
10688	16465	912	66	349	7913633
10673	16372	928	66	349	7913643
10650	16277	933	66	351	7913653
10625	16184	936	66	351	7913663
10597	16108	927	66	351	7913673
10575	16050	890	66	353	7913683
10559	16013	772	66	353	7913693
10548	16000	247	66	356	7913713
39
10711	16743	214	63	346	7914017
10711	16760	394	63	346	7914027
10704	16766	525	63.5	345.5	7914047
10704	16773	659	64.6667	345	7914077
10720	16773	731	65	345	7914087
10740	16773	757	65	345	7914097
10770	16773	776	65	345	7914107
10808	16773	797	65	345	7914117
10850	16773	815	65	345	7914127
10895	16763	829	65	345	7914137
10940	16756	840	66	344	7914147
10982	16750	845	66	344	7914157
11025	16740	848	67	343	7914167
11071	16725	848	67	343	7914177
11118	16705	848	67	343	7914187
11165	16677	848	67	343	7914197
11207	16647	843	67	343	7914207
11241	16615	844	67	343	7914217
11265	16579	843	67	343	7914227
11276	16541	846	68	342	7914237
11276	16498	859	68	345	7914247
11262	16454	869	69	344	7914257
11239	16406	897	69	344	7914267
11210	16358	918	69	346	7914277
11176	16306	924	69	346	7914287
11140	16256	944	69	346	7914297
11101	16205	950	70	349	7914307
11060	16154	960	70	349	7914317
11015	16108	965	70	349	7914327
10969	16069	966	70	352	7914337
10920	16037	972	70	352	7914347
10863	16010	966	70	352	7914357
10802	15987	979	70	355	7914367
10735	15966	975	70	355	7914377
10668	15946	978	70	355	7914387
10612	15930	976	70	355	7914397
10567	15919	973	70	357	7914407
10539	15911	935	70	357	7914417
10525	15911	416	69.3333	357	7914447
39
8258	17354	119	60	337	7922505
8244	17363	258	60	337	7922515
8232	17363	311	60	337	7922525
8223	17363	376	60	337	7922535
8215	17363	441	60	337	7922545
8207	17372	483	60	337	7922555
8201	17372	525	60	337	7922575
8192	17372	598	60	337	7922605
8185	17359	678	60	337	7922615
8185	17332	686	59	337	7922625
8185	17301	694	59	337	7922635
8176	17264	710	58	338	7922645
8176	17228	715	58	338	7922655
8185	17201	717	58	338	7922665
8198	17176	722	58	338	7922675
8220	17156	727	58	338	7922685
8243	17146	731	58	338	7922695
8269	17146	742	58	338	7922705
8299	17158	749	58	338	7922715
8329	17182	753	58	338	7922725
8360	17218	756	59	337	7922735
8390	17263	755	59	337	7922745
8414	17311	757	60	337	7922755
8430	17357	759	60	338	7922765
8430	17400	770	60	338	7922775
8430	17437	780	60	338	7922785
8416	17467	807	60	338	7922795
8398	17493	837	60	338	7922805
8377	17509	859	60	338	7922815
8351	17520	875	60	338	7922825
8326	17520	896	60	338	7922835
8303	17520	897	60	337	7922845
8279	17509	893	60	337	7922855
8256	17488	881	60	337	7922865
8235	17460	858	60	337	7922875
8218	17431	815	60	337	7922885
8206	17404	718	60	337	7922895
8206	17380	604	59	337	7922905
8198	17358	176	58.5	337.5	7922925
33
8095	15033	441	63	346	7923781
8072	15042	527	63	348	7923791
8058	15042	591	63	348	7923801
8040	15042	663	63	348	7923811
8020	15042	682	63	348	7923821
8004	15042	724	63	348	7923831
7991	15042	734	63	348	7923841
7980	15030	732	64	350	7923851
7980	15012	742	64	350	7923861
7974	14981	748	64	350	7923871
7974	14939	753	64	350	7923881
7986	14892	764	64	352	7923891
8000	14848	773	64	352	7923901
8019	14815	775	64	352	7923911
8042	14791	778	64	354	7923921
8072	14779	776	64	354	7923931
8104	14779	773	64	354	7923941
8139	14794	772	64	354	7923951
8173	14820	768	64	354	7923961
8198	14861	768	64	354	7923971
8216	14911	768	64	356	7923981
8216	14967	775	64	356	7923991
8216	15021	793	64	356	7924001
8201	15065	853	64	356	7924011
8181	15095	886	64	356	7924021
8156	15113	899	64	356	7924031
8126	15113	911	64	356	7924041
8093	15113	917	64	356	7924051
8056	15102	919	64	356	7924061
8020	15087	904	64	354	7924071
7991	15070	874	64	354	7924081
7972	15058	749	64	354	7924091
7963	15058	250	64	354	7924111
40
8416	17325	232	58	340	7924785
8407	17333	327	58	340	7924795
8398	17333	453	58	340	7924805
8387	17333	538	58	340	7924815
8379	17340	633	58	339	7924835
8372	17340	686	58.5	337.5	7924855
8381	17340	703	59	337	7924865
8394	17340	738	60	337	7924875
8415	17347	745	60	335	7924885
8445	17347	759	60	335	7924895
8481	17347	765	60	335	7924905
8520	17356	776	60	335	7924915
8564	17356	783	60	335	7924925
8608	17356	793	60	335	7924935
8655	17356	795	60	335	7924945
8700	17363	797	60	335	7924955
8745	17363	802	60	334	7924965
8790	17363	807	60	334	7924975
8835	17355	826	61	333	7924985
8882	17355	832	61	333	7924995
8931	17345	841	61	333	7925005
8981	17345	844	61	333	7925015
9031	17338	843	61	333	7925025
9080	17338	843	61	333	7925035
9127	17338	846	61	333	7925045
9171	17332	845	61	333	7925055
9210	17332	845	61	333	7925065
9240	17332	845	61	333	7925075
9262	17332	844	61	333	7925085
9276	17332	843	61	333	7925095
9285	17332	843	61	333	7925105
9291	17332	843	61	333	7925115
9301	17332	840	61	333	7925125
9319	17332	843	62	332	7925135
9345	17332	842	62	332	7925145
9376	17338	838	63	331	7925155
9407	17338	834	63	331	7925165
9433	17338	824	63	331	7925175
9450	17347	798	63	331	7925185
9459	17347	403	63	331	7925225
23
9483	17346	145	60	337	7925665
9483	17372	329	60	337	7925675
9483	17381	552	60.5	336.5	7925715
9483	17370	680	62	335	7925725
9483	17347	709	62	335	7925735
9483	17310	738	61	333	7925745
9492	17256	771	61	333	7925755
9492	17188	795	61	333	7925765
9498	17111	822	62	335	7925775
9498	17029	843	63	334	7925785
9498	16944	859	63	334	7925795
9498	16859	869	64	334	7925805
9492	16773	882	64	334	7925815
9492	16690	889	64	334	7925825
9485	16614	890	64	336	7925835
9485	16546	888	64	336	7925845
9485	16494	889	64	338	7925855
9485	16452	887	64	338	7925865
9485	16422	883	66	340	7925875
9493	16404	880	66	340	7925885
9493	16391	864	67	339	7925895
9493	16385	731	67	341.667	7925925
9493	16394	161	67	343	7925945
33
9525	16435	132	63	346	7926073
9525	16428	573	63	346	7926083
9514	16428	643	63	346	7926103
9502	16428	734	64.3333	345	7926133
9511	16435	757	65	345	7926143
9526	16435	778	65	345	7926153
9549	16442	783	65	345	7926163
9577	16442	803	66	344	7926173
9614	16442	818	66	344	7926183
9654	16442	823	67	341	7926193
9698	16449	830	67	341	7926203
9745	16449	837	67	341	7926213
9792	16449	842	67	341	7926223
9839	16449	846	67	341	7926233
9886	16449	850	67	341	7926243
9932	16449	852	67	341	7926253
9976	16449	855	67	341	7926263
10018	16449	867	67	341	7926273
10052	16441	871	67	341	7926283
10081	16441	880	67	341	7926293
10107	16431	885	67	341	7926303
10131	16431	889	67	341	7926313
10154	16424	895	67	341	7926323
10179	16424	899	68	340	7926333
10205	16424	904	68	340	7926343
10233	16424	907	69	339	7926353
10263	16424	913	69	339	7926363
10291	16424	913	69	339	7926373
10314	16424	913	69	341	7926383
10330	16424	915	69	341	7926393
10341	16424	914	69	341	7926413
10350	16424	874	69	341	7926483
10359	16418	276	69	341	7926513
24
10184	16055	81	70	340	7927185
10193	16063	276	69.5	340.5	7927205
10200	16063	421	69	341	7927215
10200	16072	531	69	342.5	7927235
10209	16072	604	69	344	7927245
10209	16079	695	69	344	7927275
10195	16088	792	69	344	7927285
10180	16088	816	69	344	7927295
10158	16088	845	69	344	7927305
10127	16088	861	69	344	7927315
10087	16081	878	69	344	7927325
10036	16072	884	69	344	7927335
9974	16062	886	69	344	7927345
9901	16049	891	69	344	7927355
9823	16032	905	69	344	7927365
9743	16017	911	69	344	7927375
9667	16002	917	69	344	7927385
9599	15991	929	69	344	7927395
9544	15991	934	69	344	7927405
9504	15991	931	69	344	7927415
9479	15991	928	69	344	7927425
9467	15991	909	69	344	7927445
9461	15991	712	69	344	7927485
9448	15984	39	69	344	7927505
24
9459	15940	2	65	347	7927769
9468	15947	6	66	346	7927779
9479	15947	50	66.5	345.5	7927799
9489	15955	215	68	348	7927819
9497	15955	594	68.6667	347	7927879
9497	15942	769	69	346	7927889
9497	15929	798	69	346	7927899
9497	15908	816	69	346	7927909
9497	15875	843	69	346	7927919
9491	15826	859	69	346	7927929
9483	15763	881	69	346	7927939
9475	15687	900	70	349	7927949
9466	15605	913	70	349	7927959
9457	15524	923	70	349	7927969
9450	15450	928	70	352	7927979
9450	15386	939	70	352	7927989
9443	15324	943	70	352	7927999
9443	15272	943	70	355	7928009
9443	15230	948	70	355	7928019
9443	15192	939	70	357	7928029
9443	15164	936	70	357	7928039
9443	15144	927	70	357	7928049
9435	15130	814	70	0	7928079
9435	15141	174	70	0	7928099
34
9405	15102	426	69.5	352	7928443
9392	15102	502	69	352	7928453
9383	15102	590	69	352	7928463
9373	15102	640	69	355	7928473
9363	15102	666	70	355	7928483
9353	15102	704	70	355	7928493
9339	15102	743	70	355	7928503
9322	15102	769	70	357	7928513
9299	15095	808	71	357	7928523
9269	15084	843	71	357	7928533
9229	15069	850	72	357	7928543
9188	15054	905	72	357	7928553
9135	15039	907	72	357	7928563
9079	15023	926	72	357	7928573
9019	15010	925	72	357	7928583
8950	14995	943	72	357	7928593
8883	14979	951	72	357	7928603
8814	14968	950	72	357	7928613
8745	14957	950	72	357	7928623
8682	14947	957	72	357	7928633
8620	14947	953	72	357	7928643
8563	14937	957	72	357	7928653
8516	14937	957	72	357	7928663
8476	14937	956	72	357	7928673
8449	14937	954	72	357	7928683
8426	14930	944	72	357	7928693
8405	14930	947	72	357	7928703
8389	14930	942	72	357	7928713
8377	14930	934	72	357	7928723
8370	14930	905	71.5	357	7928743
8361	14930	845	71	357	7928753
8354	14930	778	70	357	7928763
8345	14930	616	70	357	7928773
8336	14930	57	70	357	7928793
22
11307	16447	268	59	341	7936626
11295	16447	331	59	341	7936636
11288	16447	422	59	341	7936646
11280	16447	541	59	341	7936656
11272	16455	639	59	339	7936675
11265	16464	728	60	338	7936705
11273	16464	771	60	338	7936715
11287	16473	790	60	338	7936725
11313	16473	818	60	338	7936735
11353	16481	837	61	337	7936745
11406	16481	860	61	337	7936755
11473	16490	868	62	336	7936765
11546	16490	878	62	336	7936775
11622	16500	895	62	336	7936785
11698	16500	899	62	336	7936795
11770	16508	908	62	336	7936805
11836	16508	910	62	336	7936815
11894	16515	913	62	336	7936825
11939	16515	911	62	336	7936835
11973	16515	905	62	336	7936845
11995	16523	891	62	336	7936855
12008	16523	541	62	336	7936895
22
12055	16661	296	60	340	7937666
12055	16676	423	60	340	7937676
12046	16685	506	60	340	7937696
12040	16685	587	60	340	7937726
12054	16674	664	60	340	7937736
12067	16660	686	60	338	7937746
12086	16636	713	60	338	7937756
12106	16603	745	60	338	7937766
12128	16556	765	60	338	7937776
12146	16503	784	60	338	7937786
12158	16439	802	60	340	7937796
12165	16363	821	60	340	7937806
12165	16278	830	61	339	7937816
12154	16184	844	61	339	7937826
12139	16087	855	63	340	7937836
12119	15995	861	63	340	7937846
12095	15918	862	63	340	7937855
12074	15855	859	63	342	7937865
12058	15811	834	63	342	7937875
12046	15788	770	63	344	7937885
12046	15777	636	63	344	7937895
12040	15783	141	63	345	7937915
43
12161	16651	197	62	338	7938242
12161	16661	473	62	338	7938262
12150	16670	593	62	338	7938272
12143	16670	660	62	338	7938282
12143	16677	709	62	338	7938312
12143	16684	739	62	338	7938321
12157	16684	740	62	338	7938331
12179	16684	748	62	338	7938341
12213	16684	758	62	338	7938351
12255	16684	763	62	338	7938361
12303	16672	765	62	338	7938371
12352	16661	771	62	338	7938381
12393	16647	779	62	338	7938391
12428	16626	787	62	338	7938401
12458	16603	793	62	338	7938411
12485	16573	796	62	338	7938421
12510	16541	800	62	338	7938431
12532	16505	803	63	337	7938441
12550	16467	806	63	337	7938451
12563	16431	818	64	336	7938461
12575	16388	828	64	336	7938471
12583	16345	838	64	336	7938481
12583	16296	844	64	336	7938491
12583	16244	856	64	336	7938501
12583	16190	864	64	336	7938511
12567	16134	877	64	336	7938521
12548	16073	902	64	338	7938531
12521	16017	909	64	338	7938541
12487	15967	913	64	338	7938551
12451	15919	922	65	340	7938561
12411	15883	936	65	340	7938571
12370	15854	942	65	340	7938581
12329	15835	944	65	342	7938591
12286	15825	955	65	342	7938601
12245	15825	957	65	342	7938611
12207	15825	967	65	345	7938621
12171	15825	970	65	345	7938631
12139	15818	965	65	345	7938641
12112	15818	961	65	345	7938651
12088	15810	949	65	347	7938661
12070	15810	933	65	347	7938671
12059	15802	850	65	347	7938691
12052	15802	310	63.6667	347.333	7938721
20
13502	15690	409	63	344	7940542
13502	15710	469	63	344	7940562
13502	15719	544	64	343	7940572
13511	15719	585	64	343	7940582
13517	15719	603	65	340	7940592
13528	15719	660	65	340	7940602
13542	15719	696	65	340	7940612
13557	15707	709	65	342	7940622
13573	15687	755	65	342	7940632
13587	15654	773	65	342	7940642
13596	15605	787	65	342	7940652
13596	15540	800	66	342	7940662
13596	15462	815	66	342	7940672
13577	15374	829	67	341	7940682
13555	15288	845	67	343	7940692
13530	15210	848	67	343	7940702
13506	15145	834	67	343	7940712
13486	15100	815	67	345	7940722
13475	15073	707	67	345	7940732
13467	15065	215	67	345	7940752
60
13540	15724	372	63	346	7940958
13531	15740	512	63	345	7940978
13525	15740	617	64	343	7940988
13525	15747	671	64.5	342.5	7941008
13536	15747	711	65	342	7941018
13552	15747	729	65	340	7941028
13576	15753	746	65	340	7941038
13610	15753	759	66	340	7941048
13650	15762	772	66	340	7941058
13692	15762	784	67	339	7941068
13734	15762	794	67	339	7941078
13776	15762	798	67	339	7941088
13819	15762	800	67	339	7941098
13862	15762	802	67	339	7941108
13907	15762	803	67	339	7941118
13951	15762	804	67	339	7941128
13994	15762	803	67	339	7941138
14033	15750	803	67	339	7941148
14067	15742	805	67	338	7941158
14098	15733	803	67	338	7941168
14126	15724	803	68	336	7941178
14150	15716	803	68	336	7941188
14171	15708	801	68	336	7941198
14190	15700	804	68	336	7941208
14204	15700	801	68	336	7941218
14215	15689	803	68	336	7941228
14223	15689	805	68	336	7941238
14223	15683	811	68	336	7941248
14232	15683	818	69	339	7941258
14232	15672	819	69	339	7941268
14239	15663	820	69	339	7941278
14239	15650	822	69	339	7941288
14250	15637	824	69	339	7941298
14250	15620	829	69	339	7941308
14258	15599	837	69	339	7941318
14258	15578	837	69	339	7941328
14258	15549	838	69	339	7941338
14258	15519	855	69	339	7941348
14242	15482	854	69	339	7941358
14226	15444	864	69	341	7941368
14205	15399	883	69	341	7941378
14182	15349	889	69	341	7941388
14158	15304	899	69	341	7941398
14131	15257	903	69	341	7941408
14102	15217	902	69	344	7941418
14069	15178	904	69	344	7941428
14026	15142	912	69	344	7941438
13978	15106	913	69	346	7941448
13920	15071	920	69	346	7941458
13859	15039	925	69	346	7941468
13792	15012	925	69	346	7941478
13725	14995	932	69	346	7941488
13659	14986	938	70	349	7941498
13597	14986	943	70	349	7941508
13546	14978	945	70	349	7941518
13506	14978	943	70	349	7941528
13478	14978	935	70	349	7941537
13461	14978	892	70	349	7941547
13451	14978	717	69.5	349.5	7941567
13451	14986	83	68.5	350	7941587
52
12623	16113	241	61	333	7942874
12615	16128	436	62	335	7942894
12609	16136	653	62	335	7942924
12617	16136	755	62	335	7942934
12631	16147	768	62	335	7942944
12654	16157	783	62	336	7942954
12688	16171	792	62	336	7942964
12734	16190	793	62	336	7942974
12791	16207	793	62	336	7942984
12851	16223	786	63	335	7942994
12909	16236	785	63	335	7943004
12956	16242	780	64	334	7943014
12990	16242	775	64	334	7943024
13009	16242	772	64	334	7943034
13020	16242	777	64	334	7943084
13020	16235	786	64	334	7943094
13028	16226	792	64	334	7943104
13028	16211	807	64	334	7943114
13038	16186	822	64	334	7943124
13038	16149	840	64	334	7943134
13049	16096	857	64	334	7943144
13049	16030	870	64	334	7943154
13049	15953	883	64	336	7943164
13034	15875	893	64	336	7943174
13017	15798	900	64	336	7943184
12998	15721	906	64	338	7943194
12976	15654	914	65	337	7943204
12958	15591	916	65	337	7943214
12945	15543	917	67	339	7943224
12945	15507	915	67	339	7943234
12945	15484	913	67	341	7943244
12945	15469	910	67	341	7943254
12945	15458	907	67	344	7943314
12951	15458	911	67	345	7943344
12960	15458	913	67	345	7943354
12970	15458	913	67	345	7943364
12985	15458	914	67	345	7943374
13006	15458	917	67	345	7943384
13033	15458	918	67	345	7943394
13068	15458	925	67	345	7943404
13112	15458	928	67	345	7943414
13162	15458	930	67	345	7943424
13222	15458	942	67	345	7943434
13284	15458	948	67	345	7943444
13347	15451	947	68	345	7943454
13408	15451	949	68	345	7943464
13457	15443	950	69	344	7943474
13499	15443	947	69	344	7943484
13530	15435	941	69	344	7943494
13549	15435	914	69	344	7943504
13560	15435	746	69	346	7943534
13545	15435	45	69	346	7943554
39
3737	16994	124	55	347	7944582
3749	17011	269	55	347	7944592
3755	17011	413	56.2	346	7944642
3755	16997	538	57	346	7944652
3765	16985	570	57	346	7944662
3773	16962	601	57	346	7944672
3782	16931	626	57	346	7944682
3791	16891	657	57	346	7944692
3801	16840	689	58	345	7944702
3809	16781	701	58	347	7944712
3809	16718	720	59	346	7944722
3819	16646	735	59	346	7944732
3819	16574	749	59	346	7944742
3819	16501	757	59	346	7944752
3819	16428	766	59	348	7944762
3828	16357	772	59	348	7944772
3828	16282	784	59	348	7944782
3839	16203	791	59	348	7944792
3839	16124	800	61	349	7944802
3848	16045	810	61	349	7944812
3848	15970	816	62	349	7944822
3856	15898	821	62	351	7944832
3856	15828	824	62	351	7944842
3856	15762	830	62	351	7944852
3856	15694	832	62	353	7944862
3856	15627	838	62	353	7944872
3850	15564	843	62	354	7944882
3850	15503	844	62	354	7944892
3850	15458	839	62	354	7944902
3850	15422	840	62	356	7944912
3856	15394	837	62	356	7944922
3856	15380	827	62	356	7944932
3866	15367	817	62	358	7944942
3866	15359	807	62	358	7944952
3866	15347	776	63	358	7944962
3866	15325	752	63	0	7944972
3866	15294	741	64	0	7944982
3866	15258	688	64	0	7944992
3866	15227	197	64	0	7945012
149
3834	15459	202	59	348	7946578
3821	15450	309	59	348	7946588
3808	15450	477	59	348	7946638
3821	15457	618	59	348	7946648
3839	15457	637	59	348	7946658
3864	15465	653	59	348	7946668
3900	15472	673	59	348	7946678
3943	15472	693	59	348	7946688
3995	15485	701	59	348	7946698
4056	15492	710	59	346	7946708
4124	15500	722	59	346	7946718
4197	15510	734	60	346	7946728
4278	15518	740	60	346	7946738
4369	15529	746	61	345	7946748
4464	15542	746	61	345	7946758
4563	15556	748	61	345	7946768
4662	15573	753	61	345	7946778
4760	15587	754	61	345	7946788
4865	15594	755	61	345	7946798
4969	15594	756	61	345	7946808
5074	15603	756	61	347	7946818
5179	15603	758	62	346	7946828
5281	15614	762	62	346	7946838
5388	15622	765	63	346	7946848
5492	15622	770	63	346	7946858
5595	15628	772	63	346	7946868
5697	15628	772	63	346	7946878
5799	15628	775	63	346	7946888
5904	15628	778	63	346	7946898
6010	15628	776	63	346	7946908
6115	15628	776	63	346	7946918
6218	15639	776	63	348	7946928
6321	15645	776	63	348	7946938
6420	15653	776	63	348	7946948
6514	15653	778	63	348	7946958
6602	15653	778	63	348	7946968
6682	15653	778	63	348	7946978
6763	15653	779	63	348	7946988
6844	15653	778	63	348	7946998
6927	15646	780	63	348	7947008
7010	15646	780	63	348	7947018
7093	15646	780	63	348	7947028
7172	15646	779	63	348	7947038
7253	15646	779	63	348	7947048
7334	15646	777	63	348	7947058
7414	15646	780	63	348	7947068
7493	15646	780	63	348	7947078
7570	15646	784	63	348	7947088
7646	15646	780	63	348	7947098
7720	15646	784	63	348	7947108
7799	15646	786	63	348	7947118
7877	15646	785	63	348	7947128
7956	15646	784	63	348	7947138
8037	15646	785	63	348	7947148
8116	15646	785	63	348	7947158
8197	15646	784	63	348	7947168
8281	15653	784	63	348	7947178
8363	15659	786	63	348	7947188
8441	15659	787	63	348	7947198
8514	15669	787	63	348	7947208
8580	15669	788	63	348	7947218
8643	15669	788	63	348	7947228
8705	15669	788	63	348	7947238
8766	15669	788	63	348	7947248
8826	15669	787	63	348	7947258
8884	15669	787	64	347	7947268
8939	15669	785	64	347	7947278
8991	15669	787	65	347	7947288
9039	15658	786	65	347	7947298
9083	15651	786	65	347	7947308
9122	15644	786	65	347	7947318
9160	15644	783	65	347	7947328
9194	15644	784	65	347	7947338
9227	15635	780	65	347	7947348
9261	15635	778	65	347	7947358
9294	15627	779	65	347	7947368
9329	15627	779	65	347	7947378
9365	15627	779	65	347	7947388
9400	15627	780	65	347	7947398
9435	15627	780	65	347	7947408
9470	15627	784	65	347	7947418
9504	15627	783	65	347	7947428
9540	15635	785	65	347	7947438
9576	15635	784	65	347	7947448
9615	15642	786	65	347	7947458
9653	15642	786	65	347	7947468
9691	15650	788	65	347	7947478
9729	15650	791	65	347	7947488
9766	15650	790	65	347	7947498
9803	15650	792	65	347	7947508
9839	15650	794	66	349	7947518
9874	15650	796	66	349	7947528
9910	15650	797	66	349	7947538
9947	15657	798	66	349	7947548
9989	15657	798	66	349	7947558
10033	15657	800	66	349	7947568
10080	15665	799	66	349	7947578
10131	15665	798	66	349	7947588
10184	15672	797	66	349	7947598
10239	15672	798	66	349	7947608
10295	15681	799	66	349	7947618
10352	15681	800	66	349	7947628
10410	15690	802	66	349	7947638
10464	15690	805	66	349	7947648
10515	15690	809	66	349	7947658
10564	15697	813	66	349	7947668
10613	15697	815	66	349	7947678
10663	15697	816	65	349	7947688
10713	15697	823	65	349	7947698
10767	15697	829	64	350	7947708
10823	15697	837	64	350	7947718
10883	15704	838	64	350	7947728
10945	15711	838	64	350	7947738
11010	15720	840	64	350	7947748
11075	15733	851	64	350	7947758
11137	15746	851	64	350	7947768
11198	15754	858	64	350	7947778
11255	15762	861	64	350	7947788
11311	15762	873	64	350	7947798
11366	15773	878	64	350	7947808
11416	15773	890	64	350	7947818
11467	15773	892	64	350	7947828
11515	15781	895	64	350	7947838
11565	15781	894	64	350	7947848
11617	15794	898	64	350	7947858
11668	15805	900	64	350	7947868
11717	15815	903	64	350	7947878
11762	15826	903	64	350	7947888
11800	15837	905	64	350	7947898
11829	15847	905	64	350	7947908
11850	15853	912	64	350	7947918
11866	15853	913	64	350	7947928
11877	15860	914	64	350	7947938
11888	15860	915	64	350	7947948
11896	15860	917	64	350	7947958
11903	15870	920	64	350	7947968
11911	15870	923	64	350	7947978
11922	15878	923	64	352	7947988
11934	15878	924	64	352	7947998
11947	15885	925	64	352	7948008
11958	15885	925	64	352	7948018
11968	15885	927	64	352	7948028
11978	15893	932	64	352	7948038
11988	15893	929	64	352	7948048
11998	15893	931	64	352	7948058
12005	15893	931	64	352	7948068
12005	15899	932	64	352	7948078
12012	15899	934	64	352	7948118
12020	15899	750	64	352	7948208
137
5919	14421	318	60	351	7950278
5943	14421	403	61	351	7950298
5936	14421	495	62	351	7950308
5915	14412	570	62	349.667	7950338
5915	14406	612	62	349	7950358
5924	14396	633	62	349	7950368
5924	14383	652	61	347	7950378
5936	14367	665	61	347	7950388
5942	14342	671	61	347	7950398
5942	14317	676	62	346	7950408
5951	14291	679	62	346	7950418
5951	14265	682	63	346	7950428
5959	14245	682	63	346	7950438
5970	14226	679	63	346	7950448
5984	14209	678	63	346	7950458
6000	14193	675	63	346	7950468
6020	14177	678	63	346	7950478
6043	14164	675	63	346	7950488
6068	14154	676	63	346	7950498
6096	14147	675	63	346	7950508
6128	14147	680	63	346	7950518
6165	14136	681	63	348	7950528
6205	14136	687	63	348	7950538
6250	14126	688	63	348	7950548
6299	14126	697	63	348	7950558
6354	14126	704	63	348	7950568
6417	14126	717	63	348	7950578
6485	14126	721	63	348	7950588
6560	14126	727	63	348	7950598
6639	14134	732	63	348	7950608
6722	14144	736	63	348	7950618
6814	14157	740	63	348	7950628
6915	14168	740	63	348	7950638
7020	14180	745	63	348	7950648
7131	14190	747	63	348	7950658
7247	14202	752	63	348	7950668
7369	14215	759	63	348	7950678
7500	14223	768	63	348	7950688
7642	14234	769	63	348	7950698
7790	14244	775	63	348	7950708
7947	14254	775	63	348	7950718
8115	14271	776	63	348	7950728
8286	14289	775	63	348	7950738
8461	14308	784	64	350	7950748
8643	14333	787	64	350	7950758
8827	14356	787	64	350	7950768
9016	14382	790	64	350	7950778
9212	14412	793	64	350	7950788
9409	14442	800	64	350	7950798
9610	14475	806	64	350	7950808
9811	14511	808	65	349	7950818
10010	14547	809	65	349	7950828
10215	14583	811	66	349	7950838
10414	14621	815	66	349	7950848
10614	14656	816	66	351	7950858
10808	14686	815	66	351	7950868
10992	14714	813	66	351	7950878
11170	14739	811	66	351	7950888
11330	14756	813	66	351	7950898
11474	14769	811	66	351	7950908
11597	14775	811	66	353	7950918
11696	14775	807	65	354	7950928
11772	14787	804	65	354	7950938
11828	14793	801	64	354	7950948
11865	14802	796	64	354	7950958
11887	14802	802	64	354	7950968
11900	14811	808	64	356	7950988
11910	14811	810	64	356	7951008
11919	14820	810	64	356	7951018
11931	14820	811	64	356	7951028
11952	14832	818	64	356	7951038
11979	14841	820	64	356	7951048
12012	14847	825	64	356	7951058
12043	14854	825	64	356	7951068
12070	14854	829	64	356	7951078
12090	14862	833	64	356	7951088
12103	14862	837	64	356	7951098
12113	14862	838	64	356	7951108
12122	14862	837	64	356	7951118
12135	14862	838	64	356	7951128
12152	14862	840	64	356	7951138
12175	14869	844	64	356	7951148
12205	14869	853	64	356	7951158
12245	14882	855	64	356	7951168
12294	14892	864	64	354	7951178
12350	14905	867	64	354	7951188
12416	14918	871	64	354	7951198
12483	14934	874	64	354	7951208
12551	14948	874	64	354	7951218
12615	14962	876	65	354	7951228
12669	14975	877	65	354	7951238
12713	14984	878	66	353	7951248
12744	14992	880	66	353	7951258
12765	14992	885	66	353	7951268
12782	14998	887	66	353	7951278
12800	14998	889	66	353	7951288
12824	15007	890	66	353	7951298
12850	15007	892	66	353	7951308
12875	15013	897	66	353	7951318
12897	15013	902	66	353	7951328
12916	15013	907	66	353	7951338
12934	15022	908	66	353	7951348
12952	15028	912	66	353	7951358
12970	15037	914	66	353	7951368
12986	15044	922	66	353	7951378
13002	15052	924	66	353	7951388
13018	15059	926	66	351	7951398
13037	15069	932	66	351	7951408
13058	15078	930	66	351	7951418
13080	15087	933	66	351	7951428
13103	15098	939	66	351	7951438
13126	15110	942	66	351	7951448
13149	15121	944	66	351	7951458
13170	15132	944	66	351	7951468
13189	15139	951	66	351	7951478
13204	15139	952	66	351	7951488
13216	15139	954	66	351	7951498
13228	15139	955	66	351	7951508
13237	15146	962	66	351	7951518
13249	15146	968	67	351	7951528
13262	15146	970	67	351	7951538
13275	15146	973	68	350	7951548
13286	15146	981	68	350	7951558
13302	15146	995	68	350	7951568
13320	15146	998	68	350	7951578
13345	15146	1001	68	350	7951588
13373	15146	1001	68	348	7951598
13396	15156	1000	68	348	7951608
13422	15162	999	68	348	7951618
13444	15162	1000	68	348	7951628
13464	15174	999	68	348	7951638
13483	15174	999	68	348	7951648
13495	15181	998	68	348	7951658
13503	15181	981	68	348	7951678
13510	15181	860	67.5	346.5	7951698
13502	15189	461	67	345	7951708
13488	15197	18	67	345	7951728
22
14310	15452	216	63	344	7953334
14300	15452	409	63	344	7953344
14292	15452	456	63	344	7953354
14281	15452	556	63	344	7953364
14270	15452	619	64	343	7953374
14263	15452	736	65	342.2	7953424
14272	15452	833	66	342	7953434
14283	15452	859	67	341	7953444
14302	15452	894	67	341	7953454
14328	15452	910	67	339	7953464
14364	15452	925	67	339	7953474
14412	15452	934	67	339	7953484
14468	15452	941	67	339	7953494
14532	15452	943	67	339	7953504
14598	15452	945	67	339	7953514
14664	15462	943	67	339	7953524
14721	15462	941	67	339	7953534
14764	15469	931	67	338	7953544
14791	15469	914	67	338	7953554
14804	15469	850	68	336	7953574
14804	15462	652	68	336	7953584
14793	15454	46	69	339	7953604
15
14937	15665	14	65	342	7954066
14943	15685	375	65	342	7954076
14943	15692	465	65	342	7954086
14934	15700	595	65	342	7954106
14927	15708	715	65	342	7954146
14927	15690	802	65	342	7954156
14927	15657	834	65	342	7954166
14927	15605	847	65	342	7954176
14915	15535	858	65	342	7954186
14902	15451	877	65	342	7954196
14884	15371	883	65	345	7954206
14867	15297	879	65	345	7954216
14853	15235	866	65	345	7954226
14845	15192	818	65	347	7954236
14845	15169	347	65	347	7954266
35
14967	15679	327	65	347	7954386
14954	15717	595	65	347	7954396
14940	15729	653	65	345	7954406
14927	15729	725	65	345	7954416
14916	15738	771	65	345	7954436
14929	15738	792	65	342	7954446
14957	15745	808	65	342	7954456
15003	15753	821	65	342	7954466
15067	15764	823	65	340	7954476
15142	15776	825	65	340	7954486
15218	15787	831	65	340	7954496
15290	15795	832	66	340	7954506
15351	15802	832	66	340	7954516
15399	15802	831	67	339	7954526
15437	15809	832	66	336	7954536
15463	15809	831	66	336	7954546
15479	15809	832	66	336	7954556
15488	15803	837	66	336	7954576
15496	15803	850	66	336	7954586
15496	15792	874	66	336	7954596
15496	15783	892	66	336	7954606
15504	15767	912	66	336	7954616
15504	15741	933	66	336	7954626
15504	15709	955	66	336	7954636
15504	15659	968	66	336	7954646
15493	15597	987	66	336	7954656
15473	15522	994	67	339	7954666
15450	15434	1007	67	339	7954676
15422	15347	1002	67	339	7954686
15397	15265	998	67	341	7954696
15375	15189	966	67	341	7954706
15352	15125	901	67	341	7954716
15331	15078	810	67	343	7954726
15309	15045	542	67	343	7954736
15283	15032	24	67	343	7954756
15
14838	15122	642	67	341	7954862
14794	15122	716	67	341	7954872
14780	15129	776	67	341	7954882
14773	15129	856	67	341	7954902
14793	15136	922	67	341	7954912
14833	15144	940	67	341	7954922
14888	15155	947	67	341	7954932
14961	15170	956	67	343	7954942
15043	15187	961	67	343	7954952
15128	15205	960	67	343	7954962
15211	15222	956	67	343	7954972
15285	15237	936	67	345	7954982
15342	15245	858	67	345	7954992
15376	15245	734	67	345	7955002
15391	15252	174	67	345	7955022
14
15039	15515	472	68	350	7955158
15008	15554	611	68	350	7955168
14997	15575	640	68	350	7955178
14985	15593	692	68	350	7955188
14985	15606	738	68	348	7955198
14985	15616	757	68	348	7955208
14996	15616	793	67	345	7955218
15005	15616	833	67	345	7955228
15015	15616	865	67	345	7955238
15028	15600	875	67	343	7955248
15044	15575	866	67	343	7955258
15063	15542	803	67	343	7955268
15090	15509	673	67	343	7955278
15128	15479	56	67	343	7955298
25
15367	15583	680	63	346	7955386
15354	15609	790	63	344	7955396
15338	15617	884	63	344	7955406
15320	15617	934	63	344	7955416
15301	15625	948	63	344	7955426
15288	15625	952	63	344	7955436
15277	15618	945	63	344	7955446
15261	15607	936	63	344	7955456
15243	15591	928	63	344	7955466
15225	15572	919	64	343	7955476
15202	15552	921	64	343	7955486
15183	15536	925	65	342	7955496
15167	15521	921	66	342	7955506
15153	15507	925	66	342	7955516
15143	15494	923	67	341	7955526
15135	15483	926	67	341	7955536
15135	15475	932	67	341	7955546
15128	15475	944	67	341	7955556
15128	15465	970	67	341	7955576
15128	15442	1003	67	341	7955586
15128	15417	1017	67	343	7955596
15128	15384	1018	67	343	7955606
15121	15342	981	67	343	7955616
15121	15302	876	67	343	7955626
15109	15263	153	67	345	7955646
