60
16
2253	12125	127	65	345	7967707
2253	12148	479	65	345	7967717
2260	12156	553	65	345	7967727
2260	12163	707	65	345	7967757
2260	12170	804	65	345	7967776
2260	12162	848	65	347	7967786
2260	12144	863	65	347	7967796
2266	12105	873	65	347	7967806
2266	12043	887	65	347	7967816
2266	11959	902	66	349	7967826
2251	11865	910	66	349	7967836
2238	11774	902	66	349	7967846
2225	11694	882	67	351	7967856
2217	11639	807	67	351	7967866
2217	11605	629	68	353	7967876
2224	11591	137	68	354	7967896
37
2280	12102	3	66	349	7968055
2280	12124	320	66	349	7968065
2280	12134	445	65	347	7968075
2280	12142	726	65.1667	346.833	7968135
2300	12142	857	66	346	7968145
2326	12142	867	67	345	7968155
2363	12148	878	67	345	7968165
2408	12148	883	67	345	7968175
2460	12156	883	67	345	7968185
2515	12156	883	67	345	7968195
2571	12164	883	67	345	7968205
2626	12164	882	67	345	7968215
2676	12175	883	67	345	7968225
2724	12175	883	67	345	7968235
2765	12181	882	67	345	7968244
2800	12181	877	67	343	7968254
2828	12181	874	68	342	7968264
2850	12181	873	68	342	7968274
2866	12181	874	69	341	7968284
2879	12181	876	69	341	7968294
2889	12172	878	69	341	7968304
2896	12172	887	69	341	7968314
2896	12160	898	69	341	7968324
2905	12149	907	69	341	7968334
2905	12134	920	69	341	7968344
2905	12106	935	69	341	7968354
2914	12067	953	69	341	7968364
2914	12010	968	69	344	7968374
2908	11942	976	69	344	7968384
2895	11863	986	69	344	7968394
2879	11787	990	69	346	7968404
2861	11721	983	69	346	7968414
2844	11663	969	70	349	7968424
2831	11623	912	70	349	7968434
2819	11592	814	70	352	7968444
2806	11573	524	70	352	7968454
2791	11566	13	70	353.5	7968474
18
2308	11563	91	68	0	7968591
2259	11555	625	68	0	7968601
2240	11555	678	68	0	7968611
2230	11548	762	68	0	7968621
2219	11548	848	68.5	0	7968641
2242	11548	914	69	0	7968651
2272	11548	955	70	0	7968661
2319	11548	982	71	357	7968671
2382	11562	998	71	357	7968681
2457	11574	1010	72	357	7968691
2539	11593	1018	72	357	7968701
2623	11618	1023	72	357	7968711
2700	11641	1019	72	357	7968721
2764	11666	1006	72	357	7968731
2817	11685	955	72	357	7968741
2852	11699	846	72	357	7968751
2874	11710	623	72	354	7968761
2880	11710	33	71	354	7968781
13
2471	11944	333	66	353	7968967
2490	11987	464	66	353	7968977
2497	12001	588	67	353	7968987
2497	12009	682	67	351	7968997
2504	12009	775	68.5	350	7969017
2511	12009	884	69.5	349.5	7969037
2511	12000	948	70	349	7969047
2511	11981	957	70	349	7969057
2511	11946	959	70	349	7969067
2493	11899	935	70	349	7969077
2471	11845	889	70	349	7969087
2445	11794	766	70	352	7969097
2428	11757	208	70	352	7969117
11
2484	11922	52	70	352	7969175
2535	11985	659	70	352	7969185
2551	11999	807	70	352	7969195
2566	11999	932	70	352	7969205
2580	11999	1006	70	352	7969215
2594	11979	1023	70	352	7969225
2611	11954	1023	70	352	7969235
2628	11919	1023	70	352	7969245
2640	11880	1012	70	352	7969255
2650	11835	884	70	352	7969265
2650	11791	302	70	355	7969285
7
2473	11823	754	70	357	7969371
2480	11831	929	70	357	7969401
2497	11831	1013	70	357	7969411
2521	11821	1010	70	357	7969421
2556	11814	985	70	357	7969431
2603	11806	869	70	357	7969441
2655	11806	226	70	357	7969461
14
2232	9130	490	66	358	7971267
2232	9162	606	66	358	7971277
2232	9169	704	66	358	7971287
2223	9169	799	66	358	7971307
2223	9161	855	66	358	7971317
2223	9139	877	66	358	7971327
2223	9097	896	66	358	7971337
2223	9040	920	67	0	7971347
2223	8957	924	67	0	7971357
2223	8871	921	68	0	7971367
2212	8781	901	68	0	7971377
2202	8698	843	68	0	7971387
2191	8643	667	68	2	7971397
2191	8610	32	68	2	7971417
29
2285	9081	690	68	5	7971527
2278	9134	771	68	5	7971537
2268	9148	839	68	2	7971547
2260	9155	900	68	2	7971567
2260	9164	917	68	0	7971577
2293	9178	924	68	0	7971587
2336	9194	924	68	0	7971597
2395	9215	924	68	0	7971607
2467	9236	925	68	0	7971617
2540	9247	926	68	358	7971627
2609	9255	924	68	358	7971637
2665	9255	920	68	358	7971647
2704	9255	920	68	358	7971657
2730	9246	923	68	358	7971667
2749	9233	924	68	358	7971677
2762	9223	926	68	358	7971687
2772	9213	936	68	358	7971697
2778	9203	957	69	357	7971707
2778	9192	967	69	357	7971717
2790	9173	988	70	357	7971727
2790	9138	1000	70	357	7971737
2796	9090	1014	70	357	7971747
2796	9030	1018	70	357	7971757
2779	8949	1023	70	0	7971767
2760	8860	1009	70	0	7971777
2735	8771	961	70	0	7971787
2704	8684	871	70	0	7971797
2672	8614	679	70	0	7971807
2639	8559	26	70	4	7971827
14
2252	8563	592	69	16	7971911
2200	8599	739	69	16	7971921
2185	8610	822	70	17	7971931
2176	8610	907	70	17	7971941
2176	8617	953	71	18	7971951
2188	8617	980	71	18	7971961
2218	8617	999	71	18	7971971
2268	8617	1006	71	15	7971981
2337	8625	1003	71	15	7971991
2416	8632	993	71	15	7972001
2498	8647	949	72	12	7972011
2571	8668	858	72	12	7972021
2631	8690	665	72	12	7972031
2672	8713	39	72	12	7972051
44
2377	8962	694	69	8	7972179
2377	8986	799	68	7	7972189
2370	8986	904	68	5	7972209
2370	8970	965	69	5	7972219
2370	8958	983	69	5	7972229
2384	8937	996	70	5	7972239
2393	8908	995	70	5	7972249
2401	8864	985	70	5	7972259
2401	8819	954	70	5	7972269
2401	8781	926	70	5	7972279
2401	8757	864	70	5	7972299
2401	8763	839	70	8	7972309
2401	8796	817	70	8	7972319
2409	8840	820	70	8	7972329
2422	8893	830	70	8	7972339
2442	8944	841	70	8	7972349
2463	8983	859	70	8	7972359
2491	9011	876	70	8	7972369
2520	9031	896	70	8	7972379
2543	9043	905	70	8	7972389
2562	9043	935	70	8	7972399
2574	9043	963	70	8	7972409
2574	9029	984	70	8	7972419
2574	9002	982	70	8	7972429
2557	8966	992	70	8	7972439
2536	8929	986	70	8	7972449
2516	8895	984	70	8	7972459
2504	8876	977	70	8	7972469
2504	8868	970	70	8	7972479
2511	8868	965	70	8	7972489
2521	8858	968	70	8	7972499
2536	8850	968	70	5	7972509
2551	8840	968	70	5	7972519
2566	8830	970	70	5	7972529
2582	8820	970	70	5	7972539
2593	8810	976	70	5	7972549
2593	8789	979	70	5	7972559
2593	8766	990	70	8	7972569
2593	8743	998	70	8	7972579
2574	8714	991	70	8	7972589
2548	8691	985	70	8	7972599
2517	8668	912	70	8	7972609
2475	8642	829	70	8	7972619
2433	8629	276	70	11	7972639
11
2166	6564	161	68	5	7973263
2166	6571	578	68.2	3.4	7973313
2166	6543	824	69	3	7973323
2175	6500	874	70	3	7973333
2175	6434	892	70	3	7973343
2175	6350	907	70	3	7973353
2155	6257	912	70	3	7973363
2135	6172	911	69	3	7973373
2115	6104	852	69	3	7973383
2101	6060	705	68	2	7973393
2101	6045	208	68	2	7973413
30
2244	6655	665	68	2	7973511
2244	6692	759	68	2	7973521
2244	6699	860	68	2	7973541
2250	6699	920	68	2	7973551
2262	6699	943	69	3	7973561
2286	6699	956	69	3	7973571
2326	6705	958	70	3	7973581
2382	6705	957	70	3	7973591
2451	6718	956	70	3	7973601
2523	6718	953	70	0	7973611
2591	6726	949	70	0	7973621
2652	6726	941	70	0	7973631
2693	6726	942	70	0	7973641
2722	6718	942	70	0	7973651
2739	6711	944	70	0	7973661
2748	6703	954	70	0	7973671
2755	6693	966	70	0	7973681
2755	6679	977	70	0	7973691
2755	6650	990	70	0	7973701
2755	6615	998	70	0	7973711
2755	6565	1005	70	0	7973721
2745	6499	1009	70	0	7973731
2730	6430	1016	69	0	7973741
2711	6346	1023	69	3	7973751
2685	6261	1017	68	2	7973761
2660	6181	1010	68	2	7973771
2636	6118	954	68	2	7973781
2610	6067	874	68	2	7973791
2588	6034	704	68	2	7973801
2565	6017	87	68.5	2.5	7973821
12
2204	6011	425	68	5	7973907
2149	6002	777	68	5	7973917
2130	6002	841	68	5	7973927
2119	5994	950	68	2	7973947
2126	5994	1023	68	2	7973957
2155	6007	1023	68	2	7973967
2203	6023	1023	68	2	7973977
2271	6044	1023	68	2	7973987
2356	6073	1023	68	2	7973997
2448	6103	1014	69	3	7974007
2537	6134	902	69	3	7974017
2613	6167	278	70	3	7974037
22
2463	6493	367	66	353	7974215
2494	6536	549	67	353	7974225
2503	6549	703	67	355	7974235
2503	6555	854	68.5	356	7974255
2494	6555	960	70	357	7974265
2481	6540	1000	71	0	7974275
2462	6524	1007	72	0	7974285
2437	6495	1023	72	3	7974295
2408	6461	1023	72	3	7974305
2385	6422	1023	72	3	7974315
2362	6375	1023	72	6	7974325
2345	6337	1023	72	6	7974335
2334	6301	1023	72	6	7974345
2326	6273	1023	71	6	7974355
2333	6254	1023	71	6	7974365
2348	6237	1023	70	5	7974375
2376	6219	1023	70	5	7974385
2413	6206	1023	70	5	7974395
2456	6197	1017	70	5	7974405
2500	6197	935	70	5	7974415
2544	6209	731	70	5	7974425
2582	6228	18	70	4	7974445
21
5116	8391	393	66	349	7984847
5116	8421	457	66	349	7984857
5116	8429	569	66	349	7984867
5107	8429	663	66	351	7984887
5100	8436	739	66	352	7984907
5100	8429	800	66	353	7984917
5100	8417	825	66	353	7984927
5100	8385	851	66	356	7984937
5100	8339	874	66	356	7984947
5100	8278	895	66	356	7984957
5100	8198	915	66	358	7984967
5094	8118	934	66	358	7984977
5084	8028	944	66	358	7984987
5070	7940	950	66	358	7984997
5058	7862	950	67	358	7985007
5050	7795	945	67	0	7985017
5043	7748	920	68	0	7985027
5043	7717	855	68	0	7985037
5043	7707	739	68	0	7985047
5043	7721	583	68	0	7985057
5054	7757	105	68	0	7985077
55
5163	8429	425	68	0	7985591
5163	8437	483	68	358	7985601
5156	8437	602	68	358	7985621
5148	8437	714	68	355	7985651
5148	8443	758	69	355	7985661
5160	8443	771	69	352	7985671
5171	8443	784	70	352	7985681
5189	8443	801	70	352	7985691
5213	8443	811	70	352	7985701
5245	8443	815	70	349	7985711
5283	8452	823	70	349	7985721
5328	8452	826	70	349	7985731
5379	8452	830	70	349	7985741
5432	8452	836	69	346	7985751
5488	8452	839	69	346	7985761
5537	8452	845	69	346	7985771
5582	8430	852	69	346	7985781
5623	8409	855	70	349	7985791
5661	8390	858	70	349	7985801
5701	8370	861	70	349	7985811
5740	8348	862	70	349	7985821
5774	8329	864	70	349	7985831
5806	8308	869	70	349	7985841
5831	8288	871	70	349	7985851
5850	8273	881	70	349	7985861
5866	8256	883	70	349	7985871
5876	8236	888	70	349	7985881
5885	8214	892	70	349	7985891
5894	8184	902	70	349	7985901
5894	8155	903	70	352	7985911
5894	8120	913	70	352	7985921
5894	8088	917	71	351	7985931
5887	8055	922	71	351	7985941
5878	8018	927	72	351	7985951
5864	7980	933	72	351	7985961
5845	7940	941	72	351	7985971
5823	7900	940	72	354	7985981
5799	7862	946	72	354	7985991
5773	7827	944	72	354	7986001
5745	7794	944	72	354	7986011
5715	7765	945	72	357	7986021
5681	7737	948	72	357	7986031
5638	7710	945	72	357	7986041
5584	7686	950	72	0	7986051
5525	7663	953	72	0	7986061
5464	7642	959	72	0	7986071
5406	7626	963	72	0	7986081
5353	7617	964	72	0	7986091
5305	7617	969	72	0	7986101
5261	7617	964	72	0	7986111
5222	7617	942	72	3	7986121
5187	7626	906	72	3	7986131
5157	7626	800	72	3	7986141
5130	7634	537	72	3	7986151
5109	7634	5	71.5	3	7986171
33
2767	8906	407	59	353	7986971
2756	8906	511	60	353	7986991
2745	8914	634	60	353	7987021
2758	8914	708	61	353	7987031
2777	8936	747	61	353	7987041
2807	8950	768	62	353	7987051
2837	8962	792	62	353	7987061
2874	8973	808	62	353	7987071
2915	8973	815	62	353	7987081
2957	8983	825	62	353	7987091
3009	8991	840	63	352	7987101
3066	8991	848	63	352	7987111
3128	8991	861	64	352	7987121
3200	8999	865	64	350	7987131
3277	8999	867	64	350	7987141
3361	9006	866	64	350	7987151
3453	9006	869	64	350	7987161
3546	9006	870	64	350	7987171
3637	9006	871	64	350	7987181
3719	9017	871	63	348	7987191
3789	9025	872	63	348	7987201
3847	9025	872	63	348	7987211
3896	9025	874	63	348	7987221
3938	9013	874	63	348	7987231
3973	9003	875	63	348	7987241
4004	9003	873	63	348	7987251
4031	8994	874	63	348	7987261
4053	8994	874	63	348	7987271
4073	8994	874	63	348	7987281
4088	8994	866	63	348	7987291
4098	8994	813	63	348	7987311
4105	8994	633	63	348	7987321
4105	8987	83	63	348	7987341
45
4077	8972	407	63	348	7987535
4069	8972	573	63	348	7987565
4069	8957	710	63	348	7987575
4069	8942	743	63	348	7987585
4069	8918	785	64	350	7987595
4077	8883	809	64	350	7987605
4077	8834	826	64	350	7987615
4077	8767	858	64	350	7987625
4077	8686	882	65	349	7987635
4077	8589	901	65	349	7987645
4065	8486	918	66	351	7987655
4050	8380	935	66	351	7987665
4034	8284	943	66	351	7987675
4020	8202	948	66	353	7987685
4012	8137	946	66	353	7987695
4012	8094	947	66	356	7987705
4005	8065	945	66	356	7987715
4005	8047	936	66	356	7987725
4005	8038	887	66	153.429	7987795
4005	8047	893	65	0	7987845
4005	8054	904	65	0	7987855
4024	8054	917	66	0	7987865
4050	8068	930	66	0	7987875
4088	8078	939	66	0	7987885
4139	8088	938	66	0	7987895
4197	8099	941	66	0	7987905
4258	8110	942	66	0	7987915
4323	8118	945	66	0	7987925
4389	8127	947	66	0	7987935
4457	8127	948	66	358	7987945
4526	8135	951	67	358	7987955
4590	8135	954	67	358	7987965
4650	8143	959	68	358	7987975
4707	8143	963	68	358	7987985
4760	8143	963	68	358	7987995
4809	8143	966	69	357	7988005
4852	8150	965	69	357	7988015
4890	8150	967	70	357	7988025
4920	8157	967	70	357	7988035
4948	8157	969	70	355	7988045
4970	8157	967	70	355	7988055
4987	8164	966	70	355	7988065
4997	8164	962	71	354	7988075
5004	8164	875	71.6667	354	7988105
5011	8164	254	72	354	7988125
29
5025	7830	389	69	352	7988635
5047	7852	572	70	352	7988645
5047	7860	728	70	352	7988665
5039	7869	852	70	352	7988675
5030	7869	901	70	352	7988685
5019	7869	912	70	352	7988695
4999	7862	935	70	352	7988705
4970	7854	952	70	352	7988715
4927	7843	956	70	352	7988725
4873	7828	976	70	352	7988735
4806	7811	977	70	352	7988745
4727	7788	979	70	352	7988755
4638	7761	984	70	352	7988765
4536	7734	987	70	352	7988775
4434	7703	1000	70	352	7988785
4338	7678	1002	70	352	7988795
4261	7661	1003	70	352	7988805
4208	7649	1006	70	352	7988815
4174	7649	1002	70	352	7988825
4155	7649	995	70	352	7988835
4141	7649	970	70	352	7988845
4132	7649	941	70	352	7988855
4123	7649	909	70	352	7988865
4112	7649	867	69	352	7988875
4102	7649	837	69	352	7988885
4092	7649	810	68	353	7988895
4083	7642	758	68	355	7988905
4077	7642	554	68	355	7988925
4077	7633	0	68	355	7988945
19
4110	7618	381	66	358	7989191
4104	7626	534	66.5	358	7989211
4095	7626	751	67.75	357.25	7989251
4095	7616	861	68	355	7989261
4103	7603	904	68	355	7989271
4110	7573	932	68	355	7989281
4117	7527	956	68	355	7989291
4117	7461	976	68	355	7989301
4117	7382	1005	68	355	7989311
4109	7291	1018	68	355	7989321
4093	7202	1023	68	358	7989331
4074	7121	1023	68	358	7989341
4059	7045	1023	68	358	7989351
4045	6983	1023	68	358	7989361
4037	6934	1016	68	0	7989371
4037	6896	987	68	0	7989381
4030	6872	948	68	0	7989391
4030	6865	800	68	0	7989421
4041	6865	148	68	0	7989441
28
2714	6447	409	62	11	7990043
2722	6447	611	63	12	7990053
2722	6454	713	63	12	7990063
2737	6454	747	64	10	7990073
2753	6468	796	64	10	7990083
2776	6476	846	64	10	7990093
2810	6485	877	64	8	7990103
2860	6494	900	64	8	7990113
2926	6507	924	64	8	7990123
3007	6529	936	64	6	7990133
3107	6553	948	65	6	7990143
3219	6583	951	65	6	7990153
3338	6617	956	66	4	7990163
3459	6647	959	66	4	7990173
3569	6677	961	66	4	7990183
3667	6701	962	66	2	7990193
3754	6720	964	66	2	7990203
3830	6740	964	67	2	7990213
3900	6764	965	67	2	7990223
3960	6790	965	68	2	7990233
4014	6811	969	68	2	7990243
4056	6832	971	68	2	7990253
4085	6845	973	68	2	7990263
4104	6853	977	68	2	7990273
4114	6860	979	69	0	7990293
4125	6860	979	70	0	7990303
4125	6867	978	70	0	7990333
4131	6867	643	70	0	7990383
18
6518	10232	229	61	345	7995791
6529	10258	352	62	345	7995801
6529	10272	481	62	345	7995811
6539	10283	583	63	344	7995821
6539	10290	639	63	346	7995831
6548	10297	701	63	346	7995851
6556	10297	768	64	345	7995861
6564	10297	801	64	347	7995871
6573	10275	824	65	347	7995881
6585	10241	843	65	347	7995891
6592	10187	851	65	347	7995901
6592	10121	865	66	349	7995911
6583	10040	877	66	349	7995921
6562	9957	869	66	349	7995931
6536	9877	869	66	351	7995941
6509	9808	853	66	351	7995951
6488	9760	784	66	351	7995961
6477	9734	188	66	353	7995991
37
6611	10314	442	62	338	7996831
6618	10324	580	63	340	7996851
6618	10331	730	64	339.5	7996891
6625	10331	770	65	340	7996901
6640	10339	786	65	340	7996911
6664	10339	809	65	340	7996921
6699	10339	824	65	340	7996931
6742	10348	835	66	340	7996941
6795	10348	846	66	342	7996951
6856	10348	852	67	341	7996961
6925	10357	852	67	341	7996971
6995	10357	852	67	341	7996981
7064	10357	852	67	341	7996991
7126	10357	852	67	339	7997001
7182	10348	852	67	339	7997011
7231	10337	852	67	339	7997021
7272	10321	859	67	339	7997031
7303	10303	864	68	340	7997041
7324	10283	869	68	340	7997051
7336	10258	880	69	339	7997061
7336	10228	884	69	339	7997071
7336	10194	895	69	339	7997081
7309	10150	903	69	339	7997091
7275	10098	914	69	341	7997101
7228	10047	917	69	341	7997111
7170	9992	921	69	341	7997121
7099	9938	934	69	344	7997131
7017	9887	941	69	344	7997141
6927	9834	955	69	344	7997151
6828	9785	958	69	346	7997161
6733	9745	952	69	346	7997171
6646	9716	955	69	346	7997181
6571	9700	952	70	349	7997191
6514	9700	946	70	349	7997201
6474	9700	907	70	349	7997211
6450	9700	766	70	352	7997221
6437	9711	80	70	352	7997241
31
6410	10224	25	64	347	7999720
6410	10243	491	65	348	7999740
6400	10251	643	67	348	7999750
6389	10251	718	68	348	7999760
6381	10251	770	68	350	7999770
6381	10243	808	69	350	7999780
6372	10243	840	69	350	7999790
6372	10233	861	70	349	7999800
6365	10215	868	70	349	7999810
6365	10191	883	70	352	7999820
6359	10158	889	70	352	7999830
6359	10126	895	70	352	7999840
6374	10101	898	70	352	7999850
6396	10081	901	70	352	7999860
6427	10075	901	70	355	7999870
6465	10075	902	70	355	7999880
6506	10093	899	70	355	7999890
6544	10120	897	70	355	7999900
6580	10161	891	70	355	7999910
6606	10210	890	70	355	7999920
6622	10259	895	70	355	7999930
6622	10304	919	70	355	7999940
6622	10333	950	70	355	7999950
6605	10351	969	70	355	7999959
6577	10351	992	70	355	7999969
6540	10336	998	70	355	7999979
6491	10313	1001	70	355	7999989
6442	10280	984	70	355	7999999
6402	10251	950	70	355	8000009
6375	10230	788	70	355	8000019
6360	10224	104	70	355	8000039
13
5969	8095	175	69	16	8001448
5951	8095	291	69	16	8001458
5940	8095	398	69	16	8001468
5926	8095	501	69	16	8001478
5916	8095	604	69	16	8001488
5909	8095	776	69	16	8001538
5917	8101	873	69	16	8001548
5931	8108	890	69	16	8001558
5954	8118	891	69	16	8001568
5981	8131	889	69	16	8001578
6010	8143	866	69	19	8001588
6037	8155	754	69	19	8001598
6060	8164	183	69	19	8001618
36
6111	8188	669	70	8	8001764
6080	8194	707	70	8	8001774
6066	8194	765	70	8	8001784
6045	8203	796	70	8	8001794
6036	8203	802	70	8	8001804
6036	8213	807	70	11	8001814
6036	8222	814	70	11	8001824
6036	8240	830	70	11	8001834
6036	8263	846	70	11	8001844
6036	8294	855	69	14	8001854
6048	8338	866	69	14	8001864
6048	8387	873	69	16	8001874
6059	8449	879	69	16	8001884
6059	8518	882	69	16	8001894
6070	8593	885	69	19	8001904
6070	8675	888	69	16	8001914
6082	8761	890	69	16	8001924
6082	8852	888	69	16	8001934
6092	8945	888	69	14	8001944
6092	9039	895	69	14	8001954
6102	9128	894	69	14	8001964
6110	9221	895	70	11	8001974
6120	9307	897	70	11	8001984
6133	9393	902	70	11	8001994
6144	9475	908	70	8	8002004
6144	9538	922	70	5	8002014
6154	9585	943	70	5	8002024
6154	9616	958	70	3	8002034
6154	9632	970	70	3	8002044
6154	9641	971	70	3	8002054
6154	9647	962	70	0	8002074
6163	9662	938	70	0	8002084
6163	9673	891	70	0	8002094
6173	9682	761	70	0	8002114
6173	9688	510	70	0	8002124
6182	9688	54	69	357	8002144
17
6177	9693	234	68	355	8002428
6164	9679	375	68	355	8002448
6164	9670	565	68	355	8002478
6176	9679	657	68	355	8002488
6182	9687	697	68	355	8002498
6190	9697	740	68	355	8002508
6190	9707	770	68	355	8002518
6199	9717	796	68	355	8002528
6199	9724	823	68	355	8002548
6199	9734	832	68	355	8002558
6199	9746	836	68	355	8002568
6206	9761	833	68	355	8002578
6206	9777	831	68	355	8002588
6206	9792	822	68	355	8002598
6206	9800	774	68	355	8002618
6206	9808	654	68	355	8002628
6213	9808	178	68	355	8002648
12
6221	9803	577	68	355	8002816
6211	9810	672	68	355	8002826
6202	9810	838	68	355	8002856
6209	9810	932	68	355	8002866
6222	9810	957	68	355	8002876
6247	9810	980	68	355	8002886
6287	9818	987	68	355	8002896
6341	9828	989	68	355	8002906
6404	9839	987	68	355	8002916
6467	9851	945	68	355	8002926
6524	9857	796	68	355	8002936
6570	9864	26	68	355	8002956
29
2981	11866	268	59	346	8006862
2964	11873	412	59	346	8006882
2964	11883	513	59	346	8006892
2973	11883	569	59	346	8006902
2986	11891	613	59	346	8006912
3005	11891	643	59	346	8006922
3030	11898	660	59	346	8006932
3060	11898	696	59	346	8006942
3099	11906	711	59	346	8006952
3148	11906	725	59	346	8006962
3210	11906	755	59	346	8006972
3288	11912	758	59	346	8006982
3379	11912	765	60	346	8006992
3478	11920	769	60	346	8007002
3580	11926	771	61	345	8007012
3681	11926	772	61	345	8007022
3780	11938	774	61	345	8007032
3877	11946	775	61	345	8007042
3972	11954	776	61	345	8007052
4060	11962	776	61	345	8007062
4140	11962	778	61	345	8007072
4211	11971	775	61	343	8007082
4270	11971	771	61	343	8007092
4320	11979	763	61	343	8007102
4358	11979	737	61	343	8007112
4384	11985	696	61	343	8007122
4403	11985	602	61	343	8007132
4415	11985	344	61	343	8007142
4422	11985	18	61	343	8007162
29
4357	11971	289	61	345	8007428
4349	11980	404	61	345	8007438
4338	11980	506	61	345	8007458
4332	11980	618	61	345	8007488
4345	11964	712	61	345	8007498
4352	11935	740	61	345	8007508
4363	11883	761	61	345	8007518
4371	11802	788	61	347	8007528
4371	11704	813	61	347	8007538
4371	11585	825	62	346	8007548
4371	11460	832	63	348	8007558
4358	11333	853	63	348	8007568
4350	11213	869	63	348	8007578
4342	11109	879	64	350	8007588
4342	11012	881	64	350	8007598
4342	10931	878	64	352	8007608
4342	10854	877	64	352	8007618
4349	10784	868	64	354	8007628
4358	10723	869	64	356	8007638
4358	10672	867	65	356	8007648
4370	10630	865	65	358	8007658
4370	10595	861	66	0	8007668
4370	10570	847	66	0	8007678
4370	10551	840	66	0	8007688
4370	10535	822	66	2	8007698
4370	10521	787	66	2	8007708
4364	10508	748	66	4	8007718
4364	10498	642	66	4	8007728
4364	10491	214	66	6	8007758
15
4372	10630	140	68	10	8008080
4372	10637	406	68	10	8008090
4379	10637	530	68	10	8008100
4379	10631	626	68	10	8008110
4379	10618	670	68	10	8008120
4379	10594	693	68	10	8008130
4379	10561	723	68	10	8008140
4379	10515	741	68	10	8008150
4379	10458	747	68	10	8008160
4379	10397	751	68	10	8008170
4368	10333	755	67	9	8008180
4368	10277	757	67	9	8008190
4358	10234	709	67	9	8008200
4358	10208	561	66	11	8008210
4358	10200	41	66	11	8008230
71
4380	10258	408	66	9	8008360
4380	10249	702	66	9	8008370
4372	10243	737	66	9	8008380
4365	10243	788	66	9	8008390
4356	10232	807	66	9	8008420
4367	10232	806	66	9	8008430
4385	10240	805	66	9	8008440
4411	10240	804	66	9	8008450
4447	10250	803	66	11	8008460
4488	10257	806	66	11	8008470
4536	10257	820	65	13	8008480
4588	10257	820	66	14	8008490
4645	10257	825	66	14	8008500
4709	10266	824	67	17	8008510
4780	10273	828	67	17	8008520
4857	10282	832	67	17	8008530
4938	10290	831	67	17	8008540
5022	10290	831	67	17	8008550
5103	10301	831	68	18	8008560
5182	10301	836	68	18	8008570
5257	10301	838	69	16	8008580
5330	10301	840	69	16	8008590
5404	10301	845	69	16	8008600
5476	10309	849	69	16	8008610
5547	10309	855	69	16	8008620
5612	10318	860	69	16	8008630
5670	10318	867	69	16	8008640
5726	10318	869	69	16	8008650
5777	10318	874	69	16	8008660
5824	10309	881	69	16	8008670
5867	10309	880	69	16	8008680
5904	10303	882	69	16	8008690
5933	10303	883	69	16	8008700
5954	10294	883	69	14	8008710
5966	10294	883	69	14	8008720
5973	10294	884	69	14	8008730
5980	10285	888	69	14	8008750
5991	10285	888	69	16	8008760
6000	10275	890	69	16	8008770
6009	10275	890	69	16	8008780
6020	10267	891	69	16	8008790
6030	10267	892	69	16	8008800
6040	10258	896	69	16	8008810
6048	10258	902	69	16	8008820
6057	10258	906	69	16	8008830
6066	10250	909	69	16	8008840
6075	10250	912	69	16	8008850
6085	10250	912	69	19	8008860
6096	10242	913	69	19	8008870
6108	10242	914	69	19	8008880
6124	10242	916	69	19	8008890
6142	10242	914	69	19	8008900
6157	10242	921	69	19	8008910
6173	10242	922	69	19	8008920
6187	10235	928	69	19	8008930
6198	10235	929	69	19	8008940
6207	10235	932	69	19	8008950
6214	10228	936	69	19	8008960
6222	10228	949	69	19	8008970
6234	10228	959	69	19	8008980
6249	10228	964	69	19	8008990
6265	10228	964	69	19	8009000
6280	10228	965	69	19	8009010
6293	10228	967	69	19	8009020
6309	10228	966	69	19	8009030
6330	10235	968	69	19	8009040
6355	10235	966	69	19	8009050
6377	10235	966	69	19	8009060
6395	10235	964	69	19	8009070
6405	10235	902	69	19	8009110
6397	10235	117	69	19	8009130
15
6712	11716	409	59	348	8026552
6719	11742	564	59	348	8026572
6719	11751	677	60	348	8026582
6711	11751	737	60.6667	347.333	8026612
6711	11738	811	61	347	8026622
6720	11721	840	61	347	8026632
6720	11697	864	61	347	8026642
6727	11651	882	61	347	8026652
6727	11586	891	61	347	8026662
6719	11509	896	61	347	8026672
6709	11426	897	61	347	8026682
6697	11348	887	62	346	8026692
6688	11281	845	63	348	8026702
6688	11234	730	63	348	8026712
6688	11204	228	63	348	8026732
38
6755	11755	265	60	348	8026988
6749	11765	450	60	348	8026998
6740	11776	614	61	347	8027028
6740	11786	700	61	347	8027048
6756	11796	745	61	347	8027058
6774	11796	771	61	345	8027068
6795	11805	787	61	345	8027078
6819	11805	797	61	345	8027088
6848	11805	805	62	345	8027098
6882	11805	814	62	345	8027108
6918	11805	818	63	344	8027118
6962	11805	829	63	344	8027128
7011	11798	834	63	344	8027138
7061	11790	836	63	344	8027148
7110	11780	845	63	344	8027158
7155	11764	849	63	344	8027168
7195	11746	854	63	342	8027178
7230	11729	858	63	342	8027188
7260	11710	868	64	341	8027198
7281	11687	876	64	341	8027208
7296	11660	893	65	340	8027218
7305	11623	903	65	340	8027228
7305	11581	916	65	340	8027238
7296	11536	926	65	340	8027248
7282	11487	934	65	342	8027258
7261	11436	940	65	342	8027268
7235	11382	954	65	342	8027278
7204	11325	970	65	342	8027288
7167	11276	986	65	345	8027298
7125	11232	990	65	345	8027308
7080	11197	992	65	345	8027318
7025	11169	994	65	345	8027328
6966	11145	993	65	347	8027338
6908	11130	993	65	347	8027348
6856	11120	979	65	347	8027358
6819	11120	943	66	349	8027368
6797	11120	853	66	349	8027378
6787	11120	292	66	349	8027398
32
6620	11331	340	62	346	8029049
6620	11337	542	63	346	8029059
6620	11346	667	63	346	8029068
6608	11346	750	63	346	8029078
6601	11346	822	63	348	8029098
6595	11346	896	63	348	8029128
6585	11346	929	64	347	8029138
6577	11332	943	64	347	8029148
6567	11308	944	65	345	8029158
6553	11275	948	65	345	8029168
6540	11235	953	65	345	8029178
6531	11192	952	65	347	8029188
6531	11159	948	65	347	8029198
6541	11133	939	65	347	8029208
6564	11116	925	65	347	8029218
6595	11116	905	66	349	8029228
6633	11116	875	66	349	8029238
6673	11127	863	66	349	8029248
6710	11154	852	66	349	8029258
6739	11190	848	66	349	8029268
6758	11236	853	66	349	8029278
6765	11280	873	66	349	8029288
6759	11317	884	66	349	8029298
6739	11344	928	66	349	8029308
6710	11359	957	66	349	8029318
6673	11367	972	66	349	8029328
6634	11367	981	66	349	8029338
6597	11367	981	66	349	8029348
6566	11351	969	66	349	8029358
6540	11332	890	66	349	8029368
6521	11307	737	66	349	8029378
6510	11286	40	66	349	8029398
57
4353	11958	268	61	345	8030337
4353	11967	443	61	345	8030347
4353	11974	594	61	345	8030376
4366	11974	690	61	345	8030386
4384	11974	726	61	345	8030396
4409	11962	739	61	345	8030406
4443	11952	768	61	345	8030416
4487	11940	797	61	347	8030426
4537	11928	808	62	346	8030436
4595	11914	815	62	346	8030446
4658	11901	823	63	346	8030456
4724	11886	837	63	346	8030466
4797	11871	848	63	346	8030476
4874	11858	861	63	346	8030486
4957	11845	871	63	346	8030496
5042	11836	880	64	345	8030506
5127	11830	887	64	345	8030516
5212	11830	890	65	345	8030526
5295	11821	896	65	345	8030536
5381	11813	903	65	345	8030546
5465	11802	910	65	345	8030556
5545	11787	914	65	347	8030566
5621	11773	921	65	347	8030576
5690	11759	923	65	347	8030586
5756	11747	928	65	347	8030596
5820	11739	932	65	347	8030606
5882	11739	935	65	347	8030616
5945	11728	941	65	347	8030626
6005	11728	944	65	347	8030636
6061	11728	950	65	347	8030646
6112	11728	952	65	347	8030656
6159	11736	960	65	347	8030666
6202	11736	963	65	347	8030676
6242	11736	967	65	347	8030686
6282	11727	970	65	347	8030696
6318	11727	972	65	347	8030706
6357	11727	975	65	347	8030716
6390	11727	976	65	347	8030726
6415	11727	980	65	347	8030736
6434	11727	985	65	347	8030746
6446	11720	989	65	347	8030756
6456	11720	998	65	347	8030766
6468	11720	1007	65	347	8030776
6484	11720	1013	65	347	8030786
6500	11712	1016	65	347	8030796
6517	11712	1016	65	347	8030806
6532	11712	1016	65	347	8030816
6547	11706	1023	65	347	8030826
6568	11706	1023	65	347	8030836
6592	11706	1023	65	347	8030846
6618	11706	1023	65	347	8030856
6641	11706	1023	65	347	8030866
6658	11706	1023	65	347	8030876
6670	11706	1023	65	347	8030886
6678	11706	1023	65	347	8030906
6689	11706	1009	65	347	8030936
6695	11706	471	65	347	8030986
40
6480	11134	76	64	335	8032887
6473	11134	158	64	336	8032897
6473	11141	511	65.25	335.75	8032977
6465	11141	728	66	336	8032987
6455	11141	736	66	336	8032997
6436	11141	743	67	335	8033007
6408	11131	761	67	335	8033017
6373	11131	771	68	334	8033027
6330	11122	784	68	334	8033037
6286	11115	795	68	334	8033047
6231	11115	802	68	334	8033057
6165	11108	815	68	334	8033067
6090	11108	831	68	336	8033077
6004	11108	847	68	336	8033087
5918	11100	851	68	336	8033097
5829	11100	866	68	336	8033107
5732	11091	866	68	336	8033117
5627	11084	877	68	336	8033127
5512	11084	887	68	336	8033137
5391	11072	892	68	336	8033147
5268	11065	898	68	336	8033157
5151	11065	905	68	336	8033167
5043	11053	924	68	336	8033177
4944	11047	927	68	336	8033187
4851	11037	928	68	336	8033197
4762	11026	932	69	339	8033207
4671	11016	934	69	339	8033217
4579	11006	940	69	339	8033227
4489	10996	942	69	339	8033237
4403	10989	949	69	339	8033247
4327	10989	951	68	340	8033257
4260	10978	951	68	340	8033267
4199	10971	952	67	341	8033277
4141	10963	955	67	341	8033287
4085	10953	959	67	341	8033297
4036	10942	965	67	343	8033307
4000	10934	969	66	344	8033317
3977	10934	967	66	344	8033327
3966	10925	860	63.7273	346.273	8033437
3975	10925	43	63	348	8033457
54
4061	10931	136	62	351	8033669
4061	10938	273	62	351	8033679
4061	10948	440	62	351	8033709
4061	10936	607	62	351	8033719
4073	10915	652	62	351	8033729
4081	10881	701	62	351	8033739
4091	10835	739	62	351	8033749
4099	10783	770	62	351	8033759
4106	10722	794	63	350	8033769
4106	10654	814	63	350	8033779
4114	10579	826	64	352	8033789
4114	10499	833	64	352	8033799
4122	10422	851	64	352	8033809
4122	10342	866	64	354	8033819
4122	10267	885	64	354	8033829
4130	10194	890	64	354	8033839
4130	10128	902	64	356	8033849
4130	10066	927	64	356	8033859
4130	10007	943	64	358	8033869
4130	9952	954	64	358	8033879
4130	9897	964	64	0	8033889
4130	9841	973	64	0	8033899
4123	9786	978	64	2	8033909
4123	9732	982	64	2	8033919
4123	9679	986	64	4	8033929
4114	9637	987	64	4	8033939
4114	9598	987	64	6	8033949
4114	9565	987	64	6	8033959
4114	9533	989	65	9	8033969
4108	9501	992	65	9	8033979
4108	9467	995	66	9	8033989
4108	9435	1006	66	11	8033999
4100	9404	1006	66	11	8034009
4100	9371	1003	66	11	8034019
4100	9343	1006	65	13	8034029
4100	9308	1008	65	13	8034039
4094	9277	1007	65	15	8034049
4094	9245	1009	65	15	8034059
4094	9212	1011	65	15	8034069
4094	9182	1011	65	18	8034079
4094	9152	1015	65	18	8034089
4094	9128	1015	65	18	8034099
4094	9103	1016	65	20	8034109
4087	9083	1017	65	20	8034119
4087	9061	1017	65	20	8034129
4087	9039	1018	64	22	8034139
4080	9013	1017	64	22	8034149
4080	8981	1018	64	22	8034159
4073	8945	1023	64	24	8034169
4073	8908	1023	64	24	8034179
4073	8878	1021	63	23	8034189
4073	8856	1017	63	25	8034199
4073	8842	1004	62	24	8034219
4073	8834	498	62	24	8034269
19
6899	8310	194	64	352	8036601
6899	8336	407	64	354	8036611
6899	8347	491	64	354	8036621
6899	8356	611	64	355	8036641
6899	8365	703	64	356	8036661
6892	8365	784	64	358	8036691
6892	8344	832	65	358	8036701
6892	8308	851	65	358	8036711
6885	8245	860	66	358	8036721
6885	8160	875	66	0	8036731
6872	8061	898	66	0	8036741
6860	7959	904	66	0	8036751
6846	7863	917	66	0	8036761
6831	7769	921	66	0	8036771
6818	7692	917	66	0	8036781
6808	7631	883	66	2	8036791
6808	7588	786	66	2	8036801
6808	7566	620	66	2	8036811
6817	7566	86	66	4	8036831
58
6902	8238	123	66	353	8037565
6896	8238	296	66	353	8037575
6886	8238	298	66	353	8037585
6886	8246	347	66	353	8037595
6886	8252	375	66	353	8037605
6886	8260	418	66	353	8037615
6886	8266	473	66	356	8037625
6893	8266	581	66	356	8037645
6893	8273	740	66	356	8037695
6900	8273	829	66	356	8037715
6916	8281	855	66	356	8037725
6933	8281	860	67	355	8037735
6960	8291	870	67	355	8037745
6993	8291	876	68	355	8037755
7032	8302	876	68	353	8037765
7075	8309	878	68	353	8037775
7119	8309	881	68	353	8037785
7167	8321	882	68	353	8037795
7214	8321	883	68	353	8037805
7260	8321	885	68	353	8037815
7303	8321	887	68	353	8037825
7341	8310	887	68	353	8037835
7380	8301	889	68	353	8037845
7412	8290	891	68	353	8037855
7442	8276	895	68	353	8037865
7469	8256	901	68	353	8037875
7489	8234	901	69	352	8037885
7506	8209	905	69	352	8037895
7516	8184	908	70	352	8037905
7524	8156	914	70	352	8037915
7524	8123	917	70	355	8037925
7530	8088	925	70	355	8037935
7530	8049	925	70	355	8037945
7530	8008	934	70	355	8037955
7530	7971	931	70	357	8037965
7518	7930	937	70	357	8037975
7508	7888	944	70	357	8037985
7496	7850	948	70	357	8037995
7483	7814	957	70	0	8038005
7468	7781	955	70	0	8038015
7448	7752	966	70	0	8038025
7425	7723	966	70	0	8038035
7395	7697	971	70	0	8038045
7360	7672	985	70	3	8038055
7320	7649	981	70	3	8038065
7277	7626	987	70	3	8038075
7231	7604	995	70	3	8038085
7185	7589	990	70	5	8038095
7139	7578	993	70	5	8038105
7094	7578	994	70	5	8038115
7050	7572	993	70	5	8038125
7009	7572	993	70	8	8038135
6975	7572	992	70	8	8038145
6947	7572	987	70	8	8038155
6927	7572	954	70	8	8038165
6913	7572	906	70	8	8038175
6903	7572	775	69	8	8038185
6894	7572	159	68.5	7.5	8038205
84
6024	10248	285	58	335	8042677
6024	10255	354	58	337	8042687
6012	10255	423	58	337	8042697
5993	10255	479	58	337	8042717
5993	10240	527	58	337	8042727
5993	10215	545	58	338	8042737
5993	10178	570	58	338	8042747
5993	10131	592	58	338	8042757
5993	10073	623	58	340	8042767
6003	10004	645	58	340	8042777
6013	9924	660	58	340	8042787
6019	9828	682	59	341	8042797
6027	9726	698	59	341	8042807
6027	9619	716	60	342	8042817
6036	9509	734	60	342	8042827
6045	9403	739	61	342	8042837
6054	9303	748	61	343	8042847
6065	9206	757	61	343	8042857
6076	9115	769	61	345	8042867
6085	9024	789	61	347	8042877
6092	8931	808	62	349	8042887
6092	8838	813	62	351	8042897
6092	8750	825	62	351	8042907
6092	8666	829	62	353	8042917
6092	8593	831	62	354	8042927
6092	8524	834	62	356	8042937
6084	8462	835	62	358	8042947
6084	8413	834	62	0	8042957
6084	8367	837	62	0	8042967
6084	8324	836	62	2	8042977
6091	8288	843	62	2	8042987
6091	8248	843	62	4	8042997
6091	8212	847	62	6	8043007
6091	8179	850	62	7	8043017
6091	8144	853	62	7	8043027
6091	8115	854	62	9	8043037
6091	8089	855	62	9	8043047
6091	8068	855	62	9	8043057
6091	8051	854	62	11	8043067
6091	8033	858	62	11	8043077
6098	8014	857	62	11	8043087
6098	7996	859	61	13	8043097
6098	7981	860	61	13	8043107
6098	7970	860	61	13	8043117
6098	7963	859	61	13	8043137
6098	7956	859	61	13	8043147
6098	7948	859	61	13	8043157
6098	7935	859	61	13	8043167
6098	7919	857	61	13	8043177
6091	7903	859	61	13	8043187
6091	7890	859	61	13	8043197
6084	7879	860	61	13	8043207
6084	7873	859	61	13	8043227
6084	7864	853	61	13	8043327
6090	7864	849	61	13	8043337
6103	7864	853	61	13	8043347
6123	7873	857	61	13	8043357
6151	7873	859	62	14	8043367
6187	7880	859	62	14	8043377
6227	7880	862	63	14	8043387
6271	7888	863	63	14	8043397
6319	7896	867	63	14	8043407
6371	7907	870	63	14	8043417
6426	7925	878	63	14	8043427
6483	7947	885	63	14	8043437
6541	7970	890	63	14	8043447
6596	7995	896	63	14	8043457
6647	8014	903	63	14	8043467
6690	8029	907	63	14	8043477
6725	8040	911	63	14	8043487
6755	8040	934	63	14	8043497
6776	8040	936	63	14	8043507
6795	8040	947	63	14	8043517
6821	8040	957	63	14	8043527
6850	8049	960	63	14	8043537
6882	8049	961	63	14	8043547
6915	8057	966	63	14	8043557
6942	8057	964	63	14	8043567
6965	8068	967	63	14	8043577
6986	8068	972	63	14	8043587
7004	8078	972	63	14	8043597
7018	8078	973	63	14	8043607
7027	8078	931	63	14	8043637
7027	8085	208	63	14	8043657
90
4080	6784	72	58	2	8045607
4073	6792	318	58	2	8045667
4073	6798	505	58	2	8045677
4082	6798	603	58	2	8045697
4095	6808	659	58	2	8045707
4107	6808	694	58	2	8045717
4121	6815	728	58	2	8045727
4140	6815	734	58	2	8045737
4166	6830	752	58	2	8045747
4205	6842	771	58	2	8045757
4257	6856	777	58	2	8045767
4323	6868	792	58	2	8045777
4406	6877	800	58	2	8045787
4498	6884	809	59	2	8045797
4600	6884	815	59	2	8045807
4712	6884	817	60	2	8045817
4830	6892	825	60	0	8045827
4952	6892	826	60	0	8045837
5080	6900	830	60	0	8045847
5208	6914	832	60	0	8045857
5341	6928	834	60	0	8045867
5469	6944	836	60	0	8045877
5589	6961	840	61	0	8045887
5700	6975	845	61	0	8045897
5799	6995	851	62	0	8045907
5892	7011	852	62	0	8045917
5975	7027	857	62	0	8045927
6051	7045	865	62	0	8045937
6117	7061	868	62	0	8045947
6174	7078	868	62	0	8045957
6225	7093	873	62	2	8045967
6270	7106	872	62	2	8045977
6308	7116	876	62	2	8045987
6341	7126	881	62	2	8045997
6367	7135	884	62	2	8046007
6390	7141	888	62	2	8046017
6405	7141	890	62	2	8046027
6415	7150	892	62	2	8046037
6422	7150	893	62.5	2	8046057
6431	7150	891	63.5	2	8046077
6437	7150	890	64	2	8046107
6450	7150	891	64	2	8046117
6461	7150	891	64	2	8046127
6474	7150	890	64	2	8046137
6488	7150	888	64	2	8046147
6502	7150	889	64	2	8046157
6515	7159	887	64	2	8046167
6527	7167	885	64	2	8046177
6539	7174	883	64	2	8046187
6545	7182	880	64	2	8046207
6545	7196	880	64	2	8046217
6552	7209	878	64	2	8046227
6552	7230	878	64	2	8046237
6552	7263	876	64	2	8046247
6561	7298	877	64	2	8046257
6561	7341	877	64	2	8046267
6569	7378	881	64	2	8046277
6569	7417	883	64	2	8046287
6579	7458	884	64	2	8046297
6586	7496	885	64	2	8046307
6594	7537	888	64	2	8046317
6602	7574	887	64	0	8046327
6610	7608	890	64	0	8046337
6610	7634	889	64	0	8046347
6610	7658	891	64	0	8046357
6610	7672	894	64	0	8046367
6610	7683	896	64	0	8046377
6610	7693	897	63	0	8046387
6610	7700	897	62.5	0	8046407
6610	7718	898	62	0	8046417
6610	7727	904	62	0	8046427
6610	7736	939	63.25	0	8046507
6617	7736	981	64	0	8046527
6631	7736	1001	64	0	8046537
6645	7736	1003	64	0	8046547
6661	7742	1007	64	0	8046557
6684	7742	1014	64	0	8046567
6709	7742	1013	64	0	8046577
6737	7742	1014	64	0	8046587
6766	7751	1017	64	0	8046597
6798	7751	1018	64	0	8046607
6826	7751	1016	64	0	8046617
6851	7751	1015	64	0	8046627
6871	7751	1016	64	0	8046637
6891	7751	1012	64	0	8046647
6910	7758	1005	64	0	8046657
6930	7758	966	64	0	8046667
6947	7758	882	64	0	8046677
6961	7768	691	64	0	8046687
6972	7774	72	63.5	0	8046707
22
8983	11424	181	60	342	8054237
8989	11440	509	59	344	8054257
8989	11446	623	59.6667	345	8054287
8998	11446	665	61	345	8054297
9008	11446	688	61	345	8054307
9023	11446	702	61	345	8054317
9039	11432	716	61	345	8054327
9057	11417	741	61	343	8054337
9075	11397	775	61	343	8054347
9090	11363	797	61	343	8054357
9105	11321	817	61	343	8054367
9119	11267	837	61	343	8054377
9127	11208	859	61	343	8054387
9127	11147	878	61	345	8054397
9127	11087	888	61	345	8054407
9117	11028	889	61	345	8054417
9101	10969	894	61	347	8054427
9084	10918	891	61	347	8054437
9070	10876	883	61	347	8054447
9060	10851	833	62	349	8054457
9060	10839	696	62	349	8054467
9060	10845	146	62	351	8054487
41
9107	11449	470	61	347	8054705
9081	11456	580	61	347	8054715
9068	11456	687	61	347	8054725
9055	11456	730	61	347	8054735
9047	11456	762	61	347	8054765
9060	11456	789	61	347	8054775
9076	11456	818	61	345	8054785
9103	11456	832	61	345	8054795
9137	11467	852	61	345	8054805
9180	11467	867	61	345	8054815
9225	11473	887	61	345	8054825
9268	11473	897	61	345	8054835
9305	11473	897	61	343	8054845
9340	11460	912	62	343	8054855
9375	11448	915	62	343	8054865
9410	11431	914	63	342	8054875
9450	11407	917	63	342	8054885
9491	11382	916	63	342	8054895
9530	11353	917	63	342	8054905
9566	11322	917	63	342	8054915
9594	11292	921	63	342	8054925
9612	11252	932	63	344	8054935
9623	11212	936	64	343	8054945
9623	11169	959	64	343	8054955
9623	11122	971	65	342	8054965
9623	11078	983	65	345	8054975
9602	11033	1007	65	345	8054985
9585	10992	1017	65	345	8054995
9562	10953	1017	65	347	8055005
9536	10917	1023	65	347	8055015
9506	10887	1023	66	349	8055025
9468	10860	1023	66	349	8055035
9423	10835	1023	66	351	8055045
9374	10816	1023	66	351	8055055
9322	10803	1023	66	351	8055065
9271	10793	1023	66	353	8055075
9228	10793	1023	66	353	8055085
9194	10793	1017	66	356	8055095
9169	10793	932	66	356	8055105
9154	10803	775	65	356	8055115
9147	10820	179	64.5	356	8055135
64
7363	11472	40	58	350	8055705
7356	11472	252	58	350	8055715
7343	11472	427	58	350	8055735
7335	11472	689	58.625	348.125	8055815
7346	11472	771	59	348	8055825
7359	11472	785	59	348	8055835
7380	11478	787	59	348	8055845
7414	11478	817	59	348	8055855
7457	11478	827	59	346	8055865
7510	11478	837	59	346	8055875
7569	11478	841	59	346	8055885
7633	11478	845	59	346	8055895
7699	11478	852	59	346	8055905
7770	11478	854	59	346	8055915
7846	11478	859	59	346	8055925
7924	11471	861	59	346	8055935
8005	11471	861	59	346	8055945
8083	11471	862	59	346	8055955
8157	11471	862	59	346	8055965
8227	11471	860	59	346	8055975
8294	11477	864	59	346	8055985
8357	11477	865	59	346	8055995
8418	11477	864	59	346	8056005
8478	11477	866	59	346	8056015
8532	11469	867	60	346	8056025
8580	11469	867	60	346	8056035
8621	11461	867	61	345	8056045
8656	11461	867	61	345	8056055
8689	11452	869	61	345	8056065
8717	11452	870	61	345	8056075
8740	11445	868	61	347	8056085
8756	11445	869	61	347	8056095
8766	11445	868	61	347	8056105
8774	11439	868	61	347	8056115
8781	11439	866	61	347	8056135
8792	11439	866	61	347	8056155
8801	11439	866	61	347	8056175
8807	11439	883	61	347	8056285
8807	11432	929	61	347	8056305
8807	11423	943	61	347	8056315
8807	11405	954	61	347	8056325
8807	11381	958	61	347	8056335
8807	11347	961	61	347	8056345
8807	11308	964	62	349	8056355
8800	11271	965	62	349	8056365
8800	11243	965	62	349	8056375
8800	11224	964	62	349	8056385
8800	11215	961	62	349	8056445
8808	11221	965	62	351	8056465
8822	11221	972	62	351	8056475
8841	11221	982	62	351	8056485
8867	11234	984	62	351	8056495
8902	11245	987	62	351	8056505
8940	11258	994	62	351	8056515
8980	11269	1002	62	351	8056525
9018	11278	1002	62	351	8056535
9055	11285	1010	62	351	8056545
9092	11285	1013	62	351	8056555
9123	11296	1012	62	351	8056565
9150	11303	1014	63	350	8056575
9172	11303	1012	63	350	8056585
9188	11309	1013	64	350	8056595
9199	11309	1000	64	350	8056615
9209	11309	543	64	350	8056655
85
6207	11102	109	59	348	8058435
6199	11102	176	59	348	8058445
6191	11102	278	59	348	8058485
6198	11102	589	59	348	8058685
6198	11083	754	59	348	8058695
6198	11055	764	59	348	8058705
6205	11016	771	59	348	8058715
6205	10967	776	60	350	8058725
6205	10916	781	60	350	8058735
6205	10869	784	60	350	8058745
6205	10830	784	60	350	8058755
6205	10798	784	60	350	8058765
6212	10777	783	60	350	8058775
6212	10766	783	60	350	8058785
6212	10758	783	60	350	8058795
6221	10758	789	60	351	8058855
6231	10758	796	60	351	8058865
6239	10758	804	60	353	8058875
6251	10758	806	61	353	8058885
6270	10766	808	61	353	8058895
6297	10766	818	62	353	8058905
6330	10766	825	62	353	8058915
6365	10766	828	62	353	8058925
6406	10766	834	62	353	8058935
6450	10758	841	62	353	8058945
6495	10758	840	62	353	8058955
6547	10766	845	62	353	8058965
6600	10772	852	62	353	8058975
6655	10772	855	62	353	8058985
6712	10772	858	62	353	8058995
6769	10779	863	62	353	8059005
6827	10779	866	62	351	8059015
6885	10786	871	62	351	8059025
6945	10793	873	62	351	8059035
7005	10793	877	62	351	8059045
7067	10799	882	62	351	8059055
7133	10799	886	62	351	8059065
7200	10799	885	62	351	8059075
7266	10809	887	62	351	8059085
7335	10809	888	62	351	8059095
7404	10821	890	62	351	8059105
7473	10821	890	62	351	8059115
7542	10830	895	62	351	8059125
7609	10830	897	62	351	8059135
7677	10843	900	62	351	8059145
7744	10853	903	62	351	8059155
7814	10863	903	62	351	8059165
7881	10874	909	62	351	8059175
7946	10883	912	62	351	8059185
8008	10891	914	62	351	8059195
8065	10898	915	62	351	8059205
8117	10898	919	62	351	8059215
8165	10908	920	62	351	8059225
8212	10908	926	62	351	8059235
8259	10915	933	62	351	8059245
8307	10915	933	62	351	8059255
8356	10915	939	62	351	8059265
8406	10915	945	62	351	8059275
8455	10922	949	62	351	8059285
8499	10922	951	62	351	8059295
8541	10922	954	62	351	8059305
8578	10922	963	62	351	8059315
8614	10930	967	62	351	8059325
8651	10930	969	62	351	8059335
8685	10930	971	62	351	8059345
8725	10936	979	62	351	8059355
8763	10936	984	62	351	8059365
8803	10936	987	63	350	8059375
8842	10936	986	63	350	8059385
8876	10936	989	64	350	8059395
8906	10936	992	64	350	8059405
8930	10936	999	64	350	8059415
8954	10936	1002	64	350	8059425
8974	10936	1005	64	350	8059435
8994	10936	1010	64	350	8059445
9014	10936	1015	64	350	8059455
9033	10936	1016	64	350	8059465
9051	10945	1017	64	350	8059475
9068	10945	1016	64	350	8059485
9081	10953	1018	64	350	8059495
9090	10953	1019	64	350	8059505
9100	10953	1018	64	350	8059515
9109	10960	1019	64	350	8059525
9118	10960	1019	64	350	8059545
9126	10960	735	63.1429	350.286	8059615
32
10892	10572	175	63	342	8063386
10903	10572	376	63	342	8063406
10903	10580	504	63	342	8063416
10890	10580	564	63	342	8063426
10890	10587	623	63	342	8063456
10896	10594	706	63	342	8063476
10906	10594	754	63	342	8063486
10914	10594	771	63	342	8063496
10921	10594	786	63	342	8063506
10932	10594	804	63	342	8063516
10945	10594	815	63	342	8063526
10960	10594	825	63	342	8063536
10981	10578	850	63	342	8063546
11007	10566	865	63	342	8063556
11033	10548	881	63	342	8063566
11059	10526	902	63	342	8063576
11081	10500	917	63	342	8063586
11100	10468	929	63	342	8063596
11115	10432	934	63	342	8063606
11127	10392	941	63	342	8063616
11134	10349	951	63	344	8063626
11134	10312	961	63	344	8063636
11134	10275	969	63	344	8063646
11126	10240	971	63	346	8063656
11115	10210	973	63	346	8063666
11102	10180	973	63	346	8063676
11093	10159	965	63	348	8063686
11083	10142	964	63	348	8063696
11075	10130	952	63	348	8063706
11075	10121	934	64	350	8063716
11065	10121	793	64	350.667	8063746
11065	10128	167	64	352	8063766
58
10948	10539	390	63	344	8064072
10939	10539	568	63	344	8064082
10933	10539	644	63	344	8064092
10919	10546	721	63	344	8064132
10929	10546	773	63	344	8064142
10944	10561	801	63	344	8064152
10966	10573	810	63	342	8064162
10996	10586	813	63	342	8064172
11035	10600	816	63	342	8064182
11077	10610	821	63	342	8064192
11124	10618	828	63	342	8064202
11172	10618	839	64	341	8064212
11221	10618	845	64	341	8064222
11269	10618	850	65	340	8064232
11318	10611	854	64	338	8064242
11370	10603	858	64	338	8064252
11418	10603	858	64	338	8064262
11466	10592	858	64	338	8064272
11510	10592	860	64	338	8064282
11550	10581	861	64	338	8064292
11589	10574	862	64	338	8064302
11625	10566	864	64	338	8064312
11661	10559	862	64	338	8064322
11692	10552	867	64	338	8064332
11719	10544	871	64	338	8064342
11745	10544	874	64	338	8064352
11763	10535	878	64	338	8064362
11782	10535	889	64	338	8064372
11797	10526	889	64	338	8064382
11808	10518	906	64	338	8064392
11820	10509	914	64	338	8064402
11830	10498	919	64	338	8064412
11836	10483	930	64	338	8064422
11836	10466	944	64	338	8064432
11836	10449	949	64	338	8064442
11836	10426	953	64	338	8064452
11817	10396	955	64	338	8064462
11794	10365	957	65	340	8064472
11765	10328	966	65	340	8064482
11733	10292	965	65	340	8064492
11704	10263	974	65	342	8064502
11677	10238	973	65	342	8064512
11650	10218	970	65	342	8064522
11623	10201	977	65	345	8064532
11595	10185	975	65	345	8064542
11561	10169	978	65	345	8064552
11521	10153	977	65	347	8064562
11478	10137	980	65	347	8064572
11428	10121	980	65	347	8064582
11375	10108	985	66	349	8064592
11325	10098	986	66	349	8064602
11278	10092	992	66	349	8064612
11242	10092	995	66	351	8064622
11216	10092	991	66	351	8064632
11197	10092	984	66	351	8064642
11185	10092	949	66	351	8064652
11175	10092	859	66	351	8064662
11167	10092	313	66	351	8064692
76
9646	11089	447	58	342	8065330
9631	11098	494	59	341	8065340
9620	11107	614	59	341	8065350
9601	11107	690	59	341	8065360
9594	11117	728	59	341	8065400
9603	11117	752	59	341	8065410
9620	11117	754	59	341	8065420
9645	11117	756	59	343	8065430
9679	11117	762	60	342	8065440
9722	11125	762	60	342	8065450
9776	11125	762	61	342	8065460
9834	11125	766	61	342	8065470
9894	11125	766	61	342	8065480
9951	11125	764	61	342	8065490
10005	11125	764	61	342	8065500
10056	11125	762	60	340	8065510
10102	11125	762	60	340	8065520
10143	11133	760	60	340	8065530
10177	11133	761	60	340	8065540
10202	11133	761	60	340	8065550
10220	11133	763	60	340	8065560
10231	11133	763	60	340	8065580
10241	11133	789	60	340	8065630
10241	11127	818	60	340	8065650
10241	11113	835	60	340	8065660
10241	11093	851	60	340	8065670
10249	11061	865	60	340	8065680
10249	11012	877	60	340	8065690
10249	10955	889	60	340	8065700
10258	10894	897	60	340	8065710
10258	10830	907	61	339	8065720
10258	10773	910	61	339	8065730
10258	10719	914	63	340	8065740
10258	10673	914	63	340	8065750
10258	10632	916	63	340	8065760
10258	10600	916	63	340	8065770
10258	10577	918	63	340	8065780
10258	10550	920	63	342	8065790
10258	10529	918	63	342	8065800
10258	10511	917	63	342	8065810
10250	10496	914	63	342	8065830
10250	10489	912	63	342	8066060
10257	10489	910	63	342	8066080
10272	10497	910	63	342	8066090
10285	10497	912	63	342	8066100
10305	10497	917	63	342	8066110
10329	10497	919	63	342	8066120
10359	10497	924	63	342	8066130
10395	10497	925	63	342	8066140
10435	10497	926	64	341	8066150
10478	10497	926	64	341	8066160
10523	10497	928	65	340	8066170
10570	10497	932	65	340	8066180
10618	10497	934	65	340	8066190
10664	10497	933	65	340	8066200
10710	10503	941	65	340	8066210
10753	10503	939	65	340	8066220
10790	10503	942	65	340	8066230
10822	10503	947	65	340	8066239
10845	10503	949	65	340	8066249
10865	10503	953	65	340	8066259
10884	10503	961	65	340	8066269
10902	10503	962	65	340	8066279
10920	10497	961	65	340	8066289
10940	10497	964	65	340	8066299
10958	10497	965	65	340	8066309
10977	10497	966	65	340	8066319
10999	10497	968	65	340	8066329
11019	10497	969	65	340	8066339
11040	10497	971	65	340	8066349
11058	10497	972	65	340	8066359
11073	10497	973	65	340	8066369
11086	10497	973	65	340	8066379
11095	10497	971	65	340	8066399
11102	10497	880	65	340	8066439
11094	10497	172	65	341	8066459
86
7564	7976	537	59	3	8067118
7548	7976	582	59	5	8067128
7534	7976	674	60	5	8067138
7524	7976	762	60.5	6.5	8067178
7532	7976	815	62	7	8067188
7553	7976	820	62	7	8067198
7589	7986	826	62	7	8067208
7645	8000	836	62	7	8067218
7721	8017	842	63	8	8067228
7816	8038	843	63	8	8067238
7929	8066	861	64	8	8067248
8056	8092	868	64	8	8067258
8202	8117	870	64	8	8067268
8353	8143	876	64	8	8067278
8512	8171	878	64	8	8067288
8676	8203	879	64	8	8067298
8842	8244	878	65	9	8067308
9017	8288	876	65	9	8067318
9199	8336	874	66	9	8067328
9378	8381	882	66	9	8067338
9551	8424	882	66	9	8067348
9714	8461	882	66	9	8067358
9863	8495	880	66	7	8067368
10000	8531	878	66	7	8067378
10123	8563	878	66	7	8067388
10231	8591	878	66	7	8067398
10325	8615	880	66	7	8067408
10402	8633	881	66	7	8067418
10463	8647	880	66	7	8067428
10506	8656	882	67	7	8067438
10535	8664	881	67	7	8067448
10552	8664	883	68	7	8067458
10563	8664	884	68	7	8067468
10563	8670	883	68	7	8067478
10571	8670	885	68	7	8067518
10577	8670	887	68	7	8067528
10584	8683	890	68	7	8067538
10590	8690	896	68	7	8067548
10590	8698	914	67	7	8067558
10600	8698	928	67	7	8067568
10600	8705	939	66	7	8067588
10600	8721	943	66	7	8067598
10600	8743	943	66	7	8067608
10600	8773	947	66	7	8067618
10609	8813	949	66	7	8067628
10618	8860	950	66	7	8067638
10628	8908	951	66	4	8067648
10640	8963	951	66	4	8067658
10654	9024	951	66	4	8067668
10666	9081	955	66	4	8067678
10680	9149	954	66	2	8067688
10692	9219	957	66	2	8067698
10701	9285	958	66	2	8067708
10711	9359	965	66	0	8067718
10711	9425	967	66	0	8067728
10724	9489	969	66	0	8067738
10734	9552	971	66	0	8067748
10748	9609	970	66	358	8067758
10765	9665	971	66	358	8067768
10784	9721	972	66	356	8067778
10801	9774	972	66	356	8067788
10817	9822	973	66	353	8067798
10830	9867	972	66	353	8067808
10843	9904	970	66	353	8067818
10853	9939	966	66	351	8067828
10863	9970	961	66	351	8067838
10876	10003	949	66	351	8067848
10887	10035	945	66	349	8067858
10896	10068	945	66	349	8067868
10903	10095	944	66	349	8067878
10903	10114	946	65	347	8067888
10903	10126	947	65	347	8067908
10903	10138	948	65	347	8067918
10903	10146	944	65	347	8067928
10903	10155	944	65	347	8067938
10903	10163	944	65	345	8067958
10903	10170	973	65	344.143	8068098
10913	10170	1014	65	342	8068108
10932	10170	1023	65	342	8068118
10962	10170	1023	65	342	8068128
10995	10178	1023	65	342	8068138
11033	10184	1023	65	345	8068148
11066	10184	1023	65	345	8068158
11094	10192	1023	65	345	8068168
11116	10192	963	65	345	8068178
11130	10198	317	65	345	8068208
20
12730	9901	201	61	345	8070290
12745	9912	383	61	345	8070300
12745	9922	448	61	345	8070310
12736	9922	526	61	345	8070320
12720	9922	592	61	345	8070330
12720	9928	706	62.3333	344.667	8070360
12720	9920	815	63	344	8070370
12720	9905	844	63	344	8070380
12720	9882	866	63	346	8070390
12720	9845	898	63	346	8070400
12720	9795	911	63	346	8070410
12708	9732	932	63	346	8070420
12696	9654	931	63	346	8070430
12683	9571	927	63	346	8070440
12668	9493	922	63	348	8070450
12659	9431	887	63	348	8070460
12659	9389	803	63	348	8070470
12659	9370	726	63	348	8070480
12667	9370	539	64	350	8070490
12680	9390	0	64	350	8070510
49
12751	9826	253	62	351	8070710
12760	9852	421	63	348	8070720
12747	9861	572	63	348	8070730
12739	9868	649	63	348	8070740
12721	9868	713	63	348	8070760
12721	9874	740	63	348	8070780
12733	9874	778	63	348	8070790
12747	9881	792	63	348	8070800
12764	9881	810	63	346	8070810
12782	9881	811	64	345	8070820
12804	9881	823	64	345	8070830
12830	9870	831	65	345	8070840
12864	9870	846	65	345	8070850
12904	9858	853	65	345	8070860
12948	9851	855	65	345	8070870
12994	9841	854	65	345	8070880
13038	9831	860	65	345	8070890
13082	9817	859	65	345	8070900
13122	9801	862	65	345	8070910
13156	9783	864	65	345	8070920
13185	9764	867	66	344	8070930
13204	9745	893	66	344	8070940
13217	9727	906	67	343	8070950
13226	9709	923	67	343	8070960
13226	9689	934	67	343	8070970
13226	9665	940	67	343	8070980
13226	9635	955	67	343	8070990
13219	9607	965	67	343	8071000
13209	9571	971	67	343	8071010
13197	9537	972	67	345	8071020
13185	9505	985	67	345	8071030
13170	9473	991	67	345	8071040
13153	9449	994	67	345	8071050
13133	9427	1000	67	345	8071060
13110	9405	1021	68	348	8071070
13080	9382	1017	68	348	8071080
13048	9359	1023	68	348	8071090
13013	9337	1023	68	350	8071100
12975	9317	1023	68	350	8071110
12936	9300	1023	68	350	8071120
12900	9289	1023	68	353	8071130
12870	9289	1023	68	353	8071140
12844	9289	1023	68	353	8071150
12824	9289	1023	68	353	8071160
12806	9289	1023	68	355	8071170
12791	9298	976	68	355	8071180
12780	9298	860	68	355	8071190
12765	9311	591	68	355	8071200
12748	9321	25	67	358	8071220
64
11828	10411	533	63	348	8071878
11835	10411	606	63	348	8071888
11835	10418	697	63	348	8071898
11826	10418	768	63	348	8071908
11813	10418	817	63	348	8071928
11821	10418	840	63	346	8071938
11833	10427	844	64	345	8071948
11850	10435	846	64	345	8071958
11875	10444	850	65	345	8071968
11908	10453	850	65	345	8071978
11948	10453	849	65	342	8071988
11994	10463	851	65	342	8071998
12039	10463	850	65	342	8072008
12080	10463	851	65	342	8072018
12118	10463	847	65	342	8072028
12148	10463	846	65	342	8072038
12170	10463	846	65	342	8072048
12185	10463	846	65	342	8072058
12194	10463	874	65	342	8072128
12194	10446	939	65	342	8072138
12194	10412	956	66	342	8072148
12194	10368	971	66	342	8072158
12183	10303	987	67	341	8072168
12175	10236	1001	67	343	8072178
12165	10174	1015	67	343	8072188
12151	10110	1020	67	343	8072198
12140	10053	1023	67	345	8072208
12130	10001	1023	67	345	8072218
12121	9954	1023	67	345	8072228
12121	9914	1023	68	348	8072238
12112	9876	1023	68	348	8072248
12112	9841	1023	68	350	8072258
12112	9815	1023	68	350	8072268
12112	9793	1023	68	350	8072278
12112	9785	1023	68	353	8072298
12112	9778	1023	68	355	8072328
12112	9765	1023	68	355	8072338
12112	9754	1023	68	355	8072348
12100	9739	1023	68	355	8072358
12092	9722	1023	68	355	8072368
12092	9709	1023	68	355	8072378
12084	9701	1023	68	355	8072438
12090	9701	1023	68	355	8072448
12101	9701	1023	68	355	8072458
12120	9709	1023	68	355	8072468
12146	9718	1023	68	355	8072478
12180	9727	1023	68	355	8072488
12221	9735	1023	68	355	8072498
12267	9744	1023	69	355	8072508
12315	9744	1023	69	355	8072518
12365	9750	1023	70	355	8072528
12414	9750	1023	70	355	8072538
12461	9750	1023	70	355	8072548
12508	9750	1023	70	355	8072558
12555	9750	1023	70	355	8072568
12601	9758	1023	70	355	8072578
12647	9758	1023	70	355	8072588
12688	9758	1023	70	355	8072598
12723	9758	1023	70	355	8072608
12753	9764	1023	70	355	8072618
12775	9764	1023	70	355	8072628
12789	9771	1002	70	355	8072638
12795	9771	777	70	355	8072658
12788	9780	82	70	355	8072678
89
7391	10153	218	58	350	8073306
7383	10160	385	59	350	8073326
7377	10160	648	60.25	350.5	8073366
7384	10160	758	61.5	351	8073386
7397	10160	791	62	351	8073396
7417	10160	806	62	351	8073406
7452	10160	831	62	351	8073416
7504	10160	850	62	351	8073426
7574	10160	855	62	351	8073436
7656	10160	868	63	350	8073446
7753	10160	878	63	350	8073456
7860	10167	882	64	350	8073466
7978	10167	887	64	350	8073476
8102	10167	888	64	350	8073486
8235	10167	892	64	350	8073496
8368	10167	894	64	350	8073506
8504	10153	896	64	350	8073516
8640	10140	897	63	348	8073526
8778	10131	896	63	348	8073536
8919	10121	896	63	348	8073546
9060	10110	897	64	350	8073556
9200	10103	895	64	350	8073566
9335	10096	898	64	350	8073576
9464	10096	900	65	349	8073586
9588	10089	899	65	349	8073596
9709	10089	900	66	349	8073606
9825	10081	899	66	349	8073616
9938	10081	898	66	349	8073626
10041	10081	899	66	349	8073636
10132	10081	898	66	349	8073646
10211	10081	897	66	349	8073656
10275	10081	896	66	349	8073666
10327	10081	897	66	349	8073676
10366	10081	896	66	349	8073686
10394	10081	898	66	349	8073696
10412	10075	898	66	349	8073706
10422	10075	898	67.1111	348.333	8073796
10428	10075	913	68	348	8073866
10428	10057	968	68	348	8073876
10428	10031	974	68	348	8073886
10428	9988	986	68	348	8073896
10436	9928	1002	68	348	8073906
10436	9859	1011	68	348	8073916
10436	9781	1019	68	348	8073926
10425	9705	1023	68	350	8073936
10411	9626	1023	68	350	8073946
10394	9549	1023	68	350	8073956
10380	9483	1023	68	353	8073966
10364	9422	1023	68	353	8073976
10357	9377	1023	68	353	8073986
10357	9345	1023	68	355	8073996
10357	9324	1023	68	355	8074006
10357	9313	1017	68	357	8074036
10364	9313	1010	68	0	8074056
10373	9313	1007	68	0	8074066
10382	9313	1009	68	0	8074076
10396	9313	1009	68	0	8074086
10420	9313	1010	68	0	8074096
10455	9313	1013	68	0	8074106
10508	9313	1014	68	0	8074116
10578	9313	1014	68	0	8074126
10665	9323	1015	68	0	8074136
10767	9330	1015	68	0	8074146
10876	9342	1017	68	0	8074156
10992	9349	1015	68	0	8074166
11109	9357	1016	68	0	8074176
11229	9357	1012	68	0	8074186
11347	9363	1017	68	0	8074196
11465	9363	1018	68	0	8074206
11580	9372	1018	68	0	8074216
11694	9382	1021	68	0	8074226
11809	9392	1023	68	0	8074236
11929	9408	1023	68	0	8074246
12050	9421	1021	68	0	8074256
12170	9432	1023	68	0	8074266
12284	9444	1023	68	0	8074276
12385	9450	1023	69	0	8074286
12474	9458	1023	69	0	8074296
12548	9458	1023	70	357	8074306
12611	9458	1023	70	357	8074316
12662	9458	1023	70	357	8074326
12701	9464	1023	70	357	8074336
12729	9464	1023	70	357	8074346
12747	9464	1023	70	357	8074356
12756	9464	1023	70	357	8074366
12756	9471	1023	70	357	8074416
12763	9471	942	68.5	357.5	8074456
12763	9478	496	68	358	8074466
12763	9485	54	68	0	8074486
15
13299	9541	577	60	348	8075042
13285	9541	749	60.5	347.5	8075062
13274	9541	850	61.5	346.5	8075082
13280	9541	891	62	346	8075092
13305	9541	923	63	346	8075102
13352	9541	931	63	346	8075112
13423	9541	941	63	346	8075122
13510	9541	941	63	346	8075132
13603	9541	942	64	345	8075142
13688	9549	943	64	345	8075152
13759	9556	943	65	345	8075162
13810	9564	938	65	345	8075172
13841	9564	932	66	344	8075182
13855	9564	773	66.5	343.5	8075202
13838	9564	35	67	343	8075222
15
13983	9868	457	63	344	8075726
13983	9876	576	63	344	8075736
13976	9876	739	63	344	8075756
13967	9876	840	63	344	8075766
13967	9869	884	63	344	8075776
13967	9855	928	63	344	8075786
13960	9821	963	64	343	8075796
13960	9767	986	64	343	8075806
13942	9687	991	65	342	8075816
13925	9594	993	65	345	8075826
13910	9506	981	65	345	8075836
13890	9416	961	65	345	8075846
13879	9349	888	65	347	8075856
13879	9304	725	65	347	8075866
13879	9285	170	65.5	348	8075886
29
14006	9808	589	65	349	8075974
13998	9864	786	65	349	8075984
13988	9875	874	66	349	8075994
13978	9875	958	65.3333	347.667	8076024
14000	9875	977	65	347	8076034
14046	9883	980	65	347	8076044
14121	9892	979	65	345	8076054
14214	9899	980	65	345	8076064
14317	9899	982	65	345	8076074
14419	9899	979	65	342	8076084
14511	9899	977	65	342	8076094
14590	9899	971	65	342	8076104
14651	9899	971	65	342	8076114
14694	9893	976	65	342	8076124
14718	9884	982	65	342	8076134
14731	9871	1000	66	342	8076144
14738	9857	1023	66	342	8076154
14738	9842	1023	67	341	8076164
14738	9814	1023	67	341	8076174
14727	9778	1023	67	341	8076184
14708	9723	1023	67	341	8076194
14683	9653	1023	67	341	8076204
14654	9578	1023	67	341	8076214
14618	9494	1023	67	341	8076224
14582	9412	1023	67	343	8076234
14546	9339	995	67	343	8076244
14509	9276	865	67	345	8076254
14475	9233	583	67	345	8076264
14437	9207	50	68	348	8076284
15
13978	9253	614	66	351	8076362
13915	9261	787	66	351	8076372
13890	9261	892	66	351	8076382
13870	9261	961	66	351	8076392
13859	9261	987	66	351	8076402
13867	9261	1023	66	351	8076412
13896	9261	1023	66	351	8076422
13951	9261	1023	66	351	8076432
14037	9261	1023	66	351	8076442
14147	9270	1023	66	351	8076452
14269	9284	1023	66	351	8076462
14389	9305	1016	66	351	8076472
14490	9328	874	66	351	8076482
14562	9350	527	66	353	8076492
14601	9369	0	66	353	8076512
9
14162	9703	790	62	354	8076618
14143	9769	870	62	353	8076628
14135	9789	942	62	353	8076638
14127	9798	974	62	353	8076658
14136	9798	974	62	353	8076668
14165	9781	966	63	352	8076678
14210	9760	913	63	350	8076688
14267	9731	746	64	350	8076698
14329	9701	123	64	348.5	8076718
24
14470	9665	553	65	347	8076770
14480	9689	741	65	347	8076780
14480	9697	871	65	347	8076790
14472	9697	942	65	347	8076800
14463	9697	965	65	347	8076810
14455	9697	970	65	347	8076820
14442	9697	971	65	347	8076830
14420	9697	988	65	347	8076840
14393	9697	993	65	347	8076850
14363	9681	1002	65	347	8076860
14334	9666	1009	65	347	8076870
14309	9649	1014	65	347	8076880
14290	9637	1015	65	347	8076890
14279	9628	1015	65	347	8076900
14279	9621	1016	65	347	8076910
14279	9608	1019	65	347	8076920
14279	9592	1023	65	347	8076930
14279	9574	1023	65	347	8076940
14288	9549	1023	65	347	8076950
14288	9526	1023	65	347	8076960
14295	9497	1023	66	349	8076970
14295	9460	992	66	349	8076980
14295	9419	768	66	349	8076990
14288	9376	64	66	349	8077010
