52
28
2572	20093	133	57	344	7315313
2565	20102	390	58	345	7315333
2565	20110	521	59	345	7315343
2556	20110	604	59	345.5	7315363
2556	20119	673	59	346	7315373
2565	20119	710	59	346	7315383
2576	20126	739	59	346	7315393
2591	20126	750	59	346	7315403
2610	20126	752	60	346	7315413
2628	20132	750	60	346	7315423
2650	20132	753	61	343	7315433
2674	20118	752	61	343	7315443
2701	20098	747	61	343	7315453
2733	20065	750	61	343	7315463
2762	20027	754	61	343	7315473
2789	19976	757	61	343	7315483
2811	19919	771	61	345	7315493
2826	19865	784	61	345	7315503
2836	19800	796	61	345	7315513
2836	19736	814	61	347	7315523
2836	19670	827	62	346	7315533
2822	19600	844	62	346	7315543
2812	19535	845	63	348	7315553
2800	19484	850	63	348	7315563
2789	19443	840	64	350	7315573
2776	19417	818	64	350	7315583
2766	19403	757	64	352	7315593
2758	19403	281	64	353.333	7315623
59
2685	20111	282	59	343	7315989
2675	20126	375	59	343	7315999
2663	20134	461	59	343	7316009
2656	20134	552	60	342	7316019
2656	20142	633	60.6667	342	7316049
2672	20142	683	61	342	7316059
2694	20152	690	61	342	7316069
2723	20160	704	61	342	7316079
2760	20169	748	61	342	7316089
2802	20177	770	62	341	7316099
2850	20177	784	61	339	7316109
2905	20186	788	62	338	7316119
2964	20186	793	62	338	7316129
3026	20193	793	62	338	7316139
3090	20193	795	62	336	7316149
3158	20193	793	62	336	7316159
3226	20193	791	63	335	7316169
3295	20182	788	63	335	7316179
3362	20171	786	64	334	7316189
3426	20156	788	64	334	7316199
3481	20141	788	64	334	7316209
3526	20119	785	64	334	7316219
3561	20093	792	64	334	7316229
3585	20068	795	64	334	7316239
3600	20041	797	64	334	7316249
3613	20007	803	64	334	7316259
3619	19980	806	64	336	7316269
3619	19946	810	64	336	7316279
3619	19908	813	64	336	7316289
3619	19874	816	64	338	7316299
3609	19837	815	64	338	7316309
3598	19800	830	64	338	7316319
3583	19766	837	65	340	7316329
3562	19731	848	65	340	7316339
3539	19697	857	65	342	7316349
3511	19663	864	65	342	7316359
3480	19631	868	65	342	7316369
3449	19601	875	65	345	7316379
3415	19575	877	65	345	7316389
3379	19551	877	65	347	7316399
3339	19526	871	65	347	7316409
3293	19502	877	66	349	7316419
3243	19475	877	66	349	7316429
3190	19449	882	66	351	7316439
3139	19425	883	66	351	7316449
3090	19406	886	66	351	7316459
3043	19390	894	66	351	7316469
2999	19376	902	66	351	7316479
2956	19366	904	66	351	7316489
2917	19359	904	66	351	7316499
2879	19359	906	66	351	7316509
2840	19346	918	66	351	7316519
2804	19339	924	66	351	7316529
2770	19331	924	66	351	7316539
2744	19331	924	66	351	7316549
2727	19322	920	66	351	7316559
2717	19322	853	66	351	7316579
2711	19329	632	66	353	7316589
2711	19336	27	66	353	7316609
26
2704	18773	307	59	348	7317257
2695	18779	449	59	348	7317267
2695	18787	526	59	348	7317277
2686	18787	607	59.6667	348	7317307
2701	18793	657	61	347	7317317
2714	18793	686	61	347	7317327
2730	18793	707	61	347	7317337
2749	18793	726	61	347	7317347
2770	18780	740	62	349	7317357
2794	18767	762	63	348	7317367
2818	18748	776	63	348	7317377
2843	18717	806	63	348	7317387
2865	18673	815	63	348	7317397
2880	18620	837	64	350	7317407
2891	18554	855	64	350	7317417
2891	18488	882	64	350	7317427
2891	18420	894	64	352	7317437
2879	18356	905	64	352	7317447
2866	18293	911	64	352	7317457
2850	18229	911	64	352	7317467
2834	18175	910	64	354	7317477
2817	18129	899	64	354	7317487
2804	18100	877	64	356	7317497
2794	18086	832	64	356	7317507
2788	18086	692	64	357	7317527
2778	18102	194	64	358	7317547
41
2806	18746	34	62	349	7317833
2796	18753	375	62	349	7317843
2789	18753	504	62	349	7317853
2782	18753	592	63	348	7317863
2775	18753	669	62.75	346	7317903
2775	18762	700	63	346	7317913
2793	18762	701	63	346	7317923
2811	18771	704	63	346	7317933
2836	18771	710	63	346	7317943
2869	18782	715	63	348	7317953
2912	18789	734	64	347	7317963
2965	18789	745	64	347	7317973
3025	18798	753	65	347	7317983
3090	18798	762	65	347	7317993
3153	18798	764	65	347	7318003
3214	18798	767	65	347	7318013
3272	18798	769	65	347	7318023
3326	18786	771	65	347	7318033
3375	18773	773	65	347	7318043
3422	18757	772	65	347	7318053
3465	18741	772	65	347	7318063
3504	18721	776	65	347	7318073
3537	18703	779	65	347	7318083
3563	18681	784	65	347	7318093
3583	18657	787	65	347	7318103
3598	18635	793	66	349	7318113
3610	18611	794	66	349	7318123
3617	18591	796	67	348	7318133
3624	18573	799	67	348	7318143
3624	18559	802	68	348	7318153
3631	18549	808	68	348	7318163
3631	18541	814	68	349	7318183
3631	18527	821	68	350	7318193
3631	18515	836	68	350	7318203
3624	18502	837	68	350	7318213
3624	18486	839	68	350	7318223
3614	18473	845	68	350	7318233
3614	18463	843	68	353	7318253
3607	18456	837	68	353	7318433
3607	18462	732	68	353	7318573
3600	18462	79	68	353	7318593
14
2341	19801	622	62	338	7320770
2335	19791	703	62	338	7320780
2325	19791	755	63	340	7320790
2325	19784	816	63	340	7320810
2348	19784	873	63	340	7320820
2386	19784	895	63	342	7320830
2445	19784	905	63	342	7320840
2521	19792	912	63	342	7320850
2605	19807	913	63	342	7320860
2688	19825	905	63	342	7320870
2765	19843	880	63	344	7320880
2827	19858	801	63	344	7320890
2869	19869	650	63	344	7320900
2890	19869	170	63	344	7320920
13
2387	19510	235	61	347	7321046
2345	19469	726	61	347	7321056
2331	19459	777	62	349	7321066
2325	19459	868	62.6667	348.333	7321096
2344	19459	943	63	348	7321106
2373	19467	969	63	348	7321116
2418	19479	986	64	350	7321126
2480	19494	995	65	349	7321136
2551	19511	995	65	349	7321146
2626	19529	991	66	349	7321156
2701	19548	951	66	349	7321166
2769	19567	838	66	349	7321176
2828	19584	184	66	349	7321196
15
3654	19886	383	57	344	7321692
3654	19893	602	57	344	7321702
3647	19893	752	57	344	7321732
3659	19893	861	57	346	7321742
3675	19893	907	58	345	7321752
3703	19893	929	58	345	7321762
3746	19893	947	59	345	7321772
3805	19893	963	59	345	7321782
3878	19893	970	59	345	7321792
3965	19893	970	59	345	7321802
4056	19893	963	60	344	7321812
4146	19893	928	60	344	7321822
4230	19901	869	61	343	7321832
4294	19901	688	61	345	7321842
4343	19901	10	61	345	7321862
32
3615	18553	101	60	346	7322802
3601	18553	224	60.6667	345.333	7322832
3601	18546	369	61.5	345	7322852
3601	18537	464	62	345	7322862
3601	18531	537	63	344	7322872
3608	18521	602	63	344	7322882
3608	18508	671	63	344	7322892
3608	18490	726	64	343	7322902
3608	18468	740	64	343	7322912
3608	18443	758	65	342	7322922
3594	18416	775	65	342	7322932
3581	18391	801	65	342	7322942
3561	18366	800	65	342	7322952
3537	18342	817	65	342	7322962
3509	18322	826	65	342	7322972
3476	18300	828	65	342	7322982
3439	18280	843	65	342	7322992
3400	18259	844	65	342	7323002
3359	18236	844	65	342	7323012
3314	18214	851	65	342	7323022
3266	18195	852	65	342	7323032
3213	18176	852	65	342	7323042
3154	18158	873	65	342	7323052
3090	18144	875	65	342	7323062
3023	18129	886	65	342	7323072
2957	18115	902	65	342	7323082
2895	18101	909	65	342	7323092
2841	18089	927	65	345	7323102
2798	18082	934	65	345	7323112
2771	18082	935	65	345	7323122
2756	18082	838	65	346	7323162
2767	18090	245	65	347	7323182
16
2310	18416	281	65	345	7323586
2303	18416	406	64	343	7323596
2293	18422	653	63.25	343.75	7323636
2310	18430	825	63	344	7323646
2332	18430	844	63	344	7323656
2365	18445	873	63	344	7323666
2408	18457	895	63	344	7323676
2460	18471	902	63	344	7323686
2520	18487	906	63	344	7323696
2581	18502	907	63	344	7323706
2644	18515	903	63	344	7323716
2706	18526	887	63	344	7323726
2762	18535	845	63	344	7323736
2811	18535	763	63	344	7323746
2849	18535	604	63	344	7323756
2870	18535	74	63	344	7323776
15
2500	18230	566	59	348	7323914
2490	18215	703	59	348	7323934
2490	18206	833	60	348	7323954
2504	18206	894	61	347	7323964
2526	18206	928	61	347	7323974
2560	18216	951	61	347	7323984
2600	18223	961	62	346	7323994
2644	18235	970	62	346	7324004
2692	18248	973	63	346	7324014
2739	18258	975	63	346	7324024
2789	18266	973	63	346	7324034
2835	18266	947	63	344	7324044
2876	18266	889	63	344	7324054
2912	18266	731	63	344	7324064
2938	18266	15	63	345	7324084
18
3692	18480	598	58	348	7324470
3661	18487	702	58	348	7324480
3646	18495	808	59	346	7324490
3633	18495	859	59	346	7324500
3626	18495	916	59.25	346	7324540
3639	18495	936	60	346	7324550
3660	18495	955	61	345	7324560
3692	18495	966	61	345	7324570
3742	18495	979	61	345	7324580
3806	18495	980	61	345	7324590
3884	18495	983	62	345	7324600
3971	18495	980	62	345	7324610
4060	18504	967	63	344	7324620
4147	18504	938	63	344	7324630
4223	18504	887	63	344	7324640
4283	18504	773	63	344	7324650
4325	18504	560	63	344	7324660
4347	18494	7	63	344	7324680
24
2769	17548	94	60	350	7325234
2760	17562	301	60	350	7325244
2760	17569	407	61	349	7325254
2760	17576	520	61	349	7325264
2760	17583	597	62	349	7325274
2768	17590	666	62	349	7325284
2777	17590	740	62	349	7325294
2790	17590	791	62	349	7325304
2804	17590	824	62	349	7325314
2818	17590	858	62	349	7325324
2832	17574	893	62	349	7325334
2846	17552	917	62	349	7325344
2859	17514	939	63	348	7325354
2867	17457	954	63	348	7325364
2867	17381	963	63	348	7325374
2867	17293	967	63	348	7325384
2856	17200	971	64	350	7325394
2838	17112	971	64	350	7325404
2818	17041	968	64	350	7325414
2799	16990	955	64	352	7325424
2786	16963	913	64	352	7325434
2777	16953	784	64	352	7325454
2767	16975	498	64	354	7325464
2767	17001	10	64	354	7325484
48
2851	17568	317	62	349	7325756
2844	17568	588	62	349	7325776
2831	17568	678	62	349	7325796
2839	17568	721	62	349	7325806
2850	17568	742	62	349	7325816
2867	17568	758	62	349	7325826
2892	17575	776	62	349	7325836
2924	17575	783	63	348	7325846
2961	17575	802	63	348	7325856
3005	17575	822	63	348	7325866
3058	17575	829	63	348	7325876
3113	17575	829	63	348	7325886
3171	17565	830	63	348	7325896
3231	17555	831	63	348	7325906
3289	17543	827	63	348	7325916
3347	17527	824	63	348	7325926
3403	17508	821	63	348	7325936
3453	17488	820	63	348	7325946
3497	17467	818	63	348	7325956
3533	17444	818	64	347	7325966
3560	17421	821	64	347	7325976
3579	17395	823	65	347	7325986
3588	17366	824	65	347	7325996
3588	17333	829	65	347	7326006
3588	17297	829	65	347	7326016
3571	17261	839	65	347	7326026
3555	17222	836	65	347	7326036
3535	17186	847	66	349	7326046
3508	17151	852	66	349	7326056
3477	17118	852	66	349	7326066
3440	17087	862	66	349	7326076
3399	17057	865	66	349	7326086
3357	17029	866	66	351	7326096
3310	17004	873	66	351	7326106
3260	16981	867	66	351	7326116
3208	16961	874	66	351	7326126
3152	16946	868	66	351	7326136
3096	16934	880	66	353	7326146
3040	16922	881	66	353	7326156
2985	16912	884	66	353	7326166
2934	16901	889	66	353	7326176
2888	16893	898	66	353	7326186
2850	16886	895	66	353	7326196
2817	16886	892	66	353	7326206
2790	16879	884	66	353	7326216
2770	16879	864	66	353	7326226
2756	16872	799	66	353	7326236
2748	16872	324	66	353	7326266
15
2260	17353	509	63	352	7326542
2260	17346	661	64.5	349.5	7326562
2260	17336	802	65.3333	347.667	7326592
2271	17336	865	65	347	7326602
2296	17336	882	65	347	7326612
2340	17348	896	65	347	7326622
2405	17360	905	65	345	7326632
2486	17374	911	65	345	7326642
2572	17391	910	65	345	7326652
2659	17407	905	65	345	7326662
2740	17422	881	65	345	7326672
2809	17431	820	65	345	7326682
2865	17431	708	65	345	7326692
2903	17431	500	65	345	7326702
2923	17417	28	65	345	7326722
11
2414	17124	590	62	356	7326870
2403	17104	777	62	356	7326910
2416	17104	888	63	356	7326920
2440	17104	911	63	356	7326930
2477	17122	930	64	356	7326940
2528	17134	938	64	354	7326950
2588	17146	940	64	354	7326960
2650	17157	933	64	354	7326970
2710	17166	898	64	354	7326980
2762	17172	795	64	352	7326990
2806	17172	214	64	353	7327010
17
3647	17297	542	61	358	7327346
3617	17291	629	61	358	7327356
3604	17291	708	62	356	7327366
3595	17291	799	62.3333	355.333	7327396
3611	17291	862	63	354	7327406
3633	17291	905	64	354	7327416
3669	17291	933	64	354	7327426
3720	17305	958	64	354	7327436
3788	17314	984	64	352	7327446
3869	17322	1004	65	351	7327456
3955	17332	1013	65	351	7327466
4043	17332	1013	66	349	7327476
4125	17338	1002	66	349	7327486
4197	17338	981	66	349	7327496
4260	17328	922	66	349	7327506
4306	17321	825	66	349	7327516
4339	17313	306	67	348	7327536
21
2857	16326	271	60	357	7327998
2891	16351	388	60	357	7328008
2899	16361	514	60	358	7328018
2908	16368	651	60	357.667	7328048
2924	16368	752	61	356	7328058
2934	16368	802	61	355	7328068
2947	16352	829	62	354	7328078
2962	16331	868	62	354	7328088
2979	16295	894	62	353	7328098
2994	16242	912	62	353	7328108
3005	16173	921	62	353	7328118
3005	16100	925	62	353	7328128
3005	16024	926	62	353	7328138
2986	15955	918	62	353	7328148
2966	15893	913	63	354	7328158
2942	15837	888	63	354	7328168
2916	15792	855	64	354	7328178
2892	15757	797	64	356	7328188
2870	15738	695	64	356	7328198
2852	15738	491	64	356	7328208
2841	15738	30	64	358	7328228
45
3001	16299	261	62	356	7328514
3001	16308	372	62	356	7328524
2994	16308	470	62	354	7328534
2979	16308	556	62	354	7328544
2979	16316	657	62	353.667	7328574
2989	16316	739	62	353	7328584
3001	16316	763	62	353	7328594
3019	16316	789	62	353	7328604
3045	16322	804	63	350	7328614
3080	16322	814	63	350	7328624
3122	16322	824	64	350	7328634
3171	16322	837	64	350	7328644
3224	16314	839	64	350	7328654
3275	16305	846	64	350	7328664
3329	16295	850	64	350	7328674
3380	16280	851	64	350	7328684
3428	16265	852	64	350	7328694
3475	16245	855	64	350	7328704
3516	16222	855	64	350	7328714
3553	16193	859	64	350	7328724
3581	16163	863	64	350	7328734
3602	16132	870	64	350	7328744
3617	16098	881	64	350	7328754
3625	16070	885	64	350	7328764
3625	16033	891	64	352	7328774
3625	15995	897	64	352	7328784
3604	15957	898	64	352	7328794
3578	15913	901	64	352	7328804
3541	15869	902	64	354	7328814
3498	15827	904	64	354	7328824
3450	15785	911	64	354	7328834
3401	15747	918	64	356	7328844
3353	15717	919	64	356	7328854
3308	15693	921	64	356	7328864
3267	15677	912	64	356	7328874
3227	15668	912	64	358	7328884
3191	15668	905	64	358	7328894
3153	15668	892	64	358	7328904
3114	15668	894	64	358	7328914
3074	15668	891	64	0	7328924
3033	15675	884	65	0	7328934
3000	15675	871	65	0	7328944
2978	15675	812	66	0	7328954
2968	15675	637	66	0	7328964
2968	15684	109	66	0	7328984
15
2429	16054	556	60	348	7329250
2438	16062	737	61.6667	348.333	7329280
2430	16062	861	63.5	349	7329300
2441	16062	885	64	350	7329310
2460	16062	917	64	350	7329320
2496	16075	934	64	350	7329330
2550	16085	941	64	352	7329340
2621	16097	946	64	352	7329350
2700	16113	944	64	352	7329360
2779	16130	935	64	352	7329370
2855	16148	910	64	352	7329380
2920	16161	865	64	352	7329390
2969	16167	778	64	352	7329400
2998	16167	649	65	351	7329410
3004	16143	181	65.5	353.5	7329430
13
2563	15881	521	62	353	7329566
2531	15874	682	62	353	7329576
2520	15865	782	62	353.5	7329596
2512	15865	850	62	354	7329606
2522	15865	887	62	354	7329616
2543	15865	909	62	354	7329626
2577	15877	927	62	354	7329636
2622	15886	931	63	354	7329646
2674	15897	931	63	356	7329656
2735	15912	918	64	356	7329666
2801	15927	877	64	356	7329676
2868	15943	766	64	356	7329686
2932	15955	219	64	356	7329706
20
3739	16065	561	59	346	7330002
3705	16058	633	60	348	7330012
3690	16048	722	60	348	7330022
3678	16048	802	62	349	7330032
3670	16048	872	62	351	7330082
3680	16048	915	62	353	7330092
3699	16041	928	63	352	7330102
3732	16041	958	63	354	7330112
3781	16041	975	64	354	7330122
3851	16041	991	64	354	7330132
3935	16041	1001	64	354	7330142
4027	16058	1015	64	354	7330152
4117	16069	1020	64	354	7330162
4195	16084	1021	65	354	7330172
4259	16096	1014	65	354	7330182
4307	16106	998	66	353	7330192
4344	16106	953	66	353	7330202
4365	16115	888	66	353	7330212
4377	16115	705	66	353	7330222
4377	16107	20	66	353	7330242
28
2990	15087	274	61	343	7330798
2980	15109	367	61	343	7330808
2970	15118	460	61	343	7330818
2959	15127	541	61	343	7330828
2939	15133	571	61	343	7330838
2939	15141	598	61	343	7330848
2939	15149	646	61	345	7330858
2939	15158	679	61	345	7330868
2953	15164	733	61	345	7330878
2963	15164	769	61	345	7330888
2974	15172	789	61	345	7330898
2988	15172	821	61	345	7330908
3005	15158	834	61	345	7330918
3027	15134	855	61	345	7330928
3052	15095	869	61	347	7330938
3075	15041	885	61	347	7330948
3094	14974	899	61	347	7330958
3105	14903	918	61	347	7330968
3105	14830	932	62	349	7330978
3093	14757	939	62	349	7330988
3075	14691	941	62	349	7330998
3054	14633	940	62	351	7331008
3032	14589	935	62	351	7331018
3014	14560	910	62	351	7331028
3000	14542	868	63	352	7331038
2988	14535	764	63	352	7331048
2981	14535	589	64	354	7331058
2981	14552	72	64	354	7331078
46
3045	15159	234	61	342	7331302
3038	15167	434	61	342	7331322
3038	15174	590	61	342	7331332
3031	15174	661	61	342	7331342
3031	15182	731	61	342.5	7331362
3043	15189	776	61	343	7331372
3053	15189	802	61	343	7331382
3071	15189	827	61	343	7331392
3097	15198	836	61	343	7331402
3133	15205	849	61	343	7331412
3176	15205	855	61	343	7331422
3225	15215	861	62	345	7331432
3275	15215	870	62	345	7331442
3325	15215	880	63	344	7331452
3375	15201	889	63	344	7331462
3423	15183	896	63	344	7331472
3472	15159	903	63	344	7331482
3522	15132	906	63	344	7331492
3567	15103	913	63	344	7331502
3605	15072	914	63	344	7331512
3634	15041	917	63	344	7331522
3656	15004	926	63	344	7331532
3673	14964	928	63	344	7331542
3685	14924	932	63	346	7331552
3693	14883	942	63	346	7331562
3693	14846	948	63	346	7331572
3693	14811	951	63	346	7331582
3693	14779	963	63	348	7331592
3693	14750	973	63	348	7331602
3675	14720	975	63	348	7331612
3657	14694	972	63	348	7331622
3631	14667	971	64	350	7331632
3595	14641	974	64	350	7331642
3549	14617	973	64	350	7331652
3493	14594	969	64	350	7331662
3430	14570	976	64	352	7331672
3363	14551	973	64	352	7331682
3297	14534	973	65	351	7331692
3236	14519	976	65	351	7331702
3186	14509	977	66	351	7331712
3146	14501	976	66	351	7331722
3118	14501	973	66	351	7331732
3101	14494	961	66	351	7331742
3090	14494	902	66	351	7331772
3090	14502	708	66	351	7331792
3090	14517	56	66	351	7331812
18
2415	14847	457	60	346	7332074
2406	14838	592	60.5	346.5	7332094
2398	14838	734	61.5	346.5	7332114
2406	14838	825	62	346	7332124
2423	14838	855	63	346	7332134
2456	14845	890	63	346	7332144
2503	14852	905	63	346	7332154
2559	14864	926	63	346	7332164
2625	14877	932	63	348	7332174
2696	14893	935	63	348	7332184
2770	14909	935	63	348	7332194
2848	14925	926	63	348	7332204
2926	14940	901	63	348	7332214
3000	14953	852	63	348	7332224
3060	14962	749	63	348	7332234
3104	14962	612	63	348	7332244
3124	14962	392	63	348	7332254
3124	14941	12	63	348	7332274
13
2657	14638	580	62	353	7332402
2646	14617	718	62	353	7332412
2646	14609	802	62	353	7332422
2636	14609	868	62	353	7332432
2636	14603	906	62	353	7332452
2652	14603	931	62	353	7332462
2682	14613	939	63	350	7332472
2728	14626	941	63	350	7332482
2790	14643	927	64	350	7332492
2861	14660	896	64	350	7332502
2933	14678	817	64	350	7332512
3003	14689	608	64	350	7332522
3060	14689	4	65	350	7332542
15
3718	14832	556	58	348	7332890
3708	14841	741	58.5	348	7332910
3694	14850	871	59.6667	349.333	7332940
3705	14850	905	60	350	7332950
3725	14850	933	61	349	7332960
3762	14850	940	61	349	7332970
3812	14850	951	62	349	7332980
3876	14857	959	62	351	7332990
3945	14857	957	62	351	7333000
4016	14866	957	62	351	7333010
4080	14866	948	63	350	7333020
4132	14866	921	63	350	7333030
4173	14866	861	64	350	7333040
4202	14858	718	64	350	7333050
4223	14851	114	64	350	7333070
24
3073	13973	185	63	348	7333614
3065	13989	299	63	348	7333624
3065	13995	389	63	348	7333634
3049	13995	488	63	348	7333644
3049	14004	547	63	348	7333654
3056	14010	591	63	348	7333664
3063	14017	638	63	348	7333674
3072	14017	682	63	348	7333684
3081	14024	736	63	348	7333694
3089	14024	787	63	348	7333704
3098	14012	837	63	348	7333714
3109	13992	861	63	348	7333724
3120	13962	874	64	350	7333734
3130	13913	896	64	350	7333744
3130	13853	903	64	350	7333754
3130	13782	907	64	350	7333764
3130	13702	908	64	350	7333774
3111	13623	906	64	352	7333784
3089	13549	901	64	352	7333794
3064	13486	880	64	352	7333804
3042	13440	862	64	354	7333814
3023	13412	777	64	354	7333824
3010	13401	663	64	354	7333834
3003	13407	212	64	356	7333854
39
3137	14038	265	63	346	7334218
3150	14038	380	63	346	7334228
3150	14046	548	63	346	7334248
3141	14046	680	63	346	7334268
3152	14046	726	63	346	7334278
3164	14046	753	63	346	7334288
3178	14039	762	63	346	7334298
3199	14039	783	63	346	7334308
3228	14026	788	63	346	7334318
3266	14017	792	63	346	7334328
3311	14007	801	63	346	7334338
3363	13995	800	63	346	7334348
3421	13981	806	63	348	7334358
3484	13967	808	63	348	7334368
3546	13950	812	63	348	7334378
3603	13930	814	63	348	7334388
3649	13906	814	63	348	7334398
3684	13879	817	63	348	7334408
3712	13844	819	63	348	7334418
3729	13806	825	63	348	7334428
3736	13759	823	64	350	7334438
3736	13707	824	64	350	7334448
3715	13653	827	65	349	7334458
3688	13598	830	65	349	7334468
3651	13545	838	66	349	7334478
3607	13493	845	66	351	7334488
3558	13449	847	66	351	7334498
3504	13412	851	66	351	7334508
3447	13380	848	66	351	7334518
3385	13353	849	66	353	7334528
3320	13332	852	66	353	7334538
3256	13311	859	66	353	7334548
3195	13296	855	66	353	7334558
3140	13287	866	66	356	7334568
3094	13287	867	66	356	7334578
3059	13287	870	66	356	7334588
3034	13287	861	66	356	7334598
3021	13287	840	66	356	7334608
3015	13287	434	66	356.5	7334648
14
3863	13707	142	64	354	7334962
3861	13707	671	64	354	7334982
3861	13701	786	65	354	7334992
3852	13701	842	65	354	7335002
3852	13694	873	66	353	7335022
3861	13694	904	66	353	7335032
3874	13694	918	66	353	7335042
3900	13694	932	66	353	7335052
3937	13694	935	67	353	7335062
3987	13694	932	67	353	7335072
4046	13706	914	68	350	7335082
4106	13712	862	68	353	7335092
4159	13722	700	68	353	7335102
4196	13722	59	68	353	7335122
15
2676	13827	299	61	351	7335566
2676	13835	595	62	351	7335596
2670	13835	805	62	351	7335646
2679	13835	868	62	351	7335656
2695	13835	889	63	350	7335666
2723	13842	899	63	350	7335676
2761	13842	909	64	350	7335686
2812	13842	912	64	350	7335696
2869	13851	905	64	350	7335706
2928	13851	877	64	350	7335716
2982	13857	844	64	350	7335726
3028	13857	787	64	350	7335736
3065	13845	679	64	350	7335746
3093	13834	477	64	350	7335756
3114	13821	22	64	351	7335776
10
2690	13568	651	60	357	7335914
2690	13560	800	60	357	7335934
2690	13554	854	60	357	7335954
2699	13554	881	60	357	7335964
2723	13554	884	60	357	7335974
2759	13563	883	60	357	7335984
2805	13571	868	60	357	7335994
2860	13578	820	61	356	7336004
2917	13585	668	61	356	7336014
2972	13585	58	62	356	7336034
21
3082	12853	242	62	353	7336634
3082	12864	395	62	353	7336654
3082	12871	584	63	352	7336674
3092	12879	693	64	352	7336684
3103	12879	742	64	352	7336694
3115	12887	771	64	352	7336704
3129	12887	803	64	352	7336714
3143	12887	833	64	352	7336724
3159	12887	855	64	352	7336734
3175	12874	871	64	352	7336744
3195	12849	888	64	354	7336754
3215	12813	899	64	354	7336764
3234	12763	906	64	354	7336774
3250	12702	914	64	354	7336784
3256	12642	921	64	354	7336794
3256	12576	921	64	356	7336804
3256	12512	924	64	356	7336814
3240	12456	916	64	356	7336824
3230	12408	909	64	358	7336834
3220	12379	887	64	358	7336844
3213	12365	518	64	179	7336884
44
3148	12891	255	64	354	7337110
3154	12891	405	64	354	7337120
3145	12891	594	64	353	7337140
3126	12891	717	64	352	7337170
3134	12891	769	64	352	7337180
3143	12891	804	64	352	7337190
3158	12891	813	64	352	7337200
3178	12891	819	64	352	7337210
3203	12899	834	64	352	7337220
3233	12899	842	64	352	7337230
3270	12908	847	64	352	7337240
3310	12908	850	64	352	7337250
3354	12917	852	64	352	7337260
3404	12917	858	64	352	7337270
3456	12925	860	64	352	7337280
3513	12925	859	64	352	7337290
3570	12925	862	64	350	7337300
3620	12911	867	64	350	7337310
3664	12898	869	64	350	7337320
3704	12883	874	64	350	7337330
3739	12865	874	64	350	7337340
3768	12846	875	64	350	7337350
3792	12823	888	64	350	7337360
3806	12801	897	65	349	7337370
3806	12773	903	65	351	7337380
3806	12740	926	66	351	7337390
3799	12702	940	66	351	7337400
3782	12661	943	66	351	7337410
3758	12619	954	66	351	7337420
3729	12578	950	66	353	7337430
3697	12542	961	66	353	7337440
3663	12507	962	66	353	7337450
3628	12481	965	66	353	7337460
3589	12457	959	66	356	7337470
3548	12436	966	67	355	7337480
3505	12417	960	67	355	7337490
3463	12402	967	68	355	7337500
3423	12389	965	68	355	7337510
3389	12381	971	68	358	7337520
3359	12381	970	68	358	7337530
3333	12371	970	68	358	7337540
3314	12371	968	68	358	7337550
3301	12371	948	68	358	7337560
3295	12371	554	68	358	7337600
13
2727	12649	636	61.6	357.2	7337862
2744	12649	832	62	356	7337872
2767	12656	874	62	356	7337882
2800	12656	892	63	356	7337892
2842	12666	905	63	356	7337902
2892	12675	907	64	356	7337912
2943	12686	903	64	354	7337922
2994	12696	892	64	354	7337932
3044	12702	870	64	354	7337942
3090	12702	840	64	354	7337952
3126	12712	772	64	354	7337962
3151	12712	683	64	354	7337972
3160	12712	164	64	355	7337992
12
2873	12483	606	63	358	7338102
2843	12460	731	62	0	7338112
2831	12452	822	63	0	7338122
2821	12452	877	63	0	7338132
2821	12445	905	64	0	7338152
2833	12445	933	64	0	7338162
2860	12455	938	64	0	7338172
2901	12466	938	64	0	7338182
2959	12481	933	64	0	7338192
3023	12496	895	64	358	7338202
3089	12508	809	64	358	7338212
3150	12516	295	64	358	7338232
16
3846	12758	560	62.2	354.8	7338598
3854	12758	851	63	356	7338608
3862	12758	905	64	356	7338618
3872	12758	954	64	356	7338628
3885	12758	989	64	356	7338638
3900	12758	1007	64	354	7338648
3920	12758	1023	64	354	7338658
3947	12758	1023	64	354	7338668
3985	12758	1023	64	354	7338678
4032	12758	1023	65	354	7338688
4084	12758	1023	65	354	7338698
4139	12758	1020	66	353	7338708
4190	12758	969	66	353	7338718
4235	12765	877	66	353	7338728
4271	12765	656	66	353	7338738
4295	12758	18	66	353	7338758
25
3255	11897	197	64	354	7339290
3233	11910	266	64	354	7339300
3225	11918	341	64	354	7339310
3225	11924	415	64	354	7339320
3225	11933	478	64	354	7339330
3225	11941	545	64	354	7339340
3235	11949	621	64	354	7339350
3246	11956	695	64	354	7339360
3259	11956	757	64	354	7339370
3271	11956	814	64	354	7339380
3285	11956	865	64	354	7339390
3297	11946	881	64	354	7339400
3306	11931	901	64	354	7339410
3318	11901	920	64	354	7339420
3327	11859	924	64	354	7339430
3333	11798	928	64	354	7339440
3333	11728	934	64	354	7339450
3326	11656	946	64	354	7339460
3315	11583	942	64	356	7339470
3297	11520	941	64	356	7339480
3281	11465	926	64	356	7339490
3267	11427	888	64	358	7339500
3253	11404	777	64	358	7339510
3242	11397	527	64	358	7339520
3232	11408	0	64	179	7339540
45
3321	11973	252	64	354	7339786
3303	11963	404	64	354	7339796
3297	11963	518	64	354	7339806
3290	11963	610	64	354	7339816
3290	11956	701	64	354	7339856
3298	11956	756	64	354	7339866
3307	11956	769	64	354	7339876
3321	11956	810	64	354	7339886
3340	11964	823	64	354	7339896
3366	11964	840	64	354	7339906
3396	11971	845	64	354	7339916
3432	11971	855	64	354	7339926
3470	11971	859	64	354	7339936
3510	11971	862	64	354	7339946
3552	11971	869	65	351	7339956
3592	11965	880	65	351	7339966
3631	11953	882	66	351	7339976
3666	11939	888	66	351	7339986
3696	11922	891	66	351	7339996
3722	11902	895	66	351	7340006
3747	11877	897	66	351	7340016
3768	11848	902	66	351	7340026
3788	11816	916	66	351	7340036
3802	11779	918	66	351	7340046
3802	11742	929	66	351	7340056
3802	11703	938	66	351	7340066
3802	11662	948	66	353	7340076
3783	11622	948	67	353	7340086
3760	11581	954	67	353	7340096
3729	11540	962	68	353	7340106
3694	11503	964	68	355	7340116
3658	11468	960	68	355	7340126
3620	11438	971	68	355	7340136
3582	11415	969	68	355	7340146
3542	11399	969	68	358	7340156
3503	11389	968	68	358	7340166
3464	11382	958	68	358	7340176
3423	11376	962	68	358	7340186
3383	11369	959	68	358	7340196
3342	11363	961	68	358	7340206
3304	11356	960	68	358	7340216
3273	11350	961	68	0	7340226
3253	11350	955	68	0	7340236
3240	11339	862	68	0	7340266
3250	11349	259	67	0	7340286
17
2895	11718	322	62	356	7340542
2881	11718	481	62	356	7340552
2875	11718	589	62	354	7340562
2868	11718	746	62.3333	354	7340592
2868	11726	832	63	354	7340602
2877	11726	865	64	354	7340612
2897	11726	894	64	354	7340622
2925	11738	910	64	354	7340632
2966	11744	925	64	354	7340642
3015	11755	927	64	354	7340652
3068	11766	930	64	354	7340662
3125	11776	925	64	354	7340672
3180	11786	898	64	354	7340682
3228	11786	854	64	354	7340692
3266	11786	755	64	354	7340702
3292	11786	637	64	354	7340712
3305	11778	203	64	354	7340732
17
2980	11566	397	64	356	7340838
2965	11554	545	64	356	7340848
2955	11547	668	64	356	7340858
2946	11540	763	64	356	7340868
2931	11540	810	64	356	7340878
2931	11532	852	64	356	7340888
2940	11532	877	64	356	7340898
2955	11532	899	64	356	7340908
2980	11532	927	64	356	7340918
3015	11532	938	64	356	7340928
3055	11547	938	64	356	7340938
3100	11556	938	64	356	7340948
3145	11568	925	64	356	7340958
3190	11580	884	64	356	7340968
3234	11591	799	64	356	7340978
3274	11599	603	64	356	7340988
3309	11599	6	64	356	7341008
16
3886	11712	236	64	358	7341266
3850	11693	398	65	358	7341276
3836	11693	493	65	358	7341286
3825	11693	600	66	358	7341296
3818	11693	749	66	358	7341336
3839	11693	868	66	358	7341346
3863	11702	904	66	358	7341356
3900	11702	929	66	358	7341366
3944	11709	934	66	358	7341376
3992	11709	941	66	358	7341386
4045	11719	940	66	358	7341396
4095	11726	932	66	358	7341406
4146	11733	903	67	358	7341416
4192	11742	822	67	358	7341426
4230	11742	645	68	358	7341436
4260	11750	33	68	358	7341456
26
3207	10952	38	64	352	7344758
3213	10969	113	64	352	7344768
3213	10977	218	64	352	7344778
3213	10985	310	64	352	7344788
3220	10994	384	64	352	7344798
3220	11002	508	64	352	7344818
3220	11010	597	64	352	7344828
3227	11010	661	64	352	7344848
3239	11010	705	64	352	7344858
3247	11010	743	64	352	7344868
3256	10999	779	64	352	7344878
3268	10988	803	64	352	7344888
3278	10966	819	64	352	7344898
3288	10937	836	64	352	7344908
3297	10897	848	64	352	7344918
3305	10845	854	64	354	7344928
3305	10790	861	64	354	7344938
3305	10724	869	64	354	7344948
3305	10661	868	64	354	7344958
3293	10600	864	64	354	7344968
3280	10548	857	64	354	7344978
3268	10509	836	64	356	7344988
3256	10483	797	64	356	7344998
3248	10469	720	64	356	7345008
3241	10469	536	64	357	7345028
3241	10483	32	64	358	7345048
48
3318	10953	316	64	350	7345274
3298	10945	403	64	350	7345284
3288	10945	479	64	350	7345294
3280	10945	521	64	350	7345304
3280	10953	538	64	350	7345314
3280	10962	551	64	350	7345324
3280	10972	574	64	350	7345334
3280	10980	633	64	350	7345354
3287	10988	689	64	350	7345364
3298	10988	720	64	350	7345374
3312	10988	746	64	350	7345384
3332	10988	755	64	350	7345394
3358	10995	763	64	350	7345404
3390	10995	776	64	350	7345414
3426	10995	785	64	350	7345424
3465	10995	794	64	350	7345434
3503	10995	799	64	350	7345444
3540	10995	802	64	350	7345454
3577	10984	803	64	350	7345464
3614	10975	806	64	350	7345474
3648	10965	810	65	349	7345484
3680	10951	817	65	349	7345494
3707	10935	831	66	349	7345504
3730	10915	838	66	349	7345514
3748	10892	844	66	349	7345524
3764	10868	848	66	349	7345534
3776	10844	851	66	349	7345544
3787	10821	850	66	349	7345554
3796	10798	852	66	349	7345564
3803	10777	858	66	349	7345574
3803	10754	865	66	349	7345584
3803	10727	873	66	349	7345594
3792	10697	877	66	351	7345604
3773	10666	881	66	351	7345614
3749	10634	889	66	351	7345624
3718	10607	895	67	351	7345634
3683	10582	894	67	351	7345644
3642	10558	896	68	350	7345654
3593	10534	895	68	353	7345664
3537	10511	894	68	353	7345674
3477	10490	899	68	353	7345684
3418	10475	899	68	353	7345694
3366	10463	902	68	353	7345704
3327	10456	906	68	353	7345714
3303	10456	902	68	353	7345724
3292	10456	813	67	353	7345764
3300	10473	520	66	353	7345774
3310	10487	9	66	354.5	7345794
19
2895	10725	352	62	354	7346058
2895	10735	457	62	354	7346068
2886	10735	582	62	354	7346078
2878	10742	682	62	354	7346088
2864	10742	756	62	354	7346108
2864	10749	806	62	354	7346118
2870	10749	843	62	354	7346128
2883	10749	872	62	354	7346138
2907	10757	892	62	354	7346148
2944	10757	908	63	354	7346158
2992	10769	914	63	354	7346168
3045	10780	915	64	354	7346178
3102	10788	910	64	354	7346188
3150	10799	898	64	354	7346198
3194	10799	863	64	354	7346208
3225	10799	814	64	354	7346218
3245	10799	712	64	354	7346228
3255	10783	507	64	354	7346238
3255	10764	41	64	354	7346258
14
2898	10531	520	62	358	7346394
2883	10531	674	62	358	7346414
2877	10531	794	62	358	7346434
2888	10531	840	62	358	7346444
2902	10542	860	62	358	7346454
2923	10548	882	62	358	7346464
2955	10556	897	62	358	7346474
2992	10562	905	62	358	7346484
3036	10562	910	62	356	7346494
3080	10573	907	62	356	7346504
3121	10573	888	63	356	7346514
3160	10579	822	63	356	7346524
3194	10579	674	64	356	7346534
3226	10579	54	64	355	7346554
6
3885	10732	218	66	353	7346982
3867	10732	263	66	353	7346992
3859	10723	267	66	353	7347002
3853	10723	270	66	353	7347022
3846	10723	247	66	355	7347052
3838	10717	57	66	356	7347072
15
3844	10772	189	66	353	7347566
3844	10780	486	66	353	7347596
3838	10780	707	66	353	7347616
3829	10780	818	66	353	7347656
3837	10780	889	66	353	7347666
3848	10780	913	66	353	7347676
3867	10780	929	66	353	7347686
3897	10780	941	66	353	7347696
3940	10780	948	67	353	7347706
3994	10780	945	67	353	7347716
4055	10780	940	68	353	7347726
4116	10780	925	68	353	7347736
4171	10788	874	68	353	7347746
4216	10796	744	68	353	7347756
4251	10796	159	68	353	7347776
24
3244	10053	119	64	352	7348430
3238	10073	234	64	352	7348440
3238	10080	343	64	352	7348450
3231	10080	416	64	352	7348460
3231	10091	483	64	352	7348480
3231	10098	579	64	352	7348490
3245	10098	654	64	352	7348500
3255	10098	695	64	354	7348510
3266	10098	735	64	354	7348520
3277	10098	762	64	354	7348530
3288	10088	792	64	354	7348540
3301	10068	804	64	354	7348550
3313	10038	818	64	354	7348560
3322	9996	825	64	354	7348570
3329	9942	830	64	354	7348580
3329	9878	835	64	354	7348590
3329	9812	839	64	354	7348600
3312	9748	844	64	356	7348610
3295	9694	847	64	356	7348620
3279	9650	847	64	356	7348630
3264	9619	841	64	356	7348640
3253	9598	822	64	356	7348650
3244	9585	640	64	357.333	7348680
3244	9597	22	64	358	7348700
42
3315	10070	316	64	350	7348934
3308	10070	422	64	350	7348944
3308	10078	504	64	352	7348954
3300	10078	587	64	352	7348964
3300	10085	668	64	352	7348994
3309	10092	720	64	352	7349004
3324	10092	742	64	352	7349014
3345	10100	750	64	352	7349024
3373	10100	758	64	352	7349034
3405	10110	770	64	352	7349044
3445	10110	780	64	352	7349054
3491	10117	785	64	352	7349064
3539	10117	795	65	351	7349074
3590	10109	804	65	351	7349084
3638	10100	803	66	351	7349094
3682	10087	808	66	351	7349104
3721	10068	808	66	351	7349114
3754	10046	811	66	351	7349124
3783	10018	814	66	351	7349134
3805	9986	823	66	351	7349144
3820	9954	838	66	351	7349154
3828	9921	847	66	351	7349164
3828	9888	858	66	351	7349174
3828	9856	868	66	351	7349184
3822	9823	871	66	351	7349194
3814	9793	879	66	351	7349204
3805	9763	885	66	351	7349214
3792	9735	880	66	353	7349224
3774	9708	884	66	353	7349234
3750	9682	887	66	353	7349244
3720	9657	884	66	353	7349254
3680	9632	884	66	356	7349264
3631	9611	883	66	356	7349274
3571	9590	883	66	356	7349284
3503	9570	884	67	355	7349294
3433	9553	888	67	355	7349304
3368	9538	888	68	358	7349314
3314	9527	888	68	358	7349324
3270	9527	885	68	358	7349334
3240	9527	859	68	358	7349344
3224	9527	735	67.5	358	7349364
3224	9543	150	66.5	358	7349384
17
2979	9859	329	62	354	7349650
2971	9868	541	62	354	7349660
2965	9868	633	63	354	7349680
2954	9868	762	64	354	7349700
2963	9875	818	64	354	7349710
2978	9875	845	64	354	7349720
3003	9883	862	64	354	7349730
3038	9883	883	64	354	7349740
3081	9895	891	64	354	7349750
3130	9902	894	64	354	7349760
3179	9912	890	64	354	7349770
3226	9921	877	64	354	7349780
3268	9928	846	64	354	7349790
3302	9928	766	64	354	7349800
3329	9928	661	65	354	7349810
3345	9928	505	65	354	7349820
3345	9907	69	66	353	7349840
11
3004	9688	221	64	356	7349926
2979	9688	568	64	356	7349936
2970	9688	705	64	356	7349956
2954	9688	832	64	357	7349976
2969	9688	888	64	358	7349986
2987	9688	896	64	358	7349996
3017	9688	901	64	358	7350006
3060	9697	897	64	358	7350016
3112	9704	852	64	358	7350026
3173	9715	740	64	356	7350036
3235	9728	222	64	356	7350056
17
3862	9846	157	62	354	7350491
3855	9846	486	62	354	7350501
3849	9846	565	63	354	7350511
3849	9854	669	63	354	7350520
3837	9854	809	64	354	7350560
3854	9854	906	64	354	7350570
3873	9854	926	64	354	7350580
3903	9854	944	64	354	7350590
3947	9854	976	64	354	7350600
4000	9854	988	65	354	7350610
4064	9864	991	65	354	7350620
4133	9864	991	66	353	7350630
4199	9877	985	66	353	7350640
4256	9877	954	66	353	7350650
4298	9884	865	66	353	7350660
4324	9884	616	66	353	7350670
4336	9884	31	66	353	7350690
