76
15
4245	7868	343	64	0	7580890
4245	7887	436	64	0	7580900
4238	7897	538	64	0	7580910
4238	7905	625	64	0	7580920
4231	7912	731	64	0	7580950
4231	7918	857	64	0	7580970
4231	7906	920	63	0	7580980
4231	7873	952	63	0	7580990
4231	7824	970	63	0	7581000
4231	7749	974	63	0	7581010
4223	7660	965	64	0	7581020
4214	7577	943	64	0	7581030
4214	7498	882	64	0	7581040
4205	7440	762	64	0	7581050
4205	7407	245	64	1	7581070
19
4284	7872	436	64	0	7581310
4269	7882	498	64	0	7581320
4259	7893	623	64	0	7581330
4247	7893	739	64	0	7581340
4240	7902	857	63.8333	0	7581400
4247	7902	976	63	0	7581410
4260	7893	999	62	358	7581420
4278	7883	1023	63	358	7581430
4307	7858	1023	63	358	7581440
4344	7832	1023	64	0	7581450
4385	7802	1023	64	0	7581460
4432	7769	1023	64	0	7581470
4478	7747	1023	64	0	7581480
4520	7724	1023	65	0	7581490
4555	7701	1015	65	0	7581500
4582	7683	973	66	0	7581510
4602	7663	899	66	0	7581520
4615	7642	765	66	0	7581530
4621	7624	234	66.5	0	7581550
15
4184	7403	535	64	1	7581804
4175	7403	840	64	0	7581824
4175	7409	919	64	1	7581844
4186	7417	965	64	2	7581854
4207	7430	987	64	2	7581864
4239	7453	998	65	4	7581874
4285	7481	1006	65	4	7581884
4341	7513	1011	66	4	7581894
4405	7546	1010	66	4	7581904
4470	7575	1001	66	4	7581914
4530	7601	964	66	2	7581924
4579	7619	875	66	2	7581934
4615	7631	728	66	2	7581944
4638	7631	476	66	2	7581954
4650	7631	2	66	2	7581974
30
4659	7713	606	66	2	7582190
4659	7729	717	66	2	7582200
4643	7729	834	66	2	7582210
4631	7729	907	66	2	7582220
4621	7729	969	66.5	2	7582240
4612	7729	994	67	2	7582250
4612	7718	996	68	2	7582260
4612	7694	1015	68	2	7582270
4605	7663	1018	68	2	7582280
4605	7622	1023	68	2	7582290
4615	7578	1023	68	2	7582300
4627	7545	1023	68	2	7582310
4650	7517	1023	68	2	7582320
4680	7498	1020	68	2	7582330
4713	7498	1012	68	2	7582340
4751	7498	1000	68	2	7582350
4785	7517	984	68	2	7582360
4814	7554	978	68	2	7582370
4836	7601	975	68	2	7582380
4848	7654	980	68	2	7582390
4848	7696	1000	68	2	7582400
4848	7724	1023	68	2	7582410
4826	7737	1023	68	2	7582420
4799	7737	1023	68	2	7582430
4763	7723	1023	68	2	7582440
4721	7703	1023	68	2	7582450
4677	7675	1023	68	2	7582460
4640	7645	1011	68	2	7582470
4615	7623	867	68	2	7582480
4604	7613	226	68	2	7582500
19
5950	8353	389	65	345	7584154
5950	8390	497	65	345	7584164
5950	8403	608	65	345	7584174
5950	8410	674	65	345	7584184
5940	8410	781	65.3333	344.667	7584214
5940	8388	880	66	344	7584224
5947	8348	919	67	345	7584234
5947	8289	948	67	345	7584244
5940	8206	966	67	345	7584254
5928	8116	980	68	348	7584264
5912	8026	989	68	348	7584274
5893	7933	993	68	348	7584284
5874	7851	987	68	350	7584294
5859	7786	962	68	350	7584304
5850	7739	912	68	353	7584314
5850	7716	816	68	353	7584324
5850	7709	707	68	353	7584334
5850	7718	513	68	355	7584344
5850	7738	20	68	356.5	7584364
51
5969	8369	141	67	345	7584670
5958	8377	341	67	345	7584680
5947	8387	483	67	345	7584700
5940	8398	644	68	348	7584730
5940	8407	727	68	348	7584750
5949	8407	768	68	348	7584760
5958	8407	804	68	348	7584770
5973	8415	829	68	348	7584780
5996	8415	857	68	348	7584790
6027	8415	868	68	348	7584800
6063	8415	888	67	345	7584810
6107	8415	896	67	345	7584820
6156	8415	904	67	345	7584830
6210	8407	907	68	342	7584840
6272	8394	907	68	342	7584850
6339	8378	908	69	344	7584860
6407	8361	910	69	344	7584870
6474	8338	909	69	344	7584880
6535	8317	907	69	344	7584890
6585	8293	908	69	344	7584900
6624	8267	910	69	344	7584910
6654	8237	911	69	344	7584920
6676	8206	914	69	344	7584930
6693	8174	918	69	344	7584940
6704	8138	921	70	343	7584950
6704	8104	924	70	343	7584960
6704	8067	934	71	342	7584970
6690	8024	950	71	342	7584980
6671	7982	955	71	345	7584990
6646	7940	957	71	345	7585000
6618	7898	964	71	345	7585010
6586	7858	984	71	345	7585020
6553	7821	986	70	346	7585030
6516	7786	996	71	349	7585040
6478	7757	992	70	349	7585050
6437	7730	1007	70	349	7585060
6395	7712	999	70	352	7585070
6353	7699	1009	70	352	7585080
6307	7690	1013	70	352	7585090
6257	7690	1016	70	355	7585100
6205	7678	1023	70	355	7585110
6148	7672	1023	70	355	7585120
6088	7672	1023	70	357	7585130
6030	7672	1023	70	357	7585140
5970	7672	1023	70	357	7585150
5913	7672	1023	70	357	7585160
5863	7672	1023	70	357	7585170
5819	7672	1023	70	357	7585180
5788	7672	1007	70	357	7585190
5770	7672	952	70	357	7585200
5762	7672	467	70	238	7585230
15
2660	8694	189	64	6	7587246
2660	8703	258	64	6	7587256
2652	8703	346	65	6	7587266
2652	8716	447	65	6	7587276
2652	8723	563	66	7	7587296
2652	8732	773	66	5.5	7587336
2652	8714	911	66	4	7587346
2652	8678	921	66	4	7587356
2652	8615	937	66	4	7587366
2652	8533	933	66	4	7587376
2640	8447	919	66	7	7587386
2640	8374	866	66	7	7587396
2640	8322	775	66	7	7587406
2640	8290	602	66	7	7587416
2640	8279	88	66	7	7587436
29
2680	8681	418	64	8	7587534
2672	8712	689	64	8	7587544
2665	8718	780	64	8	7587554
2656	8718	878	64	6	7587594
2680	8718	904	64	6	7587604
2714	8727	913	64	6	7587614
2760	8727	915	65	4	7587624
2821	8739	917	65	4	7587634
2887	8747	912	66	4	7587644
2952	8757	907	66	2	7587654
3013	8763	898	66	2	7587664
3064	8763	892	66	2	7587674
3106	8763	883	66	2	7587684
3139	8749	879	66	2	7587694
3162	8737	877	66	2	7587704
3176	8725	879	66	2	7587714
3183	8717	891	66	2	7587734
3183	8707	914	66	2	7587744
3183	8698	944	66	2	7587754
3183	8677	962	66	2	7587764
3183	8650	976	67	2	7587774
3172	8604	994	67	2	7587784
3159	8547	1003	68	2	7587794
3140	8485	1006	68	2	7587804
3121	8414	1002	68	5	7587814
3103	8357	963	68	5	7587824
3087	8308	903	68	5	7587834
3073	8275	748	68	5	7587844
3060	8257	172	68	7	7587864
12
2666	8273	672	66	2	7587970
2626	8273	764	66	2	7587980
2616	8273	925	66	0	7588010
2625	8273	1021	66	0	7588020
2649	8273	1023	66	0	7588030
2685	8281	1023	66	0	7588040
2734	8289	1023	66	0	7588050
2793	8302	1023	66	0	7588060
2861	8323	1023	66	2	7588070
2935	8343	1015	66	2	7588080
3006	8369	894	67	2	7588090
3069	8395	280	67.5	5	7588110
14
2788	8538	462	63	14	7588250
2779	8551	480	63	14	7588260
2779	8560	554	63	14	7588270
2779	8571	618	63	12	7588280
2789	8583	659	63	12	7588290
2801	8595	740	63	12	7588300
2811	8604	810	64	10	7588310
2819	8604	928	65.3333	9.66667	7588340
2806	8578	955	66	7	7588350
2787	8545	941	66	7	7588360
2761	8500	911	66	7	7588370
2736	8455	855	66	7	7588380
2716	8418	732	66	7	7588390
2705	8398	249	66	7	7588410
10
2794	8556	479	66	9	7588466
2826	8593	663	66	9	7588476
2834	8600	885	66	9	7588496
2841	8600	991	66	9	7588506
2841	8583	1018	66	9	7588516
2851	8566	1023	66	9	7588526
2851	8535	994	66	9	7588536
2860	8502	911	66	9	7588546
2860	8458	695	66	9	7588556
2860	8413	30	66	9	7588576
8
2769	8428	771	65	11	7588654
2769	8438	954	66	11	7588684
2769	8428	1020	66	11	7588704
2783	8428	1018	66	11	7588714
2805	8420	990	66	11	7588724
2838	8420	918	66	11	7588734
2880	8420	747	66	11	7588744
2923	8437	6	66	11	7588764
15
2616	7317	299	60	350	7590006
2626	7354	398	60	350	7590016
2626	7367	485	61	349	7590026
2634	7376	610	61.5	349	7590046
2634	7382	738	62	349	7590056
2642	7382	824	62	349	7590066
2642	7353	885	63	348	7590076
2642	7308	926	63	350	7590086
2642	7242	947	64	350	7590096
2632	7157	957	64	350	7590106
2616	7066	952	64	352	7590116
2597	6981	924	64	352	7590126
2580	6898	871	65	351	7590136
2573	6836	717	65	354	7590146
2573	6795	164	66	354.5	7590166
30
2713	7262	524	62	354	7590274
2683	7300	617	62	354	7590284
2669	7312	725	62	354	7590294
2658	7319	792	62	354	7590304
2651	7319	810	62	354	7590314
2651	7326	821	62	353	7590324
2659	7326	838	62	353	7590334
2676	7326	847	62	353	7590344
2699	7334	855	63	352	7590354
2730	7334	868	63	350	7590364
2763	7343	871	64	350	7590374
2798	7343	877	64	352	7590384
2836	7343	882	64	352	7590394
2874	7343	883	65	351	7590404
2910	7334	882	65	351	7590414
2945	7328	882	66	351	7590424
2970	7321	884	66	351	7590434
2989	7321	891	66	351	7590444
3001	7307	923	66	351	7590454
3001	7295	959	66	351	7590464
3010	7277	996	65	351	7590474
3010	7252	1018	65	351	7590484
3000	7223	1023	64	352	7590494
2991	7178	1023	64	352	7590504
2978	7132	1023	65	351	7590514
2964	7082	1023	65	354	7590524
2952	7030	1002	66	353	7590534
2937	6979	932	66	353	7590544
2923	6924	787	66	353	7590554
2908	6869	157	65	356	7590574
10
2619	6875	778	62	0	7590678
2580	6875	849	62	0	7590688
2570	6875	917	62	0	7590708
2578	6866	970	62	0	7590718
2606	6866	987	62	0	7590728
2649	6854	989	62	0	7590738
2705	6854	982	62	0	7590748
2765	6863	932	62	0	7590758
2822	6880	802	63	0	7590768
2871	6903	134	63.5	358	7590788
46
2714	7123	391	60	353	7590918
2695	7164	738	60	353	7590928
2687	7175	864	60	353	7590948
2679	7175	963	60	353	7590968
2679	7160	988	61	353	7590978
2679	7136	991	61	353	7590988
2688	7104	992	62	354	7590998
2688	7073	975	62	354	7591008
2688	7048	935	63	354	7591018
2699	7031	878	63	356	7591028
2699	7023	823	64	356	7591038
2710	7023	788	64	356	7591058
2721	7043	784	64	358	7591068
2721	7068	787	64	358	7591078
2734	7104	797	64	358	7591088
2745	7139	803	64	358	7591098
2757	7169	810	64	358	7591108
2773	7195	824	65	358	7591118
2790	7212	839	65	358	7591128
2810	7223	866	65	358	7591138
2829	7223	881	65	358	7591148
2846	7223	910	64	356	7591158
2860	7213	917	64	356	7591168
2860	7194	919	64	356	7591178
2860	7168	919	64	356	7591188
2848	7140	912	64	356	7591198
2826	7108	913	65	356	7591208
2803	7088	917	65	356	7591218
2784	7073	919	66	356	7591228
2772	7065	913	66	356	7591258
2779	7065	910	66	356	7591268
2791	7065	912	66	356	7591278
2807	7065	911	66	356	7591288
2823	7065	913	66	356	7591298
2836	7056	917	66	356	7591308
2847	7049	926	66	356	7591318
2853	7043	935	66	356	7591328
2853	7030	939	66	356	7591338
2853	7010	938	66	356	7591348
2838	6985	934	66	356	7591358
2819	6954	926	66	356	7591368
2792	6929	907	66	356	7591378
2762	6912	874	66	356	7591388
2732	6902	827	66	358	7591398
2707	6902	686	66	358	7591408
2687	6902	91	66	358	7591428
10
2668	5836	396	60	351	7592346
2668	5845	662	60	351	7592376
2668	5837	833	61	351	7592386
2661	5817	887	61	351	7592396
2661	5786	907	62	351	7592406
2652	5733	912	62	351	7592416
2642	5668	904	62	351	7592426
2632	5601	868	63	350	7592436
2624	5532	765	63	350	7592446
2624	5482	257	64	350	7592466
25
2663	5730	513	62	354	7592542
2671	5808	668	62	354	7592552
2682	5827	754	62	354	7592562
2682	5838	846	62	354	7592572
2699	5846	896	62	354	7592582
2723	5846	924	62	354	7592592
2760	5859	940	62	354	7592602
2807	5867	948	62	353	7592612
2861	5867	949	62	353	7592622
2918	5876	950	62	353	7592632
2973	5876	949	63	352	7592642
3022	5876	942	63	352	7592652
3060	5876	934	64	352	7592662
3087	5876	933	64	350	7592672
3100	5851	940	64	350	7592682
3100	5820	956	64	350	7592692
3100	5782	966	64	350	7592702
3090	5743	985	64	350	7592712
3078	5695	988	64	350	7592722
3062	5647	995	64	350	7592732
3045	5590	993	64	350	7592742
3023	5529	971	64	350	7592752
3000	5471	919	64	350	7592762
2980	5419	806	64	350	7592772
2958	5378	227	64	350	7592792
7
2656	5409	479	61	347	7592882
2656	5420	840	61	347	7592892
2656	5428	980	61.25	346.5	7592932
2674	5428	1017	62	345	7592942
2705	5428	1006	63	344	7592952
2752	5443	941	63	346	7592962
2811	5463	375	63	346	7592982
19
2945	5689	733	62	0	7593110
2897	5728	807	62	0	7593120
2873	5737	904	62	0	7593130
2852	5737	950	62	0	7593140
2838	5743	984	62	0	7593150
2830	5743	1005	62	358	7593160
2820	5743	1014	62	358	7593170
2809	5736	1023	62	356	7593180
2796	5724	1023	63	356	7593190
2780	5704	1023	63	354	7593200
2766	5677	1023	64	354	7593210
2755	5647	1023	64	354	7593220
2755	5615	1023	64	352	7593230
2755	5584	1023	64	352	7593240
2763	5553	1023	64	352	7593250
2780	5530	1019	64	352	7593260
2805	5501	971	64	354	7593270
2836	5481	850	64	354	7593280
2874	5473	268	64	354	7593300
14
2671	4643	302	63	350	7593786
2661	4672	429	62	351	7593796
2651	4680	573	62	351	7593806
2651	4688	700	62	351	7593816
2643	4688	792	62	351	7593826
2643	4694	907	62.5	352.5	7593846
2643	4682	987	63	350	7593856
2651	4655	1023	64	350	7593866
2651	4605	1023	64	350	7593876
2651	4540	1023	63	348	7593886
2651	4460	1016	63	348	7593896
2641	4384	942	63	348	7593906
2641	4321	765	65	349	7593916
2641	4277	55	65	349	7593936
25
2714	4603	361	62	351	7594014
2703	4657	829	62	351	7594024
2688	4664	883	62	351	7594034
2675	4664	935	62	351	7594044
2667	4664	965	62	351	7594054
2675	4664	980	62	351	7594064
2702	4664	997	62	349	7594074
2745	4678	1001	62	349	7594084
2804	4686	1002	62	349	7594094
2870	4699	1007	62	349	7594104
2941	4699	1006	63	348	7594114
3010	4706	999	63	348	7594124
3074	4706	994	63	348	7594134
3124	4695	991	63	348	7594144
3160	4685	994	64	347	7594154
3181	4671	1006	64	347	7594164
3190	4641	1017	65	347	7594174
3190	4602	1023	65	347	7594184
3176	4542	1023	65	347	7594194
3158	4469	1023	65	347	7594204
3135	4402	1023	66	349	7594214
3110	4335	1002	66	349	7594224
3082	4283	888	66	349	7594234
3048	4240	696	66	351	7594244
3012	4210	4	66	351	7594264
9
2687	4249	598	62	353	7594354
2653	4277	877	62	353	7594364
2640	4277	934	62	353	7594374
2633	4277	994	62	353	7594394
2648	4269	1023	62	353	7594404
2681	4269	1023	62	353	7594414
2732	4276	1018	62	353	7594424
2802	4288	947	63	352	7594434
2880	4305	366	63.5	352	7594454
34
2801	4469	679	61	345	7594582
2766	4529	750	61	343	7594592
2755	4547	850	61	343	7594602
2746	4555	965	61	343.667	7594632
2746	4543	1023	61	345	7594642
2757	4528	1023	61	345	7594652
2763	4500	1023	62	346	7594662
2763	4463	995	62	346	7594672
2770	4424	929	63	348	7594682
2770	4393	806	63	348	7594692
2777	4374	637	64	350	7594702
2787	4374	505	64	352	7594712
2796	4385	435	65	351	7594722
2805	4409	440	65	351	7594732
2805	4448	485	66	351	7594742
2812	4492	551	66	351	7594752
2812	4534	621	66	351	7594762
2822	4568	676	66	351	7594772
2833	4591	749	65	351	7594782
2849	4604	794	65	351	7594792
2868	4604	839	64	352	7594802
2893	4604	875	64	352	7594812
2919	4597	904	64	352	7594822
2944	4579	921	64	352	7594832
2966	4561	956	64	352	7594842
2980	4544	985	64	352	7594852
2980	4519	989	64	352	7594862
2980	4492	1000	64	352	7594872
2961	4456	985	64	352	7594882
2932	4412	976	64	352	7594892
2897	4375	951	65	351	7594902
2862	4347	882	65	351	7594912
2832	4330	684	66	351	7594922
2810	4330	1	66	351	7594942
69
3143	8500	122	62	351	7598953
3135	8500	375	62	351	7598982
3128	8500	706	62	349	7599052
3141	8500	825	62	349	7599062
3151	8500	843	62	349	7599072
3165	8500	854	62	349	7599082
3182	8500	864	62	349	7599092
3204	8500	876	62	349	7599102
3230	8500	890	62	349	7599112
3260	8500	896	61	347	7599122
3296	8491	901	61	347	7599132
3338	8491	913	61	347	7599142
3389	8491	922	61	347	7599152
3450	8491	922	62	346	7599162
3518	8485	926	62	346	7599172
3589	8485	932	63	346	7599182
3657	8485	934	63	346	7599192
3719	8477	936	63	346	7599202
3774	8471	938	63	346	7599212
3825	8462	942	64	345	7599222
3876	8452	951	64	343	7599232
3934	8442	957	65	342	7599242
4001	8433	957	65	342	7599252
4076	8423	961	65	342	7599262
4158	8413	963	65	342	7599272
4241	8399	964	65	342	7599282
4325	8388	964	65	342	7599292
4407	8379	964	66	342	7599302
4485	8369	970	66	342	7599312
4556	8363	971	67	341	7599322
4620	8351	975	67	341	7599332
4677	8338	977	67	341	7599342
4732	8326	979	67	341	7599352
4787	8314	981	67	341	7599362
4845	8307	981	67	341	7599372
4908	8307	984	67	341	7599382
4978	8300	984	67	341	7599392
5049	8300	987	67	341	7599402
5120	8300	987	68	340	7599412
5190	8300	987	68	340	7599422
5252	8307	989	69	339	7599432
5307	8307	986	69	339	7599442
5354	8307	989	69	339	7599452
5392	8307	988	68	336	7599462
5427	8307	991	68	336	7599472
5459	8307	999	68	336	7599482
5490	8307	1001	68	336	7599492
5521	8307	1012	68	336	7599502
5550	8298	1014	68	336	7599512
5580	8298	1023	68	336	7599522
5610	8298	1023	68	336	7599532
5641	8298	1023	68	336	7599542
5674	8306	1023	68	336	7599552
5707	8306	1023	68	336	7599562
5737	8315	1023	68	336	7599572
5765	8315	1023	68	336	7599582
5789	8315	1023	68	336	7599592
5806	8323	1023	68	336	7599602
5820	8323	1023	68	340	7599612
5831	8323	1023	68	340	7599622
5843	8323	1023	67	341	7599632
5856	8323	1023	67	341	7599642
5870	8323	1023	67	341	7599652
5880	8323	1023	67	341	7599672
5889	8323	994	67	341	7599762
5897	8323	788	66	342	7599772
5905	8323	661	66	342	7599782
5917	8323	442	65	342	7599792
5930	8332	66	65	342	7599812
16
4180	7637	159	65	347	7604507
4180	7646	266	65	347	7604527
4180	7652	421	65	347	7604537
4171	7652	520	65	347	7604547
4171	7659	601	65	347	7604557
4164	7659	700	65	347	7604567
4156	7659	763	65	345	7604577
4142	7659	807	65	345	7604587
4120	7659	833	65	345	7604597
4084	7659	845	65	345	7604607
4038	7649	851	65	345	7604617
3990	7649	867	65	345	7604627
3949	7641	862	65	345	7604637
3918	7641	845	65	345	7604647
3901	7641	794	65	345	7604657
3894	7641	309	65	345	7604687
14
3890	7604	294	62	353	7604855
3884	7616	423	62	353	7604865
3884	7622	528	62	353	7604875
3884	7629	689	63	351	7604895
3891	7629	799	64	350	7604905
3891	7613	843	64	350	7604915
3891	7582	871	64	350	7604925
3899	7530	883	64	350	7604935
3899	7461	894	64	350	7604945
3899	7387	906	64	350	7604955
3891	7313	905	64	350	7604965
3891	7254	877	64	350	7604975
3891	7210	785	64	352	7604985
3891	7181	282	64	352	7605005
28
2883	7068	22	62	353	7605411
2865	7068	306	62	353	7605421
2848	7068	348	62	353	7605431
2830	7068	448	62	353	7605441
2805	7068	546	62	353	7605451
2793	7068	627	62	353.5	7605471
2793	7076	727	63	354	7605491
2809	7076	796	64	354	7605501
2834	7076	819	64	354	7605511
2875	7076	855	64	354	7605521
2933	7076	873	64	354	7605531
3002	7076	889	64	354	7605541
3081	7082	911	64	354	7605551
3160	7091	921	64	352	7605561
3240	7091	933	64	352	7605571
3320	7101	940	64	352	7605581
3401	7101	950	64	352	7605591
3484	7114	954	64	352	7605601
3568	7122	957	64	352	7605611
3646	7136	960	64	352	7605621
3723	7147	964	64	352	7605631
3795	7158	963	64	352	7605641
3859	7169	965	64	350	7605651
3915	7169	966	64	350	7605661
3958	7179	963	64	350	7605671
3984	7179	964	64	350	7605681
3999	7179	964	64	350	7605691
4005	7179	743	64	350	7605751
40
4875	7622	127	64	350	7608967
4845	7613	307	64	350	7608977
4831	7613	372	64	350	7608987
4821	7613	488	64	350	7608997
4814	7613	569	64	350	7609007
4814	7619	645	64	350	7609027
4814	7628	729	64	350	7609037
4833	7628	778	64	350	7609047
4857	7638	813	64	350	7609057
4889	7638	840	65	349	7609067
4928	7647	873	65	349	7609077
4973	7647	888	66	349	7609087
5022	7647	910	65	347	7609097
5073	7654	925	65	347	7609107
5130	7654	943	65	347	7609117
5192	7663	954	65	347	7609127
5261	7663	961	65	347	7609137
5337	7678	967	65	347	7609147
5414	7688	969	66	346	7609157
5485	7696	970	66	344	7609167
5548	7703	972	67	343	7609177
5599	7709	975	67	343	7609187
5641	7709	974	67	343	7609197
5677	7709	977	67	343	7609207
5709	7709	978	67	343	7609217
5736	7709	979	67	343	7609227
5759	7709	978	67	343	7609237
5777	7709	978	67	343	7609247
5790	7709	977	67	343	7609257
5802	7709	972	67	345	7609267
5813	7709	971	67	345	7609277
5827	7709	962	67	345	7609287
5841	7709	954	67	345	7609297
5855	7709	950	67	345	7609307
5865	7709	940	67	345	7609317
5874	7701	937	67	345	7609327
5883	7701	937	67	345	7609337
5893	7701	939	67	345	7609347
5902	7701	943	67	345	7609357
5909	7694	697	68	348	7609417
25
8301	7609	259	63	348	7611807
8288	7618	411	63.5	346.5	7611827
8288	7628	570	64.5	345	7611847
8288	7637	657	65	345	7611867
8303	7644	699	65	345	7611877
8316	7644	738	65	345	7611887
8332	7644	763	65	345	7611897
8352	7637	792	65	345	7611907
8373	7629	815	65	342	7611917
8400	7613	844	65	342	7611927
8428	7586	847	65	342	7611937
8453	7551	862	65	345	7611947
8476	7501	875	65	345	7611957
8494	7439	896	65	345	7611967
8505	7371	918	65	345	7611977
8505	7289	924	65	345	7611987
8505	7202	929	66	344	7611997
8488	7114	932	66	346	7612007
8460	7024	935	67	345	7612017
8425	6943	926	67	345	7612027
8388	6878	915	68	348	7612037
8359	6830	880	68	348	7612047
8340	6804	770	68	348	7612057
8331	6794	579	68	348	7612067
8331	6803	66	68	350	7612087
50
8406	7595	445	62	349	7612403
8406	7603	479	63	348	7612413
8406	7611	554	62	346	7612423
8398	7611	605	63	346	7612433
8398	7620	649	63.5	345.5	7612453
8412	7620	702	64	345	7612463
8433	7630	735	65	345	7612473
8462	7630	761	65	342	7612483
8498	7630	795	65	342	7612493
8537	7630	821	66	342	7612503
8580	7630	832	66	342	7612513
8629	7630	841	67	341	7612523
8685	7630	848	67	341	7612533
8746	7622	854	67	341	7612543
8809	7622	858	67	341	7612553
8872	7606	860	67	341	7612563
8937	7592	857	67	341	7612573
8998	7579	860	67	341	7612583
9058	7567	858	67	341	7612593
9116	7555	857	67	341	7612603
9169	7542	855	68	340	7612613
9219	7528	854	68	340	7612623
9262	7513	857	69	339	7612633
9297	7495	855	69	339	7612643
9323	7475	858	69	339	7612653
9341	7453	859	69	339	7612663
9350	7428	865	69	339	7612673
9350	7399	874	69	339	7612683
9350	7366	874	69	341	7612693
9344	7330	885	69	341	7612703
9330	7290	890	69	341	7612713
9308	7249	896	69	341	7612723
9281	7206	901	69	341	7612733
9246	7164	911	69	341	7612743
9207	7123	912	69	344	7612753
9158	7081	921	69	344	7612763
9101	7041	919	69	344	7612773
9036	7001	936	69	346	7612783
8961	6962	943	69	346	7612793
8880	6924	948	69	346	7612803
8796	6892	981	69	346	7612813
8715	6863	990	70	349	7612823
8641	6838	992	70	349	7612833
8576	6823	996	70	349	7612843
8520	6812	1000	70	349	7612853
8472	6812	1000	70	352	7612863
8433	6812	995	70	352	7612873
8406	6812	988	70	352	7612883
8388	6806	951	70	352	7612893
8381	6806	476	70	352	7612933
75
6662	8073	332	59	341	7614673
6654	8073	535	59	341	7614693
6647	8073	720	60.5	342	7614733
6656	8073	795	61	342	7614743
6665	8073	827	61	342	7614753
6682	8073	837	61	342	7614763
6707	8073	853	61	342	7614773
6743	8073	858	61	342	7614783
6784	8073	863	61	342	7614793
6834	8080	866	61	342	7614803
6891	8080	868	62	341	7614813
6952	8080	869	62	341	7614823
7016	8080	868	63	340	7614833
7074	8080	869	63	340	7614843
7125	8080	865	63	340	7614853
7165	8080	854	63	340	7614863
7193	8072	845	63	340	7614873
7211	8072	840	63	340	7614883
7221	8065	838	63	340	7614903
7230	8065	867	62	338	7615023
7230	8058	905	62	338	7615033
7230	8050	921	63	340	7615043
7236	8023	932	63	340	7615053
7236	7992	939	63	340	7615063
7236	7943	948	63	340	7615073
7236	7884	962	63	340	7615083
7236	7824	971	63	340	7615093
7225	7751	984	63	340	7615103
7216	7683	985	63	340	7615113
7209	7622	992	63	340	7615123
7209	7567	992	63	342	7615133
7202	7525	991	63	342	7615143
7202	7489	992	63	342	7615153
7202	7456	990	63	342	7615163
7202	7433	991	63	342	7615173
7202	7415	988	63	344	7615183
7202	7403	980	64.3333	344.6	7615333
7209	7403	973	65	345	7615353
7225	7403	980	65	345	7615363
7247	7412	981	65	345	7615373
7282	7412	984	65	345	7615383
7330	7422	987	65	345	7615393
7385	7422	992	65	345	7615403
7444	7432	994	65	345	7615413
7505	7432	995	65	345	7615423
7566	7440	999	65	342	7615433
7622	7440	1003	65	342	7615443
7680	7448	1005	66	342	7615453
7739	7448	1009	66	342	7615463
7799	7448	1012	67	341	7615473
7860	7448	1013	67	341	7615483
7917	7448	1016	67	341	7615493
7970	7448	1017	67	341	7615503
8022	7448	1019	67	341	7615513
8071	7448	1023	67	341	7615523
8119	7448	1023	67	341	7615533
8164	7448	1023	67	341	7615543
8205	7448	1023	67	341	7615553
8238	7448	1023	67	341	7615563
8265	7448	1023	67	341	7615573
8286	7448	1023	67	341	7615583
8303	7448	1023	67	341	7615593
8319	7448	1023	67	341	7615603
8337	7448	1023	67	341	7615613
8356	7440	1023	67	341	7615623
8378	7440	1023	68	340	7615633
8401	7440	1023	68	340	7615643
8425	7440	1023	69	339	7615653
8446	7440	1023	69	341	7615663
8467	7440	1023	69	341	7615673
8484	7440	1023	69	341	7615683
8496	7440	1023	69	341	7615693
8505	7440	1023	69	341	7615713
8512	7440	960	69	341	7615763
8504	7440	145	69	344	7615783
14
4798	5891	181	62	351	7619731
4790	5900	392	62	351	7619751
4784	5900	526	62	351	7619761
4784	5907	767	63.4286	350.143	7619831
4784	5884	902	64	350	7619841
4784	5854	903	64	350	7619851
4784	5806	904	64	350	7619861
4775	5745	892	64	350	7619871
4775	5683	884	64	352	7619881
4775	5627	846	64	352	7619891
4768	5589	783	64	352	7619901
4768	5565	674	64	352	7619911
4778	5565	501	64	352	7619921
4785	5565	13	64	354	7619941
6
4830	5891	202	62	354	7620275
4839	5897	339	62	354	7620285
4829	5897	456	62.5	354	7620305
4811	5897	533	63	354	7620315
4811	5904	532	64	352.5	7620355
4818	5904	407	64	352	7620465
19
4769	5878	392	64	354	7620623
4777	5878	514	64	354	7620633
4777	5885	633	64	354	7620683
4777	5878	627	64	352	7620713
4785	5878	636	64	352	7620723
4785	5871	661	64	352	7620743
4785	5863	703	64	352	7620753
4785	5852	743	64	352	7620763
4785	5833	775	64	352	7620773
4785	5803	807	64	352	7620783
4785	5764	837	64	352	7620793
4774	5715	855	64	352	7620803
4774	5658	888	64	352	7620813
4763	5602	892	64	354	7620823
4763	5541	892	64	354	7620833
4755	5487	887	64	354	7620843
4755	5446	859	64	354	7620853
4755	5415	777	64	354	7620863
4755	5400	210	64.6667	354.667	7620893
18
4810	5852	99	62	356	7621019
4794	5868	545	62	356	7621029
4785	5868	606	62	356	7621039
4779	5878	719	62	356	7621069
4787	5878	772	62	356	7621079
4799	5878	817	62	356	7621089
4815	5878	845	63	354	7621099
4830	5878	871	63	354	7621109
4846	5878	906	64	354	7621119
4864	5864	923	64	354	7621129
4880	5848	936	64	354	7621139
4900	5821	942	64	354	7621149
4920	5784	938	64	354	7621159
4939	5743	920	64	354	7621169
4956	5698	874	64	354	7621179
4970	5659	788	64	354	7621189
4980	5624	623	64	354	7621199
4988	5594	86	64	356	7621219
14
4771	5368	657	62	0	7621327
4745	5368	840	62	0	7621337
4730	5368	899	62	0	7621347
4717	5368	958	63	0	7621357
4706	5368	991	63.5	179	7621377
4718	5380	1014	64	358	7621387
4740	5399	1017	64	358	7621397
4780	5430	1023	64	358	7621407
4831	5470	1023	64	356	7621417
4890	5511	1016	64	356	7621427
4948	5547	980	64	356	7621437
4997	5578	925	65	354	7621447
5039	5601	819	65	356	7621457
5070	5621	261	66	356	7621477
29
5145	5715	246	64	356	7621931
5131	5737	518	64	356	7621941
5121	5743	646	65	354	7621951
5108	5743	755	65	354	7621961
5093	5743	828	66	353	7621971
5079	5735	864	66	353	7621981
5066	5721	881	66	353	7621991
5051	5695	898	66	353	7622001
5039	5657	917	66	351	7622011
5031	5617	932	66	351	7622021
5031	5570	935	66	351	7622031
5042	5540	938	66	351	7622041
5068	5520	938	66	351	7622051
5102	5508	926	66	353	7622061
5144	5515	922	66	353	7622071
5189	5529	908	66	353	7622081
5226	5555	892	66	353	7622091
5257	5588	889	66	353	7622101
5274	5625	888	66	353	7622111
5274	5663	898	66	353	7622121
5274	5695	918	66	353	7622131
5250	5719	955	66	353	7622141
5220	5733	978	66	353	7622151
5182	5733	985	66	353	7622161
5145	5733	986	66	353	7622171
5108	5718	964	66	353	7622181
5078	5701	913	66	353	7622191
5057	5685	796	66	353	7622201
5047	5669	229	66	353	7622221
15
5903	5914	365	62	351	7623563
5914	5961	455	62	351	7623573
5914	5977	560	62	349	7623583
5914	5986	627	62	349	7623593
5901	5986	732	62.6667	348.333	7623623
5901	5959	827	63	348	7623633
5908	5912	859	63	348	7623643
5908	5841	880	63	348	7623653
5908	5758	895	63	348	7623663
5897	5666	905	63	348	7623673
5885	5580	898	63	348	7623683
5874	5510	875	64	350	7623693
5867	5457	809	64	350	7623703
5867	5428	642	64	350	7623713
5867	5419	127	64	350	7623733
42
5940	5947	359	62	346	7623979
5931	5954	505	63	346	7623989
5931	5963	621	63	346	7623999
5910	5963	707	63	346	7624019
5910	5969	766	63	346	7624029
5920	5969	799	63	346	7624039
5937	5969	815	63	346	7624049
5961	5969	840	63	346	7624059
5995	5977	869	63	346	7624069
6035	5977	881	63	344	7624079
6082	5977	889	64	343	7624089
6135	5977	899	64	343	7624099
6195	5977	902	65	342	7624109
6263	5977	906	65	342	7624119
6337	5977	907	65	342	7624129
6416	5970	907	65	342	7624139
6489	5959	910	65	342	7624149
6554	5944	911	65	342	7624159
6604	5929	912	65	342	7624169
6641	5909	918	65	340	7624179
6666	5891	926	66	340	7624189
6680	5866	936	66	340	7624199
6680	5835	955	67	339	7624209
6680	5801	962	67	339	7624219
6663	5758	976	67	339	7624229
6639	5713	977	67	339	7624239
6603	5668	981	67	341	7624249
6562	5621	991	67	341	7624259
6515	5574	996	67	341	7624269
6465	5531	1002	67	341	7624279
6417	5488	1014	67	341	7624289
6366	5453	1018	67	343	7624299
6315	5424	1017	67	343	7624309
6260	5399	1023	67	343	7624319
6202	5383	1023	67	343	7624329
6139	5370	1023	67	343	7624339
6076	5363	1023	67	345	7624349
6017	5363	1023	67	345	7624359
5970	5354	1023	67	345	7624369
5938	5354	1000	67	345	7624379
5920	5354	848	66.5	345.5	7624399
5920	5372	122	65.5	346.5	7624419
38
3043	5599	260	60	358	7625703
3052	5599	441	60	357	7625713
3044	5599	566	60	356	7625733
3028	5599	705	60	353	7625753
3036	5599	764	61	353	7625763
3045	5599	784	61	351	7625773
3060	5599	817	62	351	7625783
3084	5599	842	62	351	7625793
3117	5599	861	62	351	7625803
3166	5599	880	62	349	7625813
3229	5599	897	62	349	7625823
3307	5609	907	62	349	7625833
3403	5609	920	62	349	7625843
3504	5620	927	62	349	7625853
3609	5620	931	61	347	7625863
3710	5620	933	62	346	7625873
3803	5609	939	62	346	7625883
3896	5594	939	63	346	7625893
3982	5579	941	63	346	7625903
4065	5564	939	63	346	7625913
4140	5553	941	63	346	7625923
4207	5547	942	63	346	7625933
4267	5547	942	63	346	7625943
4318	5539	942	64	345	7625953
4364	5539	945	64	345	7625963
4407	5539	950	65	345	7625973
4448	5539	950	65	345	7625983
4488	5539	955	65	345	7625993
4528	5539	962	65	345	7626003
4563	5548	966	65	345	7626013
4595	5548	975	65	345	7626023
4622	5548	976	65	345	7626033
4642	5548	977	66	344	7626043
4655	5548	978	66	344	7626053
4663	5548	948	67	343	7626123
4671	5555	747	67	345	7626133
4680	5563	602	67	345	7626143
4699	5575	77	67	345	7626163
22
5316	5615	276	65	347	7626775
5306	5615	459	65	347	7626795
5298	5615	735	65	345	7626845
5292	5615	879	65	345	7626875
5300	5608	911	65	345	7626885
5311	5608	932	65	345	7626895
5333	5608	948	65	342	7626905
5367	5608	967	65	342	7626915
5417	5608	977	65	342	7626925
5479	5616	996	65	342	7626935
5550	5616	1002	66	342	7626945
5622	5623	1006	66	342	7626955
5692	5623	1015	67	341	7626965
5758	5633	1017	67	341	7626975
5817	5639	1018	67	341	7626985
5873	5639	1023	67	341	7626995
5923	5639	1023	67	341	7627005
5962	5639	1023	67	341	7627015
5993	5639	1023	67	341	7627025
6014	5639	1023	67	341	7627035
6025	5639	1023	67	341	7627045
6031	5639	665	67	339.8	7627095
122
3494	6978	64	64	354	7628148
3500	6997	157	64	352	7628158
3510	7007	229	64	352	7628168
3510	7017	308	63	352	7628178
3510	7026	384	63	352	7628188
3519	7036	460	62	353	7628198
3519	7045	509	62	353	7628207
3519	7051	558	62	353	7628217
3525	7051	646	62	353	7628257
3532	7051	722	62	353	7628267
3532	7034	758	61	353	7628277
3545	7014	780	61	353	7628287
3555	6977	792	60	353	7628297
3564	6926	811	61	353	7628307
3564	6868	830	61	355	7628317
3573	6800	838	62	354	7628327
3573	6733	847	62	354	7628337
3573	6668	851	62	354	7628347
3573	6603	853	62	356	7628357
3580	6546	866	62	356	7628367
3580	6492	869	63	356	7628377
3580	6441	874	63	356	7628387
3580	6390	883	64	356	7628397
3580	6342	891	64	356	7628407
3580	6299	900	64	358	7628417
3580	6263	902	64	358	7628427
3580	6231	903	64	358	7628437
3580	6209	903	64	358	7628447
3580	6193	903	64	358	7628457
3587	6184	908	62.5882	21.0588	7628627
3587	6177	903	62	0	7628637
3587	6165	898	62	0	7628647
3587	6154	898	62	0	7628657
3587	6141	897	62	0	7628667
3594	6130	900	62	0	7628687
3594	6118	901	63	0	7628697
3594	6102	903	63	0	7628707
3594	6073	905	64	0	7628717
3585	6043	904	64	0	7628727
3579	6013	903	64	0	7628737
3579	5992	903	64	0	7628747
3579	5983	927	64	0	7628857
3592	5983	962	64	0	7628867
3606	5983	968	64	0	7628877
3626	5983	975	64	0	7628887
3653	5991	984	64	0	7628897
3686	5991	999	64	0	7628907
3725	5998	1006	64	0	7628917
3770	6008	1007	64	0	7628927
3823	6015	1016	64	0	7628937
3880	6015	1018	64	0	7628947
3942	6024	1023	64	0	7628957
4009	6024	1023	64	0	7628967
4079	6024	1023	64	0	7628977
4146	6033	1023	64	0	7628987
4210	6033	1023	64	0	7628997
4267	6043	1023	64	0	7629007
4320	6043	1023	64	0	7629017
4372	6056	1023	64	0	7629027
4424	6056	1023	65	0	7629037
4475	6062	1023	65	0	7629047
4522	6062	1023	66	0	7629057
4564	6062	1023	66	0	7629067
4600	6062	1023	66	0	7629077
4631	6062	1023	66	0	7629087
4662	6056	1023	67	0	7629097
4695	6056	1023	67	0	7629107
4728	6056	1023	68	0	7629117
4765	6056	1023	68	0	7629127
4801	6056	1023	68	0	7629137
4839	6056	1023	68	0	7629147
4877	6049	1023	69	0	7629157
4917	6049	1023	69	0	7629167
4956	6049	1023	70	0	7629177
4995	6049	1023	70	0	7629187
5035	6049	1023	70	0	7629197
5073	6043	1023	70	0	7629207
5113	6043	1023	70	0	7629217
5152	6043	1023	70	0	7629227
5188	6043	1023	70	0	7629237
5220	6036	1023	70	0	7629247
5252	6036	1023	70	0	7629257
5280	6028	1023	70	0	7629267
5302	6028	1023	70	0	7629277
5322	6021	1023	70	0	7629287
5338	6021	1023	70	0	7629297
5357	6014	1023	70	0	7629307
5379	6014	1023	70	0	7629317
5405	6014	1023	70	0	7629327
5435	6014	1023	71	0	7629337
5466	6014	1023	71	0	7629347
5502	6014	1023	71	0	7629357
5535	6014	1023	71	0	7629367
5572	6014	1023	70	0	7629377
5609	6007	1023	70	0	7629387
5643	5998	1023	70	0	7629397
5679	5989	1023	70	0	7629407
5712	5979	1023	70	0	7629417
5742	5971	1023	70	0	7629427
5771	5965	1023	70	0	7629437
5793	5965	1023	70	0	7629447
5810	5957	1023	70	0	7629457
5822	5957	1023	70	0	7629467
5834	5951	1023	70	0	7629477
5844	5951	1023	70	0	7629487
5855	5942	1023	70	0	7629497
5867	5942	1023	70	0	7629507
5876	5935	1023	70	0	7629517
5886	5935	1023	70	0	7629527
5898	5935	1023	70	0	7629537
5912	5935	1023	70	0	7629547
5930	5935	1023	70	0	7629557
5947	5935	1023	70	0	7629567
5962	5941	1023	70	0	7629577
5975	5941	1023	70	0	7629587
5984	5941	1023	70	0	7629597
5993	5941	1023	70	0	7629607
6002	5941	1023	70	0	7629617
6010	5941	1023	70	0	7629627
6016	5941	993	70	0	7629687
6007	5941	385	70	0	7629697
5991	5950	55	70	0	7629717
40
8441	7054	345	61	324	7632792
8449	7054	593	62	325	7632832
8438	7054	764	63	323	7632842
8428	7054	804	63	323	7632852
8412	7061	820	63	323	7632862
8387	7061	844	64	321	7632872
8354	7061	858	64	321	7632882
8310	7061	872	65	320	7632892
8257	7061	882	65	320	7632902
8200	7046	917	65	322	7632912
8140	7036	920	65	322	7632922
8075	7028	919	65	322	7632932
8005	7017	922	65	322	7632942
7925	7003	920	65	322	7632952
7837	6986	919	65	322	7632962
7752	6966	925	65	322	7632972
7680	6953	925	65	322	7632982
7628	6943	920	65	322	7632992
7596	6943	918	65	322	7633002
7578	6943	918	66	324	7633012
7565	6943	918	65	325	7633022
7554	6936	918	65	325	7633032
7544	6936	918	64	326	7633042
7535	6929	919	64	326	7633052
7529	6929	918	64	326	7633072
7520	6929	912	64	326	7633082
7510	6929	909	64	326	7633092
7489	6929	905	64	326	7633102
7453	6929	904	64	326	7633112
7405	6918	912	64	326	7633122
7353	6918	917	64	326	7633132
7305	6918	917	64	326	7633142
7268	6912	922	64	326	7633152
7239	6912	929	64	326	7633162
7218	6912	939	64	326	7633172
7205	6912	940	64	326	7633182
7196	6912	942	64	326	7633202
7185	6912	937	64	326	7633222
7177	6912	771	63.75	326.5	7633262
7184	6912	118	63.5	330.5	7633282
25
7212	6876	45	63	331	7634120
7212	6889	161	63	331	7634130
7212	6898	235	63	331	7634140
7212	6906	368	63	331	7634150
7212	6913	627	63	331	7634220
7220	6898	817	63	331	7634230
7220	6868	859	63	331	7634240
7229	6816	884	63	331	7634250
7229	6749	906	63	333	7634260
7229	6665	925	63	333	7634270
7229	6575	937	63	333	7634280
7229	6481	949	63	333	7634290
7221	6389	965	63	333	7634300
7221	6305	972	64	334	7634310
7221	6229	981	64	334	7634320
7221	6161	986	64	334	7634330
7221	6097	994	64	336	7634340
7221	6038	999	64	336	7634350
7221	5977	1003	64	336	7634360
7214	5923	1001	64	338	7634370
7214	5877	1003	64	338	7634380
7214	5839	1000	65	340	7634390
7214	5816	992	65	340	7634400
7214	5804	974	65	341	7634420
7214	5798	549	65	344.5	7634480
24
6702	5786	308	63	346	7634932
6689	5786	381	63	344	7634942
6680	5786	554	63	344	7634952
6672	5786	666	63	344	7634962
6665	5786	794	63.8	343.2	7635012
6675	5786	889	65	342	7635022
6690	5786	912	65	342	7635032
6715	5786	936	65	342	7635042
6751	5786	966	65	342	7635052
6800	5786	978	65	342	7635062
6858	5797	986	65	342	7635072
6926	5807	996	65	342	7635082
6991	5818	1002	65	340	7635092
7054	5818	1004	65	340	7635102
7107	5828	1008	65	340	7635112
7149	5828	1015	66	340	7635122
7181	5828	1015	66	340	7635132
7200	5828	1017	67	339	7635142
7213	5828	1016	67	339	7635172
7219	5828	927	67	339	7635212
7227	5828	808	67	339	7635222
7237	5828	701	67	339	7635232
7250	5828	454	67	339	7635242
7260	5828	16	67	340	7635262
21
5842	4725	60	60	340	7638436
5842	4740	183	60	340	7638446
5850	4750	234	60	340	7638456
5844	4760	308	60	340	7638466
5844	4771	376	60	340	7638476
5851	4781	464	60	340	7638486
5851	4789	563	60	340	7638496
5858	4796	745	60	340	7638536
5858	4787	859	60	340	7638546
5858	4761	897	60	340	7638556
5858	4712	911	60	340	7638566
5844	4642	927	60	340	7638576
5834	4554	932	60	340	7638586
5820	4463	936	60	340	7638596
5807	4379	938	60	340	7638606
5801	4304	936	61	342	7638616
5801	4244	924	61	342	7638626
5801	4200	888	61	342	7638636
5801	4173	804	61	343	7638646
5801	4161	576	61	344	7638666
5815	4187	17	61	345	7638686
49
5915	4724	147	60	340	7638932
5899	4740	398	60	340	7638942
5890	4740	473	60	340	7638952
5880	4740	588	60	340	7638962
5870	4748	659	60	340	7638972
5864	4748	715	61	339	7638992
5864	4755	755	62	337	7639012
5877	4763	803	62	336	7639022
5890	4763	824	62	336	7639032
5910	4763	843	62	336	7639042
5938	4763	858	62	336	7639052
5975	4763	869	62	336	7639062
6022	4770	876	62	336	7639072
6073	4770	884	62	336	7639082
6126	4770	895	62	336	7639092
6181	4770	910	62	335	7639102
6236	4770	919	63	334	7639112
6293	4755	922	63	334	7639122
6350	4742	920	63	333	7639132
6406	4725	921	63	333	7639142
6460	4706	925	63	333	7639152
6508	4687	924	63	333	7639162
6551	4666	927	63	333	7639172
6585	4646	926	63	333	7639182
6611	4625	931	63	333	7639192
6627	4602	939	63	333	7639202
6635	4574	954	63	333	7639212
6635	4546	956	63	333	7639222
6635	4510	958	63	333	7639232
6635	4471	960	64	334	7639242
6623	4432	969	64	334	7639252
6607	4390	965	64	334	7639262
6584	4349	968	64	336	7639272
6555	4310	981	64	336	7639282
6521	4270	981	64	336	7639292
6480	4231	985	64	338	7639302
6433	4198	983	64	338	7639312
6376	4168	984	64	338	7639322
6313	4145	991	65	340	7639332
6244	4127	992	65	340	7639342
6172	4115	998	65	340	7639352
6098	4109	1001	65	342	7639362
6025	4109	1017	65	342	7639372
5956	4109	1016	65	342	7639382
5897	4109	1018	65	345	7639392
5852	4109	1013	65	345	7639402
5825	4109	971	65	345	7639412
5811	4109	763	65	345	7639432
5811	4117	24	65	345	7639452
14
4466	4440	88	63	344	7640876
4474	4461	488	63	344	7640906
4474	4468	667	63	345.333	7640936
4482	4468	807	63.6667	345.333	7640966
4488	4468	883	65	345	7640976
4488	4446	908	65	345	7640986
4488	4411	919	65	345	7640996
4488	4363	927	65	347	7641006
4478	4306	925	65	347	7641016
4478	4246	907	65	347	7641026
4470	4199	869	66	349	7641036
4470	4161	756	66	349	7641046
4470	4137	537	66	349	7641056
4481	4130	8	66	350	7641076
17
4534	4481	428	60	342	7641276
4534	4505	708	60.5	342.5	7641296
4534	4512	882	61.5	343	7641316
4534	4504	932	62.5	344.5	7641336
4534	4492	955	63	344	7641346
4547	4483	974	64	345	7641356
4560	4468	988	64	345	7641366
4577	4451	1008	65	345	7641376
4598	4429	1016	65	347	7641386
4619	4407	1023	65	347	7641396
4638	4387	1023	65	347	7641406
4659	4366	1023	65	347	7641416
4677	4345	1017	65	347	7641426
4692	4323	975	65	347	7641436
4704	4297	898	66	349	7641446
4713	4270	736	67	348	7641456
4713	4246	138	67	348	7641476
14
4488	4103	621	64	352	7641580
4482	4111	768	64	352	7641590
4473	4123	882	63	352	7641610
4473	4131	938	62	353	7641620
4481	4138	953	62	353	7641630
4500	4152	968	62	353	7641640
4530	4172	981	63	352	7641650
4567	4196	982	63	352	7641660
4611	4225	982	64	352	7641670
4659	4254	972	64	352	7641680
4702	4279	942	64	352	7641690
4739	4302	852	64	352	7641700
4765	4318	658	65	351	7641710
4781	4327	1	65.5	351	7641730
25
4819	4308	677	63	342	7641860
4800	4334	776	63	342	7641870
4786	4341	866	63	342	7641880
4775	4341	906	63	344	7641890
4767	4341	924	63	344.667	7641920
4767	4326	940	64	345	7641930
4767	4309	948	64	345	7641940
4767	4284	954	65	347	7641950
4781	4255	952	65	347	7641960
4795	4237	944	65	347	7641970
4816	4220	943	67	348	7641980
4840	4214	925	67	348	7641990
4866	4214	915	68	350	7642000
4893	4235	905	68	350	7642010
4917	4263	898	68	350	7642020
4934	4299	896	68	350	7642030
4934	4334	905	68	350	7642040
4934	4364	926	68	350	7642050
4923	4384	948	68	350	7642060
4902	4396	966	68	350	7642070
4875	4396	968	68	350	7642080
4844	4396	964	68	350	7642090
4814	4396	952	68	348	7642100
4787	4384	856	68	348	7642110
4764	4372	314	68	348	7642130
44
3148	4379	100	61	342	7643008
3132	4379	213	61	342	7643018
3124	4379	590	61	342.286	7643088
3135	4379	810	61	343	7643098
3149	4379	843	61	343	7643108
3168	4379	873	61	343	7643118
3191	4379	887	61	343	7643128
3216	4379	899	61	343	7643138
3247	4379	924	61	343	7643148
3278	4379	939	61	342	7643158
3315	4379	954	61	342	7643168
3360	4379	970	61	343	7643178
3411	4371	978	61	343	7643188
3471	4371	980	61	343	7643198
3531	4364	985	61	343	7643208
3588	4364	996	61	343	7643218
3640	4358	1001	61	343	7643228
3687	4358	1009	61	342	7643238
3735	4346	1017	61	342	7643248
3782	4339	1023	61	342	7643258
3832	4333	1023	61	343	7643268
3879	4333	1023	61	343	7643278
3927	4333	1023	61	343	7643288
3971	4324	1023	62	343	7643298
4014	4324	1023	62	343	7643308
4058	4318	1023	63	342	7643318
4099	4318	1023	63	342	7643328
4138	4318	1023	62	343	7643338
4170	4311	1023	62	343	7643348
4200	4311	1023	61	343	7643358
4229	4311	1023	62	343	7643368
4256	4311	1023	62	343	7643378
4284	4311	1023	63	342	7643388
4312	4311	1023	63	344	7643398
4336	4311	1023	63	344	7643408
4358	4311	1023	63	344	7643418
4373	4311	1023	63	344	7643428
4385	4304	1023	63	344	7643438
4396	4304	1023	63	344	7643448
4408	4304	1023	63	344	7643458
4416	4297	1023	63	346	7643468
4423	4297	1023	63	346	7643488
4429	4297	996	63	346	7643518
4429	4290	262	63	346	7643548
22
4926	4290	579	63	342	7644280
4906	4290	817	63	342.667	7644310
4920	4290	881	63	344	7644320
4943	4290	902	63	344	7644330
4979	4290	920	63	344	7644340
5030	4290	941	63	344	7644350
5094	4290	963	64	343	7644360
5173	4290	977	64	343	7644370
5259	4290	984	65	342	7644380
5355	4290	990	65	342	7644390
5450	4290	1000	65	345	7644400
5539	4297	1004	65	345	7644410
5619	4297	1008	65	345	7644420
5686	4304	1015	65	345	7644430
5745	4304	1023	65	342	7644440
5796	4304	1023	66	342	7644450
5838	4304	1023	66	342	7644460
5874	4311	1023	67	341	7644470
5899	4311	1023	67	341	7644480
5917	4311	1023	67	341	7644490
5927	4311	1023	67	341	7644510
5934	4311	729	67	341	7644570
22
3951	5473	135	57	344	7645920
3983	5498	425	58	344	7645930
3983	5508	493	58	345	7645940
3990	5518	569	59	345	7645950
3974	5518	647	59	345	7645960
3974	5529	750	59	346	7645990
3974	5522	818	59	346	7646000
3974	5495	832	59	348	7646010
3974	5443	842	60	348	7646020
3967	5364	859	60	348	7646030
3967	5268	871	62	349	7646040
3960	5169	885	62	349	7646050
3960	5073	904	62	349	7646060
3949	4986	905	62	349	7646070
3941	4905	907	62	349	7646080
3941	4838	908	62	351	7646090
3930	4785	905	62	351	7646100
3930	4745	886	62	351	7646110
3930	4714	858	62	353	7646120
3930	4694	809	62	353	7646130
3930	4681	649	62	353.5	7646150
3922	4681	184	62	355	7646170
44
3949	4789	396	60	358	7646328
3935	4780	539	60	358	7646338
3935	4773	611	61	358	7646348
3926	4773	758	61.8	357.2	7646398
3941	4773	874	62	356	7646408
3957	4773	892	62	356	7646418
3983	4773	912	62	356	7646428
4016	4773	929	63	356	7646438
4057	4767	938	63	356	7646448
4106	4767	949	64	356	7646458
4162	4767	963	64	354	7646468
4227	4767	981	64	354	7646478
4305	4767	987	64	354	7646488
4394	4767	989	64	354	7646498
4483	4767	992	65	354	7646508
4581	4760	994	65	354	7646518
4672	4760	995	66	353	7646528
4762	4760	995	66	353	7646538
4853	4760	995	66	351	7646548
4940	4760	998	66	351	7646558
5025	4760	997	67	351	7646568
5102	4760	998	67	351	7646578
5175	4760	997	68	350	7646588
5238	4753	1000	68	350	7646598
5295	4746	1006	68	350	7646608
5348	4739	1008	68	348	7646618
5400	4739	1013	69	347	7646628
5451	4731	1017	69	347	7646638
5500	4731	1019	69	346	7646648
5542	4731	1023	69	346	7646658
5577	4724	1023	69	346	7646668
5605	4724	1023	69	346	7646678
5627	4724	1023	69	346	7646688
5648	4718	1023	70	349	7646698
5669	4718	1023	70	349	7646708
5690	4718	1023	70	349	7646718
5715	4718	1023	70	349	7646728
5744	4718	1023	70	349	7646738
5773	4718	1023	70	349	7646748
5802	4718	1023	70	349	7646758
5831	4718	1023	70	349	7646768
5852	4718	1023	70	349	7646778
5870	4718	1018	70	349	7646788
5881	4718	451	69.5	350.5	7646828
21
8349	5189	460	59	336	7649936
8349	5211	544	59	336	7649946
8349	5226	624	60	335	7649956
8349	5235	698	60	335	7649966
8349	5246	736	60	337	7649976
8364	5246	761	61	336	7649986
8378	5253	787	61	336	7649996
8397	5253	821	62	335	7650006
8421	5247	837	62	335	7650016
8443	5232	867	62	335	7650026
8463	5205	898	63	334	7650036
8482	5159	925	63	335	7650046
8491	5099	940	64	334	7650056
8491	5015	947	64	334	7650066
8491	4923	961	64	336	7650076
8478	4831	964	64	336	7650086
8459	4739	960	64	336	7650096
8435	4666	945	64	338	7650106
8417	4613	899	64	338	7650116
8406	4583	683	64.5	339	7650136
8406	4598	48	65	340	7650156
39
8502	5240	307	59	336	7650404
8493	5240	476	60	335	7650414
8485	5240	545	60	335	7650424
8476	5240	667	60	337	7650434
8470	5240	764	61	336	7650474
8490	5240	832	62	335	7650484
8515	5240	846	62	335	7650494
8549	5249	859	62	335	7650504
8590	5249	869	62	335	7650514
8638	5257	888	63	334	7650524
8692	5257	895	63	334	7650534
8759	5257	898	63	333	7650544
8831	5247	902	63	333	7650554
8906	5239	905	63	333	7650564
8979	5226	907	63	333	7650574
9043	5208	912	63	333	7650584
9099	5185	913	64	331	7650594
9146	5157	916	64	331	7650604
9181	5129	918	65	330	7650614
9208	5093	920	65	332	7650624
9227	5055	929	65	332	7650634
9234	5015	938	65	332	7650644
9234	4962	955	65	332	7650654
9212	4906	966	65	332	7650664
9177	4846	985	65	332	7650674
9129	4780	995	66	334	7650684
9074	4721	999	67	333	7650694
9012	4670	1009	67	333	7650704
8944	4622	1008	67	333	7650714
8872	4589	1012	67	335	7650724
8797	4565	1015	66	336	7650734
8723	4549	1013	66	336	7650744
8656	4543	1010	67	339	7650754
8598	4543	997	67	339	7650764
8549	4543	986	67	339	7650774
8511	4536	943	67	339	7650784
8486	4536	844	67	341	7650794
8474	4536	585	67	341	7650804
8474	4544	41	67	341	7650824
57
7215	5794	164	60	335	7652416
7215	5809	315	60	335	7652426
7209	5809	393	60	335	7652436
7209	5822	485	60	335	7652456
7209	5831	592	58.6667	336.333	7652486
7209	5823	686	58	337	7652496
7216	5803	735	59	336	7652506
7224	5769	778	59	336	7652516
7224	5718	795	60	335	7652526
7236	5651	822	60	335	7652536
7236	5573	839	60	335	7652546
7236	5482	845	60	335	7652556
7236	5387	853	60	335	7652566
7236	5305	855	60	337	7652576
7245	5233	859	60	337	7652586
7245	5182	863	60	337	7652596
7256	5151	864	60	338	7652606
7256	5129	865	60	338	7652616
7263	5116	869	60	339	7652636
7263	5107	879	60.25	340.5	7652676
7271	5107	886	61	342	7652696
7280	5107	889	61	342	7652706
7290	5107	893	61	342	7652716
7306	5107	895	62	341	7652726
7329	5107	899	62	341	7652736
7360	5098	904	63	340	7652746
7398	5091	907	63	340	7652756
7446	5082	913	63	340	7652766
7498	5072	920	63	340	7652776
7552	5062	926	63	340	7652786
7605	5053	934	63	340	7652796
7660	5043	938	63	340	7652806
7714	5035	943	63	340	7652816
7769	5026	944	63	340	7652826
7823	5016	949	63	340	7652836
7873	5007	954	63	340	7652846
7922	4999	959	63	340	7652856
7972	4992	964	62	338	7652866
8022	4992	971	62	338	7652876
8070	4984	975	62	338	7652886
8119	4984	981	62	338	7652896
8167	4984	984	62	338	7652906
8212	4984	987	62	338	7652916
8255	4984	993	62	338	7652926
8293	4984	993	63	337	7652936
8327	4984	997	63	337	7652946
8358	4984	998	64	336	7652956
8388	4984	1003	64	336	7652966
8416	4984	1014	64	336	7652976
8443	4984	1013	64	336	7652986
8466	4993	1017	64	336	7652996
8485	4993	1017	64	336	7653006
8502	4993	1018	64	336	7653016
8513	4999	1019	64	336	7653026
8520	4999	1023	64	336	7653046
8528	4999	946	64	336	7653116
8514	4999	95	64	336	7653136
34
8369	4743	504	66	329	7654476
8376	4743	575	66	329	7654486
8370	4743	667	67	328	7654496
8361	4743	736	67	328	7654506
8354	4743	780	67	328	7654516
8347	4743	814	67	328	7654526
8339	4743	840	67	328	7654536
8326	4743	853	67	328	7654546
8310	4743	867	67	328	7654556
8285	4743	877	67	328	7654566
8254	4735	883	67	328	7654576
8205	4727	905	67	328	7654586
8139	4716	917	67	328	7654596
8059	4704	951	66	326	7654606
7964	4693	968	66	326	7654616
7871	4681	992	66	326	7654626
7783	4674	1014	67	328	7654636
7708	4674	1018	67	328	7654646
7645	4664	1023	67	328	7654656
7591	4664	1023	67	328	7654666
7546	4664	1023	66	329	7654676
7501	4664	1023	66	329	7654686
7458	4664	1017	65	330	7654696
7413	4664	1011	65	330	7654706
7366	4658	1012	65	330	7654716
7325	4658	1012	65	330	7654726
7287	4658	1013	65	330	7654736
7257	4658	1013	65	330	7654746
7232	4650	1014	65	330	7654756
7213	4650	1014	65	330	7654766
7199	4650	1013	65	330	7654776
7190	4650	1002	65	330	7654796
7180	4650	971	64.5	330.5	7654816
7171	4650	523	63.6	333	7654866
36
7173	4632	224	64	334	7655012
7173	4625	232	64	334	7655042
7184	4625	278	64	334	7655052
7193	4636	339	64	334	7655062
7201	4636	436	64	334	7655072
7201	4646	519	64	334	7655082
7210	4646	734	64	334	7655152
7202	4646	861	64	334	7655212
7202	4628	927	64	334	7655222
7202	4605	950	64	334	7655232
7195	4578	962	64	334	7655242
7195	4538	979	64	334	7655252
7182	4507	988	64	334	7655262
7182	4472	992	64	334	7655272
7170	4432	993	64	336	7655282
7170	4407	993	64	336	7655292
7163	4385	992	64	336	7655302
7163	4372	963	64.5455	338.909	7655412
7156	4372	966	65	340	7655422
7156	4379	966	65	340	7655432
7147	4379	969	65	340	7655442
7134	4388	969	65	340	7655452
7110	4395	969	65	340	7655462
7073	4404	974	65	340	7655472
7025	4413	978	65	340	7655482
6962	4413	987	65	340	7655492
6888	4422	995	65	340	7655502
6805	4422	1008	65	340	7655512
6718	4422	1023	65	340	7655522
6636	4422	1023	65	340	7655532
6563	4414	1023	65	340	7655542
6506	4414	1023	65	340	7655552
6464	4414	1023	64	338	7655562
6434	4421	1023	64	338	7655572
6417	4421	999	64	338	7655582
6410	4421	456	64	338	7655612
16
10942	6819	362	64	334	7658292
10957	6830	465	64	334	7658302
10965	6838	605	64	334	7658332
10975	6838	727	64	334	7658342
10989	6838	767	64	334	7658352
11006	6828	809	64	334	7658362
11024	6804	861	64	334	7658372
11038	6763	889	64	334	7658382
11046	6699	907	64	334	7658392
11046	6613	914	64	334	7658402
11023	6515	918	64	336	7658412
10987	6411	917	64	336	7658422
10939	6316	910	64	336	7658432
10893	6240	874	64	338	7658442
10858	6191	717	64	338	7658452
10839	6169	30	64	338	7658472
21
11234	6913	18	64	338	7659173
11234	6954	364	64	338	7659183
11242	6972	488	64	338	7659193
11242	6983	601	64	338	7659203
11242	6990	689	64	338	7659213
11252	6990	740	64	338	7659223
11260	6990	803	64	338	7659233
11269	6981	836	64	338	7659243
11281	6963	880	64	338	7659253
11297	6935	919	64	338	7659262
11311	6886	947	64	338	7659272
11323	6826	969	64	338	7659282
11323	6750	977	64	338	7659292
11323	6665	984	64	338	7659302
11304	6575	988	64	338	7659312
11279	6484	986	64	338	7659322
11249	6402	980	64	338	7659332
11216	6328	959	65	340	7659342
11189	6279	885	65	340	7659352
11167	6244	767	65	340	7659362
11154	6231	243	65	342	7659382
44
11352	6957	281	61	336	7659949
11334	6964	417	62	335	7659969
11327	6971	607	62	335	7659989
11336	6971	699	62	335	7659999
11349	6977	739	63	334	7660009
11370	6977	776	63	334	7660019
11399	6977	802	63	333	7660029
11433	6977	838	63	333	7660039
11474	6977	858	63	333	7660049
11520	6977	870	63	333	7660059
11575	6977	877	64	331	7660069
11637	6977	886	64	331	7660079
11705	6977	891	65	330	7660089
11782	6977	892	65	330	7660099
11860	6967	890	65	330	7660109
11934	6959	892	65	330	7660119
12000	6945	891	65	330	7660129
12053	6927	890	65	330	7660139
12092	6910	891	66	329	7660149
12121	6886	893	66	329	7660159
12139	6867	892	67	328	7660168
12149	6845	892	67	328	7660178
12149	6818	897	67	328	7660188
12149	6786	901	67	328	7660198
12133	6749	907	67	328	7660208
12111	6707	918	67	328	7660218
12082	6662	928	67	328	7660228
12049	6617	941	67	330	7660238
12015	6571	941	67	330	7660248
11976	6526	943	67	330	7660258
11937	6487	944	67	330	7660268
11893	6449	944	68	332	7660278
11839	6416	948	68	332	7660288
11775	6385	950	68	332	7660298
11698	6355	958	68	332	7660308
11610	6325	995	68	332	7660318
11520	6298	1004	68	332	7660328
11430	6270	1023	68	334	7660338
11350	6249	1023	68	334	7660348
11288	6233	1023	67	335	7660358
11248	6223	1017	67	335	7660368
11226	6223	968	67	339	7660378
11220	6223	789	67	339	7660398
11236	6223	127	67	339	7660418
17
12213	6753	163	67	339	7662529
12195	6769	550	67	339	7662539
12178	6769	694	67	339	7662549
12166	6779	803	67	339	7662559
12153	6779	932	66.5	337.5	7662599
12169	6779	990	66	336	7662609
12194	6779	1023	65	337	7662619
12240	6779	1023	65	337	7662629
12309	6779	1023	64	338	7662639
12398	6779	1023	64	338	7662649
12495	6786	1023	64	338	7662659
12587	6795	1023	64	338	7662669
12668	6803	1023	64	338	7662679
12732	6809	1023	65	340	7662689
12776	6809	958	65	340	7662699
12802	6809	841	65	340	7662709
12814	6809	303	65	340	7662729
13
13050	7155	350	63	344	7663501
13077	7180	770	63	342	7663541
13064	7171	929	63	342	7663551
13057	7146	955	63	342	7663561
13046	7101	973	63	344	7663571
13032	7024	979	63	344	7663581
13016	6928	982	63	344	7663591
12997	6826	980	63	344	7663601
12982	6730	969	63	346	7663611
12971	6654	936	63	346	7663621
12971	6600	855	63	346	7663631
12971	6567	677	63	346	7663641
12971	6551	134	64	347	7663661
28
13057	7058	1	65	345	7663761
13057	7113	726	65	345	7663771
13042	7125	786	65	345	7663781
13031	7132	852	65	342	7663791
13019	7132	887	65	342	7663811
13029	7132	897	65	342	7663821
13057	7132	900	65	342	7663831
13104	7138	907	65	340	7663841
13174	7138	918	65	340	7663851
13255	7138	921	65	340	7663861
13336	7138	921	65	340	7663871
13410	7130	925	65	340	7663881
13467	7123	929	65	340	7663891
13511	7114	931	65	340	7663901
13543	7103	937	65	340	7663911
13564	7094	947	65	340	7663921
13576	7086	961	65	340	7663931
13576	7071	975	66	340	7663941
13576	7048	1000	65	337	7663951
13576	7012	1008	66	336	7663961
13560	6959	1023	66	336	7663971
13544	6897	1023	67	339	7663981
13519	6826	1023	67	339	7663991
13490	6751	1023	67	339	7664001
13461	6676	1013	67	339	7664011
13430	6609	958	67	339	7664021
13405	6553	842	67	341	7664031
13381	6509	302	67	341	7664051
12
13002	6581	27	68	348	7664137
12975	6608	803	68	348	7664147
12965	6615	916	68	348	7664167
12956	6623	1015	68	348	7664177
12963	6623	1023	68	348	7664187
12988	6623	1023	67	345	7664197
13029	6631	1023	67	345	7664207
13093	6631	1023	67	345	7664217
13174	6640	1023	67	345	7664227
13258	6649	962	67	345	7664237
13335	6662	785	67	343	7664247
13395	6679	42	67	343	7664267
8
13148	6934	678	65	342	7664365
13148	6997	880	65	342	7664375
13148	7011	998	65	342	7664395
13134	7011	1023	65	342	7664405
13134	6998	1023	65	342	7664415
13149	6967	979	65	342	7664425
13175	6928	817	65	342	7664435
13222	6884	141	65	341	7664455
18
13446	6868	765	65	342	7664525
13431	6890	859	65	342	7664535
13406	6890	941	65	342	7664545
13375	6900	1000	65	342	7664555
13346	6900	1014	65	342	7664565
13325	6900	1014	65	342	7664575
13313	6900	1001	65	342	7664595
13305	6900	976	65	342	7664635
13305	6884	982	65	342	7664645
13305	6859	994	66	342	7664655
13305	6827	1002	66	344	7664665
13312	6790	1012	67	343	7664675
13312	6752	1016	67	343	7664685
13312	6711	1019	67	343	7664695
13312	6675	1009	67	343	7664705
13312	6647	947	67	343	7664715
13312	6621	755	67	343	7664725
13312	6610	13	66.5	343.5	7664745
17
9374	7302	383	58	335	7666109
9357	7302	450	58	335	7666119
9348	7317	564	58	335	7666129
9341	7326	660	58	335	7666139
9341	7333	782	58.75	334	7666179
9354	7341	875	60	335	7666189
9375	7341	895	60	335	7666199
9405	7354	911	60	335	7666209
9444	7363	931	60	335	7666219
9489	7363	945	60	334	7666229
9545	7371	957	60	334	7666239
9615	7371	963	61	333	7666249
9693	7384	962	61	333	7666259
9782	7398	956	61	333	7666269
9864	7405	929	61	333	7666279
9932	7405	843	61	333	7666289
9984	7398	328	61	333	7666309
18
9990	7343	1	61	331	7666625
10016	7388	267	61	331	7666635
10016	7405	412	61	331	7666645
10016	7411	544	61	331	7666655
10009	7411	701	61	331.667	7666685
10009	7395	831	61	333	7666695
10016	7363	877	61	333	7666705
10016	7309	904	61	333	7666715
10023	7243	944	62	335	7666725
10023	7168	966	62	335	7666735
10023	7091	981	62	335	7666745
10013	7019	987	62	335	7666755
9999	6942	986	62	336	7666765
9980	6868	975	62	336	7666775
9964	6806	944	62	336	7666785
9952	6759	892	62	338	7666795
9952	6733	806	63	337	7666805
9952	6718	295	63.75	337.75	7666845
24
9943	6734	656	65	340	7666933
9950	6734	786	65	340	7666943
9950	6726	843	65	340	7666953
9943	6726	921	65	340	7666983
9960	6726	976	65	340	7666993
9987	6726	1001	65	340	7667003
10032	6726	1015	65	340	7667013
10095	6726	1023	65	340	7667023
10177	6726	1023	65	340	7667033
10275	6726	1023	66	340	7667043
10376	6726	1023	66	340	7667053
10479	6726	1023	67	339	7667063
10575	6718	1023	67	339	7667073
10655	6709	1023	66	336	7667083
10730	6701	1023	66	336	7667093
10789	6701	1023	66	336	7667103
10835	6690	1023	66	336	7667113
10866	6690	1023	66	336	7667123
10883	6683	1023	66	336	7667133
10892	6683	1014	66	336	7667143
10899	6676	947	67	335	7667163
10908	6676	835	68	334	7667173
10916	6676	671	68	334	7667183
10925	6676	58	68	334	7667203
18
10838	6299	282	64	325	7667889
10848	6307	383	64	325	7667899
10838	6307	530	64	326	7667919
10817	6307	687	64	326	7667939
10810	6307	826	64	326	7667959
10793	6307	894	65	328	7667969
10770	6298	928	65	327	7667979
10728	6298	962	65	327	7667989
10665	6286	996	66	326	7667999
10583	6272	1023	66	326	7668009
10486	6261	1023	66	326	7668019
10381	6246	1023	66	326	7668029
10280	6232	1023	66	326	7668039
10194	6232	1023	66	326	7668049
10132	6220	1023	66	326	7668059
10097	6220	1023	66	326	7668069
10082	6220	803	65	328	7668099
10090	6220	6	65	330	7668119
22
10064	6218	125	62	324	7668353
10070	6224	674	63.8	324.8	7668403
10070	6218	825	64	326	7668413
10070	6210	854	64	326	7668423
10070	6202	883	65	328	7668433
10070	6177	919	65	328	7668443
10070	6133	950	65	328	7668453
10078	6072	978	65	330	7668463
10078	5984	1006	65	330	7668473
10064	5885	1023	65	330	7668483
10046	5773	1023	65	332	7668493
10021	5661	1023	65	332	7668503
9999	5551	1023	65	332	7668513
9975	5455	1023	65	332	7668523
9958	5379	1023	66	334	7668533
9945	5318	1023	66	334	7668543
9945	5283	1023	66	334	7668553
9939	5263	1023	66	334	7668563
9939	5245	979	66	336	7668573
9939	5232	932	66	336	7668583
9939	5219	853	66	336	7668593
9939	5211	389	67	339	7668633
16
9962	5232	653	66	336	7668741
9942	5232	679	66	336	7668751
9922	5225	802	66	334	7668761
9900	5225	870	66	334	7668771
9882	5225	919	66	334	7668781
9867	5225	936	66	334	7668791
9845	5225	962	66	334	7668801
9810	5216	992	66	336	7668811
9757	5200	1023	66	336	7668821
9683	5175	1023	67	335	7668831
9592	5141	1023	67	338	7668841
9490	5106	1023	68	336	7668851
9380	5069	1023	68	336	7668861
9279	5037	1021	69	339	7668871
9195	5013	947	68	340	7668881
9140	4999	352	67.5	340.5	7668901
