60
25
6486	20095	472	56	332	7357271
6469	20103	576	56	332	7357281
6457	20103	682	57	332	7357291
6447	20103	725	57	332	7357301
6438	20111	751	57	332	7357321
6451	20111	771	58	331	7357331
6473	20111	780	58	333	7357341
6504	20111	786	59	332	7357351
6542	20111	793	59	332	7357361
6581	20097	801	60	332	7357371
6617	20079	808	60	332	7357381
6650	20053	827	61	331	7357391
6680	20018	851	61	331	7357401
6703	19973	914	61	331	7357411
6718	19915	928	61	333	7357421
6727	19846	935	61	333	7357431
6727	19773	954	62	332	7357441
6716	19697	966	63	334	7357451
6699	19622	977	63	333	7357461
6675	19555	979	64	334	7357471
6652	19497	976	64	334	7357481
6635	19458	950	64	336	7357491
6625	19438	889	64	338	7357501
6625	19432	765	64	338	7357511
6616	19432	226	65	340	7357531
32
6751	20091	84	58	330	7358143
6760	20120	326	58	330	7358153
6760	20130	423	59	332	7358163
6760	20139	481	59	332	7358173
6745	20139	497	59	332	7358183
6745	20148	537	59	332	7358193
6754	20148	569	60	331	7358203
6765	20156	641	60	331	7358213
6780	20156	684	60	330	7358223
6798	20156	732	60	330	7358233
6817	20146	771	60	330	7358243
6837	20135	806	60	330	7358253
6856	20122	823	60	330	7358263
6876	20103	851	61	331	7358273
6897	20081	867	61	331	7358283
6918	20052	880	62	330	7358293
6941	20020	888	62	330	7358303
6962	19986	907	63	331	7358313
6982	19945	924	63	331	7358323
6995	19900	931	63	331	7358333
6995	19850	945	63	333	7358343
6995	19798	961	63	333	7358353
6986	19748	972	63	333	7358363
6966	19692	980	64	334	7358373
6941	19635	992	64	334	7358383
6914	19582	991	64	336	7358393
6887	19532	989	64	338	7358403
6867	19496	973	64	338	7358413
6855	19474	936	65	340	7358423
6855	19463	855	65	340	7358433
6848	19463	724	65	342	7358443
6848	19483	190	65	342	7358463
41
6843	20102	185	61	331	7358739
6831	20102	469	61	331	7358749
6824	20102	557	61	331	7358759
6817	20102	625	61	331	7358769
6817	20112	701	61	333	7358789
6825	20122	746	61	333	7358799
6840	20122	761	61	333	7358809
6859	20129	770	61	331	7358819
6885	20129	779	61	331	7358829
6918	20129	788	62	330	7358839
6958	20129	792	62	330	7358849
7000	20129	803	63	329	7358859
7043	20129	818	63	329	7358869
7085	20129	830	63	329	7358879
7127	20121	837	62	327	7358889
7170	20109	837	62	327	7358899
7213	20094	836	63	326	7358909
7257	20074	839	63	326	7358919
7298	20051	837	64	326	7358929
7335	20028	840	64	326	7358939
7370	20003	838	64	326	7358949
7399	19976	846	64	326	7358959
7420	19950	860	65	328	7358969
7433	19921	875	65	328	7358979
7433	19888	895	65	328	7358989
7433	19854	918	65	330	7358999
7418	19816	927	65	330	7359009
7399	19781	931	65	330	7359019
7372	19747	937	65	332	7359029
7338	19717	946	65	332	7359039
7296	19684	954	65	332	7359049
7245	19650	968	66	334	7359059
7186	19617	991	66	334	7359069
7125	19584	997	66	336	7359079
7063	19556	1009	66	336	7359089
7006	19533	1010	66	336	7359099
6961	19516	1010	67	339	7359109
6927	19508	995	67	339	7359119
6905	19508	979	67	339	7359129
6894	19499	778	67	341	7359159
6900	19510	38	67	341	7359179
13
6180	19805	352	62	335	7359435
6165	19811	571	63	334	7359445
6165	19819	721	64	334	7359465
6158	19826	815	64	335	7359485
6177	19837	854	64	336	7359495
6203	19848	870	64	336	7359505
6244	19864	876	64	336	7359515
6299	19881	878	64	336	7359525
6363	19901	875	64	338	7359535
6430	19916	854	64	338	7359545
6491	19927	800	64	338	7359555
6544	19933	682	64	338	7359565
6583	19933	215	64	338	7359585
14
6340	19658	177	63	340	7359683
6289	19628	674	63	340	7359693
6269	19616	802	63	340	7359703
6252	19610	888	63	340	7359713
6239	19610	931	63	342	7359723
6239	19602	962	63	342	7359743
6253	19602	979	63	342	7359753
6284	19610	994	64	341	7359763
6330	19620	1000	64	341	7359773
6390	19634	996	65	340	7359783
6455	19650	991	65	342	7359793
6518	19664	965	65	342	7359803
6575	19675	900	65	342	7359813
6624	19675	354	65	342	7359833
17
7492	19942	461	58	338	7360247
7492	19934	596	58	338	7360257
7480	19926	711	58	340	7360267
7470	19926	796	58	340	7360277
7461	19919	909	59.5	339	7360317
7470	19919	980	60	340	7360327
7489	19919	1005	60	340	7360337
7521	19919	1023	60	340	7360347
7568	19919	1023	61	339	7360357
7632	19919	1023	61	339	7360367
7711	19926	1023	62	338	7360377
7802	19926	1023	62	338	7360387
7896	19939	1023	62	338	7360397
7980	19939	1009	62	338	7360407
8045	19949	928	63	340	7360417
8089	19949	774	63	340	7360427
8112	19949	258	63.5	339.5	7360447
21
6535	19072	260	58	338	7361099
6544	19082	492	59	337	7361109
6551	19082	626	59.5	337	7361129
6562	19082	715	60	338	7361139
6572	19074	761	60	338	7361149
6585	19060	828	60	338	7361159
6601	19038	858	61	339	7361169
6616	19005	898	61	339	7361179
6629	18960	924	63	340	7361189
6636	18909	944	63	340	7361199
6636	18850	957	63	340	7361209
6636	18791	963	63	342	7361219
6628	18731	968	64	341	7361229
6615	18668	965	64	343	7361239
6599	18605	958	65	345	7361249
6577	18550	943	65	345	7361259
6553	18505	905	65	347	7361269
6529	18472	874	65	347	7361279
6509	18454	786	66	349	7361289
6495	18446	637	66	349	7361299
6487	18446	127	66	350	7361319
24
6802	19061	228	60	337	7361607
6802	19083	405	61	336	7361617
6802	19093	521	61	337	7361627
6802	19101	614	62	336	7361637
6802	19107	664	62	336	7361647
6817	19107	711	62	336	7361657
6825	19116	756	62	338	7361667
6835	19116	816	62	338	7361677
6847	19116	858	62	338	7361687
6860	19102	894	62	338	7361697
6876	19082	923	63	340	7361707
6892	19048	963	63	340	7361717
6905	19003	987	64	339	7361727
6914	18939	1004	64	341	7361737
6914	18863	1023	65	340	7361747
6901	18779	1023	65	340	7361757
6883	18691	1023	65	342	7361767
6862	18611	1023	65	342	7361777
6844	18543	1003	65	345	7361787
6832	18497	966	65	345	7361797
6825	18472	905	65	347	7361807
6825	18465	803	65	347	7361817
6816	18475	634	66	349	7361827
6816	18499	92	66	350	7361847
43
6932	19084	88	62	335	7362023
6919	19084	440	62	335	7362033
6909	19077	519	62	335	7362043
6900	19077	601	62	335	7362053
6891	19077	664	62	335.5	7362073
6891	19088	709	62	336	7362083
6898	19088	738	63	335	7362093
6909	19095	767	63	337	7362103
6929	19095	797	64	336	7362113
6955	19095	813	64	336	7362123
6989	19095	821	64	338	7362133
7029	19095	833	64	338	7362143
7074	19084	840	64	338	7362153
7123	19076	851	65	340	7362163
7170	19065	866	65	340	7362173
7216	19052	882	65	340	7362183
7257	19032	895	65	340	7362193
7290	19010	898	65	340	7362203
7317	18986	903	65	340	7362213
7340	18962	904	65	340	7362223
7358	18943	910	65	340	7362233
7369	18922	920	66	340	7362243
7376	18899	928	66	342	7362253
7376	18875	938	67	341	7362263
7369	18844	949	67	341	7362273
7358	18809	954	67	341	7362283
7340	18772	962	67	343	7362293
7318	18731	973	67	343	7362303
7290	18689	972	67	343	7362313
7257	18647	982	67	345	7362323
7221	18597	988	67	345	7362333
7182	18555	993	67	345	7362343
7142	18517	983	67	345	7362353
7106	18485	993	68	348	7362363
7073	18466	986	68	348	7362373
7044	18452	986	68	348	7362383
7020	18445	975	68	348	7362393
7001	18445	956	68	350	7362403
6982	18437	934	68	350	7362413
6968	18437	884	68	350	7362423
6957	18437	790	68	350	7362433
6948	18437	545	67	351	7362443
6942	18437	3	66.5	351	7362463
13
6168	18892	546	64	341	7362747
6161	18892	661	64	341	7362757
6153	18892	792	65	340	7362787
6165	18892	866	64	343	7362797
6186	18892	894	64	343	7362807
6216	18892	909	64	343	7362817
6258	18892	917	64	343	7362827
6313	18892	918	65	342	7362837
6373	18898	914	65	342	7362847
6436	18898	904	65	342	7362857
6498	18898	854	65	345	7362867
6549	18908	703	65	345	7362877
6585	18908	141	65	345	7362897
11
6268	18677	641	63	346	7363003
6233	18654	787	63	346	7363013
6222	18646	851	63	346	7363023
6214	18646	890	63	347	7363043
6231	18646	924	63	348	7363053
6257	18646	935	63	348	7363063
6299	18646	939	63	348	7363073
6352	18655	933	64	347	7363083
6412	18661	897	64	347	7363093
6472	18669	758	65	347	7363103
6526	18675	57	66	349	7363123
15
7405	18855	440	58	347	7363559
7405	18862	666	58	348	7363569
7392	18862	790	59	348	7363579
7384	18862	850	59	348	7363589
7384	18855	900	60	348	7363609
7394	18855	935	61	347	7363619
7416	18855	973	62	349	7363629
7453	18855	992	62	349	7363639
7504	18849	1006	62	349	7363649
7565	18849	1009	62	349	7363659
7630	18849	1010	63	348	7363669
7695	18861	998	63	348	7363679
7758	18868	948	63	348	7363689
7818	18868	832	63	348	7363699
7871	18879	238	63	348	7363719
19
6492	17967	402	59	348	7364295
6492	17989	513	59	348	7364305
6501	17997	643	59	348	7364325
6511	18008	717	60	350	7364335
6522	18008	792	61	349	7364345
6536	18008	823	61	349	7364355
6552	18008	878	62	349	7364365
6570	17990	927	62	349	7364375
6589	17965	957	62	349	7364385
6605	17925	986	62	349	7364395
6617	17869	1000	62	351	7364405
6617	17806	1013	63	350	7364415
6617	17735	1019	63	350	7364425
6601	17662	1021	64	352	7364435
6583	17598	1016	64	352	7364445
6562	17543	998	64	354	7364455
6541	17501	970	64	354	7364465
6525	17476	917	64	354	7364475
6513	17464	431	64.3333	356	7364505
21
6831	18020	296	61	345	7364751
6822	18027	437	61	347	7364761
6812	18034	610	62.25	348	7364801
6819	18034	728	64	350	7364811
6827	18034	792	64	350	7364821
6838	18034	832	64	350	7364831
6850	18026	881	64	350	7364841
6862	18014	912	64	352	7364851
6877	17991	950	64	352	7364861
6891	17959	966	64	352	7364871
6905	17912	997	64	354	7364881
6915	17856	1010	64	354	7364891
6915	17793	1023	64	354	7364901
6915	17726	1023	64	354	7364911
6902	17660	1023	64	356	7364921
6885	17593	1023	64	356	7364931
6865	17536	1023	64	356	7364941
6846	17490	1023	65	356	7364951
6833	17458	981	65	358	7364961
6825	17444	843	66	358	7364981
6825	17462	263	66	358	7365001
40
6915	18012	373	63	346	7365175
6892	18021	501	63	346	7365185
6881	18021	643	63	346	7365195
6871	18021	732	63	346.8	7365245
6885	18021	810	63	348	7365255
6900	18021	832	64	350	7365265
6919	18021	847	64	350	7365275
6945	18021	859	65	349	7365285
6975	18028	873	65	351	7365295
7008	18028	876	66	351	7365305
7045	18028	891	66	351	7365315
7083	18020	893	66	351	7365325
7125	18010	894	66	351	7365335
7170	17999	897	66	351	7365345
7216	17989	894	66	351	7365355
7261	17979	892	66	351	7365365
7301	17967	896	66	349	7365375
7335	17952	899	66	349	7365385
7359	17934	911	66	349	7365395
7377	17910	924	67	348	7365405
7389	17882	941	67	351	7365415
7389	17856	947	68	350	7365425
7395	17829	954	68	350	7365435
7395	17802	964	68	350	7365445
7380	17771	985	68	350	7365455
7365	17736	992	68	350	7365465
7344	17698	998	68	350	7365475
7318	17656	1003	68	350	7365485
7286	17620	1006	68	353	7365495
7249	17586	1007	68	353	7365505
7206	17555	1007	68	353	7365515
7159	17530	1003	68	355	7365525
7105	17507	992	68	355	7365535
7049	17487	999	68	355	7365545
6995	17471	993	68	355	7365555
6950	17460	992	68	355	7365565
6918	17454	979	68	355	7365575
6900	17454	933	68	358	7365585
6892	17454	794	68	358	7365605
6892	17461	157	67	358	7365625
14
6122	17768	436	63	350	7365899
6133	17776	524	63	350	7365909
6141	17776	652	64	350	7365919
6150	17776	728	64	350	7365929
6166	17776	803	64	350	7365939
6192	17776	836	64	350	7365949
6226	17786	852	64	350	7365959
6274	17794	875	64	350	7365969
6331	17805	871	64	350	7365979
6395	17814	852	64	352	7365989
6457	17820	805	64	352	7365999
6511	17820	707	65	351	7366009
6553	17820	539	65	351	7366019
6578	17820	46	66	351	7366039
12
6249	17614	649	64	354	7366147
6216	17592	790	64	354	7366157
6208	17592	876	64	354	7366167
6208	17586	918	64	354	7366177
6201	17586	948	64	354	7366187
6210	17586	976	64	356	7366197
6231	17586	1001	64	356	7366207
6269	17586	1001	64	356	7366217
6322	17596	993	64	356	7366227
6390	17608	973	65	356	7366237
6462	17622	905	65	356	7366247
6532	17640	355	66	356	7366267
16
7410	17846	19	60	351	7366715
7395	17846	423	60	351	7366725
7383	17846	543	61	351	7366735
7375	17838	700	61.5	353	7366755
7367	17838	855	62	353	7366775
7383	17838	941	62	353	7366785
7398	17838	986	62	354	7366795
7421	17838	1015	63	354	7366805
7452	17838	1023	63	354	7366815
7492	17838	1023	64	354	7366825
7544	17838	1023	64	354	7366835
7605	17838	1023	64	354	7366845
7670	17846	1023	64	354	7366855
7737	17852	1010	64	354	7366865
7801	17860	910	64	356	7366875
7857	17866	336	64	356	7366895
19
6423	16945	420	59	350	7367555
6431	16961	536	59	350	7367565
6437	16961	678	60	350	7367585
6447	16961	755	60	350	7367595
6457	16961	802	61	351	7367605
6470	16947	838	61	351	7367615
6488	16928	883	62	351	7367625
6505	16898	914	62	351	7367635
6521	16850	932	62	353	7367645
6532	16794	948	63	352	7367655
6532	16728	958	63	352	7367665
6532	16655	967	64	354	7367675
6519	16587	964	64	354	7367685
6500	16520	966	64	354	7367695
6477	16463	961	64	356	7367705
6451	16422	949	65	356	7367715
6430	16393	923	65	358	7367725
6413	16380	861	66	358	7367735
6402	16380	414	66	358	7367765
23
6733	16996	399	60	348	7368063
6741	17009	489	60	348	7368073
6748	17009	599	62	349	7368083
6748	17016	687	62	349	7368093
6758	17016	741	62	349	7368103
6766	17016	794	62	351	7368113
6778	17016	847	62	351	7368123
6790	17002	875	62	351	7368133
6803	16989	917	63	350	7368143
6818	16964	948	63	352	7368153
6829	16931	966	64	352	7368163
6841	16881	994	64	352	7368173
6841	16819	1017	64	354	7368183
6841	16751	1023	64	354	7368193
6834	16674	1023	64	354	7368203
6815	16599	1023	64	356	7368213
6791	16534	1023	64	356	7368223
6769	16478	1013	64	356	7368233
6750	16443	968	64	358	7368243
6737	16423	920	64	358	7368253
6737	16413	815	64	358	7368263
6730	16413	653	64	358	7368273
6730	16432	35	64	179	7368293
39
6781	16988	401	62	351	7368459
6781	16995	529	62	351	7368469
6781	17002	731	62	349	7368499
6790	17002	817	63	348	7368509
6796	17002	832	63	350	7368519
6810	16995	844	64	350	7368529
6827	16995	862	64	350	7368539
6852	16995	870	64	350	7368549
6885	16995	876	64	350	7368559
6922	16995	882	64	350	7368569
6964	16995	884	64	350	7368579
7012	16995	888	65	349	7368589
7063	16995	889	65	349	7368599
7116	16995	890	66	349	7368609
7167	16995	890	66	349	7368619
7211	16985	892	66	349	7368629
7247	16976	894	66	351	7368639
7277	16961	894	66	351	7368649
7303	16942	901	66	351	7368659
7322	16920	912	66	351	7368669
7335	16890	924	66	351	7368679
7335	16852	926	66	351	7368689
7335	16807	941	66	351	7368699
7320	16751	954	66	351	7368709
7298	16695	962	67	353	7368719
7268	16644	980	67	353	7368729
7234	16594	990	67	353	7368739
7195	16549	989	67	355	7368749
7151	16510	1000	67	355	7368759
7100	16471	993	67	355	7368769
7043	16439	994	67	355	7368779
6980	16415	992	67	358	7368789
6918	16395	996	66	358	7368799
6860	16383	992	66	358	7368809
6809	16375	993	66	358	7368819
6768	16375	981	66	0	7368829
6740	16366	965	66	0	7368839
6723	16366	855	66	0	7368859
6723	16381	268	66	0	7368879
13
6215	16768	471	64	350	7369303
6207	16776	602	64	352	7369313
6207	16782	718	64	352	7369323
6197	16782	848	64	352	7369363
6213	16782	934	64	352	7369373
6232	16782	944	64	352	7369383
6261	16782	951	64	352	7369393
6300	16782	955	64	354	7369403
6346	16782	946	64	354	7369413
6398	16782	921	64	354	7369423
6447	16782	855	64	354	7369433
6490	16782	702	64	354	7369443
6519	16782	162	64	354	7369463
9
6262	16564	354	66	356	7369539
6216	16535	619	65	356	7369549
6203	16527	779	64.5	356	7369569
6194	16520	876	64	357	7369589
6210	16520	901	64	358	7369599
6231	16520	900	64	358	7369609
6261	16520	890	64	358	7369619
6302	16520	832	64	358	7369629
6358	16533	291	64	358	7369649
16
7349	16787	552	61	355	7370107
7340	16796	673	62	354	7370117
7334	16796	799	63	354	7370127
7334	16803	868	63.5	354	7370147
7343	16803	921	64	354	7370157
7358	16803	962	64	354	7370167
7383	16811	982	65	354	7370177
7421	16811	1001	65	354	7370187
7469	16820	1012	66	353	7370197
7521	16826	1016	66	356	7370207
7576	16826	1016	66	356	7370217
7634	16837	1003	66	356	7370227
7689	16837	974	66	356	7370237
7742	16846	883	66	356	7370247
7788	16846	684	66	356	7370257
7822	16846	45	66	356	7370277
21
6385	15877	317	66	351	7371019
6391	15892	508	66	353	7371039
6391	15901	663	66	353	7371059
6402	15901	753	66	353	7371069
6411	15901	815	66	353	7371079
6422	15901	870	66	353	7371089
6434	15888	919	66	353	7371099
6449	15868	948	66	353	7371109
6465	15837	966	66	353	7371119
6480	15793	973	66	356	7371129
6493	15740	985	66	356	7371139
6500	15678	994	66	356	7371149
6500	15612	995	66	356	7371159
6486	15548	995	66	356	7371169
6467	15484	992	66	358	7371179
6443	15430	986	66	358	7371189
6418	15386	955	66	358	7371199
6396	15357	922	66	358	7371209
6378	15344	844	66	0	7371219
6367	15344	704	66	0	7371229
6367	15366	215	66	0	7371249
22
6684	15951	373	62	353	7371543
6684	15964	485	63	352	7371553
6684	15975	595	63	352	7371563
6691	15975	678	64	352	7371573
6691	15985	741	64	352	7371583
6705	15985	793	64	354	7371593
6713	15985	855	64	354	7371603
6722	15985	904	64	354	7371613
6732	15972	947	64	354	7371623
6743	15943	981	64	354	7371633
6753	15901	1009	65	356	7371643
6753	15845	1023	65	356	7371653
6753	15774	1023	66	356	7371663
6753	15693	1023	66	356	7371673
6735	15614	1023	66	358	7371683
6718	15537	1023	66	358	7371693
6698	15475	1017	66	358	7371703
6681	15434	975	66	358	7371713
6671	15409	904	66	0	7371723
6664	15409	807	66	0	7371733
6664	15417	622	66	0	7371743
6664	15445	50	66	0	7371763
40
6763	15991	432	62	351	7371951
6749	15991	563	62	349	7371961
6741	15991	705	62	351	7371971
6735	15991	815	63.6	350.8	7372021
6750	15984	868	64	352	7372031
6765	15984	881	64	352	7372041
6786	15984	890	64	354	7372051
6817	15984	895	65	354	7372061
6855	15984	898	65	354	7372071
6903	15984	902	66	353	7372081
6958	15984	912	66	353	7372091
7013	15984	916	66	353	7372101
7067	15984	919	66	353	7372111
7118	15973	920	66	353	7372121
7164	15965	921	66	353	7372131
7205	15952	925	66	353	7372141
7241	15938	925	66	353	7372151
7272	15919	935	66	353	7372161
7296	15896	948	67	353	7372171
7313	15871	957	67	353	7372181
7324	15841	963	68	353	7372191
7324	15807	965	68	353	7372201
7324	15773	975	68	353	7372211
7324	15740	988	68	353	7372221
7310	15705	988	68	353	7372231
7293	15675	992	68	353	7372241
7271	15646	995	68	355	7372251
7239	15614	996	68	355	7372261
7199	15586	1001	68	355	7372271
7150	15554	1009	68	355	7372281
7094	15521	1023	68	355	7372291
7032	15490	1023	68	358	7372301
6968	15461	1023	68	358	7372311
6911	15438	1023	68	358	7372321
6866	15424	1023	68	358	7372331
6832	15414	1023	68	0	7372341
6812	15414	1023	68	0	7372351
6801	15407	995	68	0	7372361
6794	15407	893	68	0	7372381
6794	15417	278	68	0	7372401
15
6080	15673	573	64	356	7372683
6060	15693	668	64	356	7372693
6053	15700	786	64	356	7372703
6046	15700	862	64	354	7372723
6046	15706	904	64	354	7372733
6058	15706	949	64	354	7372743
6081	15706	975	64	354	7372753
6119	15706	983	64	354	7372763
6170	15716	991	64	354	7372773
6233	15724	993	65	354	7372783
6301	15731	979	65	354	7372793
6370	15739	943	66	356	7372803
6433	15747	859	66	356	7372813
6482	15747	681	66	356	7372823
6512	15747	170	66	356	7372843
10
6172	15499	647	66	358	7372923
6131	15474	739	66	358	7372933
6124	15474	827	66	358	7372943
6124	15467	880	66	358	7372953
6132	15467	911	66	358	7372963
6147	15467	925	66	0	7372973
6172	15474	926	66	0	7372983
6210	15474	918	66	0	7372993
6260	15489	852	66	0	7373003
6326	15502	325	66	0	7373023
17
7454	15837	9	60	350	7373299
7429	15817	713	61	351	7373309
7415	15809	778	61	351	7373319
7405	15809	854	62	351	7373329
7397	15809	914	62	352	7373349
7410	15809	959	63	352	7373359
7431	15809	986	64	352	7373369
7461	15809	1000	65	351	7373379
7500	15809	1023	66	353	7373389
7543	15809	1023	66	353	7373399
7594	15809	1023	67	353	7373409
7643	15818	1023	67	353	7373419
7692	15818	1023	68	353	7373429
7739	15818	1023	68	353	7373439
7775	15818	956	68	355	7373449
7811	15818	825	68	355	7373459
7838	15818	133	68	355	7373479
22
6419	14976	69	62	351	7374043
6433	14998	222	62	351	7374053
6439	15006	373	62	351	7374063
6439	15012	505	62	351	7374073
6450	15012	593	63	350	7374083
6450	15019	673	63	350	7374093
6460	15019	732	64	350	7374103
6467	15019	791	64	350	7374113
6478	15019	834	64	350	7374123
6491	15012	887	64	350	7374133
6506	14993	926	65	349	7374143
6519	14963	933	65	349	7374153
6529	14923	960	66	349	7374163
6538	14870	971	66	351	7374173
6538	14817	974	66	351	7374183
6538	14760	976	66	351	7374193
6530	14697	967	66	351	7374203
6514	14639	936	66	351	7374213
6494	14582	901	66	353	7374223
6468	14532	825	66	353	7374233
6444	14495	682	66	353	7374243
6428	14472	137	66	354.5	7374263
25
6667	14950	65	61	347	7374547
6674	14975	309	62	349	7374557
6674	14986	401	62	349	7374567
6685	14996	510	63	348	7374577
6692	15004	572	63	348	7374587
6703	15012	621	63	348	7374597
6716	15019	701	63	348	7374607
6730	15019	750	63	348	7374617
6744	15019	800	63	348	7374627
6756	15012	866	64	350	7374637
6769	14995	902	64	350	7374647
6781	14965	939	64	350	7374657
6792	14922	970	65	349	7374667
6801	14867	989	65	349	7374677
6801	14803	1006	66	351	7374687
6801	14732	1023	66	351	7374697
6788	14654	1023	66	351	7374707
6769	14576	1023	66	351	7374717
6747	14506	1014	66	353	7374727
6724	14447	996	66	353	7374737
6705	14408	947	66	353	7374747
6693	14390	874	66	356	7374757
6687	14390	732	66	356	7374767
6687	14407	502	66	356	7374777
6687	14438	8	66	357	7374797
41
6801	14987	207	63	348	7374987
6794	14995	406	63	346	7374997
6794	15003	525	63	346	7375007
6783	15003	683	63	346	7375037
6783	15010	746	63	348	7375047
6792	15010	773	63	348	7375057
6808	15010	794	63	348	7375067
6829	15017	817	64	347	7375077
6855	15017	845	64	347	7375087
6887	15017	864	65	347	7375097
6925	15017	880	66	349	7375107
6968	15017	888	66	349	7375117
7017	15008	891	66	349	7375127
7070	15001	893	66	349	7375137
7125	14993	894	66	349	7375147
7179	14982	895	66	349	7375157
7230	14970	895	66	349	7375167
7273	14957	898	66	349	7375177
7305	14943	903	67	348	7375187
7327	14926	912	67	348	7375197
7340	14907	922	68	348	7375207
7340	14885	932	68	348	7375217
7340	14852	949	68	348	7375227
7334	14817	969	68	348	7375237
7318	14777	995	68	348	7375247
7298	14734	1009	68	348	7375257
7272	14694	1015	68	348	7375267
7239	14649	1023	68	348	7375277
7200	14606	1023	68	350	7375287
7155	14562	1023	68	350	7375297
7106	14520	1023	68	350	7375307
7053	14484	1023	68	350	7375317
7001	14451	1023	68	350	7375327
6948	14426	1023	68	353	7375337
6901	14407	1023	68	353	7375347
6858	14396	1018	68	353	7375357
6825	14396	1012	68	355	7375367
6798	14396	954	68	355	7375377
6780	14396	912	68	355	7375387
6769	14402	793	68	355	7375397
6763	14410	268	68	355	7375417
14
6095	14757	356	64	350	7375691
6074	14766	554	65	349	7375711
6074	14775	767	65.6667	348.333	7375741
6081	14783	845	66	349	7375751
6095	14783	902	66	349	7375761
6117	14789	928	66	349	7375771
6149	14789	943	66	349	7375781
6192	14802	946	66	349	7375791
6246	14812	943	66	349	7375801
6305	14824	929	66	349	7375811
6365	14833	877	66	349	7375821
6419	14841	758	66	349	7375831
6456	14841	518	66	351	7375841
6476	14833	8	66	351	7375861
8
6168	14595	587	66	353	7375939
6128	14573	798	66	353	7375979
6148	14573	921	66	353	7375989
6171	14573	934	66	353	7375999
6202	14583	938	66	353	7376009
6239	14583	918	66	353	7376019
6282	14596	847	66	353	7376029
6333	14607	299	66	353	7376049
15
7350	14807	667	63	348	7376375
7330	14807	754	63	348	7376385
7321	14798	861	64	347	7376395
7312	14798	951	65.6667	349	7376425
7321	14798	987	67	348	7376435
7337	14798	1021	67	348	7376445
7370	14798	1023	68	348	7376455
7416	14798	1023	68	350	7376465
7474	14806	1023	68	350	7376475
7545	14806	1023	68	350	7376485
7608	14816	1023	68	350	7376495
7663	14816	1023	68	350	7376505
7710	14823	964	68	350	7376515
7740	14823	803	68	350	7376525
7760	14823	86	68	350	7376545
21
6361	13964	220	68	348	7377087
6361	13986	424	68	348	7377097
6361	13994	594	68	350	7377117
6361	14004	704	67	351	7377127
6368	14004	761	67	351	7377137
6375	14004	807	66	351	7377147
6385	14004	834	66	351	7377157
6396	14004	875	66	351	7377167
6413	13993	917	66	351	7377177
6432	13972	940	66	351	7377187
6451	13939	958	66	351	7377197
6472	13887	973	66	351	7377207
6482	13827	985	66	351	7377217
6482	13763	989	66	353	7377227
6469	13693	992	66	353	7377237
6446	13632	980	66	353	7377247
6419	13584	970	66	353	7377257
6391	13543	926	66	353	7377267
6367	13520	864	66	353	7377277
6350	13508	720	66	356	7377287
6340	13508	196	66	356	7377307
22
6670	13985	321	62	349	7377563
6662	13995	470	62.5	348.5	7377583
6662	14002	582	63	350	7377593
6672	14002	639	64	350	7377603
6681	14008	690	64	350	7377613
6692	14008	743	64	350	7377623
6705	14008	807	65	351	7377633
6718	14008	853	65	351	7377643
6732	13992	891	66	351	7377653
6746	13973	921	66	351	7377663
6759	13944	950	66	353	7377673
6772	13899	976	66	353	7377683
6772	13847	1010	66	353	7377693
6772	13786	1023	66	353	7377703
6772	13722	1023	66	353	7377713
6755	13657	1023	66	356	7377723
6735	13598	1023	66	356	7377733
6716	13542	1017	66	356	7377743
6700	13504	971	66	356	7377753
6690	13487	881	66	356	7377763
6690	13480	733	66	358	7377773
6690	13497	187	66	358	7377793
38
6744	14032	358	64	350	7377979
6735	14040	489	63	348	7377989
6735	14050	753	64.3333	348.833	7378049
6753	14050	867	66	349	7378059
6774	14050	881	66	349	7378069
6803	14050	895	66	349	7378079
6838	14056	910	66	349	7378089
6879	14056	920	66	349	7378099
6927	14056	919	66	349	7378109
6978	14050	922	66	349	7378119
7035	14050	918	67	348	7378129
7092	14050	918	67	348	7378139
7146	14037	921	68	348	7378149
7196	14022	921	68	348	7378159
7236	14007	921	68	348	7378169
7270	13986	924	68	348	7378179
7294	13964	924	68	348	7378189
7312	13942	934	68	348	7378199
7323	13920	949	68	348	7378209
7323	13894	956	68	348	7378219
7323	13868	978	68	348	7378229
7317	13840	987	69	347	7378239
7302	13806	998	69	350	7378249
7281	13775	1009	70	349	7378259
7255	13741	1014	70	349	7378269
7222	13708	1013	70	349	7378279
7184	13677	1017	70	352	7378289
7140	13645	1023	70	352	7378299
7092	13616	1023	70	352	7378309
7042	13588	1023	70	352	7378319
6990	13565	1023	70	352	7378329
6944	13543	1023	70	355	7378339
6901	13523	1023	69	355	7378349
6866	13506	1023	69	355	7378359
6840	13494	1009	68	355	7378369
6823	13494	958	68	358	7378379
6813	13486	802	68	358	7378399
6813	13501	152	68	358	7378419
12
6048	13847	588	65	349	7378657
6035	13840	815	66	349	7378687
6048	13840	922	66	349	7378697
6068	13840	940	66	349	7378707
6098	13840	958	66	351	7378717
6137	13840	960	66	351	7378727
6182	13840	960	66	351	7378737
6235	13840	943	66	351	7378747
6289	13849	892	66	351	7378757
6340	13849	783	66	351	7378767
6382	13849	548	66	353	7378777
6406	13840	20	66.5	353	7378797
10
6127	13677	566	66	356	7378875
6079	13669	670	66	356	7378885
6068	13662	848	66	356	7378915
6075	13662	925	66	356	7378925
6096	13662	938	66	356	7378935
6131	13668	937	66	358	7378945
6175	13668	926	66	358	7378955
6226	13668	874	66	358	7378965
6285	13677	724	66	358	7378975
6352	13677	63	66	358	7378995
14
7313	13893	631	69	341	7379249
7320	13887	843	69	345	7379279
7331	13887	912	69	347	7379289
7348	13879	969	68	350	7379299
7375	13879	983	68	350	7379309
7412	13879	998	68	350	7379319
7460	13879	1003	68	350	7379329
7519	13879	1008	68	350	7379339
7583	13879	1004	68	353	7379349
7643	13879	994	68	353	7379359
7695	13887	975	68	353	7379369
7735	13887	918	68	353	7379379
7762	13898	739	68	353	7379389
7775	13898	85	68	353	7379409
22
6306	13061	259	64	350	7379915
6306	13079	356	65	349	7379925
6314	13087	493	65	349	7379935
6314	13093	592	66	349	7379945
6321	13093	661	66	351	7379955
6329	13093	714	66	351	7379965
6341	13093	777	65	351	7379975
6355	13093	821	65	351	7379985
6370	13093	861	64	352	7379995
6386	13079	906	64	352	7380005
6400	13055	931	64	352	7380015
6409	13016	947	64	354	7380025
6417	12958	954	65	354	7380035
6417	12895	949	65	354	7380045
6407	12827	949	66	353	7380055
6395	12762	939	66	353	7380065
6375	12707	906	66	356	7380075
6351	12659	868	66	356	7380085
6327	12621	816	66	356	7380095
6303	12594	712	66	356	7380105
6283	12576	573	66	358	7380115
6270	12576	108	66	358	7380135
22
6656	13114	423	60	348	7380419
6656	13121	505	61	349	7380429
6649	13121	653	62	349.667	7380459
6656	13121	761	63	350	7380469
6662	13121	814	63	350	7380479
6672	13121	865	64	352	7380489
6684	13105	912	64	352	7380499
6696	13088	947	64	352	7380509
6711	13062	977	64	352	7380519
6726	13027	999	65	354	7380529
6738	12980	1014	65	354	7380539
6747	12931	1023	66	353	7380549
6747	12875	1023	66	353	7380559
6738	12818	1023	66	356	7380569
6725	12762	1023	66	356	7380579
6705	12702	1023	66	356	7380589
6684	12648	1023	66	356	7380599
6665	12602	1023	66	356	7380609
6647	12572	994	66	358	7380619
6636	12553	933	66	358	7380629
6630	12553	686	66	358	7380649
6630	12571	48	66	179	7380669
39
6729	13101	318	62	351	7380819
6715	13125	507	62	351	7380829
6707	13133	642	62	351	7380839
6701	13133	772	63.4	348.8	7380889
6719	13133	819	64	350	7380899
6739	13133	831	64	350	7380909
6767	13133	840	65	351	7380919
6801	13133	849	65	351	7380929
6841	13124	855	66	351	7380939
6885	13124	855	66	351	7380949
6930	13113	858	66	351	7380959
6977	13103	861	66	351	7380969
7020	13092	861	66	351	7380979
7060	13076	862	66	351	7380989
7095	13061	861	66	351	7380999
7123	13044	867	66	351	7381009
7147	13025	870	66	351	7381019
7164	13008	882	66	351	7381029
7176	12987	895	66	351	7381039
7184	12965	908	66	351	7381049
7184	12942	923	66	351	7381059
7184	12915	938	66	351	7381069
7184	12889	948	67	351	7381079
7176	12863	957	67	351	7381089
7161	12831	967	68	350	7381099
7140	12798	986	68	353	7381109
7110	12761	992	68	353	7381119
7076	12723	1009	68	353	7381129
7035	12688	1007	68	353	7381139
6986	12656	1002	68	353	7381149
6930	12627	1006	68	353	7381159
6870	12600	1001	68	355	7381169
6803	12577	1001	68	355	7381179
6736	12555	1003	68	355	7381189
6678	12538	1000	68	355	7381199
6631	12528	997	68	355	7381209
6602	12528	968	68	355	7381219
6588	12528	773	68	358	7381249
6595	12542	2	68	358	7381269
13
6081	12896	594	66	349	7381512
6055	12896	665	66	349	7381522
6047	12902	845	66	349	7381562
6073	12902	913	66	349	7381571
6105	12914	929	66	351	7381581
6147	12925	932	66	351	7381591
6198	12934	929	66	351	7381601
6252	12934	917	66	351	7381611
6300	12942	870	66	351	7381621
6342	12942	787	66	353	7381631
6372	12942	632	66	353	7381641
6389	12928	336	66	353	7381651
6389	12913	32	66	353	7381671
12
6149	12785	459	66	356	7381740
6100	12773	663	66	356	7381750
6085	12766	784	66	356	7381760
6075	12760	875	66	356	7381770
6066	12760	914	66	356	7381780
6066	12752	941	66	356	7381800
6079	12752	954	66	356	7381810
6100	12745	954	66	356	7381820
6131	12745	943	66	356	7381830
6173	12745	895	66	356	7381840
6225	12745	765	66	358	7381850
6284	12760	135	66	358	7381869
15
7229	12925	646	67	345	7382156
7206	12918	763	66	346	7382166
7199	12906	854	67	348	7382176
7191	12906	932	66	349	7382186
7191	12898	967	66	351	7382206
7207	12898	1009	66	351	7382216
7227	12898	1018	66	351	7382226
7259	12898	1023	66	353	7382236
7303	12898	1023	66	353	7382246
7354	12908	1023	66	353	7382256
7410	12908	1023	66	353	7382266
7462	12919	988	66	353	7382276
7509	12919	922	66	353	7382286
7547	12930	731	66	356	7382296
7576	12938	47	66	356	7382316
26
6257	11963	242	61	347	7385572
6265	11986	388	61	347	7385582
6265	11994	521	61	349	7385602
6265	12004	611	60	350	7385612
6271	12004	642	60	350	7385622
6282	12015	680	60	350	7385632
6294	12022	727	60	350	7385642
6309	12022	770	60	350	7385652
6324	12022	803	60	350	7385662
6336	12022	823	60	350	7385672
6345	12022	836	60	350	7385682
6352	12015	854	60	350	7385692
6361	12001	879	60	350	7385702
6375	11976	883	60	350	7385712
6391	11935	888	60	351	7385722
6410	11884	891	60	351	7385732
6423	11829	895	60	351	7385742
6431	11770	895	60	351	7385752
6431	11711	896	60	351	7385762
6412	11650	895	60	351	7385772
6391	11594	883	60	351	7385782
6366	11547	868	60	351	7385792
6340	11508	827	61	351	7385802
6318	11484	765	61	351	7385812
6303	11469	473	62	353	7385832
6303	11481	15	62	353	7385852
21
6591	12098	373	57	346	7386096
6591	12106	624	57.5	347	7386136
6599	12106	766	59	346	7386146
6607	12106	793	59	346	7386156
6618	12106	838	59	348	7386166
6630	12092	861	59	348	7386176
6645	12074	884	59	348	7386186
6660	12044	904	59	348	7386196
6673	12004	920	59	348	7386206
6684	11949	938	59	348	7386216
6684	11887	942	60	350	7386226
6684	11820	950	60	350	7386236
6671	11748	951	60	350	7386246
6652	11679	946	60	350	7386256
6630	11615	940	60	350	7386266
6605	11562	903	60	351	7386276
6585	11526	862	61	351	7386286
6569	11508	788	61	351	7386296
6561	11508	690	62	351	7386306
6561	11527	393	62	351	7386316
6571	11567	33	62	353	7386336
39
6702	12101	176	58	347	7386584
6690	12107	269	59	346	7386594
6682	12107	367	59	346	7386604
6668	12107	462	59	346	7386614
6668	12101	600	59	346	7386654
6675	12101	724	59	346	7386664
6684	12107	756	59	346	7386674
6694	12107	779	59	346	7386684
6707	12107	795	59	346	7386694
6726	12107	800	59	346	7386704
6750	12107	803	59	346	7386714
6780	12107	807	59	346	7386724
6815	12107	808	60	346	7386734
6851	12100	809	60	346	7386744
6885	12100	811	61	345	7386754
6915	12087	810	61	345	7386764
6938	12074	814	61	345	7386774
6957	12057	821	61	345	7386784
6971	12033	830	61	345	7386794
6978	12005	837	61	345	7386804
6978	11969	844	61	345	7386814
6978	11929	865	61	345	7386824
6966	11883	873	61	347	7386834
6947	11834	884	61	347	7386844
6923	11785	895	61	347	7386854
6894	11736	904	61	347	7386864
6864	11696	911	61	347	7386874
6834	11658	912	61	347	7386884
6804	11632	918	62	349	7386894
6771	11612	921	62	349	7386904
6734	11595	927	62	349	7386914
6692	11581	933	62	349	7386924
6648	11566	964	62	349	7386934
6609	11552	966	62	349	7386944
6578	11543	963	62	349	7386954
6557	11536	934	62	349	7386964
6546	11536	831	62	351	7386984
6558	11536	570	62	351	7386994
6578	11554	41	62	351	7387014
16
6081	11835	531	59	346	7387348
6045	11835	606	59	346	7387358
6030	11835	716	59	346	7387368
6008	11835	807	59	347.333	7387398
6021	11835	875	60	348	7387408
6039	11835	898	60	348	7387418
6066	11835	927	61	347	7387428
6100	11835	940	61	347	7387438
6138	11835	944	61	347	7387448
6180	11835	945	61	347	7387458
6225	11845	933	61	347	7387468
6270	11845	898	62	349	7387478
6318	11856	825	62	349	7387488
6364	11856	654	62	349	7387498
6400	11862	284	62	349	7387508
6419	11862	1	62	349	7387528
12
6144	11684	343	62	351	7387604
6099	11652	642	62	351	7387614
6084	11641	736	62	351	7387624
6073	11635	832	62	351	7387634
6064	11635	875	62	351	7387644
6064	11627	903	62	351	7387664
6077	11627	928	62	351	7387674
6096	11627	932	62	351	7387684
6125	11636	928	62	351	7387694
6167	11636	894	62	351	7387704
6220	11651	768	62	351	7387714
6282	11662	118	62	351	7387734
17
7017	11939	394	59	345	7388052
7006	11932	718	59	345	7388062
6990	11932	864	59	346	7388102
6990	11924	958	60	346	7388112
6998	11924	992	60	346	7388122
7008	11924	1023	61	347	7388132
7023	11918	1023	61	347	7388142
7049	11918	1023	61	347	7388152
7084	11918	1023	61	347	7388162
7129	11911	1023	61	347	7388172
7185	11911	1023	61	347	7388182
7245	11911	1023	61	347	7388192
7305	11911	1023	61	347	7388202
7361	11911	957	61	347	7388212
7407	11905	859	61	347	7388222
7443	11898	602	61	347	7388232
7464	11885	56	61	347	7388252
24
6209	11114	289	62	349	7388656
6209	11135	418	62	349	7388666
6219	11144	538	62	349	7388676
6219	11151	616	62	351	7388686
6227	11151	674	62	351	7388696
6227	11157	732	62	351	7388706
6240	11157	796	62	351	7388716
6250	11150	834	62	351	7388726
6260	11142	874	62	351	7388736
6275	11125	897	62	351	7388746
6290	11099	922	62	353	7388756
6304	11062	931	62	353	7388766
6318	11010	956	62	353	7388776
6329	10955	958	62	353	7388786
6329	10889	963	62	354	7388796
6329	10827	961	62	354	7388806
6329	10768	950	62	354	7388816
6314	10720	940	62	356	7388826
6300	10684	897	62	356	7388836
6285	10656	843	62	356	7388846
6271	10645	715	62	358	7388856
6257	10645	574	62	358	7388866
6247	10653	285	62	358	7388876
6240	10674	5	62	179	7388896
22
6505	11254	295	58	349	7389144
6505	11270	649	58	348.333	7389174
6505	11277	778	59	348	7389184
6514	11277	817	59	348	7389194
6521	11277	852	59	348	7389204
6527	11269	896	59	348	7389214
6539	11256	931	60	348	7389224
6552	11234	949	61	349	7389234
6568	11199	964	62	349	7389244
6584	11154	979	62	349	7389254
6596	11102	1002	62	351	7389264
6596	11037	1006	62	351	7389274
6596	10969	1000	62	351	7389284
6589	10893	1001	63	352	7389294
6573	10817	999	63	352	7389304
6553	10753	987	64	354	7389314
6533	10701	954	64	354	7389324
6516	10668	918	64	356	7389334
6505	10653	838	64	356	7389344
6498	10653	708	64	356	7389354
6498	10668	422	64	358	7389364
6498	10699	12	64	358	7389384
38
6558	11226	496	60	350	7389528
6546	11235	618	59.5	349	7389548
6546	11243	727	59	348	7389578
6555	11243	736	59	348	7389588
6567	11243	751	59	348	7389598
6583	11243	766	60	348	7389608
6602	11243	773	60	348	7389618
6626	11234	777	62	349	7389628
6655	11234	777	62	349	7389638
6688	11226	779	62	349	7389648
6724	11226	787	62	349	7389658
6766	11214	802	62	349	7389668
6810	11202	801	62	349	7389678
6851	11190	801	62	349	7389688
6887	11173	808	62	349	7389698
6918	11155	811	62	349	7389708
6939	11137	821	62	349	7389718
6952	11112	837	62	351	7389728
6959	11085	850	63	350	7389738
6959	11053	870	63	350	7389748
6959	11014	891	64	350	7389758
6947	10975	907	64	352	7389768
6935	10933	910	64	352	7389778
6917	10889	926	64	352	7389788
6895	10845	939	64	354	7389798
6867	10803	946	64	354	7389808
6836	10762	948	64	354	7389818
6803	10724	958	64	356	7389828
6768	10695	955	64	356	7389838
6732	10669	956	64	356	7389848
6692	10654	953	64	358	7389858
6655	10644	955	64	358	7389868
6619	10636	950	64	358	7389878
6589	10636	937	64	358	7389888
6567	10629	889	64	0	7389898
6550	10629	809	64	0	7389908
6540	10629	587	64	0	7389918
6540	10636	54	64	0	7389938
13
5973	10878	538	62	353	7390192
5980	10885	628	62	353	7390202
5972	10892	766	62	353	7390222
5958	10892	834	62	354	7390232
5966	10892	877	62	354	7390242
5980	10902	911	62	354	7390252
6005	10909	925	62	354	7390262
6039	10917	931	62	354	7390272
6081	10925	923	62	354	7390282
6128	10932	883	62	354	7390292
6173	10939	814	62	354	7390302
6215	10939	657	62	354	7390312
6248	10939	159	62	356	7390332
10
6057	10732	650	62	358	7390420
6016	10708	761	62	358	7390430
6005	10708	861	62	358	7390440
5995	10701	928	63.3333	358	7390470
6012	10701	956	64	358	7390480
6033	10701	962	64	358	7390490
6067	10701	942	64	358	7390500
6111	10708	896	64	358	7390510
6163	10719	793	64	358	7390520
6223	10728	245	64	358	7390540
13
7021	11018	742	61	345	7390808
6997	11018	821	61	347	7390818
6979	11018	912	61	347	7390828
6972	11018	976	61.5	348	7390848
6980	11018	1003	62	349	7390858
7003	11018	1017	62	351	7390868
7041	11018	1023	62	351	7390878
7095	11030	1023	62	353	7390888
7166	11038	1023	62	353	7390898
7251	11049	1023	62	354	7390908
7343	11062	998	63	354	7390918
7433	11076	814	63	354	7390928
7506	11084	13	64	356	7390948
