51
19
13470	19406	396	66.3333	213.333	991092
13484	19413	550	66	214	991112
13492	19413	638	66	214	991142
13500	19420	759	66	215	991162
13514	19420	825	66	216	991172
13530	19420	851	66	216	991182
13552	19420	890	66	216	991192
13585	19426	901	66	216	991202
13623	19426	928	66	216	991212
13665	19426	936	65	218	991222
13703	19426	944	65	218	991232
13736	19419	943	65	218	991242
13764	19419	944	65	218	991252
13782	19419	942	65	218	991262
13796	19419	935	65	218	991272
13803	19428	848	65	218	991322
13794	19428	653	65	218	991332
13780	19428	445	65	218	991342
13760	19418	29	65	218	991362
24
13529	19174	213	67	212	991508
13519	19151	257	67	212	991518
13519	19144	280	67	212	991528
13512	19144	307	67	212	991538
13512	19137	325	67	212	991548
13500	19137	367	67	212	991558
13492	19137	459	67	212	991578
13483	19130	675	67	212	991618
13494	19130	784	67	212	991628
13506	19130	810	67	212	991638
13528	19139	824	66	214	991648
13554	19139	864	66	214	991658
13589	19148	875	66	214	991668
13628	19148	904	66	214	991678
13665	19148	928	66	214	991688
13703	19148	934	66	214	991698
13732	19148	936	66	214	991708
13755	19148	935	66	214	991718
13770	19148	930	66	216	991728
13776	19148	904	66	216	991738
13776	19155	854	66	216	991758
13755	19155	741	66	216	991768
13735	19155	621	66	216	991778
13707	19155	78	66	216	991798
20
13739	19604	62	64	215	992036
13739	19612	332	64	215	992066
13739	19621	479	63	217	992076
13746	19621	518	63	217	992086
13746	19629	572	63	217	992106
13746	19637	636	63	217	992116
13753	19637	711	64	220	992146
13759	19627	754	64	222	992156
13766	19596	761	64	222	992166
13775	19546	792	64	222	992176
13786	19473	798	64	222	992186
13802	19381	806	64	222	992196
13816	19284	806	64	222	992206
13827	19187	809	65	220	992216
13833	19106	810	65	220	992226
13833	19046	803	65	220	992236
13827	19008	777	65	218	992246
13819	18989	726	65	218	992256
13813	18982	604	65.5	217	992276
13813	19001	130	65.5	215.5	992296
47
13787	19512	14	64	215	992440
13779	19526	256	64	215	992460
13771	19539	428	63	217	992480
13771	19549	496	63	217	992490
13764	19549	539	63	217	992510
13764	19557	707	63.5	220.5	992590
13777	19551	814	64	222	992600
13787	19551	825	64	222	992610
13803	19551	827	64	222	992620
13821	19551	843	64	222	992630
13845	19543	849	64	222	992640
13875	19543	869	64	222	992650
13909	19543	874	64	222	992660
13950	19543	878	64	222	992670
13997	19543	881	64	222	992680
14049	19543	888	63	223	992690
14105	19537	891	63	222	992700
14159	19525	897	63	222	992710
14209	19512	909	62	220	992720
14250	19500	918	62	220	992730
14287	19489	916	62	220	992740
14317	19481	920	62	220	992750
14340	19475	920	62	220	992760
14360	19466	916	62	220	992770
14376	19457	908	62	220	992780
14390	19441	905	62	220	992790
14401	19421	903	62	220	992800
14410	19392	898	62	220	992810
14410	19361	896	62	220	992820
14410	19329	894	62	220	992830
14403	19287	892	62	220	992840
14385	19243	890	62	220	992850
14357	19195	887	62	220	992860
14321	19142	887	63	219	992870
14279	19095	880	63	219	992880
14232	19053	876	63	219	992890
14181	19021	873	63	217	992900
14130	18999	864	63	217	992910
14074	18986	859	64	215	992920
14019	18986	851	64	215	992930
13968	18986	851	64	215	992940
13923	18986	851	64	214	992950
13889	18980	852	64	214	992960
13865	18980	853	65	212	992970
13851	18973	856	65	211	992990
13845	18973	823	65	208.5	993070
13858	18973	211	65	208	993090
19
14420	19295	173	62	214	993412
14420	19303	312	61.5	216.5	993432
14420	19311	499	62	217	993462
14420	19320	603	61	217	993482
14420	19332	696	61	218	993502
14420	19341	818	61	218	993532
14433	19341	866	61	218	993542
14450	19341	876	61	218	993552
14473	19333	897	61	218	993562
14502	19333	910	61	218	993572
14535	19333	921	61	218	993582
14575	19333	929	61	218	993592
14619	19333	931	61	218	993602
14659	19333	933	61	218	993612
14693	19333	926	60	219	993622
14713	19340	898	60	219	993632
14719	19340	809	60	219	993642
14712	19340	711	60	219	993652
14685	19340	199	60	219	993672
20
13378	17919	284	67	212	994336
13353	17903	304	67	212	994346
13343	17903	445	67	210	994356
13335	17896	549	67	210	994376
13324	17896	838	67	210	994456
13337	17896	986	67	210	994466
13354	17896	987	67	210	994476
13380	17896	987	67	210	994486
13417	17904	985	67	210	994496
13458	17910	986	67	210	994506
13504	17917	987	67	210	994516
13548	17917	988	67	210	994526
13578	17923	985	67	210	994536
13605	17923	978	67	212	994546
13621	17923	961	67	212	994556
13630	17923	923	67	212	994566
13638	17923	846	67	212	994586
13622	17923	729	67	212	994596
13606	17916	621	67	212	994606
13585	17904	188	67	212	994626
23
13350	17656	9	68	208	994752
13343	17636	180	68	208	994762
13336	17627	257	68	208	994772
13336	17621	396	68	206	994792
13343	17611	489	68	206	994812
13343	17603	657	68	206	994872
13355	17603	808	68	206	994882
13367	17603	851	68	206	994892
13383	17603	883	68	206	994902
13406	17611	916	68	206	994912
13435	17611	929	68	206	994922
13468	17611	948	68	206	994932
13505	17611	955	68	206	994942
13544	17611	958	68	206	994952
13575	17611	962	68	206	994962
13603	17611	954	68	206	994972
13624	17611	946	68	206	994982
13637	17611	923	68	206	994992
13646	17611	887	68	208	995002
13646	17618	844	68	208	995012
13638	17628	750	68	208	995022
13622	17641	607	68	208	995032
13601	17655	38	68	208	995052
20
13560	18039	40	66	216	995256
13560	18058	253	65	215	995266
13567	18065	354	65	215	995276
13575	18065	486	64	214	995286
13581	18072	560	64	214	995296
13588	18072	644	64.3333	213.333	995326
13594	18072	703	65	212	995346
13594	18063	715	65	212	995356
13605	18041	732	65	212	995366
13613	17999	759	65	212	995376
13623	17938	773	65	212	995386
13635	17857	813	65	212	995396
13645	17764	839	65	212	995406
13652	17672	845	65	212	995416
13652	17586	847	65	210	995426
13652	17518	845	65	210	995436
13652	17470	824	65	210	995446
13652	17440	779	65	210	995456
13652	17426	613	65	209	995476
13652	17450	143	65	208	995496
41
13601	17993	216	65	212	995637
13593	18001	235	65	212	995646
13586	18001	339	65	212	995656
13586	18008	463	64	214	995686
13586	18016	647	64	214	995716
13586	18024	724	64	214	995726
13598	18024	743	64	214	995736
13606	18032	763	64	214	995746
13619	18032	770	64	214	995756
13631	18045	821	64	214	995766
13645	18053	828	64	214	995776
13664	18060	852	64	214	995786
13686	18067	853	64	214	995796
13721	18067	861	65	212	995806
13762	18067	869	65	212	995816
13813	18060	871	65	212	995826
13869	18043	880	65	212	995836
13924	18020	883	65	212	995846
13979	17994	887	64	214	995856
14023	17964	889	64	214	995866
14057	17931	888	64	214	995876
14084	17896	888	64	214	995886
14101	17861	887	64	214	995896
14112	17822	881	65	212	995906
14112	17782	870	65	212	995916
14112	17740	850	65	212	995926
14094	17692	842	65	212	995936
14071	17647	837	65	212	995946
14040	17603	829	64	210	995956
14000	17564	822	64	209	995966
13956	17531	815	63	207	995976
13908	17504	814	63	207	995986
13860	17483	816	64	206	995996
13815	17467	815	64	206	996006
13772	17456	816	64	206	996016
13735	17456	813	65	207	996026
13706	17450	795	65	205	996036
13684	17450	762	66	206	996046
13668	17457	707	66	206	996056
13661	17464	608	66	204	996066
13661	17471	169	66	204	996086
16
14086	17829	64	60	208	996409
14080	17819	338	61	209	996429
14080	17812	561	61	209	996449
14089	17812	646	61	209	996459
14100	17812	701	61	209	996469
14117	17812	766	61	209	996479
14143	17818	828	62	210	996489
14180	17818	887	62	208	996499
14226	17818	938	63	209	996509
14283	17818	942	63	209	996519
14349	17818	945	63	209	996529
14410	17818	955	63	209	996539
14462	17818	951	63	211	996549
14498	17828	932	63	211	996558
14517	17828	779	63	211	996578
14499	17828	248	62	210	996598
2
13190	16333	93	65	203	997449
13190	16341	182	65.6667	205.833	997509
18
13190	16333	236	66	209	997629
13151	16280	408	65	208	997649
13151	16273	702	66.6667	209.667	997709
13166	16273	830	67	210	997719
13180	16280	841	67	212	997729
13202	16280	845	67	212	997739
13233	16291	869	67	212	997749
13270	16291	892	67	212	997759
13313	16299	906	67	212	997769
13355	16299	915	67	212	997779
13392	16305	921	67	212	997789
13424	16305	925	66	214	997799
13444	16305	928	66	214	997809
13456	16305	925	66	214	997819
13464	16305	841	66	214	997869
13447	16296	651	66	214	997879
13430	16275	507	66	214	997889
13407	16248	114	66	214	997909
18
13156	16016	170	65	210	998037
13150	16016	500	66.2	210.4	998087
13150	16009	704	67	210	998097
13159	16009	734	67	210	998107
13166	16009	785	67	210	998117
13175	16009	820	67	210	998127
13189	16017	850	67	210	998137
13208	16017	887	67	210	998147
13232	16027	904	67	210	998157
13262	16027	928	67	210	998167
13302	16036	935	67	210	998177
13343	16036	935	67	210	998187
13380	16036	943	67	210	998197
13410	16036	940	67	210	998207
13430	16036	935	67	210	998217
13439	16036	854	67	210	998247
13431	16036	687	67	210	998257
13413	16043	197	67	211	998277
18
13425	16482	69	66	211	1000049
13433	16482	233	65.5	211.5	1000069
13444	16482	408	65	212	1000089
13455	16482	491	65	212	1000099
13455	16475	555	65	212	1000119
13462	16475	605	64	214	1000139
13462	16466	634	64	214	1000149
13462	16448	651	64	214	1000159
13462	16411	666	64	214	1000169
13462	16350	680	64	214	1000179
13462	16267	692	64	214	1000189
13462	16169	724	65	212	1000199
13462	16070	735	65	212	1000209
13462	15979	742	65	212	1000219
13455	15903	741	65	212	1000229
13455	15848	712	65	210	1000239
13455	15811	661	66	211	1000249
13447	15790	285	66.6667	210.333	1000279
35
13418	16474	99	66	214	1000517
13418	16483	577	65.6667	216.444	1000607
13425	16483	797	65	218	1000627
13437	16483	811	65	218	1000637
13452	16483	828	65	218	1000647
13474	16483	836	65	218	1000657
13506	16483	861	65	218	1000667
13540	16476	873	65	218	1000677
13588	16476	881	65	218	1000687
13645	16476	888	65	218	1000697
13711	16476	895	65	218	1000707
13789	16485	899	64	219	1000717
13864	16485	901	64	219	1000727
13935	16485	905	63	217	1000737
13997	16471	904	63	217	1000747
14048	16455	902	63	217	1000757
14085	16434	898	63	217	1000767
14110	16408	895	63	217	1000777
14122	16376	886	63	217	1000787
14122	16339	868	62	216	1000797
14111	16291	860	62	216	1000807
14087	16227	843	62	214	1000817
14054	16154	836	62	214	1000827
14010	16079	830	62	213	1000837
13956	16006	823	62	213	1000847
13897	15944	818	62	213	1000857
13834	15895	808	63	211	1000867
13768	15853	793	63	211	1000877
13705	15827	778	63	211	1000887
13645	15811	763	63	209	1000897
13591	15811	731	63	209	1000907
13545	15805	691	64	209	1000917
13509	15805	615	64	209	1000927
13485	15805	505	65	208	1000937
13470	15805	74	65	208	1000957
15
14166	16241	231	60	205	1001337
14157	16241	416	59.6667	207.667	1001367
14148	16241	686	60.75	209.25	1001407
14156	16241	797	60	210	1001417
14171	16249	819	61	212	1001427
14192	16249	860	61	212	1001437
14222	16249	877	62	213	1001447
14263	16259	890	62	213	1001457
14310	16259	904	62	213	1001467
14365	16274	912	62	214	1001477
14419	16285	911	62	214	1001487
14463	16294	909	62	214	1001497
14492	16301	880	62	214	1001507
14505	16301	754	61.5	215	1001527
14471	16301	224	60	215	1001547
18
13009	14910	437	65	210	1002421
13009	14903	498	66	211	1002431
13009	14895	674	66.5	211.5	1002451
13009	14889	768	67	212	1002461
13017	14889	878	67	212	1002501
13030	14889	926	67	212	1002511
13043	14889	928	67	212	1002521
13063	14889	933	67	214	1002531
13090	14898	931	67	214	1002541
13121	14898	929	68	215	1002551
13155	14912	927	68	215	1002561
13190	14920	926	68	215	1002571
13220	14926	925	68	215	1002581
13245	14926	920	68	215	1002591
13262	14926	902	68	215	1002601
13273	14926	774	68	215	1002631
13263	14914	533	68	215	1002641
13248	14902	119	68	215	1002661
25
13070	14638	33	67	205	1002845
13079	14621	37	68	206	1002865
13079	14609	73	68	206	1002875
13068	14609	126	68	206	1002885
13062	14597	241	68	206	1002895
13055	14591	412	68	206	1002915
13049	14581	606	68.6667	206.667	1002945
13049	14575	692	70	208	1002965
13055	14575	739	70	208	1002985
13067	14575	786	70	208	1002995
13077	14575	814	69	211	1003005
13092	14575	836	69	211	1003015
13111	14586	870	69	211	1003025
13137	14586	887	69	211	1003035
13168	14599	895	69	211	1003045
13199	14599	908	69	211	1003055
13229	14609	905	69	211	1003065
13257	14609	908	69	211	1003075
13275	14616	908	69	211	1003085
13289	14616	901	69	211	1003105
13295	14616	846	69	212	1003125
13288	14616	771	69	213	1003135
13279	14616	689	69	213	1003145
13268	14616	524	69	213	1003155
13252	14623	17	68.5	212.5	1003175
22
13247	15026	80	65	212	1003381
13255	15045	215	65	212	1003391
13255	15054	333	65	213	1003401
13255	15060	458	65	213	1003411
13263	15060	528	66	214	1003421
13263	15068	580	66	214	1003431
13270	15068	638	66	214	1003451
13270	15074	739	66	214	1003511
13276	15074	815	66.5	215	1003531
13276	15053	828	67	216	1003541
13285	15021	836	68	218	1003551
13285	14973	847	68	218	1003561
13295	14907	860	68	218	1003571
13303	14834	870	67	216	1003581
13311	14756	872	67	216	1003591
13320	14679	874	67	212	1003601
13328	14611	874	67	212	1003611
13328	14558	859	67	212	1003621
13335	14522	829	67	212	1003631
13335	14503	764	67	212	1003641
13335	14496	592	67	211	1003661
13335	14507	34	67	210	1003681
46
13315	15026	242	66	214	1003857
13298	15044	286	66	214	1003867
13298	15053	428	66	214	1003877
13290	15059	531	66	215	1003897
13290	15066	712	66	216	1003957
13299	15066	798	66	216	1003967
13309	15072	813	66	216	1003977
13324	15072	823	66	216	1003987
13344	15080	832	66	216	1003997
13368	15080	861	66	216	1004007
13397	15080	877	66	216	1004017
13435	15087	898	66	216	1004027
13475	15087	912	66	216	1004037
13521	15087	923	66	216	1004047
13570	15087	941	66	216	1004057
13619	15087	956	66	216	1004067
13666	15078	958	66	216	1004077
13710	15066	961	66	216	1004087
13748	15047	959	66	216	1004097
13780	15026	956	66	216	1004107
13808	14997	953	66	216	1004117
13831	14967	950	66	216	1004127
13847	14942	949	66	216	1004137
13858	14920	949	65	215	1004147
13865	14899	942	65	215	1004157
13865	14877	936	64	214	1004167
13865	14847	932	64	214	1004177
13865	14812	928	64	214	1004187
13845	14768	924	64	214	1004197
13824	14722	916	64	214	1004207
13795	14674	907	64	214	1004217
13758	14629	906	65	212	1004227
13717	14593	903	65	212	1004237
13671	14563	903	65	212	1004247
13621	14541	904	65	212	1004257
13572	14524	901	65	210	1004267
13522	14511	906	65	210	1004277
13477	14502	910	65	210	1004287
13440	14494	917	65	210	1004297
13410	14487	925	66	209	1004307
13391	14487	926	66	209	1004317
13380	14479	927	67	210	1004337
13374	14479	910	68	208	1004397
13383	14479	761	68	208	1004407
13394	14479	645	68	209	1004417
13410	14486	150	68	209	1004437
18
13859	14835	363	63	211	1004663
13859	14829	587	63	211	1004673
13870	14829	677	63	211	1004683
13878	14829	741	63	211	1004693
13886	14829	795	63	211	1004703
13898	14829	814	63	211	1004713
13917	14829	855	63	211	1004723
13944	14837	873	63	211	1004733
13979	14837	926	63	211	1004743
14020	14848	939	63	212	1004753
14069	14848	952	63	212	1004763
14120	14858	956	64	214	1004773
14171	14858	954	64	214	1004783
14212	14858	949	64	214	1004793
14240	14858	936	64	214	1004803
14255	14858	840	64	214	1004823
14247	14858	694	64	215	1004833
14219	14849	157	64	215	1004853
26
12863	13328	311	66	204	1005861
12863	13313	363	66	204	1005871
12863	13306	481	66	204	1005881
12863	13298	528	66	204	1005891
12863	13290	565	67	207	1005901
12872	13290	583	67	207	1005911
12872	13280	595	68	208	1005921
12883	13280	602	68	208	1005941
12896	13280	625	68	208	1005951
12903	13280	670	67	210	1005961
12915	13280	686	67	210	1005971
12929	13280	732	67	210	1005981
12945	13280	749	67	210	1005991
12966	13280	790	67	210	1006001
12989	13287	813	67	210	1006011
13014	13287	843	67	210	1006021
13041	13297	855	67	212	1006031
13069	13303	874	67	212	1006041
13096	13310	895	67	212	1006051
13123	13318	910	67	212	1006061
13145	13327	923	67	212	1006071
13163	13327	925	67	212	1006081
13175	13333	924	67	212	1006091
13183	13333	818	67	212	1006131
13175	13333	611	67	212	1006141
13160	13315	177	67	212	1006161
18
12914	12995	363	66.5	208	1006387
12927	12995	622	68	208	1006397
12937	12995	693	68	208	1006407
12949	12995	758	68	208	1006417
12965	12995	778	68	208	1006427
12985	12995	821	68	208	1006437
13008	13002	844	68	208	1006447
13035	13002	874	68	208	1006457
13065	13011	896	68	208	1006467
13097	13011	908	68	208	1006477
13126	13011	932	68	208	1006487
13154	13011	935	68	208	1006497
13177	13011	935	68	208	1006507
13193	13011	935	68	208	1006517
13205	13011	929	68	208	1006527
13213	13011	834	67.25	209.5	1006567
13204	13011	663	67	210	1006577
13192	13017	220	67	210	1006597
20
13172	13444	13	65	212	1006845
13179	13460	191	65	212	1006855
13179	13467	260	65	212	1006865
13179	13475	402	65	212	1006875
13189	13475	480	65	212	1006885
13189	13484	568	65	214	1006905
13196	13484	645	66	216	1006945
13196	13461	700	66	216	1006955
13196	13428	722	66	216	1006965
13196	13375	743	66	216	1006975
13196	13301	791	66	216	1006985
13196	13212	818	66	216	1006995
13209	13117	845	66	216	1007005
13217	13032	846	66	214	1007015
13217	12957	846	66	214	1007025
13228	12901	841	66	214	1007035
13228	12864	805	66	214	1007045
13228	12839	742	67	212	1007055
13228	12828	595	67	212	1007075
13228	12848	158	67	211	1007095
41
13186	13427	140	62	213	1007281
13180	13448	206	62	213	1007291
13180	13456	348	63	212	1007301
13180	13464	507	63.6667	213.333	1007331
13186	13470	655	64.5	214.5	1007351
13195	13470	717	65	215	1007361
13201	13470	748	66	216	1007371
13212	13477	770	65	218	1007381
13227	13477	800	65	218	1007391
13246	13477	823	65	218	1007401
13274	13477	845	65	218	1007411
13306	13477	865	65	218	1007421
13347	13469	866	65	218	1007431
13393	13469	868	65	220	1007441
13444	13457	869	65	220	1007451
13500	13450	869	65	220	1007461
13559	13437	868	65	220	1007471
13616	13421	869	65	220	1007481
13669	13399	868	65	220	1007491
13716	13375	869	65	220	1007501
13752	13349	866	65	220	1007511
13779	13324	862	65	220	1007521
13797	13301	857	64	219	1007531
13806	13278	846	64	219	1007541
13806	13254	840	63	217	1007551
13806	13225	833	63	217	1007561
13785	13189	832	64	215	1007571
13757	13146	830	64	215	1007581
13724	13101	827	64	215	1007591
13684	13056	829	64	214	1007601
13639	13013	828	64	214	1007611
13590	12974	828	64	214	1007621
13536	12941	824	65	212	1007631
13480	12912	820	65	212	1007641
13423	12888	808	65	212	1007651
13367	12869	797	65	210	1007661
13319	12856	792	65	210	1007671
13279	12845	791	65	210	1007681
13252	12837	790	65	208	1007691
13235	12837	778	66	209	1007701
13226	12829	492	67.6667	208.167	1007761
28
13725	13237	94	62	214	1008073
13735	13237	326	62	214	1008083
13735	13229	414	62	216	1008093
13749	13229	544	62	216	1008103
13756	13229	611	63	217	1008113
13763	13229	673	64	215	1008133
13772	13229	725	64	215	1008153
13781	13229	747	64	214	1008163
13781	13238	760	64	214	1008173
13797	13238	771	64	214	1008183
13809	13248	801	64	214	1008193
13823	13256	807	64	214	1008203
13840	13262	833	64	214	1008213
13857	13262	846	64	214	1008223
13878	13270	852	64	214	1008233
13902	13270	884	64	214	1008243
13926	13270	897	64	214	1008253
13960	13270	900	64	215	1008263
14000	13279	912	64	215	1008273
14046	13279	920	64	215	1008283
14099	13292	918	64	215	1008293
14148	13301	919	63	214	1008303
14190	13307	920	62	216	1008313
14223	13315	919	62	214	1008323
14245	13315	905	62	214	1008333
14254	13322	839	61	216	1008353
14225	13312	714	61	216	1008363
14183	13292	254	61	218	1008383
19
12920	11972	281	65	212	1009333
12904	11964	505	65	212	1009353
12904	11957	769	65	212.25	1009393
12911	11957	890	65	213	1009403
12917	11957	924	66	214	1009413
12929	11957	947	66	214	1009423
12945	11957	962	66	214	1009433
12967	11957	984	66	214	1009443
12997	11957	986	66	214	1009453
13030	11968	989	66	214	1009463
13066	11977	991	66	214	1009473
13102	11985	995	66	214	1009483
13129	11985	992	66	214	1009493
13151	11992	993	66	214	1009503
13161	11992	934	66	214	1009543
13151	11992	822	66	214	1009553
13132	11976	746	66	214	1009563
13108	11960	636	66	214	1009573
13081	11939	199	66	214	1009593
19
12890	11651	425	66	206	1009741
12882	11633	595	66.5	206.5	1009781
12889	11633	738	68	208	1009811
12898	11626	803	68	208	1009821
12909	11626	865	68	208	1009831
12924	11626	900	68	208	1009841
12945	11619	949	68	208	1009851
12970	11619	969	68	208	1009861
13003	11619	973	68	208	1009871
13040	11619	980	68	208	1009881
13081	11619	990	68	208	1009891
13114	11625	996	68	208	1009901
13140	11625	1000	67	210	1009911
13155	11625	999	67	210	1009931
13165	11625	981	67	210	1009951
13165	11632	937	67	210	1009971
13157	11632	833	67	210	1009991
13144	11632	690	67	210	1010001
13134	11632	244	67	210	1010021
23
13132	12079	88	64	214	1010237
13125	12095	186	64	214	1010247
13117	12103	302	64	214	1010257
13117	12111	392	64	214	1010267
13117	12117	454	64	214	1010277
13117	12124	577	64.6667	214.667	1010307
13117	12131	697	66	216	1010327
13124	12123	741	66	216	1010337
13124	12110	762	66	216	1010347
13131	12084	775	66	216	1010357
13131	12042	809	66	216	1010367
13141	11985	816	66	216	1010377
13149	11909	828	66	216	1010387
13157	11822	842	66	216	1010397
13165	11731	851	66	216	1010407
13173	11647	852	66	216	1010417
13181	11580	850	66	214	1010427
13181	11532	841	66	214	1010437
13190	11500	814	66	214	1010447
13190	11482	772	66	214	1010457
13190	11474	691	66.5	213	1010477
13190	11499	577	67	212	1010487
13197	11532	144	67	212	1010507
42
13152	12031	308	65	212	1010633
13145	12048	347	64	214	1010643
13136	12057	461	64	214	1010653
13136	12063	525	64	214	1010673
13136	12074	599	64	214	1010693
13136	12087	696	64	217	1010713
13136	12095	797	65	218	1010743
13151	12095	828	65	218	1010753
13170	12102	829	65	218	1010763
13195	12102	837	65	218	1010773
13228	12102	840	65	218	1010783
13270	12102	846	65	218	1010793
13321	12092	847	65	218	1010803
13381	12084	851	65	218	1010813
13445	12072	851	66	216	1010823
13508	12057	856	66	216	1010833
13564	12034	857	66	216	1010843
13612	12004	860	66	216	1010853
13651	11968	862	65	218	1010863
13680	11931	861	66	216	1010873
13698	11889	862	66	216	1010883
13706	11846	859	65	215	1010893
13706	11800	859	65	215	1010903
13684	11749	861	64	214	1010913
13657	11697	869	64	214	1010923
13621	11642	868	64	214	1010933
13579	11590	870	65	212	1010943
13530	11541	870	65	212	1010953
13482	11500	870	65	212	1010963
13433	11466	875	65	212	1010973
13386	11438	876	65	210	1010983
13345	11417	879	66	211	1010993
13311	11402	881	66	211	1011003
13285	11394	882	67	210	1011013
13267	11394	889	67	210	1011023
13255	11394	890	67	210	1011033
13245	11386	887	68	208	1011053
13238	11386	879	68	208	1011103
13245	11386	795	68	208	1011113
13253	11386	712	68	208	1011123
13266	11397	527	68	208	1011133
13284	11408	20	68	208	1011153
16
13694	11832	368	64	214	1011377
13684	11832	504	64	214	1011397
13697	11832	678	64	214	1011407
13709	11832	745	64	215	1011417
13727	11832	774	64	215	1011427
13752	11840	816	64	215	1011437
13784	11847	861	64	215	1011447
13823	11853	914	64	215	1011457
13868	11853	926	64	215	1011467
13918	11867	949	64	215	1011477
13965	11874	950	64	215	1011487
14006	11880	952	64	215	1011497
14039	11880	950	64	215	1011507
14061	11880	927	64	215	1011517
14073	11880	727	64	215	1011547
14042	11880	34	64	215	1011567
21
12664	10264	227	65	210	1012337
12656	10258	336	66	211	1012357
12646	10258	492	66	214	1012367
12646	10264	607	66	214	1012387
12646	10271	794	66	214	1012447
12646	10277	920	67	212	1012467
12646	10284	950	67	212	1012477
12663	10291	945	67	212	1012487
12685	10303	964	67	212	1012497
12719	10316	961	67	212	1012507
12762	10330	970	67	212	1012517
12810	10343	972	67	212	1012527
12867	10355	975	66	214	1012537
12916	10364	978	66	214	1012547
12960	10371	972	66	214	1012557
12990	10371	973	66	214	1012567
13007	10371	962	66	214	1012577
13016	10371	890	66	214	1012597
13004	10363	795	65	213	1012607
12979	10348	664	65	215	1012617
12945	10323	222	64	214	1012637
19
12669	10002	244	67	212	1012793
12659	9985	409	67	210.667	1012823
12659	9977	684	67	210	1012863
12666	9977	854	67	210	1012883
12675	9977	921	67	210	1012893
12685	9977	957	67	210	1012903
12700	9977	972	67	210	1012913
12723	9977	986	67	210	1012923
12756	9977	988	67	210	1012933
12798	9977	994	67	210	1012943
12848	9986	993	67	210	1012953
12899	9986	995	67	210	1012963
12945	9986	997	67	210	1012973
12984	9993	997	67	210	1012983
13010	9993	997	67	210	1012993
13027	9993	988	67	210	1013003
13036	9993	958	67	212	1013013
13036	10000	789	67	212	1013043
13017	10000	57	66	211	1013063
20
12976	10529	82	64	215	1013361
12985	10543	182	64	215	1013371
12985	10549	310	64	215	1013381
12991	10557	472	63	217	1013401
12991	10566	597	63	217	1013411
12998	10566	676	63	217	1013431
12998	10573	737	63	217	1013451
13005	10563	757	63	217	1013461
13005	10540	765	63	217	1013471
13005	10498	771	63	219	1013481
13016	10435	793	63	217	1013491
13022	10346	804	63	217	1013501
13031	10247	813	63	217	1013511
13041	10144	818	63	217	1013521
13050	10050	822	63	217	1013531
13057	9974	816	64	215	1013541
13057	9918	791	64	215	1013551
13057	9883	738	64	215	1013561
13057	9865	563	64	214.5	1013581
13057	9879	11	64	214	1013601
44
12998	10464	185	62	216	1013765
12991	10483	278	62	216	1013775
12984	10493	422	63	219	1013785
12984	10499	664	63	217	1013845
12995	10499	771	63	217	1013855
13003	10507	803	63	217	1013865
13014	10507	817	63	217	1013875
13030	10507	839	63	217	1013885
13051	10518	847	63	217	1013895
13082	10518	869	63	220	1013905
13117	10528	901	63	220	1013915
13160	10528	909	64	222	1013925
13208	10537	928	64	222	1013935
13260	10537	932	63	220	1013945
13320	10537	934	63	220	1013955
13379	10537	942	63	219	1013965
13438	10537	947	63	219	1013975
13492	10522	948	63	219	1013985
13545	10509	949	62	220	1013995
13593	10495	950	62	220	1014005
13638	10483	949	62	220	1014015
13680	10470	948	62	220	1014025
13713	10456	947	62	220	1014035
13740	10437	946	62	220	1014045
13760	10412	943	62	220	1014055
13772	10386	941	62	220	1014065
13772	10351	936	62	220	1014075
13772	10311	933	61	219	1014085
13757	10267	929	62	217	1014095
13734	10214	927	61	216	1014105
13699	10161	920	61	216	1014115
13656	10108	905	61	216	1014125
13604	10053	895	62	214	1014135
13545	10003	875	62	214	1014145
13482	9956	862	62	214	1014155
13414	9914	843	62	213	1014165
13348	9880	821	62	213	1014175
13287	9851	814	62	213	1014185
13233	9827	799	63	211	1014195
13190	9807	781	63	211	1014205
13158	9792	761	63	209	1014215
13135	9781	731	64	210	1014225
13121	9781	663	64	209	1014235
13112	9781	270	65	209.333	1014265
18
13827	10286	101	59	215	1014737
13818	10293	160	59	215	1014747
13811	10293	303	59.5	215	1014767
13811	10287	403	60	215	1014777
13803	10287	539	61.2	215.6	1014827
13803	10280	747	62	214	1014877
13814	10280	853	62	214	1014887
13830	10280	870	62	214	1014897
13857	10280	897	62	214	1014907
13895	10280	905	62	214	1014917
13943	10280	915	62	214	1014927
13995	10288	927	62	214	1014937
14053	10294	921	62	214	1014947
14104	10302	921	62	214	1014957
14146	10310	916	62	214	1014967
14175	10318	888	62	214	1014977
14189	10318	755	60.5	215.5	1014997
14174	10318	232	60	214.5	1015017
20
12491	8891	227	67	210	1015741
12472	8881	342	67	210	1015781
12463	8881	451	67	212	1015801
12454	8881	521	67	212	1015811
12454	8889	703	67	212	1015871
12467	8882	794	67	212	1015881
12480	8882	796	67	212	1015891
12497	8882	809	67	212	1015901
12522	8893	816	67	212	1015911
12553	8899	832	67	212	1015921
12588	8909	862	67	212	1015931
12629	8921	873	67	212	1015941
12672	8931	876	67	212	1015951
12709	8939	889	66	214	1015961
12739	8939	889	66	214	1015971
12762	8946	888	66	214	1015981
12772	8946	825	66	214	1016011
12765	8946	735	66	214	1016021
12748	8937	660	66	214	1016031
12721	8922	216	66	214	1016051
17
12470	8584	249	69	213	1016265
12470	8566	382	69	213	1016285
12470	8558	563	69	213	1016305
12477	8558	667	69	213	1016325
12483	8558	769	69	213	1016345
12500	8558	828	69	213	1016355
12514	8558	868	69	213	1016365
12535	8558	880	69	213	1016375
12559	8566	922	69	213	1016385
12585	8566	928	68	215	1016395
12618	8576	936	68	215	1016405
12650	8576	944	68	215	1016415
12680	8576	948	68	215	1016425
12709	8576	945	68	215	1016435
12729	8576	943	68	215	1016445
12744	8576	931	68	215	1016455
12752	8576	567	67.4	214	1016505
21
12793	9074	59	64	214	1016741
12793	9096	285	64	214	1016751
12793	9106	414	64	214	1016761
12793	9115	550	64	215	1016771
12800	9121	637	64	217	1016781
12807	9121	716	64.5	217.5	1016801
12814	9121	758	65	218	1016821
12814	9109	779	65	218	1016831
12814	9080	790	65	218	1016841
12814	9028	813	65	218	1016851
12814	8954	828	65	218	1016861
12814	8861	844	65	218	1016871
12814	8760	848	65	218	1016881
12827	8665	850	66	216	1016891
12834	8579	852	66	216	1016901
12840	8513	847	66	216	1016911
12840	8466	827	66	216	1016921
12840	8439	785	66	214	1016931
12847	8426	704	66	214	1016951
12847	8441	589	66	214	1016961
12847	8469	182	67	212	1016981
50
12824	9023	358	65	212	1017121
12816	9037	486	64	214	1017141
12816	9049	616	64	214	1017161
12823	9058	654	64	214.5	1017181
12823	9065	707	64	217	1017201
12832	9065	744	65	218	1017211
12839	9065	769	65	218	1017221
12850	9073	798	65	218	1017231
12868	9073	813	65	218	1017241
12890	9082	837	65	218	1017251
12918	9089	846	65	218	1017261
12953	9097	878	65	218	1017271
12992	9104	887	65	218	1017281
13037	9104	910	65	218	1017291
13086	9104	926	65	218	1017301
13135	9098	948	65	218	1017311
13185	9088	959	64	217	1017321
13232	9075	968	64	217	1017331
13277	9067	984	64	215	1017341
13320	9060	994	64	215	1017351
13363	9060	1009	64	215	1017361
13403	9049	1017	63	217	1017371
13440	9049	1023	63	217	1017381
13475	9037	1023	63	217	1017391
13503	9030	1023	63	217	1017401
13527	9030	1021	63	217	1017411
13546	9014	1019	63	217	1017421
13560	9003	1018	63	217	1017431
13570	8990	1014	63	217	1017441
13570	8969	1006	63	217	1017451
13570	8940	994	63	217	1017461
13570	8900	977	62	216	1017471
13550	8848	973	62	216	1017481
13522	8795	966	62	213	1017491
13485	8740	961	62	213	1017501
13438	8688	949	62	213	1017511
13383	8643	942	62	213	1017521
13324	8598	926	62	213	1017531
13265	8561	910	63	212	1017541
13206	8529	897	63	212	1017551
13151	8503	882	64	214	1017561
13100	8485	870	65	212	1017571
13053	8471	860	65	212	1017581
13015	8458	854	65	212	1017591
12984	8451	849	65	210	1017601
12962	8444	844	65	210	1017611
12948	8444	837	65	210	1017621
12940	8437	802	65	209	1017641
12930	8437	657	65	208	1017671
12938	8437	107	65	208	1017691
17
13566	8936	123	62	214	1017961
13556	8926	298	62	214	1017971
13556	8917	475	62	214	1017991
13566	8917	645	62	214	1018001
13575	8917	685	62	214	1018011
13590	8917	721	62	214	1018021
13608	8923	799	62	214	1018031
13634	8923	843	62	214	1018041
13665	8923	868	62	214	1018051
13703	8923	902	62	214	1018061
13749	8935	916	62	214	1018071
13797	8943	927	62	214	1018081
13841	8952	928	62	214	1018091
13876	8959	929	62	214	1018101
13898	8959	918	62	214	1018111
13910	8966	760	62	214	1018141
13882	8966	82	62	214	1018161
19
12324	7383	449	67	212	1018925
12316	7351	477	67	212	1018935
12316	7337	576	66	214	1018945
12326	7326	636	66	214	1018955
12332	7319	680	66	216	1018975
12342	7319	720	66	216	1018985
12348	7319	755	65	218	1018995
12358	7330	806	66	216	1019005
12374	7338	822	66	216	1019015
12397	7347	852	66	216	1019025
12429	7359	871	66	216	1019035
12468	7374	890	66	216	1019045
12512	7390	898	66	216	1019055
12554	7404	901	66	214	1019065
12598	7413	905	66	214	1019075
12633	7413	904	66	214	1019085
12660	7413	889	66	214	1019095
12679	7413	747	66	214	1019125
12672	7401	219	66	214	1019145
21
12355	7065	266	66	214	1019321
12345	7057	309	66	214	1019331
12345	7048	461	67	212	1019351
12345	7040	614	67	212	1019391
12345	7033	738	67	212	1019411
12355	7033	797	67	212	1019421
12366	7033	825	67	212	1019431
12383	7026	855	67	212	1019441
12406	7026	880	67	212	1019451
12438	7026	897	67	212	1019461
12476	7026	914	67	212	1019471
12524	7035	918	67	212	1019481
12573	7035	928	67	212	1019491
12621	7047	931	67	212	1019501
12664	7047	935	67	212	1019511
12695	7047	936	67	212	1019521
12716	7047	935	67	212	1019531
12727	7047	862	67	212	1019561
12714	7047	731	67	212	1019571
12693	7047	572	66	214	1019581
12665	7047	28	66	214	1019601
18
12710	7541	33	63	219	1019845
12704	7563	340	63	218	1019865
12704	7572	522	63	217	1019875
12713	7572	594	63	217	1019895
12720	7572	647	63	217	1019915
12720	7554	696	63	217	1019925
12720	7525	717	63	217	1019935
12726	7475	742	63	217	1019945
12726	7404	779	63	217	1019955
12736	7318	815	63	217	1019965
12743	7229	846	64	219	1019975
12743	7144	856	64	219	1019985
12751	7069	855	65	220	1019995
12751	7010	849	65	220	1020005
12751	6973	811	65	220	1020015
12751	6953	707	65	220	1020035
12751	6960	502	65	220	1020045
12751	6988	52	65	220	1020065
40
12731	7570	282	63	219	1020233
12723	7586	315	63	219	1020243
12723	7592	623	63	218.273	1020353
12732	7592	842	63	219	1020363
12739	7592	868	63	219	1020373
12750	7592	883	63	219	1020383
12765	7592	905	63	219	1020393
12786	7592	911	63	220	1020403
12810	7592	924	63	220	1020413
12840	7592	927	63	222	1020423
12877	7592	927	63	222	1020433
12923	7592	925	62	220	1020443
12977	7592	921	62	220	1020453
13037	7581	921	62	220	1020463
13101	7566	919	62	220	1020473
13159	7543	918	62	220	1020483
13209	7518	915	62	220	1020493
13246	7487	914	62	220	1020503
13270	7458	912	62	220	1020513
13282	7425	908	62	220	1020523
13282	7381	905	63	219	1020533
13253	7325	892	63	219	1020543
13215	7257	885	63	219	1020553
13165	7184	882	63	219	1020563
13111	7118	878	63	219	1020573
13058	7058	876	63	217	1020583
13005	7008	874	63	217	1020593
12953	6967	872	63	217	1020603
12904	6936	871	64	215	1020613
12859	6919	868	64	215	1020623
12819	6911	866	64	215	1020633
12784	6911	864	64	214	1020643
12756	6911	862	64	214	1020653
12736	6904	862	64	214	1020663
12722	6904	863	65	212	1020673
12714	6904	864	65	212	1020693
12706	6904	847	65	210.667	1020753
12716	6904	731	65	210	1020763
12722	6904	602	65	210	1020773
12731	6904	123	65	210	1020793
19
13181	7383	84	57	217	1021105
13181	7391	395	58.8	216.4	1021155
13187	7391	646	60	216.25	1021195
13197	7391	720	61	216	1021205
13206	7391	753	61	216	1021215
13219	7391	772	61	216	1021225
13240	7391	778	61	216	1021235
13267	7391	807	61	216	1021245
13299	7391	830	61	216	1021255
13339	7391	838	61	216	1021265
13386	7391	859	61	216	1021275
13439	7391	883	61	216	1021285
13493	7408	892	61	216	1021295
13539	7421	898	61	216	1021305
13575	7431	898	61	216	1021315
13597	7438	894	61	216	1021325
13607	7438	819	61	217	1021345
13590	7438	701	61	218	1021355
13556	7424	169	61	218	1021375
19
12303	5518	192	61	201	1022325
12287	5518	350	61.5	201.5	1022345
12280	5518	645	64.1667	208.5	1022405
12280	5511	777	65	212	1022415
12286	5511	821	65	212	1022435
12303	5511	836	65	215	1022445
12324	5511	847	65	215	1022455
12352	5511	864	66	216	1022465
12389	5522	871	66	216	1022475
12430	5530	888	66	216	1022485
12471	5536	894	66	216	1022495
12510	5536	902	65	218	1022505
12541	5536	904	65	218	1022515
12561	5536	903	65	218	1022525
12572	5536	876	65	218	1022545
12572	5543	769	65	218	1022565
12566	5543	658	65	218	1022575
12553	5543	520	65	218	1022585
12531	5532	71	65	218	1022605
20
12273	5196	244	63	211	1022813
12266	5189	458	63.3333	210.667	1022843
12275	5189	601	64	210	1022853
12275	5182	662	65	212	1022873
12285	5182	709	65	212	1022883
12293	5182	762	65	212	1022893
12303	5182	801	65	212	1022903
12320	5193	857	65	212	1022913
12344	5201	877	65	212	1022923
12371	5208	929	65	213	1022933
12407	5217	936	65	213	1022943
12446	5223	944	66	214	1022953
12485	5223	949	66	214	1022963
12521	5231	949	66	214	1022973
12549	5231	937	66	214	1022983
12568	5231	918	66	214	1022993
12577	5231	796	65.6667	215	1023023
12570	5231	645	65	215	1023033
12558	5231	529	64	214	1023043
12544	5240	162	64	214	1023063
18
12516	5730	131	65	218	1023409
12516	5723	301	64	217	1023419
12526	5723	431	64	217	1023429
12526	5715	538	64	215	1023439
12537	5715	595	64	215	1023449
12537	5704	630	63	217	1023459
12544	5692	658	63	217	1023469
12544	5668	679	63	217	1023479
12544	5629	712	63	217	1023489
12544	5571	746	63	217	1023499
12544	5499	785	63	217	1023509
12544	5421	810	63	217	1023519
12544	5341	827	63	217	1023529
12554	5272	831	63	217	1023539
12554	5214	824	64	215	1023549
12561	5172	805	64	217	1023559
12561	5144	753	64	217	1023569
12561	5129	405	65.25	217.5	1023609
51
12493	5717	167	65	215	1023885
12483	5717	295	65	215	1023895
12483	5710	509	65.3333	217.333	1023925
12483	5703	667	65	218	1023955
12493	5703	728	65	218	1023965
12502	5703	747	65	218	1023975
12515	5703	793	65	218	1023985
12534	5703	818	65	218	1023995
12559	5710	833	65	218	1024005
12589	5710	850	65	218	1024015
12629	5719	854	64	219	1024025
12677	5726	857	64	219	1024035
12731	5726	866	63	217	1024045
12790	5732	887	63	217	1024055
12850	5732	896	63	217	1024065
12909	5732	902	63	217	1024075
12963	5732	911	63	217	1024085
13011	5732	907	63	219	1024095
13053	5732	914	63	219	1024105
13090	5740	911	63	219	1024115
13122	5740	912	63	219	1024125
13147	5740	911	63	219	1024135
13168	5740	911	62	217	1024145
13182	5740	908	61	219	1024155
13193	5740	908	61	218	1024165
13200	5731	905	61	218	1024175
13200	5719	903	61	218	1024185
13200	5700	901	61	218	1024195
13200	5672	897	61	218	1024205
13200	5631	896	61	218	1024215
13190	5577	891	61	218	1024225
13170	5508	888	61	216	1024235
13142	5434	889	61	216	1024245
13106	5362	888	61	216	1024255
13063	5296	884	62	214	1024265
13015	5241	883	62	214	1024275
12960	5193	878	62	214	1024285
12904	5151	875	62	213	1024295
12847	5114	874	62	213	1024305
12794	5084	872	62	213	1024315
12745	5061	870	63	211	1024325
12703	5046	870	63	211	1024335
12668	5038	870	63	212	1024345
12642	5038	868	64	210	1024355
12624	5038	865	65	212	1024365
12615	5038	862	65	212	1024375
12615	5031	839	65	211	1024415
12615	5039	753	65	210	1024425
12625	5039	667	65	210	1024435
12632	5052	489	65	210	1024445
12643	5060	44	65	210	1024465
18
13150	5585	428	59	208	1024747
13150	5578	567	59	208	1024757
13160	5578	641	60	209	1024767
13173	5578	699	59	211	1024777
13186	5578	749	60	212	1024787
13202	5578	773	60	212	1024797
13220	5578	829	60	212	1024807
13241	5587	866	60	212	1024817
13269	5587	903	60	214	1024827
13305	5596	935	60	214	1024837
13348	5596	942	60	214	1024847
13401	5608	950	60	214	1024857
13459	5617	954	60	214	1024867
13515	5617	952	59	215	1024877
13558	5617	944	59	215	1024887
13585	5617	892	59	215	1024897
13595	5617	759	59	215	1024907
13583	5617	265	59	215	1024927
