62
22
8145	19359	10	62	213	807206
8136	19351	91	62	213	807256
8129	19351	237	62	213	807296
8120	19351	395	62	213	807346
8113	19344	449	62	213	807386
8105	19344	587	62.4	215.2	807486
8116	19344	746	63	217	807496
8128	19344	780	63	217	807506
8144	19344	795	62	216	807516
8167	19355	808	62	216	807526
8195	19363	820	62	214	807536
8227	19376	834	62	214	807546
8261	19392	850	62	214	807556
8293	19406	866	62	216	807566
8322	19419	875	62	216	807576
8345	19427	880	63	217	807586
8362	19427	883	63	217	807596
8371	19427	862	63	217	807636
8353	19435	823	63	217	807646
8334	19435	778	63	217	807656
8311	19441	680	63	217	807666
8286	19441	240	63	217	807686
17
8110	19000	156	63	209	807990
8100	18992	239	63	209	808000
8100	18984	418	63	207.667	808030
8100	18977	606	64.6667	209.667	808090
8109	18985	727	65	210	808100
8123	18985	738	65	210	808110
8141	18992	788	65	210	808120
8164	18992	816	65	210	808130
8190	19001	845	65	210	808140
8219	19001	852	65	210	808150
8244	19007	866	65	210	808160
8265	19007	869	65	210	808170
8279	19007	862	65	210	808190
8286	19007	793	65	210	808220
8273	19007	684	65	210	808230
8261	19007	589	65	210	808240
8246	19014	191	65	210	808260
18
8308	19601	143	59	218	808598
8308	19610	244	60	219	808608
8314	19617	325	60	219	808618
8314	19624	414	60	219	808628
8323	19634	496	60	219.667	808658
8329	19626	551	60	222	808668
8329	19610	568	60	222	808678
8329	19579	611	61	224	808688
8339	19530	679	61	222	808698
8339	19464	695	61	222	808708
8346	19385	740	61	222	808718
8346	19298	762	61	222	808728
8355	19212	777	61	222	808738
8355	19136	785	61	222	808748
8355	19076	790	62	220	808758
8355	19032	777	62	220	808768
8355	19006	760	62	220	808778
8355	18994	432	63.2	217.4	808828
52
8337	19601	267	59.8571	220.714	809162
8330	19601	579	60.25	222.25	809202
8337	19601	691	61	224	809222
8347	19601	705	61	224	809232
8355	19601	724	61	224	809242
8367	19601	753	61	224	809252
8383	19601	756	61	224	809262
8404	19601	786	61	224	809272
8430	19593	792	61	224	809282
8460	19593	814	61	224	809292
8492	19593	814	61	224	809302
8529	19586	820	61	224	809312
8565	19586	820	61	224	809322
8604	19574	823	61	224	809332
8643	19566	822	61	224	809342
8683	19557	826	61	224	809352
8725	19548	827	60	225	809362
8768	19541	838	60	225	809372
8808	19531	841	60	224	809382
8848	19519	840	60	224	809392
8883	19503	843	59	222	809402
8918	19485	843	59	222	809412
8950	19468	842	59	222	809422
8978	19451	842	59	222	809432
9005	19434	838	59	222	809442
9030	19412	838	59	222	809452
9052	19388	836	58	221	809462
9073	19359	834	58	221	809472
9086	19331	831	58	220	809482
9093	19300	824	58	220	809492
9093	19263	822	58	220	809502
9093	19219	818	58	220	809512
9072	19166	815	58	220	809522
9047	19109	811	58	220	809532
9016	19053	811	58	218	809542
8980	19001	808	58	218	809552
8938	18956	808	58	218	809562
8894	18915	807	59	217	809572
8847	18881	805	59	217	809582
8797	18851	807	59	215	809592
8748	18828	807	59	215	809602
8698	18814	808	60	214	809612
8652	18805	811	60	214	809622
8609	18805	815	60	212	809632
8571	18805	815	61	212	809642
8541	18796	816	61	212	809652
8516	18796	818	63	211	809662
8496	18796	822	63	211	809672
8479	18796	824	63	209	809682
8467	18796	827	63	209	809692
8459	18796	829	63	209	809712
8451	18796	637	64.4545	210.545	809822
4
8355	19123	19	60	212	810034
8355	19130	58	61.6	213.6	810084
8346	19130	61	62	215	810104
8336	19130	17	62.6667	216.667	810134
16
8355	19123	149	62	214	810214
8312	19104	253	62	214	810224
8312	19096	336	62	213	810234
8319	19086	418	62	213	810244
8319	19069	469	62	213	810254
8329	19045	505	62	213	810264
8329	19013	529	63	211	810274
8339	18973	566	63	211	810284
8339	18928	583	63	211	810294
8348	18883	601	63	209	810304
8348	18842	603	63	209	810314
8348	18809	603	63	209	810324
8348	18785	598	64	209	810334
8348	18767	587	64	209	810344
8348	18755	560	65	210	810354
8348	18746	283	65	208.4	810404
37
9170	19353	197	59	215.4	811355
9170	19361	281	59	217	811375
9170	19368	323	59	217	811435
9177	19368	344	59	217	811484
9177	19375	344	59	217	811494
9170	19375	379	58	218	811524
9170	19382	439	59.3333	219.667	811554
9164	19391	449	60	221	811574
9153	19391	457	60	221	811584
9144	19391	471	60	219	811594
9134	19378	491	60	219	811604
9120	19362	520	60	219	811614
9107	19343	526	60	219	811624
9098	19323	537	60	219	811634
9091	19301	538	60	219	811644
9091	19281	550	60	219	811654
9091	19262	572	60	219	811664
9101	19247	579	60	219	811674
9113	19236	581	60	219	811684
9132	19227	576	59	218	811694
9157	19227	578	59	218	811704
9189	19227	593	59	217	811714
9224	19239	596	59	217	811724
9255	19259	595	59	217	811734
9277	19283	603	59	217	811744
9289	19307	602	59	217	811754
9289	19329	603	59	217	811764
9276	19347	603	59	217	811774
9256	19363	604	59	217	811784
9230	19375	606	59	217	811794
9202	19375	600	59	217	811804
9176	19375	597	59	217	811814
9154	19375	569	59	217	811824
9139	19366	549	59	217	811834
9132	19355	510	59	217	811844
9132	19341	440	59	217	811854
9132	19328	153	59	217	811874
19
9344	19308	228	57	214	812031
9351	19288	281	57	214	812041
9351	19278	355	57	214	812051
9361	19270	496	57	214	812071
9371	19262	591	57	216	812091
9380	19262	644	57	216	812101
9390	19262	680	57	217	812111
9409	19271	722	57	217	812121
9437	19271	735	58	218	812131
9477	19271	751	58	218	812141
9525	19271	793	58	218	812151
9575	19271	807	58	218	812161
9630	19271	823	58	218	812171
9685	19271	822	58	218	812181
9735	19265	824	58	220	812191
9777	19265	820	58	220	812201
9804	19265	792	58	220	812211
9816	19257	674	57	218	812231
9789	19246	229	56	217	812251
20
8008	17856	97	62	208	813099
7991	17847	193	62	208	813109
7991	17837	306	63	209	813119
7982	17837	412	63	209	813129
7982	17829	579	63	207.5	813169
7990	17822	709	63	208	813189
8000	17822	761	63	209	813199
8010	17822	773	63	209	813209
8026	17822	812	63	209	813219
8050	17822	821	63	209	813229
8081	17822	851	63	209	813239
8114	17822	862	63	209	813249
8149	17831	874	63	209	813259
8181	17831	888	63	209	813269
8207	17831	881	63	209	813279
8227	17831	877	63	209	813289
8237	17831	806	63	210.5	813329
8226	17831	661	63	211	813339
8210	17831	543	63	211	813349
8188	17831	174	63	209	813369
16
8008	17636	232	63	207	813459
8000	17617	338	63	207	813479
8000	17610	493	64	206	813509
8007	17610	658	64	206	813569
8014	17610	812	64	206	813579
8024	17610	827	64	206	813589
8040	17610	836	64	206	813599
8059	17610	859	64	206	813609
8082	17610	870	64	206	813619
8102	17610	881	64	206	813629
8124	17604	881	64	206	813639
8143	17604	881	64	206	813649
8160	17604	884	64	206	813659
8174	17597	885	64	206	813669
8181	17597	790	64	206	813759
8173	17606	111	64	206	813779
24
8250	18010	51	60	210	814043
8256	18030	94	60	210	814053
8265	18040	175	60	210	814063
8265	18049	281	60	210	814073
8273	18057	349	60	210	814083
8273	18065	410	61	212	814093
8273	18071	466	62	210	814103
8280	18071	525	63	211	814113
8280	18081	616	63	211	814143
8288	18081	668	63	211	814153
8288	18068	688	63	211	814163
8296	18039	705	63	211	814173
8296	17992	729	63	211	814183
8306	17922	772	63	211	814193
8306	17838	799	63	211	814203
8313	17746	812	63	211	814213
8313	17654	822	63	211	814223
8313	17572	822	63	211	814233
8313	17505	816	63	209	814243
8313	17456	803	63	209	814253
8306	17426	761	63	209	814263
8306	17409	721	63	209	814273
8299	17409	592	63	209	814293
8299	17433	155	63	207	814313
47
8298	18019	232	60	212	814527
8290	18026	389	60	212	814547
8290	18032	519	60	212	814557
8296	18032	630	60.6667	212.333	814617
8307	18032	738	62	213	814627
8317	18032	768	62	213	814637
8329	18032	804	62	213	814647
8349	18032	806	62	213	814657
8374	18032	829	62	213	814667
8407	18032	850	62	213	814677
8446	18032	874	62	213	814687
8491	18039	888	62	213	814697
8541	18039	902	62	213	814707
8590	18039	912	62	213	814717
8640	18039	915	62	213	814727
8684	18029	918	62	214	814737
8718	18019	918	62	214	814747
8750	18009	914	62	214	814757
8779	17997	911	61	213	814767
8809	17981	906	61	213	814777
8839	17962	907	60	212	814787
8864	17944	904	60	212	814797
8887	17922	901	60	212	814807
8906	17902	898	60	212	814817
8922	17880	892	60	212	814827
8935	17851	891	60	212	814837
8945	17821	884	60	212	814847
8945	17786	880	60	212	814857
8945	17745	876	60	210	814867
8945	17702	875	60	210	814877
8932	17656	871	60	210	814887
8908	17611	870	60	210	814897
8875	17567	866	60	209	814907
8835	17525	861	60	208	814917
8787	17487	857	59	207	814927
8733	17454	857	59	207	814937
8674	17426	857	60	208	814947
8611	17405	856	60	206	814957
8544	17392	853	61	207	814967
8477	17385	854	61	207	814977
8416	17385	852	62	205	814987
8368	17385	840	62	205	814997
8333	17379	840	62	205	815007
8311	17379	840	62	205	815017
8298	17379	839	62	205	815027
8291	17379	781	63.1429	205.143	815097
8297	17390	210	64	206	815117
30
9003	17809	157	58	210	815511
9017	17816	258	58	210	815531
9037	17825	383	58	210	815551
9037	17836	421	58	210	815561
9019	17836	445	59	208	815571
9002	17836	464	59	208	815581
8979	17836	493	59	208	815591
8956	17818	505	59	208	815601
8938	17801	514	59	208	815611
8924	17780	528	59	208	815621
8924	17757	531	59	208	815631
8924	17734	544	59	208	815641
8940	17711	579	59	208	815651
8963	17694	597	59	208	815661
8997	17684	615	59	208	815671
9036	17684	670	59	208	815681
9077	17698	678	59	208	815691
9114	17720	683	59	208	815701
9137	17746	687	59	208	815711
9146	17772	686	59	208	815721
9139	17800	689	59	208	815731
9120	17826	686	59	208	815741
9091	17849	680	59	208	815751
9060	17868	667	59	208	815761
9030	17881	646	59	208	815771
9003	17881	608	59	208	815781
8983	17881	550	59	208	815791
8967	17881	460	59	208	815801
8956	17872	333	59	208	815811
8956	17855	56	59	208	815831
17
9154	17776	265	57	208	816007
9162	17770	289	57	208	816017
9170	17770	393	57	208	816027
9181	17770	471	57	208	816037
9195	17770	537	57	208	816047
9211	17779	569	57	208	816057
9232	17779	649	57	208	816067
9255	17786	678	57	208	816077
9284	17786	681	57	208	816087
9317	17786	701	57	208	816097
9359	17793	728	57	208	816107
9414	17793	729	57	208	816117
9480	17793	730	57	208	816127
9554	17793	717	57	208	816137
9632	17782	673	57	208	816147
9704	17782	549	57	208	816157
9755	17768	88	57	208	816177
30
7850	16340	16	62	202	816851
7850	16320	55	62	202	816861
7850	16313	61	62	204	816881
7850	16306	62	62	204	816901
7836	16306	76	62	204	816911
7827	16314	100	63	206	816921
7816	16314	166	63	206	816931
7807	16314	248	63	207	816941
7800	16314	316	63	207	816951
7793	16306	392	63	207	816961
7786	16306	446	63	207	816971
7786	16298	495	63	207	816981
7780	16298	657	63	207.8	817031
7787	16298	767	63	209	817041
7800	16298	771	63	209	817051
7817	16298	801	63	209	817061
7842	16298	814	63	209	817071
7875	16298	824	63	209	817081
7914	16298	859	63	209	817091
7956	16308	875	63	209	817101
7997	16308	878	63	209	817111
8029	16316	888	63	209	817121
8054	16316	889	63	209	817131
8069	16316	891	63	209	817141
8076	16316	858	63	209	817171
8070	16316	803	63	209	817181
8055	16316	758	63	209	817191
8033	16316	670	63	211	817201
8006	16307	514	63	209	817211
7975	16295	44	63	209	817231
22
7773	16047	24	64	204	817407
7773	16041	211	64	204	817417
7773	16032	355	64	204	817437
7773	16024	503	64	204	817457
7780	16024	624	64	204	817507
7788	16024	740	64	204	817517
7796	16024	770	64	204	817527
7809	16024	821	64	204	817537
7830	16024	833	64	204	817547
7857	16024	875	64	204	817557
7891	16024	887	64	204	817567
7931	16024	900	64	204	817577
7969	16024	904	64	204	817587
8010	16024	896	64	204	817597
8043	16024	898	64	204	817607
8069	16024	897	64	204	817617
8091	16024	891	64	204	817627
8103	16024	890	64	206	817637
8111	16024	839	64	206	817677
8101	16031	717	64	206	817687
8084	16031	587	64	206	817697
8060	16039	139	64	206	817717
19
8064	16468	49	62	205	817931
8073	16478	96	62	205	817941
8081	16484	215	61	207	817961
8081	16494	334	61	207	817971
8087	16494	405	61	207	817981
8087	16502	552	61	208.6	818031
8087	16488	624	61	209	818041
8095	16462	662	61	209	818051
8095	16422	691	61	209	818061
8101	16363	733	61	209	818071
8101	16287	757	61	209	818081
8115	16204	772	62	210	818091
8124	16119	783	62	210	818101
8131	16039	784	63	209	818111
8131	15978	784	63	209	818121
8141	15934	759	63	209	818131
8141	15907	716	63	209	818141
8141	15894	587	63	207	818161
8141	15908	137	63	206.5	818181
42
8104	16534	175	60.5	208.5	818349
8097	16534	494	60.5	209.5	818429
8106	16534	712	60	210	818439
8118	16534	750	61	212	818449
8134	16534	764	61	212	818459
8155	16534	770	62	213	818469
8179	16534	788	62	213	818479
8210	16534	804	62	213	818489
8247	16534	822	62	213	818499
8288	16526	828	62	213	818509
8337	16526	824	62	213	818519
8395	16526	828	62	213	818529
8461	16526	825	62	213	818539
8528	16526	828	61	212	818549
8592	16517	817	61	213	818559
8650	16506	818	60	212	818569
8697	16491	815	60	212	818579
8735	16470	806	60	212	818589
8765	16444	799	60	212	818599
8788	16416	787	60	212	818609
8801	16383	774	60	212	818619
8809	16346	755	60	212	818629
8809	16304	743	59	211	818639
8800	16256	741	59	211	818649
8784	16202	739	58	210	818659
8761	16143	739	58	210	818669
8730	16084	740	58	210	818679
8695	16027	741	59	208	818689
8654	15976	739	59	208	818699
8608	15934	738	59	208	818709
8557	15898	733	59	207	818719
8501	15873	734	59	207	818729
8444	15856	731	59	207	818739
8386	15850	727	60	205	818749
8333	15850	711	60	205	818759
8285	15856	708	60	203	818769
8242	15863	689	61	204	818779
8207	15863	679	61	204	818789
8179	15863	660	62	204	818799
8160	15863	651	62	204	818809
8147	15863	624	62	204	818829
8139	15855	322	62	203	818869
33
8863	16311	253	59	208	819479
8873	16318	335	59	208	819489
8873	16326	420	59	208	819499
8880	16326	485	58.5	209	819519
8868	16326	534	58	210	819529
8857	16326	551	58	210	819539
8841	16314	582	58	210	819549
8826	16301	582	58	210	819559
8813	16288	583	58	210	819569
8803	16273	581	58	210	819579
8803	16257	581	58	210	819589
8796	16241	582	58	210	819599
8796	16226	579	58	210	819609
8813	16209	581	58	210	819619
8833	16196	582	58	210	819629
8864	16196	579	58	210	819639
8905	16196	595	58	210	819649
8950	16211	605	58	210	819659
8991	16233	607	58	210	819669
9022	16256	630	58	210	819679
9039	16272	633	58	210	819689
9039	16288	638	58	210	819699
9022	16305	643	58	210	819709
8995	16321	642	58	210	819719
8960	16337	643	58	210	819729
8923	16347	638	58	210	819739
8890	16347	622	58	210	819749
8864	16347	596	58	210	819759
8845	16347	571	58	210	819769
8834	16334	534	58	210	819779
8834	16324	488	58	210	819789
8834	16315	415	58	210	819799
8834	16306	78	58	210.5	819819
22
9093	16318	255	57	208	819983
9077	16312	305	57	208	819993
9077	16303	415	57	208	820003
9087	16303	489	57	208	820013
9107	16303	539	57	208	820023
9120	16303	592	57	208	820033
9135	16303	634	56	209	820043
9151	16303	674	56	209	820053
9175	16303	705	56	209	820063
9203	16303	749	56	209	820073
9237	16303	765	56	209	820083
9276	16312	793	56	209	820093
9323	16312	801	56	211	820103
9381	16324	821	56	211	820113
9447	16333	824	56	211	820123
9518	16340	815	56	211	820133
9586	16340	813	56	211	820143
9644	16347	803	56	211	820153
9687	16347	768	56	211	820163
9713	16341	691	56	212	820173
9725	16331	577	56	212	820183
9725	16311	151	55.5	211.5	820203
22
7693	14742	356	63	209	821135
7667	14716	375	63	207	821145
7661	14706	555	63	207	821165
7670	14697	663	63	207	821185
7677	14697	721	63	207	821205
7689	14697	737	63	207	821215
7702	14697	749	63	207	821225
7722	14705	760	63	207	821235
7749	14713	772	63	207	821245
7785	14722	802	63	207	821255
7826	14729	832	63	207	821265
7872	14729	840	63	207	821275
7916	14729	858	63	207	821285
7955	14729	862	63	207	821295
7987	14729	869	63	207	821305
8007	14721	870	63	207	821315
8019	14721	835	63	207	821345
8011	14721	756	63	207	821355
7995	14721	676	63	207	821365
7973	14711	590	63	207	821375
7945	14700	410	63	207	821385
7916	14685	27	63	206	821405
22
7723	14509	45	62	202	821531
7715	14501	266	62	202	821541
7709	14488	384	63	203	821561
7709	14481	510	64	204	821581
7709	14474	599	64	204	821601
7715	14474	680	64	204	821611
7715	14467	739	64	204	821621
7727	14467	769	64	204	821631
7742	14467	799	64	204	821641
7761	14467	838	64	204	821651
7786	14467	845	64	206	821661
7818	14467	852	64	206	821671
7850	14467	861	64	206	821681
7883	14479	864	64	206	821691
7914	14487	862	64	206	821701
7941	14493	865	64	206	821711
7963	14493	863	64	206	821721
7979	14502	862	64	206	821731
7989	14502	852	64	206	821751
7996	14502	743	63.3333	206.667	821781
7987	14502	558	63	207	821791
7975	14511	159	63	207	821811
22
8134	14941	21	60	209.5	822921
8134	14950	42	60	210	822931
8134	14956	64	60	210	822941
8126	14965	74	60	210	822951
8126	14974	108	60	210	822961
8115	14982	156	60	210	822971
8115	14989	435	60	210	823031
8115	14974	613	60	210	823041
8121	14953	629	60	210	823051
8121	14920	646	60	210	823061
8121	14871	679	60	210	823071
8121	14807	708	60	210	823081
8114	14734	731	60	210	823091
8114	14654	753	61	209	823101
8114	14578	765	61	209	823111
8122	14513	775	61	209	823121
8122	14459	777	61	209	823131
8129	14423	764	62	210	823141
8129	14400	747	62	210	823151
8129	14387	639	63	209.5	823191
8129	14406	484	63	209	823201
8115	14426	155	63	209	823221
45
8100	15011	274	60	212	823525
8109	15003	491	60	212	823545
8115	15003	594	60	212	823565
8124	15003	618	60	210	823575
8133	15003	650	60	210	823585
8146	15003	679	60	210	823595
8163	15003	722	60	210	823605
8186	14997	731	60	210	823615
8213	14997	772	60	210	823625
8245	14997	789	60	210	823635
8284	14997	810	60	210	823645
8330	14997	819	60	210	823655
8384	14997	823	60	210	823665
8443	14997	832	60	210	823675
8504	14987	844	60	212	823685
8562	14975	851	60	212	823695
8613	14957	853	60	212	823705
8656	14937	860	60	212	823715
8694	14915	863	60	212	823725
8724	14893	862	60	212	823735
8751	14869	862	60	212	823745
8775	14847	861	59	211	823755
8792	14824	855	59	211	823765
8808	14797	854	58	210	823775
8819	14772	849	58	210	823785
8826	14742	844	58	210	823795
8826	14710	840	58	210	823805
8826	14671	835	58	210	823815
8801	14626	832	59	208	823825
8770	14574	831	59	208	823835
8726	14516	832	59	208	823845
8672	14458	824	59	208	823855
8613	14405	818	59	208	823865
8547	14357	810	59	207	823875
8478	14321	802	59	207	823885
8410	14291	783	59	207	823895
8343	14270	764	60	205	823905
8282	14259	752	60	205	823915
8227	14252	736	60	206	823925
8178	14252	717	61	204	823935
8140	14252	679	62	205	823945
8110	14261	644	62	205	823955
8091	14261	590	62	205	823965
8082	14261	527	62	204	823975
8082	14268	125	62	204	824005
31
8896	14750	85	57	208	824419
8896	14771	190	57	208	824429
8908	14782	268	57	208	824439
8908	14793	347	57	208	824449
8925	14803	390	57	208	824459
8925	14813	429	57	208	824469
8907	14819	454	57	208	824479
8886	14819	495	57	208	824489
8860	14819	543	57	208	824499
8831	14808	556	57	208	824509
8804	14789	566	57	208	824519
8781	14767	561	57	208	824529
8765	14742	567	57	206	824539
8756	14712	569	57	206	824549
8756	14683	573	57	206	824559
8756	14656	577	57	206	824569
8774	14634	580	57	206	824579
8796	14622	583	57	206	824589
8826	14622	581	57	206	824599
8862	14638	586	57	206	824609
8899	14666	588	57	206	824619
8932	14700	587	57	206	824629
8956	14733	588	57	206	824639
8967	14760	587	57	206	824649
8967	14781	581	57	206	824659
8954	14794	575	57	206	824669
8934	14803	554	57	206	824679
8910	14803	517	57	206	824689
8888	14803	449	57	206	824699
8867	14803	357	57	206	824709
8853	14785	95	57	206	824729
16
9033	14749	236	57	208	824883
9046	14742	298	57	208	824893
9059	14735	388	57	208	824903
9077	14735	502	57	208	824913
9104	14735	552	57	208	824923
9133	14727	613	57	208	824933
9166	14727	691	57	208	824943
9204	14727	718	57	208	824953
9247	14727	749	57	208	824963
9300	14737	754	57	208	824973
9360	14737	754	57	208	824983
9427	14737	740	56	209	824993
9495	14737	717	56	209	825003
9556	14737	679	56	209	825013
9602	14737	561	56	209	825023
9630	14737	78	56	208	825043
22
7584	13390	83	63	209	826155
7576	13367	107	63	209	826175
7576	13360	156	63	210	826195
7567	13360	266	63	211	826225
7560	13353	529	62.75	211.5	826265
7572	13353	646	62	213	826275
7581	13353	677	62	213	826285
7594	13353	693	62	213	826295
7612	13353	731	62	213	826305
7633	13353	743	62	213	826315
7654	13353	772	62	213	826325
7680	13364	823	62	213	826335
7709	13371	832	62	214	826345
7738	13381	843	62	214	826355
7770	13391	847	62	214	826365
7796	13399	853	62	214	826375
7815	13399	853	62	214	826385
7826	13407	788	62	214	826435
7811	13401	642	62	214	826445
7792	13387	550	62	214	826455
7767	13364	401	62	214	826465
7741	13334	114	62	214	826485
23
7603	13182	60	63	211	826571
7603	13159	92	63	211	826581
7595	13151	173	63	211	826591
7595	13144	264	63	209	826611
7586	13136	336	63	209	826631
7578	13136	403	63	207	826641
7578	13129	458	63	207	826661
7572	13129	610	63	207	826721
7578	13129	744	63	207	826741
7587	13129	768	63	207	826751
7596	13129	792	63	207	826761
7610	13129	802	63	207	826771
7629	13129	822	63	209	826781
7650	13129	842	63	209	826791
7676	13137	854	63	209	826801
7702	13137	853	63	209	826811
7730	13150	855	63	209	826821
7755	13156	860	63	209	826831
7776	13163	864	63	209	826841
7792	13163	862	63	209	826851
7801	13163	852	63	209	826871
7811	13163	688	63	209	826921
7799	13163	91	63	209	826941
21
7776	13494	92	60	212	827175
7795	13513	158	60	212	827185
7802	13523	248	60	212	827195
7812	13532	308	60	212	827205
7818	13542	382	60	213	827225
7825	13553	527	60	214	827275
7832	13542	630	59	215	827285
7832	13523	660	59	215	827295
7832	13491	709	59	215	827305
7840	13445	726	59	215	827315
7840	13382	750	59	215	827325
7840	13308	755	59	215	827335
7840	13229	763	60	214	827345
7850	13155	765	60	214	827355
7850	13094	763	60	214	827365
7859	13048	756	60	212	827375
7859	13020	739	60	212	827385
7859	13002	712	60	212	827395
7859	12995	625	60.25	209.75	827435
7859	13003	508	61	209	827445
7847	13017	179	61	208	827465
48
7837	13505	147	60	212	827623
7829	13513	258	60	214	827643
7829	13523	462	59.75	214.25	827683
7829	13530	572	59	215	827693
7835	13530	636	59	215	827723
7845	13530	675	59	215	827733
7853	13530	701	59	215	827743
7866	13530	724	59	215	827753
7884	13530	740	59	215	827763
7907	13530	780	59	217	827773
7937	13530	803	59	217	827783
7977	13530	817	59	217	827793
8023	13530	842	59	217	827803
8076	13530	848	59	217	827813
8131	13530	858	59	217	827823
8186	13530	864	59	217	827833
8241	13519	873	59	217	827843
8290	13508	873	59	217	827853
8336	13491	877	59	217	827863
8380	13470	877	59	217	827873
8418	13447	876	59	217	827883
8452	13422	870	59	217	827893
8483	13395	866	59	217	827903
8504	13371	864	59	217	827913
8518	13347	859	58	218	827923
8530	13324	856	58	218	827933
8530	13296	851	58	216	827943
8530	13262	846	58	216	827953
8530	13224	836	57	214	827963
8519	13177	830	57	214	827973
8498	13128	823	57	214	827983
8466	13081	821	58	213	827993
8424	13035	809	58	213	828003
8373	13000	806	58	213	828013
8319	12974	806	58	211	828023
8262	12957	803	58	211	828033
8202	12946	800	58	210	828043
8138	12946	796	58	210	828053
8076	12938	796	60	209	828063
8018	12938	796	60	209	828073
7966	12930	797	60	210	828083
7926	12930	799	61	209	828093
7895	12920	797	61	209	828103
7873	12920	797	61	207	828113
7860	12911	797	61	207	828123
7853	12911	757	61.8333	205.333	828183
7861	12911	579	62	205	828193
7861	12921	178	62	205	828213
34
8653	13300	19	56	211	828623
8653	13316	74	56	211	828633
8653	13324	118	56	211	828643
8653	13334	216	56	211	828653
8643	13347	275	56	211	828663
8637	13359	312	56	212	828673
8627	13367	353	56	212	828683
8613	13367	377	56	212	828693
8596	13367	417	56	212	828703
8577	13356	457	56	212	828713
8557	13340	481	56	212	828723
8542	13321	488	56	212	828733
8532	13301	500	56	212	828743
8532	13279	518	56	212	828753
8532	13259	556	56	212	828763
8547	13241	552	56	212	828773
8569	13224	573	56	212	828783
8601	13213	574	56	212	828793
8644	13213	587	56	212	828803
8692	13213	606	56	211	828813
8738	13226	626	56	211	828823
8775	13241	675	56	211	828833
8800	13255	683	56	211	828843
8807	13270	680	56	211	828853
8798	13287	676	56	211	828863
8779	13304	675	56	211	828873
8751	13322	666	56	211	828883
8719	13335	657	56	211	828893
8690	13335	610	56	211	828903
8666	13335	569	56	211	828913
8649	13335	528	56	212	828923
8640	13317	445	56	212	828933
8640	13298	314	56	212	828943
8640	13277	46	56	212	828963
21
8860	13334	285	54	212	829147
8846	13334	422	54	212	829177
8857	13334	600	54.6667	212.667	829207
8865	13334	686	55	214	829217
8876	13327	681	55	215	829227
8893	13327	746	55	215	829237
8917	13327	758	55	215	829247
8954	13327	784	55	215	829257
9000	13327	810	55	215	829267
9052	13327	828	55	215	829277
9111	13327	833	55	215	829287
9172	13327	847	55	215	829297
9230	13327	852	55	215	829307
9286	13334	854	54	216	829317
9340	13334	854	54	216	829327
9387	13341	850	54	216	829337
9427	13341	840	54	215	829347
9455	13350	793	54	215	829357
9469	13350	697	53	214	829367
9463	13350	615	53	214	829377
9429	13338	203	53	214	829397
21
7488	11922	159	63	212	830251
7466	11922	232	63	211	830261
7459	11910	374	63	211	830281
7459	11901	484	63	211	830291
7453	11901	620	63.2	212	830341
7463	11901	755	64	214	830351
7476	11901	780	64	214	830361
7496	11901	816	64	214	830371
7525	11901	841	64	214	830381
7561	11901	854	64	214	830391
7599	11901	878	64	214	830401
7635	11901	887	64	214	830411
7672	11901	895	64	214	830421
7702	11908	903	64	214	830431
7726	11908	905	64	214	830441
7744	11908	908	63	212	830451
7753	11908	871	62.2	213.2	830501
7739	11908	753	62	213	830511
7722	11901	664	63	211	830521
7697	11888	538	63	211	830531
7667	11868	123	63	211	830551
22
7440	11637	76	63	207	830687
7432	11628	208	63	207	830707
7425	11621	345	63	207	830727
7418	11613	510	63	207	830767
7418	11607	704	63.5	208	830807
7434	11607	768	65	210	830817
7448	11616	791	65	210	830827
7470	11616	818	65	210	830837
7496	11616	837	65	210	830847
7527	11623	838	65	210	830857
7560	11623	850	65	210	830867
7593	11623	847	65	210	830877
7629	11623	850	65	210	830887
7662	11633	851	64	209	830897
7690	11633	859	64	209	830907
7713	11633	860	63	207	830917
7728	11633	860	63	207	830927
7736	11633	828	63	209	830967
7729	11633	745	63	209	830977
7717	11633	688	63	209	830987
7700	11633	596	63	209	830997
7681	11641	196	63	209	831017
20
7765	12082	72	61	212	831271
7765	12089	177	61	212	831281
7765	12100	321	60	210	831301
7765	12106	466	60.25	210.5	831341
7765	12100	564	61	212	831351
7765	12087	596	63	211	831361
7765	12067	640	63	211	831371
7765	12032	672	63	211	831381
7765	11982	698	63	211	831391
7765	11917	726	63	211	831401
7765	11835	751	63	211	831411
7765	11746	761	63	211	831421
7765	11657	762	63	211	831431
7765	11578	763	63	211	831441
7765	11520	763	63	211	831451
7765	11483	752	63	211	831461
7765	11465	706	63	209	831481
7765	11478	630	63	209	831491
7765	11510	529	63	209	831501
7771	11555	99	63	209	831521
45
7744	12047	47	62	214	831719
7734	12057	256	62	214	831729
7727	12067	510	62	213.167	831789
7736	12067	660	62	213	831809
7753	12067	694	62	213	831819
7766	12067	740	62	213	831829
7782	12067	768	62	213	831839
7803	12067	778	62	213	831849
7830	12060	811	62	213	831859
7863	12060	825	62	213	831869
7905	12060	845	62	213	831879
7952	12053	858	62	213	831889
8003	12053	864	62	213	831899
8055	12053	892	62	213	831909
8107	12044	885	62	213	831919
8157	12044	888	62	213	831929
8204	12044	881	61	212	831939
8250	12036	877	61	212	831949
8291	12036	876	60	212	831959
8328	12023	867	60	212	831969
8360	12010	865	60	212	831979
8382	11995	855	60	212	831989
8397	11975	851	60	212	831999
8404	11950	840	60	212	832009
8404	11919	832	60	212	832019
8404	11883	825	60	212	832029
8388	11842	822	60	212	832039
8370	11796	821	60	212	832049
8343	11749	820	60	212	832059
8310	11699	821	60	212	832069
8272	11649	818	60	212	832079
8232	11605	817	60	212	832089
8188	11565	817	60	210	832099
8142	11531	811	60	210	832109
8093	11503	809	60	210	832119
8039	11483	803	60	210	832129
7982	11466	791	61	209	832139
7925	11457	769	61	209	832149
7872	11457	746	61	209	832159
7826	11447	724	61	209	832169
7788	11447	707	61	207	832179
7761	11447	694	61	207	832189
7742	11447	673	61	207	832199
7731	11447	633	61	207	832209
7724	11447	315	61.3333	206.333	832239
35
8430	11832	142	58	210	832691
8452	11854	228	58	210	832701
8463	11863	335	58	210	832711
8472	11872	395	58	210	832721
8478	11879	424	58	210	832731
8478	11888	461	58	210	832741
8478	11897	480	58	210	832751
8468	11906	489	58	210	832761
8454	11906	507	58	210	832771
8435	11906	518	58	210	832781
8416	11906	518	58	210	832791
8399	11885	513	58	210	832801
8385	11863	500	58	210	832811
8376	11838	504	58	210	832821
8376	11814	504	58	210	832831
8376	11791	506	59	208	832841
8376	11773	517	59	208	832851
8393	11760	526	59	208	832861
8418	11760	529	59	208	832871
8453	11760	543	59	208	832881
8495	11772	550	59	208	832891
8543	11801	564	59	208	832901
8587	11834	572	59	208	832911
8619	11869	587	59	208	832921
8638	11902	587	58	210	832931
8638	11928	587	58	210	832941
8628	11949	583	58	210	832951
8609	11966	580	58	210	832961
8582	11977	575	58	210	832971
8553	11977	565	58	210	832981
8524	11977	542	58	210	832991
8499	11965	512	58	210	833001
8480	11949	461	58	210	833011
8470	11930	340	58	210	833021
8470	11911	73	58	210	833041
17
8657	11903	170	56	209	833207
8642	11894	394	56	209	833247
8655	11894	539	56	209	833257
8669	11894	591	56	209	833267
8686	11902	623	56	209	833277
8713	11902	691	56	209	833287
8744	11902	702	56	209	833297
8780	11902	715	56	209	833307
8820	11902	738	56	209	833317
8867	11902	742	56	209	833327
8921	11910	747	56	209	833337
8980	11910	750	56	209	833347
9048	11922	740	56	209	833357
9120	11928	739	56	209	833367
9187	11928	708	56	209	833377
9250	11928	634	56	209	833387
9302	11928	198	56	210	833407
21
7368	10336	51	62	204	834387
7349	10330	92	62	205	834397
7349	10323	168	62	205	834407
7341	10323	287	62.3333	205.333	834437
7335	10323	536	63	206.875	834517
7344	10331	660	63	207	834527
7353	10331	692	63	207	834537
7367	10345	700	63	207	834547
7388	10354	722	63	207	834557
7415	10362	763	63	207	834567
7453	10370	763	63	207	834577
7495	10378	797	63	207	834587
7541	10385	806	63	207	834597
7585	10392	815	63	207	834607
7618	10392	832	63	207	834617
7642	10392	838	63	209	834627
7654	10392	839	63	209	834637
7661	10392	795	63	209	834667
7661	10399	680	63	209	834677
7647	10399	564	63	209	834687
7630	10399	155	63	209	834707
19
7421	10127	99	61	204	834923
7414	10127	201	61	204	834933
7414	10121	558	63.2727	204.273	835043
7424	10121	795	64	204	835053
7435	10121	812	64	204	835063
7454	10121	828	64	204	835073
7478	10129	847	65	205	835083
7510	10129	854	65	205	835093
7548	10139	865	65	205	835103
7585	10139	868	65	205	835113
7620	10146	873	64	204	835123
7650	10146	874	64	204	835133
7675	10146	876	64	204	835143
7693	10146	875	64	206	835153
7703	10146	817	64	206	835193
7689	10146	694	64	206	835203
7672	10153	612	64	206	835213
7651	10153	502	64	206	835223
7628	10163	93	64	206	835243
19
7695	10592	90	63	211	835475
7695	10611	133	63	211	835485
7695	10618	269	62.5	212	835505
7695	10626	437	62	213	835525
7701	10626	622	62	213.6	835575
7708	10626	707	61.7	214.6	835675
7708	10607	744	62	214	835685
7714	10579	747	62	214	835695
7714	10531	749	62	214	835705
7714	10462	759	62	214	835715
7714	10377	772	62	214	835725
7721	10288	781	62	213	835735
7721	10204	785	62	213	835745
7728	10135	785	62	213	835755
7728	10082	778	63	211	835765
7728	10047	754	63	211	835775
7728	10025	705	63	211	835785
7728	10015	594	63	209	835805
7728	10040	163	63	208	835825
43
7656	10628	141	62	213	836031
7656	10638	243	62	213	836051
7656	10648	405	62	213	836071
7656	10655	498	62	214	836081
7665	10655	577	62	214	836101
7673	10655	663	62	214	836121
7685	10655	698	62	214	836131
7696	10662	727	62	214	836141
7710	10662	741	62	214	836151
7732	10662	747	62	214	836161
7763	10662	767	62	214	836171
7799	10662	791	62	214	836181
7845	10662	788	62	214	836191
7901	10653	800	62	214	836201
7964	10639	796	62	214	836211
8032	10622	788	61	216	836221
8100	10601	783	61	216	836231
8163	10576	784	60	215	836241
8217	10552	780	60	215	836251
8260	10524	778	60	214	836261
8295	10491	770	60	214	836271
8321	10454	770	60	214	836281
8337	10413	768	60	214	836291
8345	10366	766	60	214	836301
8345	10318	763	60	214	836311
8327	10270	763	60	214	836321
8302	10220	762	60	212	836331
8265	10173	761	60	212	836341
8220	10131	762	60	212	836351
8168	10092	762	60	210	836361
8111	10057	764	60	210	836371
8052	10030	765	60	210	836381
7992	10009	765	61	209	836391
7932	9996	761	61	209	836401
7875	9996	743	61	209	836411
7818	9996	727	61	207	836421
7769	9996	697	61	207	836431
7725	10007	689	62	205	836441
7692	10016	681	62	205	836451
7670	10022	672	62	204	836461
7657	10022	619	62.5	204.5	836501
7668	10022	386	64	206	836511
7679	10022	9	64	206	836531
31
8476	10490	229	56	209	836775
8498	10490	324	56	209	836815
8475	10490	405	56	209	836825
8450	10480	424	56	209	836835
8421	10471	454	57	210	836845
8392	10458	496	57	210	836855
8367	10441	512	58	213	836865
8349	10420	530	58	213	836875
8339	10396	550	58	213	836885
8339	10372	579	58	213	836895
8339	10346	612	58	213	836905
8352	10325	623	58	213	836915
8367	10308	625	58	211	836925
8385	10298	627	58	211	836935
8413	10298	628	58	211	836945
8445	10311	625	58	211	836955
8481	10338	626	58	211	836965
8516	10375	634	58	211	836975
8542	10415	642	58	211	836985
8555	10454	643	58	211	836995
8555	10488	643	58	211	837005
8545	10515	641	58	211	837015
8525	10539	641	58	211	837025
8497	10556	636	58	211	837035
8467	10565	630	58	211	837045
8438	10565	613	58	211	837055
8414	10565	583	58	211	837065
8397	10554	550	58	211	837075
8386	10538	501	58	213	837085
8386	10516	388	58	213	837095
8386	10493	128	58	213	837115
21
8623	10411	173	56	209	837283
8598	10396	235	56	209	837293
8587	10390	311	56	209	837303
8580	10390	404	56	209	837313
8573	10380	575	56	211	837363
8590	10390	708	56	211	837373
8607	10398	739	56	211	837383
8630	10406	744	56	211	837393
8662	10415	756	56	211	837403
8699	10423	779	56	211	837413
8745	10423	788	56	212	837423
8797	10436	801	56	212	837433
8857	10436	810	56	212	837443
8927	10445	818	56	212	837453
9002	10445	822	56	212	837463
9074	10445	822	56	212	837473
9135	10445	807	55	214	837483
9180	10445	784	55	214	837493
9206	10445	695	55	214	837503
9214	10438	548	55	214	837513
9200	10438	150	55	214	837533
19
7206	8856	236	60	200	838375
7206	8834	334	60	200	838385
7206	8828	504	60.5	200.5	838405
7215	8819	630	61.5	201.5	838425
7228	8811	692	62	202	838435
7236	8811	722	62	202	838445
7247	8811	765	62	202	838455
7259	8811	816	62	202	838465
7274	8811	829	63	203	838475
7293	8811	871	63	203	838485
7313	8811	891	64	204	838495
7338	8818	897	64	204	838505
7364	8825	896	64	204	838515
7389	8833	897	64	204	838525
7415	8841	892	64	206	838535
7433	8841	889	64	206	838545
7444	8848	782	64	206	838585
7434	8848	551	64	206	838595
7416	8833	123	64	206	838615
17
7246	8433	120	63	198	838999
7238	8426	418	63.2	198.2	839049
7247	8426	672	64	199	839059
7255	8426	714	65	200	839069
7267	8426	728	65	200	839079
7281	8426	785	65	200	839089
7298	8426	818	65	200	839099
7319	8426	822	64	202	839109
7345	8433	847	64	202	839119
7373	8433	852	64	202	839129
7402	8433	855	64	202	839139
7429	8433	848	64	202	839149
7451	8441	842	64	202	839159
7466	8441	832	64	202	839169
7476	8441	715	64	203	839209
7460	8441	450	64	204	839219
7441	8449	0	64	204	839239
18
7419	9002	134	59	201	839455
7411	9010	437	60.1667	203	839515
7418	8999	543	62	205	839525
7418	8982	561	62	205	839535
7418	8951	606	62	205	839545
7425	8906	646	63	206	839555
7431	8842	680	63	206	839565
7439	8765	716	63	207	839575
7449	8670	748	63	207	839585
7464	8569	777	63	207	839595
7475	8468	787	64	206	839605
7484	8381	792	64	206	839615
7484	8312	787	64	206	839625
7484	8267	772	64	206	839635
7484	8243	738	64	204	839645
7484	8230	643	64	204	839665
7477	8252	404	64	204	839675
7477	8289	88	64	203	839695
38
7426	8888	24	59	201	839879
7418	8888	374	60.2	202.2	839929
7425	8888	602	62	204	839949
7438	8896	661	62	205	839959
7451	8896	675	63	206	839969
7470	8906	700	63	206	839979
7495	8906	711	63	207	839989
7526	8906	726	63	207	839999
7561	8906	736	63	207	840009
7604	8897	745	63	207	840019
7650	8897	752	63	207	840029
7703	8897	764	63	207	840039
7762	8897	769	63	207	840049
7823	8889	770	63	207	840059
7884	8875	770	63	207	840069
7942	8849	770	63	207	840079
7994	8816	775	63	206	840089
8039	8775	773	63	206	840099
8073	8731	772	62	205	840109
8097	8686	775	62	205	840119
8107	8640	773	62	205	840129
8100	8589	768	62	205	840139
8078	8529	758	62	205	840149
8039	8462	742	62	205	840159
7986	8395	725	62	205	840169
7926	8333	713	62	205	840179
7861	8282	706	62	204	840189
7800	8246	698	62	204	840199
7744	8220	696	62	204	840209
7693	8207	694	62	202	840219
7646	8207	693	62	202	840229
7603	8207	690	62	202	840239
7563	8226	686	62	202	840249
7529	8243	674	63	200	840259
7502	8255	644	63	200	840269
7484	8263	637	63	200	840279
7473	8263	558	63	198	840319
7480	8263	74	63	198	840339
31
8197	8702	220	60	203	840695
8204	8702	275	60	203	840715
8197	8702	395	60	203	840725
8187	8702	431	60	203	840735
8170	8702	481	60	205	840745
8148	8702	526	60	205	840755
8130	8696	530	60	205	840765
8114	8684	547	60	205	840775
8104	8668	563	60	205	840785
8104	8647	574	60	205	840795
8104	8622	599	60	205	840805
8115	8595	605	60	205	840815
8130	8573	613	60	205	840825
8149	8557	621	60	205	840835
8175	8550	624	60	205	840845
8205	8550	636	60	205	840855
8235	8566	628	60	205	840865
8262	8590	627	60	205	840875
8281	8617	626	60	205	840885
8289	8648	620	60	205	840895
8289	8676	623	60	205	840905
8273	8700	622	60	205	840915
8254	8720	623	60	205	840925
8232	8734	622	60	205	840935
8210	8741	622	60	205	840945
8189	8741	611	60	205	840955
8172	8741	591	60	205	840965
8160	8724	566	60	205	840975
8149	8706	501	60	205	840985
8149	8686	395	60	205	840995
8149	8665	102	60	205	841015
19
8319	8629	213	58	203	841179
8308	8617	287	58	203	841189
8308	8610	551	58.2	203.2	841239
8314	8610	706	59	204	841249
8322	8610	741	60	205	841259
8332	8610	768	60	205	841269
8348	8610	802	59	207	841279
8370	8618	814	59	207	841289
8400	8618	837	59	207	841299
8436	8626	852	59	207	841309
8480	8634	865	59	207	841319
8534	8641	865	59	207	841329
8596	8649	871	59	207	841339
8660	8658	866	59	207	841349
8721	8658	858	59	207	841359
8771	8665	845	58	206	841369
8803	8665	793	58	206	841379
8820	8665	642	58	205	841389
8820	8657	218	57	206	841409
19
7189	7287	200	61	209	848616
7179	7287	341	61	208	848636
7171	7287	466	61.5	207.5	848656
7165	7287	709	62.8571	207.143	848726
7177	7287	898	63	207	848736
7189	7287	913	63	207	848746
7210	7287	913	63	207	848756
7234	7287	932	63	207	848766
7264	7295	934	63	207	848776
7297	7302	933	63	207	848786
7332	7311	934	63	207	848796
7365	7319	951	63	207	848806
7391	7327	956	63	207	848816
7408	7333	957	63	207	848826
7416	7333	913	63	207	848866
7402	7333	792	63	207	848876
7384	7326	687	63	207	848886
7359	7318	481	63	207	848896
7330	7302	1	63	207	848916
20
7174	7015	250	62	205	849064
7166	7007	335	62	204	849074
7166	6998	504	62	204	849094
7173	6998	626	62.5	204.5	849114
7180	6998	696	63	205	849124
7186	6998	725	64	206	849134
7197	6998	756	64	206	849144
7213	6998	799	64	206	849154
7232	6998	832	64	206	849164
7260	7004	844	64	206	849174
7290	7004	890	64	206	849184
7320	7017	887	64	206	849194
7350	7023	899	64	206	849204
7376	7023	901	64	206	849214
7397	7023	896	64	206	849224
7413	7023	887	64	206	849234
7423	7023	843	64	206	849254
7423	7030	734	64	206	849274
7403	7030	573	64	206	849284
7383	7044	167	64	206	849304
21
7400	7400	143	59	211	849472
7407	7427	175	59	211	849482
7418	7439	252	60	212	849492
7418	7451	318	60	212	849502
7425	7461	373	60	212	849512
7425	7470	445	60	212	849522
7425	7478	524	60	212	849532
7425	7484	628	61	212.5	849552
7432	7484	707	62	213	849572
7432	7468	736	62	213	849582
7440	7434	750	62	213	849592
7440	7378	764	63	211	849602
7447	7304	790	63	211	849612
7447	7219	805	63	212	849622
7455	7130	814	63	212	849632
7455	7047	814	64	214	849642
7463	6969	802	65	212	849652
7463	6904	785	65	212	849662
7471	6857	741	65	212	849672
7471	6823	673	65	212	849682
7471	6805	304	63.6667	208.667	849712
42
7447	7389	135	59	211	849868
7439	7397	249	59	213	849878
7439	7404	405	60	214	849898
7439	7412	537	59	215	849918
7439	7419	594	59	215	849928
7445	7419	641	60	214	849948
7445	7426	673	60	215	849958
7454	7426	683	60	215	849968
7463	7437	714	62	214	849978
7478	7444	727	62	214	849988
7499	7453	759	62	214	849998
7525	7460	776	62	214	850008
7560	7469	786	62	214	850018
7605	7476	788	62	214	850028
7657	7483	789	62	214	850038
7713	7483	791	62	213	850048
7770	7483	793	62	213	850058
7825	7469	793	62	213	850068
7875	7445	787	62	213	850078
7921	7412	787	62	214	850088
7961	7372	787	62	214	850098
7993	7327	786	62	214	850108
8017	7279	785	62	214	850118
8029	7227	785	62	214	850128
8029	7170	786	61	213	850138
8018	7108	780	61	213	850148
7994	7042	774	60	210	850158
7956	6976	771	60	210	850168
7909	6914	772	60	210	850178
7856	6861	769	61	209	850188
7798	6818	769	61	209	850198
7740	6785	768	61	209	850208
7686	6763	771	61	207	850218
7635	6751	769	61	207	850228
7590	6743	768	62	208	850238
7556	6743	760	63	206	850248
7530	6736	756	63	207	850258
7515	6736	750	63	207	850268
7507	6736	738	64	206	850288
7507	6744	680	64	206	850308
7507	6755	558	64	206	850318
7514	6763	137	64	206	850338
30
8027	7241	192	60	214	850552
8035	7241	427	60	214	850602
8028	7248	514	60	214	850612
8015	7248	530	60	214	850622
7999	7248	565	60	214	850632
7980	7232	576	60	212	850642
7965	7216	585	60	212	850652
7951	7194	595	60	212	850662
7943	7168	605	60	212	850672
7943	7139	613	60	212	850682
7943	7113	620	60	210	850692
7964	7089	620	60	210	850702
7989	7070	636	60	210	850712
8023	7061	634	60	210	850722
8064	7061	639	60	210	850732
8108	7074	666	60	210	850742
8148	7097	682	60	210	850752
8178	7124	688	60	210	850762
8193	7153	690	60	210	850772
8193	7181	695	60	210	850782
8176	7206	693	60	210	850792
8152	7229	694	60	210	850802
8122	7246	690	60	210	850812
8091	7256	694	60	210	850822
8065	7256	671	60	210	850832
8044	7256	650	60	212	850842
8032	7243	619	60	212	850852
8032	7228	565	60	212	850862
8032	7210	498	60	212	850872
8043	7190	169	60	212	850892
21
8189	7194	189	58	211	851096
8189	7184	277	58	211	851116
8195	7184	468	58	211	851136
8202	7184	604	58	211	851156
8210	7184	687	58	211	851166
8219	7184	717	58	211	851176
8231	7184	761	58	210	851186
8248	7184	799	59	211	851196
8273	7184	829	59	211	851206
8307	7184	844	60	212	851216
8355	7184	854	60	212	851226
8419	7184	890	60	212	851236
8495	7184	906	60	212	851246
8575	7184	917	60	212	851256
8651	7184	918	59	211	851266
8715	7184	920	59	213	851276
8760	7178	913	58	211	851286
8788	7178	864	58	211	851296
8799	7178	772	58	211	851306
8789	7178	660	58	211	851316
8753	7178	144	58	211	851336
20
7021	5622	203	61	212	852020
7002	5605	326	61.5	212.5	852040
6995	5605	534	62	213.333	852070
7004	5605	694	62	214	852090
7020	5605	742	62	214	852100
7038	5605	785	62	214	852110
7064	5605	815	62	214	852120
7096	5605	848	62	214	852130
7137	5605	865	62	214	852140
7179	5605	883	62	214	852150
7225	5605	896	62	214	852160
7269	5605	897	61	216	852170
7306	5613	901	61	216	852180
7336	5620	901	61	216	852190
7355	5626	895	61	216	852200
7365	5626	880	61	216	852210
7365	5633	787	61	216	852240
7348	5633	622	61	216	852250
7324	5618	421	61	216	852260
7292	5603	73	61	216	852280
21
7037	5287	69	62	214	852396
7037	5279	297	62	214	852436
7037	5273	570	62	213	852466
7044	5273	711	62	213	852486
7054	5273	769	62	213	852496
7065	5273	784	62	213	852506
7079	5273	806	63	214	852516
7098	5281	831	63	214	852526
7122	5281	862	63	214	852536
7151	5293	874	64	215	852546
7184	5300	895	64	215	852556
7220	5307	904	64	215	852566
7258	5307	914	64	215	852576
7293	5307	914	64	215	852586
7326	5313	913	63	217	852596
7350	5313	914	63	217	852606
7367	5313	905	63	217	852616
7376	5313	835	62.3333	216.333	852646
7362	5313	700	62	214	852656
7340	5313	553	62	214	852666
7311	5313	132	62	214	852686
16
7382	5796	132	59	213	853040
7390	5796	262	59.5	213.5	853060
7390	5805	405	60	214	853070
7398	5805	514	59.6667	214.333	853100
7398	5796	607	59	215	853110
7398	5768	622	59	215	853120
7398	5717	643	59	215	853130
7392	5640	664	59	215	853140
7392	5541	688	60	216	853150
7383	5434	726	60	216	853160
7383	5333	735	61	216	853170
7383	5246	741	61	216	853180
7375	5181	733	61	216	853190
7375	5140	707	61	216	853200
7368	5116	602	61	216	853220
7362	5128	155	62	214	853240
39
7368	5759	219	58	213	853406
7362	5766	453	58	213.333	853436
7368	5766	592	58.5	214.5	853456
7368	5773	672	59	215	853476
7377	5773	714	59	215	853486
7383	5773	743	59	215	853496
7395	5773	759	59	215	853506
7412	5773	777	59	215	853516
7439	5773	792	59	215	853526
7473	5773	804	60	216	853536
7518	5766	816	60	216	853546
7570	5766	833	60	216	853556
7626	5758	839	60	216	853566
7689	5758	839	60	216	853576
7750	5748	844	59	217	853586
7808	5742	844	59	217	853596
7864	5731	829	59	217	853606
7911	5715	823	59	217	853616
7952	5691	814	59	217	853626
7986	5659	809	59	217	853636
8010	5621	799	59	217	853646
8025	5570	791	59	217	853656
8025	5512	785	59	217	853666
8017	5445	785	59	217	853676
7991	5374	779	59	217	853686
7953	5302	783	59	217	853696
7905	5234	784	59	215	853706
7856	5170	784	59	215	853716
7803	5114	785	59	215	853726
7750	5068	784	60	214	853736
7695	5030	778	60	214	853746
7640	5003	768	60	214	853756
7584	4985	743	60	212	853766
7528	4979	693	60	212	853776
7476	4979	638	60	212	853786
7433	4994	563	60	210	853796
7402	5005	472	60	210	853806
7383	5013	372	60	210	853816
7377	5013	129	61	209	853836
37
8209	5517	299	58	210.5	854190
8203	5517	435	58	211	854200
8195	5510	496	58	211	854210
8183	5510	550	58	213	854220
8164	5500	573	58	213	854230
8141	5490	593	58	213	854240
8115	5476	605	57	214	854250
8089	5459	613	57	214	854260
8066	5438	621	57	214	854270
8049	5413	629	57	214	854280
8039	5385	634	57	214	854290
8039	5357	653	57	214	854300
8039	5333	663	57	214	854310
8054	5309	666	57	214	854320
8077	5293	665	57	214	854330
8111	5293	658	57	214	854340
8151	5293	663	57	214	854350
8191	5314	664	57	214	854360
8224	5341	667	57	214	854370
8248	5372	665	57	214	854380
8259	5405	666	57	214	854390
8259	5439	675	57	214	854400
8248	5470	673	57	214	854410
8229	5499	673	57	214	854420
8206	5521	673	57	214	854430
8185	5537	671	57	214	854440
8165	5548	659	57	214	854450
8148	5548	649	57	214	854460
8138	5548	645	57	214	854470
8130	5542	651	57	214	854480
8130	5530	652	57	214	854490
8130	5518	653	57	216	854500
8130	5506	654	57	216	854510
8130	5498	647	57	216	854540
8138	5498	570	57	216	854560
8138	5507	402	57	216	854570
8147	5507	52	57	216	854590
20
8252	5488	309	55	210	854864
8252	5456	375	56	211	854874
8252	5445	502	56	211	854884
8261	5439	603	56	211	854894
8270	5439	637	56	211	854904
8284	5439	699	56	211	854914
8303	5439	746	56	212	854924
8333	5439	784	56	212	854934
8375	5439	827	56	212	854944
8428	5445	852	56	213	854954
8490	5445	877	56	213	854964
8555	5445	887	57	216	854974
8620	5445	894	57	216	854984
8676	5438	886	56	215	854994
8724	5428	884	56	215	855004
8757	5419	865	55	214	855014
8776	5413	807	55	214	855024
8783	5413	714	55	214	855034
8773	5413	592	55	214	855044
8741	5404	43	55	214.5	855064
