42
17
3507	17075	254	60	202	1633141
3525	17113	301	60	202	1633151
3532	17113	382	60	202	1633161
3539	17121	436	60	203	1633181
3539	17109	470	60	203	1633191
3530	17088	486	60	203	1633201
3513	17051	504	60	203	1633211
3489	16998	529	60	203	1633221
3459	16927	526	60	203	1633231
3429	16847	529	61	204	1633241
3400	16766	526	61	203	1633251
3374	16688	525	62	204	1633261
3352	16622	516	62	204	1633271
3332	16572	494	62	202	1633281
3319	16534	455	62	202	1633291
3312	16513	302	63	200	1633311
3312	16524	17	63	199	1633331
16
3505	17085	301	62	199	1633421
3515	17140	325	62	199	1633431
3515	17148	395	61	201	1633441
3526	17148	465	61	201	1633451
3535	17139	509	61	201	1633461
3535	17114	541	61	203	1633471
3545	17077	556	60	202	1633481
3555	17021	589	60	203	1633491
3570	16950	622	60	203	1633501
3587	16871	637	61	204	1633511
3608	16788	668	61	204	1633521
3627	16710	671	62	205	1633531
3642	16639	659	62	204	1633541
3654	16579	617	62	204	1633551
3654	16532	536	62	204	1633561
3654	16499	169	62	202	1633581
7
3445	16734	604	61	197	1633677
3445	16772	607	61	197	1633687
3467	16781	739	61	197	1633697
3504	16788	758	61	197	1633707
3547	16788	778	61	197	1633717
3587	16788	726	61	197	1633727
3621	16796	297	61	197.5	1633747
4
3375	15777	86	61	197	1634493
3375	15769	231	62.1111	198.889	1634583
3375	15762	119	63	198	1634603
3375	15751	41	63	198	1634623
63
3400	15663	274	63	198	1634857
3400	15672	385	63	198	1634887
3400	15653	478	63	198	1634897
3406	15628	501	63	198	1634907
3406	15591	533	63	198	1634917
3406	15539	556	64	199	1634927
3406	15477	591	64	199	1634937
3406	15404	615	65	200	1634947
3406	15331	641	65	200	1634957
3406	15258	645	65	200	1634967
3406	15192	641	65	200	1634977
3406	15139	634	65	200	1634987
3406	15099	626	65	200	1634997
3395	15074	606	65	200	1635007
3395	15062	587	65	198	1635017
3386	15062	583	65	198	1635027
3386	15077	562	65	198	1635037
3386	15107	554	65	198	1635047
3386	15152	547	65	198	1635057
3386	15210	541	65	198	1635067
3386	15273	531	65	198	1635077
3386	15337	515	65	198	1635087
3394	15397	518	65	198	1635097
3394	15452	514	65	198	1635107
3403	15501	504	65	198	1635117
3412	15544	513	65	198	1635127
3427	15580	518	65	198	1635137
3445	15605	555	65	198	1635147
3468	15619	587	65	198	1635157
3492	15619	623	65	200	1635167
3514	15611	620	65	200	1635177
3532	15593	637	65	200	1635187
3544	15564	634	65	200	1635197
3544	15529	633	65	200	1635207
3544	15494	628	65	200	1635217
3535	15461	631	64	202	1635227
3517	15436	632	64	202	1635237
3495	15418	630	64	202	1635247
3475	15407	629	64	202	1635257
3458	15407	625	64	202	1635267
3447	15407	627	64	202	1635277
3440	15407	628	64	202	1635307
3461	15407	624	64	202	1635317
3481	15407	622	64	202	1635327
3510	15407	625	64	202	1635337
3542	15394	632	64	202	1635347
3575	15370	645	65	200	1635357
3606	15331	655	65	200	1635367
3628	15280	666	65	200	1635377
3641	15220	673	65	200	1635387
3641	15162	684	65	200	1635397
3631	15109	693	65	200	1635407
3609	15067	700	65	200	1635417
3576	15036	710	65	198	1635427
3537	15017	714	65	198	1635437
3494	15007	722	65	198	1635447
3451	15007	724	65	198	1635457
3412	15007	717	65	198	1635467
3377	15007	706	65	195	1635477
3351	15014	689	65	195	1635487
3334	15014	674	65	195	1635497
3325	15014	593	65	194.333	1635527
3334	15024	30	65	193	1635547
26
5934	16722	56	60	198	1637181
5927	16722	132	61	198	1637191
5921	16722	323	61	198	1637231
5921	16711	462	61	198	1637241
5929	16701	504	61	198	1637251
5929	16685	540	61	198	1637261
5943	16661	569	61	198	1637271
5957	16629	620	61	198	1637281
5978	16584	637	61	198	1637291
6003	16524	646	61	198	1637301
6034	16451	664	61	198	1637311
6065	16361	689	61	198	1637321
6090	16261	701	61	198	1637331
6107	16161	721	61	197	1637341
6107	16068	728	61	197	1637351
6101	15989	732	61	197	1637361
6082	15927	731	61	197	1637371
6057	15878	732	61	195	1637381
6032	15844	738	61	195	1637391
6010	15817	745	61	195	1637401
5993	15801	760	61	193	1637411
5983	15792	777	61	193	1637421
5983	15785	806	62	189.857	1637491
5983	15798	670	62	189	1637501
5992	15813	539	62	189	1637511
5999	15837	87	62	189	1637531
29
6104	16727	158	59	199	1637785
6104	16736	283	59	199	1637805
6113	16736	421	59	199	1637815
6120	16736	497	58	200	1637835
6132	16727	574	58	200	1637845
6138	16718	594	58	200	1637855
6148	16700	615	58	200	1637865
6160	16676	644	58	200	1637875
6177	16643	648	59	201	1637885
6196	16597	665	59	201	1637895
6219	16539	675	60	202	1637905
6244	16464	680	60	202	1637915
6270	16375	683	60	202	1637925
6294	16274	698	60	200	1637935
6312	16169	711	60	200	1637945
6322	16072	718	60	200	1637955
6322	15986	724	61	198	1637965
6322	15916	725	61	198	1637975
6305	15861	728	61	198	1637985
6290	15819	731	61	197	1637995
6276	15789	731	61	197	1638005
6263	15768	731	61	197	1638015
6252	15757	732	61	197	1638025
6245	15757	731	61	195	1638035
6245	15749	727	61	195	1638055
6245	15761	680	61	193	1638065
6245	15783	638	61	193	1638075
6252	15813	460	61	193	1638085
6252	15853	6	61	193	1638105
57
6182	16701	105	57	199	1638321
6173	16708	165	57	199	1638331
6173	16716	426	58.4	201.6	1638381
6185	16716	604	60	203	1638391
6195	16716	627	60	203	1638401
6209	16709	644	60	203	1638411
6225	16709	672	60	203	1638421
6242	16702	689	60	203	1638431
6264	16702	712	60	203	1638441
6287	16693	716	60	203	1638451
6315	16693	725	60	203	1638461
6348	16683	738	60	203	1638471
6387	16675	746	60	203	1638481
6435	16661	765	60	203	1638491
6494	16643	796	60	203	1638501
6560	16625	808	60	203	1638511
6633	16607	827	60	203	1638521
6706	16594	834	60	203	1638531
6777	16582	839	60	203	1638541
6843	16571	840	60	203	1638551
6900	16564	843	59	203	1638561
6951	16556	844	59	204	1638571
6990	16549	843	58	203	1638581
7024	16540	842	58	203	1638591
7052	16528	840	58	203	1638601
7077	16513	840	58	203	1638611
7099	16496	841	58	203	1638621
7118	16480	840	58	203	1638631
7135	16465	842	58	203	1638641
7150	16453	844	58	203	1638651
7163	16445	843	58	203	1638661
7179	16438	844	57	203	1638671
7196	16438	844	57	204	1638681
7214	16427	844	56	203	1638691
7232	16421	843	56	203	1638701
7246	16421	844	56	203	1638711
7258	16410	844	56	203	1638721
7265	16410	846	56	203	1638741
7272	16410	840	56	203	1638871
7272	16403	816	56	203	1638881
7272	16391	814	56	203	1638891
7256	16368	811	56	203	1638901
7239	16334	809	56	203	1638911
7214	16284	808	56	203	1638921
7177	16226	808	56	202	1638931
7127	16165	809	56	202	1638941
7065	16093	808	56	202	1638951
6991	16022	806	56	200	1638961
6911	15951	802	56	200	1638971
6826	15884	795	57	199	1638981
6739	15826	787	57	199	1638991
6651	15778	771	57	199	1639001
6565	15742	755	58	198	1639011
6487	15713	724	59	197	1639021
6420	15694	675	59	197	1639031
6369	15684	575	59	195	1639041
6332	15684	162	59	194.5	1639061
134
4021	16558	63	65	198	1641565
4021	16549	213	65	198	1641595
4021	16541	467	65	198	1641655
4028	16541	637	65	200	1641695
4035	16541	690	65	200	1641715
4043	16541	695	65	200	1641735
4054	16535	703	65	200	1641755
4064	16535	724	65	200	1641775
4074	16535	738	65	200	1641785
4080	16535	742	65	200	1641795
4089	16535	745	64	202	1641805
4099	16535	746	64	202	1641815
4110	16535	751	64	202	1641825
4120	16527	759	64	202	1641835
4129	16527	766	64	202	1641845
4138	16527	769	64	202	1641855
4146	16527	779	64	202	1641865
4154	16527	787	64	202	1641875
4161	16527	799	64	202	1641895
4173	16527	801	64	202	1641905
4183	16527	802	64	202	1641915
4195	16527	801	64	202	1641925
4210	16527	803	64	202	1641935
4226	16518	815	64	202	1641945
4240	16518	830	64	202	1641955
4254	16511	829	64	202	1641965
4267	16511	836	64	202	1641975
4280	16511	836	64	202	1641985
4295	16511	833	64	202	1641995
4309	16504	837	64	202	1642005
4323	16504	837	64	202	1642015
4335	16504	845	64	204	1642025
4348	16504	854	64	204	1642035
4359	16504	867	64	204	1642045
4373	16504	869	64	204	1642055
4390	16504	868	64	204	1642065
4408	16504	888	64	204	1642075
4427	16504	891	64	204	1642085
4445	16497	891	65	205	1642095
4464	16497	902	65	205	1642105
4482	16497	902	66	206	1642115
4500	16497	903	66	206	1642125
4520	16487	905	66	206	1642135
4537	16487	907	66	206	1642145
4554	16479	907	66	206	1642155
4571	16479	906	66	206	1642165
4590	16469	906	65	208	1642175
4609	16469	919	65	207	1642185
4631	16469	917	65	207	1642195
4653	16469	920	64	206	1642205
4676	16469	918	64	206	1642215
4702	16469	920	64	206	1642225
4726	16463	925	64	206	1642235
4750	16463	921	64	206	1642245
4772	16463	927	64	206	1642255
4790	16463	928	64	206	1642265
4810	16454	927	64	206	1642275
4828	16454	930	63	205	1642285
4845	16454	929	63	206	1642295
4860	16454	932	62	205	1642305
4878	16448	932	62	205	1642315
4897	16448	928	62	205	1642325
4918	16448	928	62	205	1642335
4938	16448	931	62	205	1642345
4956	16448	933	62	205	1642355
4973	16448	932	62	205	1642365
4989	16448	933	62	205	1642375
5006	16448	933	62	205	1642385
5024	16448	936	62	205	1642395
5037	16448	938	62	205	1642405
5047	16448	940	62	205	1642415
5055	16448	940	62	205	1642425
5064	16448	941	62	205	1642435
5072	16448	942	62	205	1642445
5080	16448	946	62	205	1642455
5086	16448	947	62	205	1642465
5095	16448	948	62	205	1642475
5110	16448	947	62	205	1642485
5127	16448	946	61	207	1642495
5146	16448	952	61	207	1642505
5165	16448	950	61	207	1642515
5185	16448	950	61	207	1642525
5206	16448	951	61	207	1642535
5227	16448	955	61	207	1642545
5248	16448	955	61	207	1642555
5265	16448	954	61	207	1642565
5283	16448	955	61	207	1642575
5301	16448	955	61	207	1642585
5319	16448	957	61	207	1642595
5336	16441	957	61	207	1642605
5352	16441	958	60	206	1642615
5366	16441	958	60	206	1642625
5381	16441	962	60	205	1642635
5397	16441	957	60	205	1642645
5414	16441	958	60	205	1642655
5429	16441	958	60	205	1642665
5444	16441	960	60	205	1642675
5459	16441	963	60	205	1642685
5472	16441	962	60	205	1642695
5489	16441	960	60	205	1642705
5508	16448	963	59	207	1642715
5527	16448	962	59	207	1642725
5549	16448	964	59	207	1642735
5566	16448	967	59	207	1642745
5583	16448	966	59	207	1642755
5602	16448	967	59	207	1642765
5617	16448	969	59	207	1642775
5635	16448	964	59	207	1642785
5652	16448	970	59	207	1642795
5664	16448	970	59	207	1642805
5676	16448	972	59	207	1642815
5685	16448	972	59	207	1642825
5694	16448	973	59	207	1642835
5710	16448	969	59	207	1642845
5730	16448	972	59	207	1642855
5751	16448	970	59	208	1642865
5776	16458	971	59	208	1642875
5803	16458	973	59	208	1642885
5828	16458	974	59	208	1642895
5855	16458	973	59	208	1642905
5881	16458	974	58	207	1642915
5901	16458	975	58	207	1642925
5919	16451	975	57	206	1642935
5933	16451	973	57	206	1642945
5946	16451	972	57	206	1642955
5959	16451	971	57	206	1642965
5972	16451	965	57	206	1642975
5983	16451	964	57	206	1642985
5990	16451	958	57	206	1643005
5999	16451	932	57	206	1643025
6006	16451	873	57	206	1643035
6006	16443	792	58	205	1643045
6006	16434	674	58	205	1643055
5985	16414	149	58	205	1643075
109
4054	15359	29	65	186	1644234
4039	15349	61	66	187	1644244
4033	15349	150	66	187	1644254
4026	15349	258	66	188	1644274
4019	15342	549	66	189	1644354
4030	15342	688	66	189	1644363
4039	15342	690	67	189	1644373
4053	15342	720	67	189	1644383
4071	15342	727	67	192	1644393
4094	15342	755	67	192	1644403
4124	15352	793	67	192	1644413
4159	15352	828	66	191	1644423
4200	15352	839	66	191	1644433
4247	15352	865	66	191	1644443
4297	15342	882	66	191	1644453
4351	15327	891	65	193	1644463
4408	15312	913	65	193	1644473
4463	15297	910	65	193	1644483
4517	15286	912	65	193	1644493
4567	15286	914	65	193	1644503
4607	15276	921	65	195	1644513
4637	15276	919	65	195	1644523
4658	15276	930	65	195	1644533
4669	15276	929	65	195	1644543
4677	15269	915	64.0909	196.818	1644653
4677	15276	887	63	197	1644673
4677	15289	866	63	198	1644683
4677	15316	866	63	198	1644693
4677	15356	854	63	198	1644703
4677	15409	829	63	198	1644713
4677	15471	820	63	198	1644723
4683	15534	817	63	198	1644733
4683	15597	814	63	198	1644743
4694	15657	813	63	198	1644753
4694	15716	815	63	198	1644763
4694	15768	814	63	198	1644773
4694	15816	815	63	198	1644783
4682	15857	815	63	198	1644793
4672	15890	815	63	198	1644803
4662	15913	816	63	200	1644813
4654	15928	813	63	200	1644823
4648	15937	832	63	200	1644883
4648	15927	861	63	200	1644893
4658	15927	870	63	200	1644903
4665	15919	876	63	200	1644913
4673	15919	881	63	200	1644923
4682	15911	891	63	200	1644933
4691	15911	901	63	200	1644943
4698	15911	906	63	200	1644953
4707	15911	908	63	200	1644963
4716	15911	914	63	200	1644973
4727	15911	919	62	202	1644983
4740	15911	924	62	202	1644993
4753	15911	929	62	202	1645003
4771	15911	928	62	202	1645013
4793	15911	936	62	202	1645023
4820	15911	940	62	202	1645033
4849	15911	948	62	202	1645043
4880	15911	954	62	202	1645053
4913	15911	966	62	202	1645063
4948	15911	976	62	202	1645073
4982	15911	980	62	202	1645083
5020	15911	994	62	202	1645093
5057	15911	998	62	202	1645103
5093	15917	1007	62	202	1645113
5130	15917	1018	62	202	1645123
5160	15929	1023	62	202	1645133
5194	15937	1023	61	201	1645143
5224	15937	1023	61	203	1645153
5255	15944	1023	60	202	1645163
5286	15944	1023	60	202	1645173
5318	15944	1023	60	202	1645183
5350	15944	1023	60	202	1645193
5380	15944	1023	60	202	1645203
5412	15936	1023	60	203	1645213
5439	15936	1023	60	203	1645223
5465	15929	1023	60	203	1645233
5484	15929	1023	60	203	1645243
5498	15929	1023	60	203	1645253
5507	15929	1023	60	203	1645263
5524	15929	1023	60	203	1645273
5545	15929	1023	60	203	1645283
5570	15929	1023	60	203	1645293
5599	15921	1023	60	203	1645303
5622	15921	1023	60	203	1645313
5640	15921	1023	60	203	1645323
5662	15921	1023	60	203	1645333
5683	15930	1023	60	203	1645343
5710	15938	1023	60	203	1645353
5737	15938	1023	60	203	1645363
5758	15948	1023	60	203	1645373
5778	15948	1023	60	203	1645383
5794	15948	1023	59	203	1645393
5813	15948	1023	59	203	1645403
5835	15948	1023	58	202	1645413
5855	15955	1023	58	202	1645423
5874	15955	1023	58	202	1645433
5890	15955	1023	58	202	1645443
5904	15955	1023	58	202	1645453
5924	15955	1023	58	202	1645463
5947	15962	1023	58	202	1645473
5970	15962	1023	58	202	1645483
5992	15970	1023	58	202	1645493
6012	15970	1023	58	202	1645503
6028	15970	1023	58	202	1645513
6047	15970	1023	58	202	1645523
6065	15970	1018	58	202	1645533
6076	15970	838	58	202	1645563
6037	15961	160	58	202	1645583
131
4667	15251	60	63	199.7	1647984
4667	15257	251	63	200	1648064
4675	15257	581	63	200	1648104
4675	15264	681	63	200	1648114
4681	15264	698	63	200	1648184
4681	15270	701	63	200	1648304
4675	15257	712	63	200	1648314
4675	15244	716	63	200	1648324
4675	15225	718	63	200	1648334
4675	15202	722	63	200	1648344
4675	15181	726	63	200	1648354
4675	15162	728	63	200	1648364
4667	15143	737	63	200	1648374
4667	15126	742	63	200	1648384
4667	15110	745	63	200	1648394
4667	15093	752	63	200	1648404
4667	15072	762	63	198	1648414
4667	15048	765	63	198	1648424
4667	15022	773	63	198	1648434
4667	14993	775	63	198	1648444
4667	14966	783	63	198	1648454
4667	14936	784	63	198	1648464
4667	14910	785	63	198	1648474
4674	14888	790	63	198	1648484
4674	14862	792	63	196	1648493
4674	14842	795	63	196	1648503
4674	14816	795	63	196	1648513
4674	14791	794	63	196	1648523
4674	14767	794	63	196	1648533
4674	14740	798	63	196	1648543
4674	14712	801	63	196	1648553
4674	14687	801	63	196	1648563
4674	14666	802	63	196	1648573
4680	14645	802	63	194	1648583
4680	14623	801	63	194	1648593
4680	14603	803	63	194	1648603
4680	14584	803	63	194	1648613
4680	14572	805	63	194	1648623
4680	14563	805	63	194	1648633
4680	14555	807	63	194	1648643
4680	14547	807	63	194	1648653
4680	14538	806	63	194	1648663
4680	14529	808	63	194	1648673
4680	14522	810	63	194	1648683
4680	14511	809	63	194	1648693
4680	14496	812	63	194	1648703
4680	14478	813	63	194	1648713
4674	14460	813	63	194	1648723
4674	14444	814	63	194	1648733
4674	14430	813	63	194	1648743
4674	14416	815	63	194	1648753
4674	14401	813	63	194	1648763
4674	14382	814	63	194	1648773
4674	14367	814	63	194	1648783
4674	14357	813	63	194	1648793
4674	14348	813	63	194	1648803
4674	14341	812	63	194	1648813
4674	14327	811	63	194	1648823
4674	14311	814	63	192	1648833
4674	14292	814	63	192	1648843
4674	14273	814	63	192	1648853
4674	14261	810	63	192	1648863
4674	14250	810	63	192	1648873
4667	14244	809	63	192	1648893
4667	14234	811	63	192	1648913
4667	14226	814	63	192	1648983
4667	14219	821	63	192	1648993
4674	14219	833	63	192	1649013
4682	14212	844	63	192	1649033
4691	14212	850	63	192	1649043
4698	14204	851	63	192	1649053
4708	14204	850	63	192	1649063
4720	14195	858	63	192	1649073
4734	14195	854	63	192	1649083
4751	14182	861	63	194	1649093
4769	14174	874	63	194	1649103
4789	14174	874	63	194	1649113
4810	14167	887	63	194	1649123
4830	14167	892	63	194	1649133
4853	14167	912	63	194	1649143
4877	14167	925	63	194	1649153
4903	14167	944	63	194	1649163
4928	14167	962	63	196	1649173
4957	14167	962	63	196	1649183
4983	14159	993	63	196	1649193
5015	14159	988	63	196	1649203
5051	14152	992	63	196	1649213
5087	14152	996	63	196	1649223
5128	14152	1000	63	196	1649233
5168	14144	999	63	196	1649243
5209	14144	1006	63	196	1649253
5250	14138	1002	63	196	1649263
5293	14138	1008	63	196	1649273
5337	14130	1009	63	196	1649283
5382	14130	1008	63	196	1649293
5422	14130	1021	63	196	1649303
5464	14130	1014	63	196	1649313
5508	14121	1023	63	198	1649323
5551	14121	1018	62	197	1649333
5596	14110	1023	62	197	1649343
5633	14110	1023	61	197	1649353
5671	14110	1023	61	197	1649363
5713	14102	1023	61	198	1649373
5756	14102	1023	61	198	1649383
5803	14102	1020	61	198	1649393
5850	14102	1023	61	198	1649403
5896	14102	1023	61	198	1649413
5945	14102	1023	60	200	1649423
6000	14092	1023	60	200	1649433
6056	14092	1023	60	200	1649443
6109	14082	1023	60	200	1649453
6164	14082	1023	60	200	1649463
6212	14082	1023	60	200	1649473
6263	14082	1023	60	200	1649483
6315	14082	1023	60	199	1649493
6369	14082	1023	60	199	1649503
6430	14082	1023	59	199	1649513
6491	14093	1023	58	200	1649523
6552	14093	1023	58	200	1649533
6613	14099	1023	58	200	1649543
6669	14099	1023	58	200	1649553
6724	14091	1023	58	200	1649563
6774	14084	1023	58	200	1649573
6812	14078	1023	58	200	1649583
6840	14078	1023	57	199	1649593
6858	14071	1023	57	199	1649603
6870	14071	1023	57	199	1649613
6878	14071	965	57	198.714	1649683
6860	14071	732	57	197	1649693
6826	14078	482	57	197	1649703
6771	14097	0	57	197	1649723
19
6818	14325	158	61	193	1650282
6818	14332	208	61	195	1650292
6818	14339	399	61	195	1650312
6827	14339	553	61	196.333	1650342
6827	14331	626	61	197	1650352
6827	14311	652	61	197	1650362
6827	14276	696	61	198	1650372
6827	14223	707	61	198	1650382
6834	14154	755	61	198	1650392
6834	14074	765	62	199	1650402
6834	13996	786	62	199	1650412
6842	13926	792	63	198	1650422
6842	13872	794	63	198	1650432
6842	13833	780	63	198	1650442
6842	13809	753	63	198	1650452
6842	13796	667	63	196	1650472
6842	13804	520	63	196	1650482
6842	13830	367	63	196	1650492
6842	13869	48	63	194	1650512
36
6843	14376	26	61	198	1650670
6835	14392	193	61	198	1650690
6835	14403	550	61	198	1650750
6845	14403	738	61	198	1650760
6854	14392	764	61	198	1650770
6869	14379	765	60	200	1650780
6891	14362	785	61	201	1650790
6921	14341	814	61	201	1650800
6963	14313	829	62	202	1650810
7020	14282	855	62	202	1650820
7088	14245	901	62	202	1650830
7162	14203	922	61	201	1650840
7234	14163	926	61	201	1650850
7295	14129	939	60	200	1650860
7338	14105	942	60	202	1650870
7366	14091	943	60	202	1650880
7381	14084	935	60	202	1650900
7388	14084	905	60	202	1651020
7381	14084	891	60	202	1651060
7365	14084	891	60	200	1651070
7344	14065	891	60	200	1651080
7312	14038	896	60	200	1651090
7269	14000	896	60	200	1651100
7216	13956	896	60	200	1651110
7157	13909	898	60	200	1651120
7093	13863	897	61	198	1651130
7026	13822	890	61	198	1651140
6964	13784	888	61	198	1651150
6912	13753	876	61	197	1651160
6869	13730	874	61	197	1651170
6840	13713	859	62	197	1651180
6821	13704	852	62	195	1651190
6810	13697	822	63	194.4	1651240
6820	13697	650	63	192	1651250
6828	13697	457	63	192	1651260
6840	13709	12	63	192	1651280
33
7441	14107	254	57	199	1651494
7458	14118	286	57	201	1651504
7468	14127	401	57	201	1651514
7477	14127	484	58	202	1651524
7484	14127	514	58	202	1651534
7484	14135	545	58	202	1651554
7468	14135	576	58	200	1651564
7451	14124	602	58	200	1651574
7428	14112	625	58	200	1651584
7404	14096	629	59	201	1651594
7381	14076	633	59	201	1651604
7365	14054	630	60	202	1651614
7353	14032	638	60	202	1651624
7353	14005	641	60	200	1651634
7361	13979	642	60	200	1651644
7379	13957	649	60	200	1651654
7405	13940	674	60	200	1651664
7440	13940	666	60	200	1651674
7485	13940	675	60	200	1651684
7527	13962	681	60	200	1651694
7560	13988	702	60	200	1651704
7581	14020	702	60	200	1651714
7581	14051	708	60	200	1651724
7581	14080	704	60	200	1651734
7557	14106	704	60	200	1651744
7530	14126	705	60	200	1651754
7500	14138	697	60	200	1651764
7476	14138	681	60	200	1651774
7455	14138	663	60	200	1651784
7440	14138	639	60	200	1651794
7431	14119	575	60	200	1651804
7431	14101	460	60	200	1651814
7431	14081	78	60	201	1651834
52
7695	14033	126	60	203	1652038
7681	14033	255	60	203	1652058
7673	14039	414	60	203	1652078
7665	14039	511	60	203	1652118
7658	14039	608	60	203	1652188
7658	14033	637	60	203	1652278
7651	14033	639	60	203	1652298
7638	14033	643	60	203	1652308
7630	14033	643	60	202	1652318
7620	14033	642	60	202	1652328
7613	14033	642	60	202	1652338
7605	14033	643	60	202	1652348
7598	14033	644	60	202	1652358
7590	14024	644	60	202	1652378
7580	14024	645	60	202	1652388
7580	14018	714	60	202	1652508
7591	14018	805	60	202	1652518
7604	14024	809	60	202	1652528
7624	14024	814	60	202	1652538
7648	14036	833	60	202	1652548
7677	14036	839	60	202	1652558
7708	14036	859	60	202	1652568
7740	14036	871	60	202	1652578
7772	14036	881	60	202	1652588
7804	14036	881	60	202	1652598
7838	14036	887	60	202	1652608
7875	14042	889	60	202	1652618
7916	14042	902	60	203	1652628
7962	14032	902	60	203	1652638
8011	14025	910	60	203	1652648
8065	14017	915	59	203	1652658
8125	14007	926	59	203	1652668
8187	13999	932	58	202	1652678
8251	13991	934	58	202	1652688
8318	13991	938	58	202	1652698
8389	13983	939	58	202	1652708
8464	13983	942	58	202	1652718
8538	13983	950	58	202	1652728
8609	13983	951	58	202	1652738
8672	13983	956	57	201	1652748
8730	13983	957	57	201	1652758
8784	13992	957	56	200	1652768
8835	13992	955	56	202	1652778
8884	13992	956	56	202	1652788
8927	13992	957	56	202	1652798
8960	13992	957	56	202	1652808
8985	13992	957	55	201	1652818
8998	13992	955	54.5	200.5	1652838
9004	13992	945	54	200	1652848
8989	13992	855	54	200	1652888
8989	13984	692	54	200	1652898
8957	13966	226	54	200	1652918
123
7233	16421	64	62	191	1655758
7233	16405	96	62	191	1655768
7233	16397	183	62	191	1655778
7233	16391	474	61.9231	194.308	1655908
7243	16382	687	63	196	1655928
7249	16382	717	63	196	1655958
7258	16375	731	63	196	1655978
7267	16375	736	63	196	1655988
7274	16367	751	63	196	1655998
7281	16367	783	63	197	1656018
7293	16361	804	63	198	1656028
7301	16361	806	63	198	1656038
7310	16361	813	63	198	1656048
7321	16361	813	63	198	1656058
7335	16351	820	63	198	1656068
7347	16351	830	63	198	1656078
7358	16343	833	63	198	1656088
7371	16343	830	63	198	1656098
7384	16343	839	63	198	1656108
7397	16343	844	63	198	1656118
7411	16343	845	63	198	1656128
7423	16343	857	63	198	1656138
7432	16343	863	63	198	1656148
7444	16336	864	63	198	1656158
7456	16336	868	63	198	1656168
7470	16336	871	63	198	1656178
7484	16336	880	63	198	1656188
7499	16330	877	63	198	1656198
7515	16330	890	63	198	1656208
7532	16330	896	63	198	1656218
7552	16330	898	63	198	1656228
7573	16330	905	63	198	1656238
7591	16330	910	63	198	1656248
7614	16322	905	63	198	1656258
7638	16322	909	63	198	1656268
7659	16322	913	63	198	1656278
7680	16322	914	63	198	1656288
7700	16322	914	63	198	1656298
7717	16315	919	63	198	1656308
7736	16315	919	62	197	1656318
7755	16306	919	62	197	1656328
7776	16306	920	61	197	1656338
7800	16306	922	61	197	1656348
7828	16306	924	61	197	1656358
7855	16300	928	61	197	1656368
7886	16300	926	61	197	1656378
7918	16290	929	61	197	1656388
7950	16284	929	61	198	1656398
7983	16284	932	61	198	1656408
8015	16275	933	61	198	1656418
8047	16275	935	61	198	1656428
8080	16275	933	61	198	1656438
8113	16275	935	61	198	1656448
8146	16275	931	61	198	1656458
8183	16275	929	61	198	1656468
8219	16283	928	61	198	1656478
8256	16283	926	60	200	1656488
8293	16283	927	60	200	1656498
8326	16283	927	60	200	1656508
8357	16283	925	60	200	1656518
8387	16283	925	60	200	1656528
8418	16283	925	60	200	1656538
8448	16283	925	60	200	1656548
8480	16283	924	60	202	1656558
8511	16283	925	60	202	1656568
8543	16283	922	60	202	1656578
8576	16283	924	59	201	1656588
8610	16274	925	59	201	1656598
8641	16274	928	58	200	1656608
8673	16265	932	58	202	1656618
8703	16265	932	58	202	1656628
8729	16265	932	58	202	1656638
8759	16265	933	58	202	1656648
8788	16265	934	58	202	1656658
8819	16265	932	58	202	1656668
8855	16265	932	58	202	1656678
8892	16265	935	58	202	1656688
8929	16257	934	58	203	1656698
8969	16251	933	58	203	1656708
9006	16244	938	58	203	1656718
9039	16244	939	58	203	1656728
9068	16234	941	58	203	1656738
9088	16234	944	58	203	1656748
9101	16234	947	58	203	1656758
9107	16225	956	58	203	1656788
9115	16225	967	58	203	1656808
9128	16225	970	58	205	1656818
9140	16225	971	58	205	1656828
9157	16225	970	58	205	1656838
9178	16225	971	58	205	1656848
9202	16218	971	58	205	1656858
9226	16218	972	58	205	1656868
9250	16218	972	58	205	1656878
9274	16218	970	58	205	1656888
9300	16218	973	58	205	1656898
9327	16218	971	57	206	1656908
9358	16218	973	57	206	1656918
9392	16218	972	57	206	1656928
9430	16218	970	57	206	1656938
9468	16218	970	56	206	1656948
9506	16218	973	56	206	1656958
9541	16218	973	55	205	1656968
9575	16218	973	55	206	1656978
9605	16218	973	55	206	1656988
9632	16225	975	55	206	1656998
9655	16225	971	55	206	1657008
9679	16225	974	55	206	1657018
9704	16225	975	55	206	1657028
9728	16225	976	55	206	1657038
9754	16225	975	55	206	1657048
9777	16225	975	55	206	1657058
9800	16225	976	54	207	1657068
9824	16225	976	54	207	1657078
9847	16225	976	53	206	1657088
9869	16225	975	53	206	1657098
9890	16225	974	53	206	1657108
9910	16225	976	53	206	1657118
9925	16215	976	53	206	1657128
9936	16215	976	53	206	1657138
9944	16215	918	53	206.833	1657198
9919	16215	696	53	206	1657208
9898	16215	519	53	206	1657218
9858	16215	33	53	205	1657238
26
9920	16487	131	58	200	1657882
9920	16479	188	58	200	1657892
9936	16471	326	58	200	1657912
9944	16465	413	58	200	1657932
9944	16457	462	58	202	1657942
9950	16457	490	58	202	1657952
9950	16445	521	58	202	1657962
9950	16436	541	58	202	1657972
9950	16421	580	58	202	1657982
9950	16395	594	58	202	1657992
9950	16353	629	58	202	1658002
9950	16289	689	58	202	1658012
9941	16210	703	58	202	1658022
9941	16116	732	58	202	1658032
9934	16020	754	58	202	1658042
9934	15926	768	58	200	1658052
9934	15839	774	58	200	1658062
9942	15765	776	58	200	1658072
9942	15706	775	59	199	1658082
9942	15667	776	59	199	1658092
9948	15642	757	59	197	1658102
9948	15634	728	59	197	1658112
9948	15644	693	59	197	1658122
9940	15675	597	59	195	1658132
9940	15722	470	59	195	1658142
9930	15779	21	59	195	1658162
90
9941	16478	265	58	202.167	1658448
9947	16478	573	58	203	1658518
9955	16478	693	58	203	1658538
9955	16471	715	58	203	1658548
9964	16471	727	58	205	1658558
9971	16471	732	58	205	1658568
9978	16471	743	58	205	1658578
9988	16463	756	58	205	1658588
9997	16463	768	58	205	1658598
10007	16463	780	58	205	1658608
10019	16456	793	58	205	1658618
10031	16456	803	58	205	1658628
10043	16456	818	58	205	1658638
10055	16456	823	58	205	1658648
10067	16447	831	58	205	1658658
10080	16447	840	58	205	1658668
10092	16439	842	58	205	1658678
10108	16439	843	58	205	1658688
10125	16439	844	58	205	1658698
10142	16439	850	58	205	1658708
10159	16446	857	58	205	1658718
10173	16446	861	58	205	1658728
10186	16446	883	58	205	1658738
10201	16453	882	57	206	1658748
10220	16453	883	57	206	1658758
10239	16453	887	57	206	1658768
10258	16453	886	57	206	1658778
10274	16453	892	57	206	1658788
10287	16444	897	57	206	1658798
10300	16444	895	57	206	1658808
10316	16435	896	57	206	1658818
10335	16435	896	57	206	1658828
10358	16425	898	57	206	1658838
10383	16425	899	57	206	1658848
10416	16416	901	57	206	1658858
10447	16416	911	57	206	1658868
10479	16406	906	57	206	1658878
10515	16398	915	57	206	1658888
10546	16391	915	57	206	1658898
10577	16385	920	57	206	1658908
10610	16385	922	57	208	1658918
10643	16377	920	57	208	1658928
10677	16377	920	57	208	1658938
10714	16367	925	57	208	1658948
10750	16367	924	57	208	1658958
10784	16355	923	57	208	1658968
10819	16345	924	56	207	1658978
10854	16336	925	56	207	1658988
10888	16326	924	55	206	1658998
10926	16316	925	55	206	1659008
10965	16309	924	55	206	1659018
11007	16297	924	55	206	1659028
11055	16284	923	55	207	1659038
11101	16266	921	55	207	1659048
11147	16241	920	55	207	1659058
11189	16217	918	55	207	1659068
11221	16191	917	55	206	1659078
11243	16169	914	55	206	1659088
11257	16148	914	55	206	1659098
11267	16121	912	55	205	1659108
11275	16090	912	55	205	1659118
11275	16053	907	55	205	1659128
11285	16015	903	56	203	1659138
11285	15974	901	56	203	1659148
11277	15930	899	56	203	1659158
11267	15880	896	56	202	1659168
11251	15822	894	56	202	1659178
11227	15765	892	56	200	1659188
11193	15706	888	56	200	1659198
11147	15653	884	57	199	1659208
11088	15610	882	57	199	1659218
11016	15576	883	57	197	1659228
10936	15552	882	57	197	1659238
10849	15537	882	57	196	1659248
10758	15537	882	57	196	1659258
10666	15537	882	57	196	1659268
10573	15546	880	57	196	1659278
10481	15559	880	57	194	1659288
10395	15575	880	57	194	1659298
10314	15592	878	57	194	1659308
10245	15604	874	57	193	1659318
10185	15617	874	57	193	1659328
10136	15617	874	57	193	1659338
10098	15625	873	58	191	1659348
10070	15625	875	58	192	1659358
10049	15625	875	58	192	1659368
10034	15615	876	59	192	1659378
10023	15615	873	60	190	1659388
10016	15615	824	60	190	1659418
10009	15615	356	60	189.333	1659448
145
9906	15823	126	57	193	1661294
9922	15817	316	57	193	1661324
9922	15810	444	57	193	1661354
9929	15810	511	57	193	1661444
9922	15803	613	57	193	1661464
9905	15803	649	57	193	1661474
9890	15794	661	57	193	1661484
9870	15794	673	57	193	1661494
9846	15794	678	57	193	1661504
9821	15794	681	57	193	1661514
9789	15794	688	57	193	1661524
9758	15794	697	57	193	1661534
9724	15794	708	57	193	1661544
9690	15786	714	57	193	1661554
9660	15786	720	57	193	1661564
9631	15775	724	57	193	1661574
9605	15775	733	57	193	1661584
9580	15764	754	58	193	1661594
9555	15764	765	58	193	1661604
9531	15757	783	59	194	1661614
9508	15757	801	59	194	1661624
9487	15757	816	59	194	1661634
9467	15750	822	59	194	1661644
9451	15750	825	59	194	1661654
9439	15750	828	59	194	1661664
9429	15750	835	59	194	1661674
9417	15758	843	59	194	1661684
9407	15758	846	59	194	1661694
9399	15765	845	59	194	1661704
9391	15765	849	59	194	1661724
9381	15765	850	59	194	1661744
9371	15765	851	59	194	1661754
9371	15772	852	59	194	1661764
9358	15772	852	59	194	1661774
9349	15780	852	59	194	1661784
9339	15780	853	59	194	1661794
9328	15791	851	59	194	1661804
9319	15791	852	59	194	1661814
9311	15797	852	59	194	1661824
9302	15797	852	59	194	1661834
9296	15797	851	59	194	1661844
9289	15797	850	59	194	1661854
9283	15797	850	59	194	1661864
9283	15804	851	59	194	1661874
9271	15804	851	59	194	1661884
9265	15804	849	59	194	1661904
9255	15804	847	59	194	1661924
9248	15804	846	59	194	1661954
9240	15804	846	59	194	1661974
9229	15804	847	59	194	1661984
9221	15804	847	59	194	1661994
9211	15804	847	59	194	1662004
9204	15804	847	59	194	1662014
9196	15804	850	59	194	1662034
9187	15804	849	59	192	1662064
9180	15804	842	59.4167	192.125	1662304
9171	15804	825	59	192	1662314
9165	15797	828	59	192	1662324
9155	15797	830	59	192	1662334
9143	15797	828	59	192	1662344
9129	15797	825	59	192	1662354
9116	15791	823	59	192	1662364
9101	15791	824	59	192	1662374
9087	15791	825	59	192	1662384
9074	15791	824	59	192	1662394
9061	15791	825	59	192	1662404
9051	15782	824	59	192	1662414
9045	15782	827	59.3333	192	1662444
9037	15782	858	60.9286	192.929	1662584
9037	15775	878	61	193	1662594
9037	15768	880	61	193	1662604
9037	15758	880	61	193	1662614
9037	15741	883	61	193	1662624
9037	15712	882	61	193	1662634
9037	15678	883	61	193	1662644
9037	15632	883	62	191	1662654
9050	15578	885	62	191	1662664
9058	15523	887	62	191	1662674
9065	15463	884	62	191	1662684
9073	15405	885	62	191	1662694
9073	15354	885	62	191	1662704
9079	15302	882	62	191	1662714
9079	15257	882	62	191	1662724
9079	15212	883	62	191	1662734
9079	15163	884	62	191	1662744
9072	15121	884	62	191	1662754
9072	15075	883	62	191	1662764
9072	15032	883	62	191	1662774
9072	14988	884	62	189	1662784
9065	14946	885	62	189	1662794
9065	14903	886	62	189	1662804
9065	14866	885	62	189	1662814
9065	14834	887	62	189	1662824
9065	14803	888	62	187	1662834
9056	14777	887	62	187	1662844
9056	14748	890	62	187	1662854
9049	14721	889	62	187	1662864
9049	14691	889	62	186	1662874
9049	14659	889	62	186	1662884
9049	14628	889	62	186	1662894
9042	14594	890	62	186	1662904
9042	14567	891	62	186	1662914
9042	14543	891	62	186	1662924
9042	14518	891	62	186	1662934
9042	14496	891	62	184	1662944
9042	14469	891	62	184	1662954
9033	14443	891	62	184	1662964
9033	14419	889	62	184	1662974
9033	14394	891	62	184	1662984
9024	14373	891	62	184	1662994
9024	14351	891	62	184	1663004
9024	14328	890	62	184	1663014
9015	14312	890	62	184	1663024
9015	14297	891	62	184	1663034
9015	14276	891	62	184	1663044
9008	14262	889	62	184	1663054
9008	14248	891	62	184	1663064
9008	14226	890	62	182	1663074
9008	14209	892	62	182	1663084
9008	14187	894	62	182	1663094
9008	14167	895	62	182	1663104
9008	14150	895	62	182	1663114
9008	14133	896	62	182	1663124
9008	14117	896	62	182	1663134
9008	14099	896	62	182	1663144
9008	14082	896	62	182	1663154
9008	14066	898	62	182	1663164
9008	14044	898	62	182	1663174
9008	14023	903	62	182	1663184
9008	14004	910	62	182	1663194
9008	13989	910	62	182	1663204
9008	13980	910	62	182	1663214
9001	13980	909	62	182	1663234
9001	13972	907	62	182	1663244
9001	13962	910	62	182	1663254
9001	13950	910	62	180	1663264
9001	13934	913	62	180	1663274
9009	13918	912	62	180	1663284
9009	13905	912	63	180	1663294
9009	13892	913	63	180	1663304
9016	13881	911	64	180	1663314
9016	13872	911	64	180	1663324
9016	13864	862	63.8571	180	1663394
9016	13872	636	63	180	1663404
9016	13890	149	62	180	1663424
89
8980	14004	62	58	200	1668722
8998	14004	201	58	200	1668752
8998	14010	284	58.8	200.8	1668852
8998	14002	389	60	200	1668862
8998	13994	425	60	200	1668882
8998	13983	452	60	200	1668902
8998	13968	462	60	200	1668912
8998	13951	468	60	200	1668922
8998	13931	472	60	200	1668932
8998	13904	480	60	200	1668942
8991	13879	496	60	200	1668952
8991	13855	512	60	200	1668962
8991	13825	520	61	198	1668972
8991	13795	527	61	198	1668982
8991	13765	536	61	198	1668992
8991	13733	542	61	198	1669002
8991	13702	546	61	198	1669012
8991	13672	549	61	198	1669022
8991	13640	548	61	197	1669032
8991	13611	553	61	197	1669042
8983	13584	555	61	197	1669052
8983	13558	558	61	197	1669062
8983	13537	561	61	197	1669072
8983	13516	565	61	197	1669082
8983	13497	565	61	197	1669092
8983	13474	568	61	195	1669102
8983	13450	569	61	195	1669112
8983	13429	570	61	195	1669122
8983	13409	572	61	195	1669132
8983	13390	573	61	195	1669142
8983	13374	575	61	195	1669152
8983	13356	575	61	195	1669162
8983	13339	579	61	195	1669172
8983	13326	587	61	195	1669182
8983	13315	590	61	195	1669192
8983	13306	592	61	195	1669202
8983	13298	596	61	195	1669212
8983	13291	597	61	195	1669232
8983	13281	630	61	194.6	1669432
8983	13270	656	61	195	1669442
8983	13255	653	61	195	1669452
8983	13236	657	61	195	1669462
8983	13218	657	61	195	1669472
8983	13205	656	61	194	1669492
8976	13205	658	61	193	1669502
8976	13197	659	61	193	1669522
8976	13190	659	61	193	1669542
8976	13182	663	61.5	192	1669562
8970	13182	763	62	191	1669842
8980	13194	808	62	191	1669852
8990	13200	811	62	191	1669862
9000	13209	815	62	191	1669872
9013	13217	817	61	193	1669882
9026	13217	822	61	193	1669892
9041	13227	831	61	193	1669902
9057	13227	843	61	193	1669912
9075	13233	842	61	195	1669922
9096	13233	844	61	195	1669932
9117	13241	859	61	195	1669942
9142	13241	850	61	195	1669952
9170	13251	860	61	197	1669962
9197	13251	855	61	197	1669972
9225	13257	866	61	197	1669982
9252	13257	867	61	197	1669992
9276	13257	869	61	197	1670002
9299	13257	869	61	198	1670012
9320	13257	879	61	198	1670022
9339	13257	884	61	198	1670032
9358	13257	883	61	198	1670042
9377	13257	881	61	198	1670052
9399	13265	883	61	198	1670062
9422	13265	888	61	198	1670072
9443	13265	893	61	198	1670082
9458	13272	896	60	200	1670092
9475	13272	894	60	199	1670102
9491	13272	898	60	199	1670112
9507	13272	898	59	199	1670122
9523	13272	900	59	199	1670132
9534	13272	903	59	199	1670142
9543	13272	905	59	199	1670152
9553	13272	906	59	199	1670162
9561	13272	908	59	199	1670172
9568	13272	911	59	199	1670182
9575	13272	912	59	199	1670192
9582	13272	912	59	199	1670202
9589	13272	911	59	199	1670222
9598	13272	910	59	199	1670232
9598	13265	840	58.6	199.4	1670332
9583	13265	111	59	199	1670352
27
9572	13492	2	60	200	1672746
9572	13498	38	60	200	1672756
9566	13506	112	60	201	1672776
9566	13512	241	60	202	1672806
9566	13520	505	60	202	1672876
9566	13512	630	60	202	1672886
9576	13502	663	60	202	1672896
9584	13487	682	60	202	1672906
9594	13462	688	60	202	1672916
9608	13427	712	60	202	1672926
9625	13377	734	60	202	1672936
9647	13311	747	60	202	1672946
9671	13228	771	60	202	1672956
9694	13133	778	60	200	1672966
9714	13028	813	60	200	1672976
9726	12918	827	60	200	1672986
9726	12811	838	61	198	1672996
9726	12717	848	61	198	1673006
9705	12639	855	61	197	1673016
9684	12582	854	61	197	1673026
9663	12543	860	61	195	1673036
9645	12519	865	61	195	1673046
9631	12503	870	61	193	1673056
9625	12495	904	61.9167	188.667	1673176
9625	12509	743	62	187	1673186
9634	12528	580	62	187	1673196
9634	12555	33	62	187	1673216
89
9604	13534	385	60	202.471	1673690
9604	13527	709	60	203	1673720
9612	13527	775	60	203	1673750
9623	13527	800	60	203	1673760
9630	13527	813	60	205	1673770
9640	13527	818	60	205	1673780
9653	13527	850	60	205	1673790
9668	13527	858	60	205	1673800
9686	13527	870	60	205	1673810
9702	13527	901	60	205	1673820
9715	13527	913	60	205	1673830
9727	13527	919	60	205	1673840
9737	13527	924	60	205	1673850
9748	13527	926	60	205	1673860
9759	13527	932	60	205	1673870
9771	13521	932	60	205	1673880
9784	13521	933	60	205	1673890
9799	13510	935	59	204	1673900
9815	13503	954	59	204	1673910
9832	13495	955	58	203	1673920
9853	13484	961	58	203	1673930
9872	13477	965	58	205	1673940
9899	13470	966	58	205	1673950
9925	13464	976	58	205	1673960
9951	13464	972	58	205	1673970
9980	13454	976	58	205	1673980
10009	13447	979	58	205	1673990
10038	13438	986	58	205	1674000
10067	13430	992	58	205	1674010
10101	13421	992	58	205	1674020
10135	13410	995	58	205	1674030
10173	13397	993	58	205	1674040
10215	13383	994	58	205	1674050
10255	13365	999	58	205	1674060
10295	13347	1000	58	205	1674070
10335	13328	999	58	205	1674080
10379	13309	1000	58	205	1674090
10416	13295	999	58	205	1674100
10455	13279	999	58	205	1674110
10490	13261	998	58	205	1674120
10519	13241	998	58	205	1674130
10553	13212	999	58	205	1674140
10581	13188	999	58	205	1674150
10608	13165	1000	58	203	1674160
10630	13147	1001	58	203	1674170
10643	13137	1000	57	203	1674180
10653	13130	1000	56.5	201.5	1674200
10660	13130	1000	56.25	199.75	1674240
10660	13122	999	57	199	1674250
10668	13122	1000	57	199	1674260
10668	13115	1000	57	199	1674270
10677	13115	1001	57	199	1674290
10677	13108	1000	57	199	1674310
10683	13108	998	57	198.385	1674440
10694	13108	982	57	197	1674450
10700	13098	978	57	197	1674460
10707	13098	978	57	197	1674470
10707	13092	978	57	197	1674480
10716	13092	974	57	197	1674550
10716	13084	958	57	197	1674570
10716	13076	952	57	197	1674580
10700	13062	951	57	197	1674590
10683	13042	955	57	196	1674600
10658	13015	955	57	196	1674610
10627	12980	957	57	196	1674620
10588	12938	957	57	196	1674630
10538	12884	960	57	196	1674640
10479	12826	959	57	196	1674650
10415	12767	963	57	194	1674660
10348	12712	963	57	194	1674670
10279	12662	964	57	194	1674680
10214	12615	963	57	194	1674690
10150	12575	961	57	193	1674700
10087	12538	961	58	193	1674710
10027	12509	955	58	193	1674720
9971	12488	951	59	192	1674730
9915	12473	947	59	192	1674740
9869	12461	935	59	192	1674750
9827	12450	934	60	190	1674760
9795	12443	928	60	190	1674770
9768	12434	925	60	189	1674780
9748	12434	919	60	189	1674790
9733	12426	908	60	189	1674800
9722	12426	894	60	189	1674810
9716	12426	864	60	187	1674830
9705	12426	807	60	187	1674840
9698	12426	717	61	187	1674850
9691	12426	533	61	187	1674860
9691	12440	24	61	186	1674880
31
10806	13167	88	55	199	1675409
10828	13167	251	55.5	197.5	1675429
10837	13173	369	56.6667	198.667	1675459
10837	13182	417	57	199	1675469
10830	13182	436	57	199	1675479
10822	13182	460	57	199	1675489
10811	13182	486	57	199	1675499
10795	13174	501	57	197	1675509
10778	13158	513	57	197	1675519
10758	13135	537	57	197	1675529
10738	13104	546	57	197	1675539
10722	13067	551	57	197	1675549
10710	13031	560	57	197	1675559
10710	12996	575	57	197	1675569
10710	12966	597	57	197	1675579
10718	12942	612	57	197	1675589
10736	12925	638	57	197	1675598
10765	12925	633	57	196	1675608
10805	12925	632	57	196	1675618
10859	12958	636	57	196	1675628
10915	13000	662	57	196	1675638
10965	13043	674	57	196	1675648
10996	13081	679	57	196	1675658
11008	13110	679	57	196	1675668
10999	13136	678	57	196	1675678
10975	13158	678	57	196	1675688
10938	13179	672	57	196	1675698
10894	13195	664	57	196	1675708
10848	13203	645	57	196	1675718
10805	13203	589	57	196	1675728
10769	13181	220	57	197	1675748
34
3757	13070	357	62	202	1676963
3757	13095	365	62	202	1676973
3750	13107	465	62	204	1676983
3750	13118	486	62	204	1676993
3750	13126	497	62	204	1677003
3737	13133	497	62	204	1677013
3718	13133	490	62	204	1677023
3690	13133	484	62	204	1677033
3655	13124	479	62	204	1677043
3615	13105	480	62	202	1677053
3575	13073	486	62	202	1677063
3537	13032	502	62	202	1677073
3503	12981	522	63	200	1677083
3475	12921	552	63	200	1677093
3453	12854	596	63	200	1677103
3439	12786	646	63	198	1677113
3433	12717	697	63	198	1677123
3433	12651	731	63	198	1677133
3443	12592	758	63	196	1677143
3460	12542	778	63	196	1677153
3485	12498	785	63	194	1677163
3518	12467	792	63	194	1677173
3559	12444	798	63	194	1677183
3611	12427	807	63	194	1677193
3664	12427	815	63	192	1677203
3716	12420	815	63	192	1677213
3759	12420	822	63	192	1677223
3790	12430	815	63	192	1677233
3809	12430	811	63	192	1677243
3818	12439	767	62	191	1677263
3818	12446	713	62	191	1677273
3809	12446	660	62	191	1677283
3796	12453	542	62	191	1677293
3782	12460	91	62	191	1677313
149
4134	12747	397	59	195	1677567
4105	12718	447	59	195	1677577
4105	12708	572	59	195	1677587
4105	12702	704	59	195	1677607
4117	12702	784	59	195	1677617
4124	12694	815	60	196	1677627
4131	12694	835	60	196	1677637
4140	12694	843	61	197	1677647
4149	12694	877	61	197	1677657
4161	12694	890	61	197	1677667
4174	12687	914	61	197	1677677
4191	12687	918	61	197	1677687
4213	12687	933	61	197	1677697
4238	12687	950	61	197	1677707
4267	12687	961	61	197	1677717
4296	12695	972	61	197	1677727
4330	12702	976	61	197	1677737
4364	12702	1003	61	197	1677747
4400	12713	1007	61	198	1677757
4439	12713	1013	61	198	1677767
4482	12720	1023	61	198	1677777
4527	12720	1023	61	198	1677787
4575	12732	1023	61	198	1677797
4625	12732	1023	61	198	1677807
4673	12739	1023	61	198	1677817
4718	12739	1023	61	198	1677827
4758	12747	1023	61	198	1677837
4796	12747	1023	61	198	1677847
4830	12747	1023	61	198	1677857
4863	12747	1023	61	198	1677867
4895	12747	1023	61	198	1677877
4930	12754	1023	61	198	1677887
4966	12754	1023	61	198	1677897
5003	12762	1023	61	197	1677907
5042	12762	1023	61	197	1677917
5082	12762	1023	61	197	1677927
5125	12762	1023	61	197	1677937
5171	12762	1023	61	197	1677947
5219	12771	1023	61	197	1677957
5271	12771	1023	61	197	1677967
5326	12771	1023	61	197	1677977
5386	12756	1023	61	197	1677987
5454	12746	1023	61	197	1677997
5526	12732	1023	61	195	1678007
5601	12718	1023	61	195	1678017
5679	12706	1023	61	195	1678027
5759	12691	1023	61	195	1678037
5837	12675	1023	61	195	1678047
5919	12659	1023	61	195	1678057
6000	12647	1023	61	195	1678067
6082	12630	1023	61	195	1678077
6163	12617	1023	61	195	1678087
6236	12609	1023	61	195	1678097
6308	12598	1023	61	195	1678107
6376	12591	1023	61	195	1678116
6443	12584	1023	61	195	1678126
6511	12574	1023	61	195	1678136
6579	12564	1023	62	195	1678146
6642	12557	1023	62	195	1678156
6703	12551	1023	63	196	1678166
6758	12551	1023	63	196	1678176
6813	12543	1023	63	196	1678186
6867	12543	1023	63	196	1678196
6924	12537	1023	63	196	1678206
6983	12537	1023	63	196	1678216
7040	12527	1023	63	196	1678226
7102	12521	1023	63	196	1678236
7155	12521	1023	63	196	1678246
7208	12509	1023	63	196	1678256
7257	12509	1023	63	196	1678266
7305	12509	1023	63	196	1678276
7350	12509	1023	63	196	1678286
7397	12509	1023	63	196	1678296
7449	12509	1023	63	196	1678306
7497	12509	1023	63	196	1678316
7549	12509	1023	63	196	1678326
7597	12509	1023	63	196	1678336
7643	12509	1023	63	196	1678346
7686	12509	1023	63	196	1678356
7729	12518	1023	63	196	1678366
7770	12518	1023	63	196	1678376
7811	12518	1023	63	196	1678386
7852	12518	1023	63	196	1678396
7896	12525	1023	63	196	1678406
7940	12525	1023	63	196	1678416
7986	12532	1023	63	196	1678426
8035	12532	1023	63	196	1678436
8085	12540	1023	63	196	1678446
8135	12540	1023	63	196	1678456
8184	12550	1023	63	196	1678466
8235	12550	1023	63	196	1678476
8286	12557	1023	63	196	1678486
8332	12557	1023	63	196	1678496
8382	12565	1023	63	196	1678506
8430	12565	1023	63	196	1678516
8479	12574	1023	63	196	1678526
8530	12581	1023	63	196	1678536
8578	12581	1023	63	196	1678546
8622	12581	1023	63	196	1678556
8662	12581	1023	63	196	1678566
8703	12581	1023	63	196	1678576
8743	12581	1023	63	196	1678586
8779	12581	1023	63	194	1678596
8816	12589	1023	63	194	1678606
8847	12589	1023	63	194	1678616
8875	12589	1023	63	194	1678626
8898	12589	1023	62	194	1678636
8917	12596	1023	62	195	1678646
8933	12596	1023	61	195	1678656
8947	12602	1023	61	195	1678666
8960	12602	1023	61	195	1678676
8972	12602	1023	61	195	1678686
8986	12609	1023	61	195	1678696
8999	12609	1023	61	195	1678706
9014	12609	1023	61	195	1678716
9030	12609	1023	61	197	1678726
9049	12609	1023	61	197	1678736
9073	12618	1023	61	197	1678746
9102	12626	1023	61	197	1678756
9135	12636	1023	61	197	1678766
9171	12645	1023	61	198	1678776
9210	12656	1023	61	198	1678786
9244	12663	1023	61	198	1678796
9282	12663	1023	60	198	1678806
9318	12673	1023	60	198	1678816
9358	12680	1023	59	197	1678826
9398	12687	1023	59	199	1678836
9435	12695	1023	59	199	1678846
9469	12702	1023	59	199	1678856
9495	12702	1023	59	199	1678866
9518	12708	1023	59	199	1678876
9541	12708	1023	59	199	1678886
9557	12708	1023	59	199	1678896
9571	12708	1023	59	199	1678906
9579	12708	1023	58	198	1678926
9585	12708	1023	57	199	1678936
9596	12716	1023	57	199	1678946
9611	12716	1023	57	199	1678956
9630	12722	1023	57	199	1678966
9652	12722	1023	57	199	1678976
9673	12722	1023	57	199	1678986
9695	12722	1023	57	199	1678996
9717	12722	1023	57	199	1679006
9739	12722	1023	56	200	1679016
9759	12722	1023	56	200	1679026
9770	12729	1023	56	200	1679036
9778	12729	952	55.8	200	1679086
9766	12729	533	55	200	1679096
9747	12744	33	55	198	1679116
71
11098	13067	97	60	183	1681595
11089	13067	479	60.7273	182.909	1681705
11097	13067	694	62	182	1681725
11110	13067	713	62	182	1681735
11118	13067	739	62	182	1681745
11129	13067	748	62	182	1681755
11137	13067	760	62	182	1681765
11145	13074	763	62	184	1681775
11155	13074	775	62	184	1681785
11164	13074	778	62	184	1681795
11173	13074	788	62	184	1681805
11181	13074	796	62	184	1681815
11191	13074	798	62	184	1681825
11201	13074	812	62	184	1681835
11214	13074	817	62	184	1681845
11230	13074	819	62	184	1681855
11246	13067	839	62	184	1681865
11265	13067	847	62	184	1681875
11281	13067	854	62	184	1681885
11300	13067	859	62	184	1681895
11317	13061	869	62	186	1681905
11333	13061	877	62	186	1681915
11345	13061	881	62	186	1681925
11355	13061	886	62	186	1681935
11363	13061	895	62	186	1681945
11370	13067	901	62	186	1681955
11380	13067	904	62	186	1681965
11391	13067	904	62	186	1681975
11403	13067	913	62	186	1681985
11419	13067	914	62	186	1681995
11440	13067	914	62	186	1682005
11461	13067	919	62	186	1682015
11484	13067	929	62	186	1682025
11507	13067	933	62	186	1682035
11532	13067	948	62	186	1682045
11551	13067	963	62	186	1682055
11571	13067	965	62	186	1682065
11593	13067	963	62	186	1682075
11613	13067	966	62	187	1682085
11636	13067	970	62	187	1682095
11657	13059	970	62	187	1682105
11675	13059	979	62	187	1682115
11685	13051	982	62	187	1682125
11698	13051	981	61	187	1682135
11712	13051	982	61	187	1682145
11729	13051	980	60	187	1682155
11750	13051	981	60	187	1682165
11770	13044	985	60	187	1682175
11786	13044	984	60	187	1682185
11803	13044	985	60	187	1682195
11818	13044	985	60	187	1682205
11832	13044	984	60	187	1682215
11847	13036	985	60	187	1682225
11857	13036	987	60	187	1682235
11867	13036	986	60	187	1682245
11878	13036	987	60	187	1682255
11891	13036	985	60	187	1682265
11910	13036	985	60	187	1682275
11932	13036	984	60	187	1682285
11956	13036	980	60	187	1682295
11981	13027	987	60	187	1682305
12003	13027	986	60	187	1682315
12025	13017	987	60	187	1682325
12045	13017	986	60	187	1682335
12061	13017	986	60	187	1682345
12078	13017	986	60	187	1682355
12091	13017	986	60	187	1682365
12100	13017	980	60	187	1682385
12106	13017	869	60	187	1682415
12097	13017	629	60	187	1682425
12072	13005	56	59	187	1682445
102
11251	15877	83	60	194	1683239
11241	15860	217	61	195	1683249
11234	15860	383	61	195	1683269
11240	15860	510	61	195	1683289
11253	15869	591	62	195	1683299
11261	15869	639	62	194	1683309
11267	15878	681	63	194	1683329
11280	15878	697	63	194	1683339
11290	15884	707	63	194	1683349
11305	15884	720	63	194	1683359
11324	15884	740	63	194	1683369
11346	15884	765	63	194	1683379
11370	15884	794	63	194	1683389
11398	15884	814	63	194	1683399
11426	15884	838	63	194	1683409
11457	15878	848	63	194	1683419
11491	15878	854	63	194	1683429
11526	15869	881	63	194	1683439
11565	15869	884	63	194	1683449
11604	15869	890	63	196	1683459
11644	15862	906	63	196	1683469
11687	15862	907	63	196	1683479
11730	15862	920	63	196	1683489
11769	15862	920	63	196	1683499
11805	15862	924	63	196	1683509
11832	15862	938	62	195	1683519
11852	15862	941	62	195	1683529
11872	15862	939	61	195	1683539
11888	15862	941	61	195	1683549
11906	15862	940	61	195	1683559
11925	15862	940	61	197	1683569
11940	15862	940	61	197	1683579
11954	15853	942	61	197	1683589
11968	15853	940	61	197	1683599
11980	15843	943	61	197	1683609
11991	15843	942	61	197	1683619
12000	15843	944	61	197	1683629
12000	15837	944	61	197	1683659
12006	15837	975	61	197.353	1684169
12006	15824	947	61	198	1684179
12006	15799	940	61	198	1684189
12006	15762	943	61	197	1684199
12006	15717	940	61	197	1684209
12015	15665	940	61	197	1684219
12015	15617	940	61	197	1684229
12015	15568	940	61	197	1684239
12015	15521	940	61	197	1684249
12015	15475	940	61	197	1684259
12015	15430	939	61	197	1684269
12015	15386	940	61	197	1684279
12015	15340	939	61	197	1684289
12006	15297	939	61	197	1684299
12000	15253	938	61	197	1684309
12000	15213	938	61	197	1684319
11988	15178	939	61	197	1684329
11988	15143	939	61	195	1684339
11980	15114	938	61	195	1684349
11980	15091	938	61	195	1684359
11973	15071	938	61	195	1684369
11973	15050	935	61	195	1684379
11973	15028	935	61	193	1684389
11973	15005	936	61	193	1684399
11973	14977	935	61	193	1684409
11973	14957	936	61	193	1684419
11973	14938	936	62	191	1684429
11973	14922	938	62	191	1684439
11973	14911	938	62	191	1684449
11973	14905	942	62	189.125	1684609
11985	14905	948	62	189	1684619
11994	14897	955	62	189	1684629
12009	14897	949	62	189	1684639
12030	14888	950	62	189	1684649
12055	14881	953	62	189	1684659
12082	14881	957	62	189	1684669
12118	14874	948	62	189	1684679
12157	14874	954	62	189	1684689
12200	14874	950	62	189	1684699
12252	14874	950	62	189	1684709
12307	14874	944	62	189	1684718
12362	14874	949	62	191	1684728
12418	14874	949	62	191	1684738
12469	14874	950	62	191	1684748
12512	14865	950	62	191	1684758
12555	14855	955	61	191	1684768
12592	14847	954	61	191	1684778
12625	14838	955	59	192	1684788
12660	14829	958	59	192	1684798
12690	14820	962	59	192	1684808
12720	14813	966	59	192	1684818
12748	14813	970	59	192	1684828
12772	14801	984	59	192	1684838
12793	14801	993	58	192	1684848
12810	14788	996	58	193	1684858
12828	14788	999	57	193	1684868
12843	14782	999	57	193	1684878
12857	14782	998	57	193	1684888
12870	14782	997	57	193	1684898
12876	14782	989	57	193	1684918
12876	14775	902	57	193	1684958
12859	14775	717	57	193	1684968
12834	14775	526	57	193	1684978
12798	14775	30	57	193	1684998
29
12795	15029	142	57	199	1685431
12775	15029	309	57	199	1685441
12767	15029	480	57	199	1685461
12785	15029	634	57	199	1685481
12792	15029	688	57	199	1685491
12792	15022	711	58	199	1685511
12800	15010	728	59	199	1685521
12800	14995	750	59	199	1685531
12816	14970	764	59	199	1685541
12831	14932	784	59	199	1685551
12851	14876	802	59	199	1685561
12874	14798	816	59	199	1685571
12900	14703	835	59	199	1685581
12924	14596	857	59	197	1685591
12942	14480	881	59	197	1685601
12942	14371	890	59	197	1685611
12942	14274	895	59	197	1685621
12918	14192	897	59	195	1685631
12891	14131	899	59	195	1685641
12864	14085	897	59	195	1685651
12833	14053	891	59	194	1685661
12807	14034	891	59	194	1685671
12784	14024	891	59	192	1685681
12769	14024	896	59	192	1685691
12761	14024	916	59.8889	189.778	1685781
12768	14032	816	60	189	1685791
12768	14045	736	60	189	1685801
12780	14067	637	60	189	1685811
12789	14095	173	60	189	1685831
65
12801	15025	64	57	196	1686055
12795	15047	151	58	196	1686065
12788	15047	422	58.8333	198.5	1686125
12788	15041	611	59	199	1686135
12795	15041	713	59	199	1686175
12804	15041	793	59	199	1686185
12811	15041	817	59	199	1686195
12822	15041	837	59	199	1686205
12835	15041	873	59	199	1686215
12851	15041	888	59	199	1686225
12871	15041	898	59	199	1686235
12899	15047	903	59	199	1686245
12929	15047	916	59	199	1686255
12961	15047	925	59	199	1686265
12998	15040	924	59	199	1686275
13035	15033	928	59	199	1686285
13077	15026	932	59	199	1686295
13119	15019	933	59	199	1686305
13163	15007	931	59	199	1686315
13205	14992	932	59	199	1686325
13250	14973	929	59	199	1686335
13301	14949	934	58	198	1686345
13350	14926	934	58	198	1686355
13401	14903	936	57	197	1686365
13450	14878	936	57	197	1686375
13497	14854	937	57	197	1686385
13543	14831	935	57	197	1686395
13586	14805	935	57	197	1686405
13629	14779	935	57	197	1686415
13665	14754	933	57	197	1686425
13698	14728	933	56	197	1686435
13725	14705	931	56	197	1686445
13748	14682	928	55	196	1686455
13766	14664	928	55	196	1686465
13783	14645	927	55	196	1686475
13800	14629	925	55	196	1686485
13819	14612	919	55	196	1686495
13844	14592	921	55	196	1686505
13870	14570	919	55	196	1686515
13895	14548	921	55	196	1686525
13919	14531	921	55	196	1686535
13935	14520	925	55	196	1686545
13949	14520	926	55	196	1686555
13955	14513	928	55	196.682	1686775
13948	14496	902	55	197	1686785
13928	14461	893	55	197	1686795
13894	14412	885	55	196	1686805
13845	14348	878	55	196	1686815
13782	14278	869	55	196	1686825
13710	14214	860	55	196	1686835
13625	14150	852	55	195	1686845
13530	14094	843	55	195	1686855
13427	14050	839	55	195	1686865
13324	14012	833	55	193	1686875
13230	13981	832	55	193	1686885
13144	13953	827	55	192	1686895
13072	13926	824	56	190	1686905
13011	13902	822	56	190	1686915
12961	13881	817	57	189	1686925
12922	13869	816	57	188	1686935
12892	13869	815	58	188	1686945
12869	13862	813	58	186	1686955
12855	13862	805	58	186	1686965
12845	13862	716	58	184.333	1686995
12845	13870	171	58	183	1687015
91
12894	14452	190	58	190	1687555
12900	14452	234	58	190	1687565
12900	14445	333	58	191	1687575
12925	14445	433	58	191	1687595
12932	14445	556	58	191	1687645
12926	14452	706	57	193.182	1687755
12934	14452	824	57	194	1687835
12915	14452	829	57	194	1687845
12894	14452	832	57	194	1687855
12862	14442	831	57	194	1687865
12824	14431	832	57	194	1687875
12782	14423	832	57	194	1687885
12741	14414	830	57	194	1687895
12700	14404	831	58	195	1687905
12662	14395	830	58	193	1687915
12627	14384	831	59	194	1687925
12594	14374	832	59	194	1687935
12566	14367	831	59	194	1687945
12538	14360	831	59	194	1687955
12514	14360	829	59	194	1687965
12495	14353	830	59	194	1687975
12480	14353	832	59	194	1687985
12466	14353	831	59	194	1687995
12456	14353	830	59	194	1688005
12447	14353	831	59	194	1688015
12437	14361	832	59	192	1688025
12427	14361	832	59	192	1688035
12414	14361	832	59	192	1688045
12397	14361	833	59	192	1688055
12381	14361	832	59	192	1688065
12367	14367	834	60	192	1688075
12354	14367	837	60	192	1688085
12344	14367	837	61	193	1688095
12336	14367	837	61	193	1688105
12330	14367	880	62	193.556	1688285
12330	14361	911	63	194	1688295
12330	14354	912	63	194	1688305
12330	14335	911	63	194	1688315
12330	14309	911	63	194	1688325
12330	14274	911	63	194	1688335
12330	14235	911	63	194	1688345
12330	14202	911	63	194	1688355
12330	14165	914	63	194	1688365
12330	14133	915	62	194	1688375
12322	14103	917	62	194	1688385
12322	14072	916	61	193	1688395
12322	14048	919	62	191	1688405
12322	14018	918	62	191	1688415
12322	13984	918	62	191	1688425
12322	13955	918	62	191	1688435
12322	13917	917	62	191	1688445
12322	13887	917	62	189	1688455
12322	13855	919	62	189	1688465
12322	13821	920	62	189	1688475
12322	13788	921	62	187	1688485
12322	13752	919	62	187	1688495
12329	13720	920	62	187	1688505
12329	13684	921	62	187	1688515
12329	13650	919	62	186	1688525
12329	13617	921	62	186	1688535
12329	13578	921	63	186	1688545
12329	13547	923	63	186	1688555
12329	13518	921	64	186	1688565
12321	13483	923	64	186	1688575
12321	13459	924	64	186	1688585
12315	13430	921	64	186	1688595
12315	13395	922	64	184	1688605
12315	13359	919	64	184	1688615
12315	13313	919	64	184	1688625
12315	13267	920	64	184	1688635
12315	13225	920	64	184	1688645
12315	13191	920	64	182	1688655
12315	13167	918	64	182	1688665
12315	13148	918	64	182	1688675
12315	13131	914	64	182	1688685
12315	13115	914	64	180	1688695
12306	13099	916	64	180	1688705
12306	13084	918	64	180	1688715
12306	13073	918	64	180	1688725
12306	13064	920	64	180	1688735
12306	13058	919	64	178.5	1688775
12306	13051	918	64	178	1688805
12306	13043	918	64	178	1688825
12306	13035	874	64	178	1688895
12300	13035	723	64	178	1688915
12292	13025	684	64	178	1688925
12292	13017	682	64	178	1688935
12284	13017	683	64	178	1688945
12284	13009	712	64	178	1688995
12284	13002	733	64	176	1689005
12290	13002	457	63.6667	176	1689065
167
11948	13023	90	61	178	1689431
11940	13023	177	62	176	1689441
11940	13015	513	62	174.1	1689541
11951	13015	761	62	174	1689551
11959	13015	788	62	174	1689561
11969	13015	813	62	174	1689571
11977	13015	827	62	174	1689581
11986	13015	828	63	174	1689591
11996	13015	842	63	176	1689601
12005	13015	856	64	176	1689611
12014	13015	867	64	176	1689621
12022	13015	873	64	176	1689631
12033	13021	880	63	176	1689641
12049	13021	884	63	178	1689651
12068	13032	898	62	178	1689661
12089	13032	915	62	178	1689671
12110	13043	934	62	178	1689681
12133	13043	943	62	178	1689691
12158	13050	968	62	178	1689701
12183	13050	973	62	178	1689711
12208	13050	978	62	178	1689721
12233	13050	993	62	178	1689731
12254	13050	1003	63	178	1689741
12277	13050	1003	63	178	1689751
12295	13050	1014	64	178	1689761
12310	13050	1023	64	178	1689771
12322	13050	1023	64	180	1689781
12331	13050	1023	64	180	1689791
12347	13050	1023	64	180	1689801
12371	13050	1023	64	180	1689811
12398	13050	1023	64	180	1689821
12424	13050	1023	64	180	1689831
12447	13044	1023	64	180	1689841
12466	13044	1023	63	180	1689851
12481	13044	1023	63	180	1689861
12494	13037	1023	62	180	1689871
12505	13037	1023	62	180	1689881
12519	13037	1023	62	180	1689891
12533	13037	1023	62	180	1689901
12549	13037	1023	62	180	1689911
12560	13037	1023	62	180	1689921
12569	13037	1023	62	180	1689931
12584	13037	1023	62	180	1689941
12602	13037	1023	61	180	1689951
12623	13037	1023	61	180	1689961
12645	13037	1023	60	180	1689971
12664	13037	1023	60	180	1689981
12680	13044	1023	60	180	1689991
12695	13044	1023	60	180	1690001
12712	13044	1023	60	180	1690011
12729	13044	1023	60	180	1690021
12746	13044	1023	60	180	1690031
12764	13044	1023	60	182	1690041
12781	13044	1023	60	182	1690051
12798	13044	1023	60	182	1690061
12817	13044	1023	60	182	1690071
12837	13044	1023	60	182	1690081
12856	13044	1023	60	182	1690091
12876	13044	1023	60	182	1690101
12897	13044	1023	60	182	1690111
12916	13044	1023	60	182	1690121
12931	13044	1023	60	182	1690131
12942	13044	1023	60	182	1690141
12948	13044	1023	60	182	1690171
12962	13044	1023	60	183	1690181
12974	13044	1023	60	183	1690191
12988	13044	1023	60	183	1690201
13005	13044	1023	60	183	1690211
13021	13044	1023	60	183	1690221
13039	13037	1023	60	183	1690231
13058	13037	1023	60	183	1690241
13076	13037	1023	60	183	1690251
13094	13037	1023	60	183	1690261
13108	13037	1023	60	183	1690271
13118	13029	1023	60	183	1690281
13126	13029	1023	60	183	1690291
13134	13029	1023	60	185	1690301
13141	13029	1023	60	185	1690321
13152	13022	1023	60	185	1690351
13164	13022	1023	60	185	1690361
13174	13022	1023	60	185	1690371
13189	13022	1023	60	185	1690381
13207	13022	1023	60	185	1690391
13221	13022	1023	60	185	1690401
13237	13022	1023	60	185	1690411
13251	13022	1023	59	185	1690421
13264	13022	1023	59	185	1690431
13278	13022	1023	58	185	1690441
13290	13022	1023	58	185	1690451
13301	13022	1023	58	185	1690461
13316	13022	1023	58	185	1690471
13335	13022	1023	58	185	1690481
13355	13022	1023	58	185	1690491
13374	13022	1023	58	185	1690501
13389	13022	1023	58	185	1690511
13397	13022	1023	58	185	1690531
13406	13022	1023	58	185	1690571
13414	13022	1023	58	185	1690581
13421	13022	1023	58	185	1690591
13429	13015	1023	58	185	1690601
13440	13015	1023	58	186	1690611
13450	13007	1023	58	186	1690621
13457	13007	1023	58	186	1690631
13464	13007	1023	58	186	1690641
13473	13007	1023	58	186	1690651
13485	12999	1023	58	186	1690661
13499	12999	1023	58	185	1690671
13511	12999	1023	58	185	1690681
13521	12991	1023	58	185	1690691
13530	12991	1023	58	185	1690701
13542	12991	1023	58	185	1690711
13558	12991	1023	58	185	1690721
13574	12991	1023	58	185	1690731
13590	12991	1023	58	185	1690741
13605	12991	1023	58	185	1690751
13618	12991	1023	58	185	1690761
13630	12991	1023	58	185	1690771
13644	12991	1023	58	185	1690781
13662	12991	1023	57	185	1690791
13677	12991	1023	57	185	1690801
13688	12991	1023	56	184	1690811
13697	12991	1023	56	184	1690831
13711	12985	1023	56	184	1690841
13721	12985	1023	56	184	1690851
13732	12985	1023	56	184	1690861
13747	12985	1023	56	184	1690871
13762	12985	1023	56	184	1690881
13777	12985	1023	56	184	1690891
13793	12985	1023	56	186	1690901
13802	12985	1023	56	186	1690911
13813	12985	1023	56	186	1690931
13822	12985	1023	56	186	1690941
13837	12985	1023	56	186	1690951
13849	12985	1023	56	186	1690961
13878	12985	1023	56	186	1690971
13894	12985	1023	56	186	1690981
13910	12985	1023	56	186	1690991
13927	12978	1023	56	186	1691001
13941	12978	1023	56	186	1691011
13952	12978	1023	56	186	1691021
13959	12978	1023	56	186	1691041
13969	12978	1023	56	186	1691051
13979	12972	1023	56	186	1691061
13990	12972	1023	56	186	1691071
14005	12972	1023	56	186	1691081
14018	12972	1023	56	186	1691091
14029	12972	1023	56	186	1691101
14043	12972	1023	56	186	1691111
14055	12972	1023	56	186	1691121
14072	12965	1023	56	186	1691131
14093	12965	1023	56	186	1691141
14110	12965	1023	56	187	1691151
14128	12965	1023	56	187	1691161
14145	12965	1023	56	187	1691171
14159	12965	1023	56	187	1691181
14176	12958	1023	56	187	1691191
14193	12958	1023	56	187	1691201
14215	12958	1023	56	187	1691211
14242	12958	1023	56	187	1691221
14271	12958	1023	56	187	1691231
14300	12966	1023	56	187	1691241
14321	12966	1023	56	187	1691251
14334	12966	1023	56	187	1691271
14342	12966	934	56	187	1691291
14342	12972	750	56	187	1691301
14325	12979	488	56	187	1691311
14289	13003	38	55.5	187	1691331
89
13919	14539	22	62	184	1692543
13926	14539	104	62	184	1692563
13926	14530	173	62	184	1692583
13926	14521	457	62	184	1692693
13933	14521	694	62	184	1692733
13933	14515	706	62	185.667	1692853
13939	14515	737	62	186.333	1692973
13947	14508	772	62	187	1692993
13953	14508	921	63.0308	189.277	1694293
13961	14508	954	64	190	1694313
13977	14508	951	64	190	1694323
13988	14508	955	64	190	1694333
14001	14508	957	64	190	1694343
14011	14508	959	64	190	1694353
14021	14508	957	64	190	1694363
14031	14508	956	64	190	1694373
14043	14508	956	64	190	1694383
14056	14500	957	64	190	1694393
14065	14500	957	64	190	1694403
14073	14500	962	64	190	1694413
14080	14500	964	64	190	1694423
14086	14500	965	64	190	1694433
14096	14500	964	64	190	1694443
14106	14500	965	64	190	1694453
14120	14507	967	63	192	1694463
14134	14507	972	63	192	1694473
14147	14507	981	63	192	1694483
14160	14507	979	63	192	1694493
14176	14507	981	63	192	1694503
14197	14507	982	63	192	1694513
14222	14507	989	63	192	1694523
14248	14507	1003	63	192	1694533
14274	14507	1005	63	192	1694543
14301	14507	1009	63	192	1694553
14333	14507	1021	63	192	1694563
14369	14507	1023	63	192	1694573
14404	14507	1023	63	192	1694583
14438	14507	1023	63	192	1694593
14468	14507	1023	63	192	1694603
14498	14517	1023	62	191	1694613
14526	14517	1023	62	189	1694623
14554	14529	1023	62	189	1694633
14585	14535	1023	62	189	1694643
14616	14535	1023	62	189	1694653
14647	14535	1023	62	189	1694663
14682	14535	1023	62	189	1694673
14715	14535	1023	62	189	1694683
14746	14535	1023	62	189	1694693
14781	14535	1023	62	189	1694703
14815	14535	1023	62	189	1694713
14850	14546	1023	61	191	1694723
14883	14546	1023	61	191	1694733
14915	14552	1023	60	190	1694743
14946	14552	1023	60	190	1694753
14976	14552	1023	60	190	1694763
15006	14552	1023	60	190	1694773
15035	14552	1023	60	190	1694783
15063	14552	1023	60	190	1694793
15090	14552	1023	60	190	1694803
15120	14546	1023	60	190	1694813
15150	14546	1023	60	190	1694823
15177	14546	1023	59	192	1694833
15200	14546	1023	59	192	1694843
15224	14546	1023	59	192	1694853
15248	14546	1023	59	192	1694863
15277	14546	1023	59	192	1694873
15309	14546	1023	59	192	1694883
15340	14546	1023	59	192	1694893
15370	14546	1023	59	192	1694903
15398	14546	1023	59	194	1694913
15423	14546	1023	59	194	1694923
15443	14546	1023	59	194	1694933
15457	14546	1023	59	194	1694943
15466	14546	1023	59	194	1694953
15475	14546	1023	59	194	1694963
15492	14546	1023	59	194	1694973
15511	14553	1023	59	194	1694983
15536	14553	1023	59	194	1694993
15558	14553	1023	59	194	1695003
15574	14553	1023	59	194	1695013
15585	14553	1023	59	194	1695023
15592	14553	1023	59	194.5	1695043
15600	14553	1023	59	195	1695073
15608	14553	1023	58.6667	195	1695133
15600	14553	1023	58.5	195	1695153
15593	14553	1023	59.5882	194.529	1695323
15593	14547	991	62.5	195.5	1695443
15578	14523	495	63	194	1695453
15569	14497	68	63	194	1695473
75
15534	14762	12	61	195	1696679
15543	14770	17	61	195	1696689
15543	14776	20	61	195	1696709
15543	14784	40	61	195	1696719
15551	14784	77	61	195	1696729
15551	14790	181	61	195	1696749
15557	14790	344	61	195	1696779
15566	14799	464	61	195	1696799
15566	14810	527	61	195	1696819
15573	14820	592	61	195	1696849
15573	14827	702	61	195.4	1696899
15573	14818	748	61	197	1696909
15580	14803	756	61	197	1696919
15580	14778	763	61	197	1696929
15580	14739	773	61	197	1696939
15580	14687	788	61	197	1696949
15586	14625	801	61	197	1696959
15586	14562	815	61	197	1696969
15586	14499	823	61	197	1696979
15586	14441	830	61	197	1696989
15586	14391	837	61	197	1696999
15586	14353	843	61	195	1697009
15577	14322	843	61	195	1697019
15577	14298	842	61	195	1697029
15577	14282	843	61	195	1697039
15570	14262	844	61	195	1697049
15570	14247	845	61	195	1697059
15570	14236	847	61	195	1697069
15570	14228	934	61	194.938	1697389
15570	14211	944	61	193	1697399
15570	14194	944	61	193	1697409
15570	14172	945	61	193	1697419
15564	14152	943	61	193	1697429
15564	14138	943	61	193	1697439
15557	14127	939	61	193	1697449
15557	14120	943	62	189.714	1697589
15557	14132	960	62	189	1697599
15565	14142	959	62	189	1697609
15573	14157	961	62	189	1697619
15588	14178	955	62	189	1697629
15606	14200	953	62	189	1697639
15628	14225	952	62	189	1697649
15657	14252	947	62	189	1697659
15689	14280	949	62	189	1697669
15725	14310	950	62	189	1697679
15765	14337	953	62	191	1697689
15805	14362	962	62	191	1697699
15843	14381	961	62	191	1697709
15882	14397	961	61	193	1697719
15915	14410	969	61	193	1697729
15944	14420	971	61	193	1697739
15965	14427	971	61	195	1697749
15979	14427	972	61	195	1697759
15989	14427	975	61	195	1697769
15995	14427	982	61	197.8	1697969
15995	14434	975	61	198	1697989
15984	14445	971	61	198	1697999
15969	14458	966	61	198	1698009
15949	14478	962	61	198	1698019
15921	14506	955	61	198	1698029
15886	14543	948	61	198	1698039
15844	14588	938	61	198	1698049
15795	14639	925	61	197	1698059
15746	14690	911	61	197	1698069
15699	14734	902	61	197	1698079
15659	14765	892	61	197	1698089
15626	14785	891	61	197	1698099
15601	14795	888	61	197	1698109
15585	14795	888	61	197	1698119
15576	14802	899	61	197	1698179
15576	14808	877	61	195	1698249
15583	14808	717	61	195	1698259
15583	14799	598	61	195	1698269
15595	14791	457	61	195	1698279
15603	14781	60	61	195	1698299
43
15994	14433	58	59	194	1698475
16003	14433	99	59	194	1698485
16009	14443	142	59	194	1698495
16024	14452	207	59	194	1698505
16034	14459	273	59	194	1698515
16042	14467	337	59	194	1698525
16050	14467	401	59	195	1698535
16057	14479	469	59	195	1698545
16057	14487	497	59	195	1698555
16066	14496	551	59	195	1698565
16066	14506	582	59	195	1698575
16066	14515	606	59	195	1698585
16066	14523	629	60	197	1698605
16053	14532	652	61	198	1698615
16041	14532	670	61	198	1698625
16026	14532	675	61	198	1698635
16008	14532	703	61	198	1698645
15989	14517	713	61	198	1698655
15970	14502	725	61	198	1698665
15953	14488	728	61	198	1698675
15940	14473	726	61	198	1698685
15940	14456	724	61	198	1698695
15940	14439	726	61	198	1698705
15940	14420	727	61	198	1698715
15952	14402	729	61	198	1698725
15972	14392	731	61	198	1698735
15998	14392	734	61	198	1698745
16034	14392	739	61	198	1698755
16069	14404	749	61	198	1698765
16101	14422	764	60	198	1698775
16125	14441	763	60	198	1698785
16136	14459	775	59	197	1698795
16136	14477	775	59	197	1698805
16136	14495	775	59	197	1698815
16116	14513	776	59	197	1698825
16095	14525	777	59	197	1698835
16071	14532	777	59	197	1698845
16045	14532	763	59	197	1698855
16023	14532	746	59	197	1698865
16004	14532	725	59	197	1698875
15988	14517	683	59	197	1698885
15976	14503	616	59	197	1698895
15968	14487	182	59	196	1698915
41
16173	14500	67	59	192	1700627
16167	14500	117	59	192	1700637
16156	14493	206	59	192	1700657
16150	14486	251	59	192	1700677
16143	14477	472	60.3333	194.333	1700767
16152	14484	729	61	195	1700787
16162	14484	784	61	195	1700807
16172	14484	833	62	195	1700827
16179	14484	860	63	196	1700847
16194	14484	867	63	196	1700857
16209	14484	870	63	198	1700867
16228	14491	889	63	198	1700877
16251	14491	899	63	198	1700887
16275	14491	929	63	198	1700897
16298	14491	943	63	198	1700907
16327	14499	946	63	198	1700917
16358	14499	958	63	198	1700927
16391	14499	972	62	197	1700937
16423	14499	996	62	199	1700947
16451	14499	995	61	198	1700957
16480	14499	1003	61	198	1700967
16504	14499	1014	61	198	1700977
16529	14499	1015	61	198	1700987
16551	14499	1016	61	198	1700997
16571	14499	1023	61	198	1701007
16590	14499	1023	61	198	1701017
16613	14499	1023	60	198	1701027
16634	14499	1023	60	198	1701037
16650	14499	1023	59	199	1701047
16667	14499	1023	59	199	1701057
16681	14492	1023	59	199	1701067
16693	14492	1023	59	199	1701077
16706	14492	1023	59	199	1701087
16715	14492	1023	59	199	1701107
16726	14500	1023	59	199	1701127
16733	14500	1023	59	199	1701147
16741	14500	1023	59	199	1701167
16749	14500	981	59	199	1701227
16741	14500	786	59	199	1701237
16723	14500	604	59	199	1701247
16693	14488	32	59	198	1701267
26
16773	14830	69	59	199	1702619
16773	14836	182	59	199	1702649
16773	14843	328	59	199	1702659
16781	14843	474	59	199	1702709
16781	14830	564	59	199	1702719
16781	14808	575	59	199	1702729
16781	14769	602	59	199	1702739
16781	14712	636	59	199	1702749
16772	14637	670	59	199	1702759
16772	14549	687	59	199	1702769
16762	14448	714	59	199	1702779
16762	14335	739	59	199	1702789
16762	14217	761	59	197	1702799
16762	14104	775	59	197	1702809
16762	13997	783	59	197	1702819
16762	13904	793	59	195	1702829
16762	13822	796	59	195	1702839
16751	13756	797	59	195	1702849
16744	13712	797	59	194	1702859
16744	13686	796	59	194	1702869
16735	13677	791	59	192	1702899
16735	13690	780	60	190	1702909
16735	13712	759	60	190	1702919
16744	13747	683	60	190	1702929
16744	13797	572	60	189	1702939
16751	13849	138	60	189	1702959
70
16679	14843	156	58	200	1703195
16671	14843	350	58	200	1703225
16683	14834	546	58	200	1703245
16693	14827	634	58	200	1703265
16704	14827	658	58	200	1703275
16712	14827	674	58	200	1703285
16721	14827	692	58	200	1703295
16730	14827	716	58	200	1703305
16741	14827	731	58	200	1703315
16754	14827	740	58	200	1703325
16770	14827	749	58	202	1703335
16787	14827	765	58	202	1703345
16808	14820	777	58	202	1703355
16830	14820	795	58	202	1703365
16854	14820	819	58	202	1703375
16880	14811	828	58	202	1703385
16908	14811	838	58	202	1703395
16939	14801	854	58	202	1703405
16971	14801	871	58	202	1703415
17004	14789	876	58	202	1703425
17036	14783	887	58	202	1703435
17067	14783	894	58	202	1703445
17100	14776	899	58	202	1703455
17135	14776	903	58	202	1703465
17174	14776	902	58	202	1703475
17214	14769	905	58	203	1703485
17255	14760	908	58	203	1703495
17295	14751	907	58	203	1703505
17335	14736	913	58	203	1703515
17373	14717	912	58	203	1703525
17413	14697	914	57	203	1703535
17450	14677	914	57	203	1703545
17485	14660	914	56	202	1703555
17520	14641	917	56	202	1703565
17553	14622	915	56	202	1703575
17584	14604	918	56	202	1703585
17613	14580	915	56	202	1703595
17640	14555	915	56	203	1703605
17663	14526	913	55	202	1703615
17685	14490	911	55	202	1703625
17702	14457	910	54	202	1703635
17718	14421	907	54	202	1703645
17729	14384	907	54	202	1703655
17729	14349	905	54	202	1703665
17729	14301	902	54	202	1703675
17729	14249	901	54	202	1703685
17711	14194	902	54	200	1703695
17689	14135	902	54	200	1703705
17655	14079	899	54	200	1703715
17614	14025	896	55	199	1703725
17565	13972	892	55	199	1703735
17505	13916	889	55	197	1703745
17442	13863	885	55	197	1703755
17371	13812	882	55	196	1703765
17294	13767	882	55	196	1703775
17216	13727	878	55	195	1703785
17138	13693	873	56	194	1703795
17061	13668	873	56	194	1703805
16994	13652	868	57	193	1703815
16931	13644	868	58	191	1703825
16875	13644	865	58	191	1703835
16828	13644	864	58	190	1703845
16788	13644	865	58	190	1703855
16761	13644	864	59	188	1703865
16741	13644	867	59	188	1703875
16725	13650	868	60	189	1703885
16716	13650	873	60	187	1703895
16710	13650	855	60	187	1703965
16717	13659	637	60	187	1703985
16731	13672	147	60	187	1704005
33
17880	14416	161	60	187	1705408
17886	14448	282	60	187	1705418
17886	14463	372	60	189	1705428
17897	14477	469	60	189	1705438
17910	14487	495	60	189	1705448
17910	14493	505	60	189	1705458
17900	14493	534	60	190	1705468
17885	14493	552	60	190	1705478
17864	14493	556	60	190	1705487
17836	14480	565	60	190	1705497
17806	14458	564	60	190	1705507
17777	14430	568	60	190	1705517
17752	14392	562	60	192	1705527
17735	14349	572	60	192	1705537
17727	14304	594	61	193	1705547
17727	14262	616	61	193	1705557
17736	14227	625	62	191	1705567
17753	14201	643	62	191	1705577
17777	14188	633	62	191	1705587
17811	14188	634	62	191	1705597
17849	14211	637	62	191	1705607
17885	14247	630	62	191	1705617
17916	14289	630	62	191	1705627
17936	14334	622	62	191	1705637
17943	14375	613	62	191	1705647
17943	14412	612	62	191	1705657
17926	14441	608	62	191	1705667
17909	14460	603	62	191	1705677
17888	14470	599	62	191	1705687
17865	14470	581	62	191	1705697
17847	14463	539	62	191	1705707
17829	14451	433	62	191	1705717
17815	14435	85	62	191	1705737
38
18009	14323	204	58	188	1706024
18000	14323	277	58	190	1706034
17993	14323	438	59.25	190.5	1706074
17993	14330	571	59.25	193	1706154
17993	14337	612	61	195	1706164
17984	14337	607	61	197	1706174
17976	14337	607	61	197	1706184
17966	14343	606	61	197	1706194
17955	14343	605	61	197	1706204
17944	14343	607	61	197	1706213
17937	14351	638	61	197	1706243
17930	14351	742	61	197	1706283
17938	14351	813	61	195	1706323
17944	14351	865	61	195	1706343
17951	14351	889	61	195	1706353
17959	14351	905	61	195	1706363
17970	14351	934	61	197	1706373
17985	14342	939	61	197	1706383
18009	14342	951	61	197	1706393
18040	14342	957	61	197	1706403
18079	14342	970	61	197	1706413
18128	14342	976	61	197	1706423
18186	14342	985	61	197	1706433
18251	14342	1002	61	197	1706443
18316	14342	1023	61	197	1706453
18384	14342	1023	61	197	1706463
18448	14342	1023	61	197	1706473
18503	14342	1023	61	197	1706483
18554	14342	1023	61	197	1706493
18587	14342	1023	60	198	1706503
18607	14342	1023	60	198	1706513
18616	14342	1021	59	197	1706543
18616	14336	980	59	197	1706553
18607	14336	958	59	197	1706563
18592	14336	896	59	199	1706573
18567	14336	813	59	199	1706583
18533	14336	659	59	199	1706593
18493	14336	86	59	197	1706613
19
18840	14745	303	57	194	1707998
18848	14736	543	57	194	1708018
18856	14727	634	57	196	1708028
18856	14721	660	57	196	1708038
18863	14712	673	57	196	1708048
18870	14694	691	57	196	1708058
18879	14668	716	57	196	1708068
18892	14635	740	57	196	1708078
18911	14594	775	57	196	1708088
18930	14554	816	57	196	1708098
18956	14512	837	57	196	1708108
18982	14471	865	58	196	1708118
19006	14437	882	58	196	1708128
19030	14410	888	59	197	1708138
19047	14388	897	59	197	1708148
19058	14376	897	59	197	1708158
19065	14367	808	59	198.455	1708268
19056	14375	468	59	199	1708278
19050	14387	134	59	199	1708298
19
19114	14628	245	57	197	1708356
19153	14711	358	57	197	1708366
19170	14741	550	57	197	1708376
19190	14762	647	57	197	1708386
19208	14778	718	57	197	1708396
19218	14786	735	57	197	1708416
19218	14776	755	57	197	1708426
19208	14746	769	57	197	1708436
19184	14697	790	57	197	1708446
19151	14624	806	57	197	1708456
19110	14538	827	57	197	1708466
19070	14444	835	57	197	1708476
19034	14347	835	57	197	1708486
19001	14261	835	57	197	1708496
18976	14183	838	57	197	1708506
18959	14122	833	57	196	1708516
18946	14078	814	57	196	1708526
18940	14043	764	57	196	1708536
18940	14025	346	57	194	1708566
155
14168	12953	150	58	186	1710928
14168	12935	167	58	186	1710938
14175	12928	261	59	187	1710958
14183	12921	293	60	187	1710988
14183	12932	297	60	187	1710998
14173	12939	323	60.5	187	1711018
14164	12939	497	61.75	185.75	1711058
14173	12939	626	62	187	1711078
14179	12939	682	62	187	1711158
14186	12939	709	62	187	1711178
14199	12939	711	62	187	1711188
14205	12939	720	62	187	1711198
14212	12939	723	62	187	1711228
14220	12939	732	62.6667	187.667	1711258
14227	12939	767	64	188	1711328
14237	12939	793	64	188	1711338
14244	12939	795	64	188	1711348
14254	12939	796	64	188	1711358
14265	12939	799	64	188	1711368
14276	12939	801	64	188	1711378
14286	12939	809	64	188	1711388
14294	12939	831	63	190	1711408
14302	12939	876	62.1	189.1	1711508
14309	12939	900	63.5	189	1711528
14317	12939	895	64	188	1711538
14328	12945	894	64	188	1711548
14342	12945	896	64	188	1711558
14356	12945	896	64	188	1711568
14366	12945	898	64	188	1711578
14373	12945	899	64	188	1711588
14380	12945	896	64	188	1711598
14388	12945	895	64	188	1711608
14400	12952	891	63	188	1711618
14411	12952	892	63	188	1711628
14421	12952	889	62	187	1711638
14431	12952	890	62	187	1711648
14442	12952	890	62	187	1711658
14450	12952	890	62	187	1711668
14458	12952	890	62	187	1711688
14473	12952	887	62	186	1711698
14482	12952	888	62	186	1711708
14493	12952	886	62	186	1711718
14505	12952	886	62	186	1711728
14515	12952	888	62	186	1711738
14525	12952	889	62	186	1711748
14537	12952	884	62	186	1711758
14551	12952	885	62	186	1711768
14568	12952	883	62	186	1711778
14588	12952	882	62	186	1711788
14607	12952	882	62	186	1711798
14625	12952	884	62	186	1711808
14642	12944	883	62	186	1711818
14660	12944	883	62	186	1711828
14680	12944	883	62	186	1711838
14702	12944	883	62	186	1711848
14727	12944	884	62	186	1711858
14751	12944	883	62	186	1711868
14777	12944	886	62	186	1711878
14806	12944	883	62	187	1711888
14837	12944	883	62	187	1711898
14872	12951	882	62	187	1711907
14910	12951	875	62	187	1711917
14950	12951	877	62	187	1711927
14989	12951	878	62	187	1711937
15028	12951	881	62	187	1711947
15065	12951	875	62	187	1711957
15102	12951	876	62	187	1711967
15140	12943	876	62	187	1711977
15180	12943	876	62	187	1711987
15222	12943	874	62	187	1711997
15266	12952	873	62	187	1712007
15308	12952	879	62	187	1712017
15351	12959	874	62	187	1712027
15390	12959	887	62	187	1712037
15431	12968	876	62	187	1712047
15470	12968	880	62	187	1712057
15508	12976	878	62	187	1712067
15548	12976	878	63	188	1712077
15585	12976	878	63	188	1712087
15624	12976	878	64	188	1712097
15658	12976	883	64	188	1712107
15691	12976	880	64	188	1712117
15725	12968	883	64	188	1712127
15760	12968	881	64	188	1712137
15795	12957	882	64	188	1712147
15828	12957	880	64	188	1712157
15862	12957	884	64	188	1712167
15890	12957	885	64	188	1712177
15920	12950	883	64	188	1712187
15948	12950	882	64	190	1712197
15973	12950	883	64	190	1712207
15999	12942	881	64	190	1712217
16019	12942	885	64	190	1712227
16036	12942	883	64	190	1712237
16054	12942	883	64	190	1712247
16068	12942	884	64	190	1712257
16082	12942	884	64	190	1712267
16095	12942	884	64	190	1712277
16107	12942	883	64	190	1712287
16117	12942	882	64	190	1712297
16126	12942	882	64	190	1712307
16135	12942	882	64	190	1712317
16142	12942	882	64	190	1712327
16149	12942	880	64	190	1712347
16159	12942	880	64	190	1712357
16159	12949	880	64	190	1712377
16166	12949	877	64	190	1712407
16172	12949	874	64	190	1712517
16172	12956	861	64	190	1712527
16172	12965	858	64	190	1712537
16172	12990	848	64	190	1712547
16179	13033	836	64	190	1712557
16179	13095	833	64	190	1712567
16189	13175	813	64	190	1712577
16189	13267	800	64	190	1712587
16189	13367	785	63	192	1712597
16189	13471	770	63	192	1712607
16189	13572	752	63	194	1712617
16182	13662	745	63	194	1712627
16182	13738	738	63	194	1712637
16182	13805	737	62	195	1712647
16182	13857	739	62	195	1712657
16182	13895	742	61	197	1712667
16182	13920	745	61	197	1712677
16182	13933	753	61	198	1712687
16188	13940	760	60.5	199	1712727
16195	13940	786	60	201.667	1712787
16203	13940	816	60	202	1712807
16213	13940	830	60	202	1712827
16222	13940	845	60	202	1712847
16232	13940	852	60	202	1712867
16242	13940	862	60	202	1712877
16248	13940	862	60	202	1712887
16257	13940	871	60	202	1712897
16267	13940	874	60	202	1712907
16280	13940	879	60	202	1712917
16295	13933	882	60	202	1712927
16315	13933	884	60	202	1712937
16337	13923	894	60	202	1712947
16366	13923	896	60	202	1712957
16402	13913	898	60	202	1712967
16442	13905	911	60	202	1712977
16488	13905	911	60	202	1712987
16536	13895	920	60	202	1712997
16582	13887	944	60	202	1713007
16621	13887	954	60	202	1713017
16657	13887	955	60	202	1713027
16690	13887	957	60	202	1713037
16718	13887	958	59	201	1713047
16748	13887	964	59	201	1713057
16770	13887	969	58	200	1713067
16784	13887	974	58	200	1713077
16791	13887	928	58	201.6	1713177
16771	13887	525	58	200	1713187
16746	13887	23	58	200	1713207
