52
25
5482	19122	268	62	214	764717
5475	19094	295	62	213	764727
5475	19084	381	62	213	764737
5475	19077	489	62	213	764747
5486	19077	569	63	211	764757
5492	19077	624	62	210	764767
5500	19077	689	62	210	764777
5509	19071	735	62	210	764787
5524	19071	753	62	210	764797
5544	19071	771	63	211	764807
5570	19071	788	63	211	764817
5605	19084	796	63	211	764827
5643	19095	808	63	211	764837
5684	19106	816	63	212	764847
5724	19117	826	63	214	764857
5753	19124	834	64	215	764867
5775	19124	830	64	215	764877
5789	19132	829	64	215	764887
5796	19132	813	64	215	764907
5804	19132	756	63	217	764927
5796	19132	704	62	216	764937
5785	19121	633	62	217	764947
5768	19103	514	61	216	764957
5745	19078	331	61	216	764967
5720	19052	17	61	216	764987
5
5466	18731	8	63	209	765173
5459	18731	107	63	209	765183
5448	18738	292	63	208.333	765213
5448	18746	414	64.6364	209.545	765323
5448	18753	0	65	210	765343
19
5746	19352	64	60	219	766321
5746	19359	128	60	219	766341
5755	19365	340	60	220.5	766421
5761	19365	483	60	221	766441
5761	19359	518	60	221	766461
5761	19349	543	60	221	766471
5768	19338	562	60	221	766481
5768	19315	574	60	221	766491
5768	19277	576	60	221	766501
5775	19224	606	60	221	766511
5775	19160	616	60	221	766521
5775	19096	626	60	219	766531
5783	19038	627	60	219	766541
5783	18992	629	60	219	766551
5783	18962	629	61	218	766561
5783	18941	620	61	218	766571
5783	18932	571	61	217	766591
5783	18941	410	61	216	766601
5783	18962	50	61.5	215	766621
39
5755	19348	136	61	218	766757
5748	19355	329	60.5	218.5	766797
5748	19362	526	60.1429	221.143	766867
5760	19354	646	61	224	766877
5769	19354	654	61	224	766887
5785	19340	674	61	224	766897
5807	19330	700	61	224	766907
5838	19319	726	60	222	766917
5877	19310	754	60	224	766927
5923	19302	777	59	222	766937
5973	19302	788	59	222	766947
6029	19302	793	59	222	766957
6083	19302	802	59	222	766967
6132	19310	803	59	222	766977
6173	19310	801	59	222	766987
6202	19310	802	59	222	766997
6222	19310	802	59	222	767007
6231	19310	799	59	222	767027
6231	19303	787	58.5714	222.857	767097
6231	19295	787	58	224	767107
6222	19284	785	58	224	767117
6209	19264	781	59	222	767127
6191	19231	780	59	222	767137
6164	19188	778	59	222	767147
6126	19136	779	59	222	767157
6080	19078	777	60	221	767167
6029	19026	774	60	221	767177
5974	18978	769	60	221	767187
5924	18940	763	60	219	767197
5879	18910	762	60	219	767207
5840	18885	762	61	218	767217
5813	18869	758	61	218	767227
5795	18859	762	61	216	767237
5786	18859	765	61	216	767247
5786	18851	795	62.2	213	767297
5794	18851	788	63	211	767317
5802	18858	702	63	211	767337
5813	18858	513	63	211	767347
5813	18866	127	63	211	767367
40
6262	19304	220	57	217	767593
6275	19313	254	57	217	767603
6275	19320	319	58	218	767613
6284	19329	398	58	218	767623
6284	19335	418	58	218	767633
6284	19344	425	58	218	767643
6284	19351	437	58	218	767653
6275	19351	443	58	220	767663
6275	19360	452	58	220	767673
6266	19360	466	58	220	767693
6259	19360	474	57	221	767703
6259	19351	495	57	221	767713
6246	19344	515	57	221	767723
6237	19331	529	58	222	767733
6226	19315	537	58	222	767743
6218	19296	538	58	224	767753
6218	19276	548	58	224	767763
6218	19258	558	58	224	767773
6218	19238	555	58	224	767783
6230	19221	566	59	222	767793
6248	19207	577	59	222	767803
6271	19197	602	59	222	767813
6299	19197	627	59	222	767823
6329	19214	629	58	221	767833
6358	19236	646	58	221	767843
6380	19265	656	58	220	767853
6393	19294	658	57	221	767863
6393	19320	657	57	221	767873
6384	19344	660	57	221	767883
6365	19361	666	57	221	767893
6344	19372	671	57	221	767903
6320	19372	682	57	221	767913
6299	19372	693	57	221	767923
6281	19364	690	57	221	767933
6267	19357	682	57	221	767943
6256	19346	671	57	221	767953
6249	19334	633	57	221	767963
6249	19322	561	57	221	767973
6249	19307	446	57	221	767983
6249	19294	78	57	221	768003
19
6500	19302	275	56	217	768149
6500	19281	329	56	217	768159
6507	19281	417	56	217	768169
6507	19272	506	56	217	768179
6517	19272	573	56	218.333	768209
6531	19272	612	56	219	768219
6545	19272	647	56	219	768229
6567	19272	683	56	219	768239
6597	19272	698	56	220	768249
6634	19272	709	56	220	768259
6680	19272	720	57	221	768269
6733	19272	738	57	221	768279
6793	19281	741	57	221	768289
6852	19287	741	57	221	768299
6903	19294	743	57	221	768309
6942	19294	736	57	222	768319
6962	19301	648	57	222	768339
6951	19294	494	57	222	768349
6915	19275	66	56	221	768369
18
5545	17586	319	65	212	769061
5522	17576	368	65	212	769071
5522	17568	470	65	212	769081
5522	17561	598	65	212	769101
5531	17550	683	65	212	769121
5539	17550	739	65	212	769141
5557	17550	747	64	214	769151
5577	17550	779	64	214	769161
5606	17557	784	64	214	769171
5641	17557	810	64	214	769181
5679	17563	818	64	214	769191
5713	17563	823	64	214	769201
5745	17563	823	64	214	769211
5771	17563	815	64	214	769221
5788	17563	804	64	214	769231
5801	17563	714	64	214	769261
5790	17563	517	64	214	769271
5774	17563	120	64	214	769291
20
5834	17816	135	62	214	769485
5834	17832	207	62	214	769495
5834	17840	267	62	214	769505
5843	17848	364	62	214	769515
5843	17857	414	62	214	769525
5850	17857	465	62	214	769535
5850	17865	521	62	214	769555
5850	17853	564	62	214	769565
5850	17831	599	62	214	769575
5850	17792	630	62	214	769585
5850	17738	677	62	214	769595
5850	17672	698	62	214	769605
5850	17606	712	62	214	769615
5850	17544	711	62	214	769625
5850	17494	710	62	213	769635
5850	17458	690	62	213	769645
5850	17434	656	62	213	769655
5850	17423	558	62	213	769675
5850	17432	318	62	213	769685
5850	17456	5	62	213	769705
38
5851	17889	202	62	214	769865
5844	17896	253	62	214	769875
5844	17903	340	62	214	769885
5851	17903	460	62	214	769925
5858	17903	634	62	214	769975
5868	17903	715	62	214	769985
5879	17903	717	62	214	769995
5894	17891	717	62	214	770005
5915	17884	717	62	214	770015
5945	17872	718	62	214	770025
5983	17858	724	62	214	770035
6031	17841	738	62	214	770045
6090	17819	752	62	214	770055
6151	17798	787	62	214	770065
6213	17778	800	62	214	770075
6268	17762	808	62	214	770085
6309	17749	820	62	214	770095
6337	17740	824	62	214	770105
6351	17740	825	62	214	770115
6351	17733	818	60.7143	215.714	770185
6343	17733	814	60	214	770195
6331	17724	815	60	214	770205
6313	17707	816	60	214	770215
6283	17680	816	60	214	770225
6242	17641	814	60	212	770235
6196	17598	813	60	212	770245
6142	17552	810	60	212	770255
6086	17508	796	60	212	770265
6030	17471	791	60	212	770275
5979	17442	786	61	213	770285
5937	17422	776	61	212	770295
5905	17408	774	62	213	770305
5882	17396	769	62	213	770315
5868	17388	754	62	213	770325
5862	17388	742	62	213	770335
5862	17381	668	63	211	770375
5869	17381	448	63	211	770385
5876	17381	55	63	211	770405
31
6398	17809	203	56	213	770645
6417	17831	230	56	213	770655
6424	17840	334	57	214	770665
6424	17847	406	57	214	770675
6431	17847	436	57	214	770685
6431	17854	466	57	214	770695
6417	17854	488	58	214	770705
6401	17847	522	58	214	770715
6379	17836	537	59	215	770725
6355	17820	550	59	215	770735
6331	17797	574	59	215	770745
6314	17772	581	59	215	770755
6302	17743	590	59	215	770765
6302	17715	595	59	215	770775
6302	17693	603	60	214	770785
6315	17674	636	60	214	770795
6332	17665	641	60	214	770805
6357	17665	634	60	214	770815
6387	17682	645	60	214	770825
6420	17711	651	60	214	770835
6448	17748	644	60	214	770845
6465	17784	656	60	214	770855
6465	17812	650	60	214	770865
6465	17831	649	60	214	770875
6452	17844	646	60	214	770885
6435	17844	640	60	214	770895
6418	17844	618	60	214	770905
6400	17844	580	60	214	770915
6387	17830	509	60	214	770925
6379	17812	390	60	214	770935
6379	17792	90	60	214	770955
17
6570	17805	192	59	215	771065
6570	17799	317	59	215	771075
6562	17791	584	59	215	771135
6570	17791	726	59	215	771145
6579	17791	752	59	215	771155
6597	17791	762	59	215	771165
6624	17791	799	59	215	771175
6664	17791	800	59	215	771185
6720	17791	822	59	215	771195
6786	17799	828	59	215	771205
6862	17799	830	59	215	771215
6938	17799	829	59	215	771225
7004	17799	831	58	214	771235
7052	17799	823	58	214	771245
7081	17799	789	57	214	771255
7094	17799	668	57	214	771265
7084	17799	228	57	214	771285
22
5577	16085	75	64	214	772145
5550	16085	165	64	214	772155
5540	16085	269	64	214	772165
5534	16085	355	64	214	772185
5524	16085	433	64	214	772205
5517	16085	503	65	212	772235
5517	16078	622	65	212	772265
5523	16078	682	65	212	772275
5535	16078	683	65	212	772285
5552	16088	694	65	212	772295
5577	16088	694	65	212	772305
5607	16096	717	65	212	772315
5640	16096	734	65	212	772325
5676	16096	759	65	212	772335
5710	16096	765	65	212	772345
5739	16096	769	65	212	772355
5759	16096	770	65	212	772365
5770	16096	719	65	212	772395
5761	16096	618	65	212	772405
5750	16096	502	65	212	772415
5739	16103	333	64	214	772425
5722	16103	4	64	214	772445
19
5820	16287	208	62	213	772613
5820	16320	238	62	214	772623
5820	16331	286	62	214	772633
5820	16339	377	62	214	772653
5826	16339	473	62	214	772693
5826	16332	560	62	214	772703
5826	16320	589	62	214	772713
5836	16300	606	62	214	772723
5836	16268	620	62	214	772733
5848	16222	650	62	214	772743
5848	16163	684	62	214	772753
5856	16094	700	62	214	772763
5856	16024	708	62	214	772773
5856	15964	707	62	214	772783
5856	15921	704	62	214	772793
5856	15897	680	62	213	772803
5856	15887	612	62	213	772823
5856	15899	460	62	213	772833
5856	15921	139	62.5	212	772853
38
5809	16346	90	62	213	773157
5802	16357	434	62	213.571	773227
5808	16357	672	62	214	773247
5815	16357	703	62	214	773257
5821	16357	720	62	214	773267
5833	16357	729	61	216	773277
5851	16357	728	61	216	773287
5878	16341	734	61	216	773297
5910	16327	743	61	216	773307
5950	16315	765	61	216	773317
5995	16302	788	61	216	773327
6045	16293	802	61	216	773337
6100	16286	823	61	216	773347
6158	16286	822	61	216	773357
6211	16278	822	61	216	773367
6255	16278	824	61	216	773377
6287	16271	823	61	216	773387
6307	16271	823	61	216	773397
6316	16264	802	61	216.667	773457
6308	16264	798	61	218	773487
6297	16264	800	61	218	773497
6285	16250	799	61	218	773507
6264	16227	800	61	218	773517
6234	16196	799	61	216	773527
6192	16152	801	61	216	773537
6142	16105	802	61	216	773547
6088	16058	803	61	216	773557
6030	16010	803	62	214	773567
5977	15971	803	62	214	773577
5930	15938	806	62	214	773587
5890	15912	799	62	213	773597
5862	15897	802	62	213	773607
5841	15886	798	62	213	773617
5829	15886	792	62	213	773627
5829	15879	774	63	211	773637
5822	15879	689	63	211	773657
5835	15890	529	63	209	773667
5846	15901	192	63	209	773687
32
6312	16254	373	58	216	773861
6330	16276	388	58	216	773871
6336	16285	485	57.5	217.5	773891
6347	16293	528	59	217	773921
6333	16281	545	59	215	773931
6323	16274	545	59	215	773941
6313	16267	557	59	215	773951
6302	16256	564	60	216	773961
6295	16246	569	60	216	773971
6295	16230	586	61	218	773981
6295	16209	606	61	218	773991
6295	16183	622	61	218	774001
6312	16159	636	61	218	774011
6330	16138	650	61	218	774021
6352	16124	664	61	218	774031
6379	16124	675	61	218	774041
6406	16124	693	61	218	774051
6432	16146	697	61	218	774061
6451	16167	693	61	218	774071
6462	16192	693	61	218	774081
6462	16215	696	60	216	774091
6447	16240	697	60	216	774101
6424	16264	695	59	215	774111
6397	16286	690	59	215	774121
6372	16301	675	59	215	774131
6351	16309	661	59	215	774141
6336	16309	637	59	215	774151
6328	16296	616	59	215	774161
6328	16281	574	59	215	774171
6328	16260	500	60	216	774181
6340	16240	382	60	216	774191
6356	16225	69	61	218	774211
16
6531	16239	176	58	213.5	774347
6524	16239	422	57.75	213.25	774387
6524	16232	639	58	216	774407
6531	16232	708	59	217	774417
6544	16232	732	59	217	774427
6568	16232	766	59	217	774437
6601	16232	796	59	217	774447
6646	16232	815	59	217	774457
6698	16225	830	58	218	774467
6757	16225	838	58	218	774477
6821	16225	833	58	218	774487
6885	16232	831	58	218	774497
6947	16239	822	58	218	774507
7000	16248	791	58	218	774517
7038	16255	727	58	220	774527
7059	16261	305	57.6667	219.333	774557
18
5421	14618	223	60	206	775289
5414	14605	232	60	206	775299
5414	14595	386	61	207	775329
5407	14595	581	63	209	775409
5422	14602	713	65	212	775419
5439	14602	728	65	212	775429
5463	14610	737	64	214	775439
5495	14610	747	64	214	775449
5532	14623	784	64	214	775459
5572	14623	799	64	214	775469
5611	14632	808	64	214	775479
5644	14632	816	64	214	775489
5670	14632	818	64	214	775499
5689	14632	821	64	214	775509
5701	14632	814	64	214	775519
5709	14632	745	64	214	775559
5693	14632	558	64	214	775569
5677	14632	143	64	214	775589
16
5745	14791	186	62	213	775805
5745	14798	242	62	213	775815
5745	14806	398	62	213	775835
5755	14814	517	62	213	775855
5763	14814	591	62	213.333	775885
5763	14799	654	62	214	775895
5763	14771	683	62	214	775905
5763	14728	710	62	214	775915
5763	14675	730	62	213	775925
5763	14615	746	62	213	775935
5763	14559	757	62	213	775945
5763	14511	754	62	213	775955
5763	14476	749	62	213	775965
5763	14453	724	62	213	775975
5763	14441	548	62	213	776005
5763	14456	3	62	213	776025
41
5749	14872	84	62	214	776233
5743	14878	136	62	214	776243
5743	14891	267	62	214	776263
5743	14900	397	62	214	776283
5743	14907	558	61	216	776333
5751	14907	667	61	216	776353
5766	14907	690	61	216	776363
5779	14907	694	61	216	776373
5798	14892	697	61	216	776383
5821	14877	703	61	216	776393
5850	14861	715	61	216	776403
5882	14841	738	61	216	776413
5922	14822	740	61	216	776423
5967	14803	772	61	216	776433
6016	14787	777	61	216	776443
6067	14771	784	61	216	776453
6113	14753	786	61	216	776463
6152	14736	785	61	216	776473
6180	14721	785	61	216	776483
6200	14710	784	61	216	776493
6211	14710	780	61	216	776503
6211	14702	778	61	216	776513
6218	14702	774	61.0909	215.818	776623
6207	14702	779	62	214	776633
6194	14692	783	62	214	776643
6173	14677	786	62	214	776653
6141	14653	787	62	214	776663
6102	14622	788	62	214	776673
6054	14584	792	62	214	776683
6001	14542	793	62	214	776693
5950	14498	794	62	214	776703
5900	14455	794	62	213	776713
5856	14418	792	62	213	776723
5820	14388	793	62	213	776733
5793	14367	779	62	213	776743
5775	14353	770	62	213	776753
5767	14353	762	63	211	776763
5767	14345	711	63	211	776783
5774	14354	602	63	211	776793
5783	14365	473	63	211	776803
5793	14382	22	63	211	776823
34
6220	14734	215	60	212	777045
6246	14734	269	60	212	777055
6258	14734	364	60	212	777065
6269	14742	449	60	212	777075
6276	14742	493	60	214	777085
6276	14749	532	60	214	777125
6263	14749	568	60	214	777135
6251	14749	583	60	214	777145
6236	14732	597	60	214	777155
6222	14719	608	60	214	777165
6210	14701	615	60	214	777175
6203	14680	619	60	214	777185
6203	14658	621	60	214	777195
6203	14636	625	60	214	777205
6213	14617	643	60	214	777215
6229	14609	644	60	214	777225
6250	14609	693	60	214	777235
6279	14624	686	60	214	777245
6311	14655	700	60	214	777255
6340	14692	709	60	214	777265
6360	14729	726	60	214	777275
6368	14759	727	60	214	777285
6361	14779	732	60	214	777295
6345	14793	734	60	214	777305
6322	14804	734	60	214	777315
6296	14812	734	60	214	777325
6271	14812	728	60	214	777335
6252	14812	727	60	214	777345
6234	14796	712	60	214	777355
6223	14783	699	60	214	777365
6214	14770	658	60	214	777375
6214	14757	596	60	214	777385
6214	14746	470	60	214	777395
6214	14738	134	60	214	777415
21
6386	14744	199	58	211	777581
6392	14736	241	58	211	777591
6392	14727	373	58	211	777601
6401	14727	510	58	211	777621
6409	14719	661	59.3333	213.333	777651
6419	14719	747	60	214	777661
6427	14719	757	60	214	777671
6443	14719	771	60	214	777681
6468	14719	791	60	214	777691
6503	14719	809	60	214	777701
6547	14719	825	60	214	777711
6600	14728	823	60	214	777721
6663	14741	818	60	214	777731
6731	14757	824	60	214	777741
6796	14775	815	60	214	777751
6853	14786	809	59	215	777761
6896	14786	796	59	215	777771
6925	14779	743	59	215	777781
6940	14767	665	59	215	777791
6940	14752	526	58	214	777801
6906	14738	103	58	213.5	777821
24
5440	13272	117	60	206	778605
5426	13272	263	61	207	778635
5418	13272	444	61.3333	208	778665
5411	13272	505	62	210	778675
5411	13280	539	63	211	778685
5401	13280	559	63	211	778705
5395	13280	677	62.8571	211.286	778775
5406	13280	769	62	213	778785
5416	13280	794	62	213	778795
5432	13287	806	62	213	778805
5459	13287	821	62	213	778815
5495	13287	847	62	213	778825
5538	13296	864	62	213	778835
5585	13296	885	62	213	778845
5627	13296	889	62	213	778855
5661	13296	890	62	213	778865
5683	13296	890	62	213	778875
5695	13296	867	62	213.333	778905
5688	13296	821	62	214	778915
5673	13296	787	62	214	778925
5652	13296	728	62	214	778935
5625	13296	643	62	214	778945
5596	13296	450	62	214	778955
5572	13296	36	62	214	778975
19
5681	13560	235	61	216	779237
5688	13570	338	61	216	779257
5699	13570	481	61	216	779277
5707	13570	533	61	216	779287
5707	13563	576	61	216	779297
5707	13548	615	61	218	779307
5707	13524	655	61	218	779317
5707	13485	695	61	218	779327
5715	13434	731	61	218	779337
5723	13369	747	61	216	779347
5731	13297	756	61	216	779357
5740	13228	762	61	216	779367
5748	13171	761	61	216	779377
5748	13128	755	61	216	779387
5748	13103	740	62	214	779397
5748	13089	673	62	213.667	779427
5748	13106	564	62	213	779437
5739	13131	434	62	213	779447
5739	13162	59	62	213	779467
37
5685	13565	52	62	214	779646
5678	13565	406	61	216.6	779745
5692	13556	614	61	218	779755
5704	13547	652	61	218	779765
5722	13537	668	61	218	779775
5747	13525	681	61	218	779785
5779	13510	720	61	218	779795
5820	13492	788	61	218	779805
5868	13471	810	61	218	779815
5922	13453	825	61	218	779825
5974	13437	831	61	218	779835
6022	13425	835	61	218	779845
6060	13414	840	61	218	779855
6086	13406	846	61	218	779865
6102	13398	848	61	218	779875
6110	13398	841	59.4444	217.444	779965
6101	13387	833	59	215	779975
6087	13372	834	59	215	779985
6065	13343	832	59	215	779995
6037	13302	830	59	215	780005
6001	13254	833	59	215	780015
5962	13204	830	59	215	780025
5918	13155	829	60	214	780035
5870	13110	823	60	214	780045
5825	13074	818	60	214	780055
5783	13044	820	60	212	780065
5748	13022	818	60	212	780075
5725	13010	821	60	210	780085
5710	13002	822	61	212	780095
5703	13002	830	62.5	211.25	780135
5715	13002	831	63	209	780145
5721	13002	825	63	209	780155
5728	13010	802	63	209	780165
5737	13010	743	63	209	780175
5745	13020	686	63	209	780185
5753	13020	549	63	209	780195
5761	13034	164	63	209	780215
32
6090	13366	334	60	214	780370
6097	13387	447	59	215	780390
6097	13395	553	59	215	780410
6087	13388	592	59	215	780420
6077	13379	602	59	215	780430
6066	13367	610	59	215	780440
6057	13350	633	59	215	780450
6057	13330	642	59	215	780460
6057	13310	658	59	215	780470
6063	13289	663	59	215	780480
6079	13272	671	59	215	780490
6105	13260	673	59	215	780500
6136	13253	697	59	215	780509
6173	13253	709	59	215	780519
6208	13273	730	59	215	780529
6234	13295	746	59	215	780539
6250	13319	746	59	215	780549
6250	13342	745	59	215	780559
6241	13362	746	59	217	780569
6222	13380	747	59	217	780579
6197	13398	750	59	217	780589
6171	13411	753	59	217	780599
6144	13419	753	59	217	780609
6121	13419	751	59	217	780619
6105	13419	745	59	217	780629
6095	13419	728	59	217	780639
6095	13408	714	59	217	780649
6095	13400	671	59	217	780659
6095	13392	606	59	217	780669
6106	13382	508	59	217	780679
6121	13371	341	59	217	780689
6141	13362	9	59	217	780709
19
6375	13310	269	57	214	780806
6360	13310	306	57	214	780816
6360	13302	435	57	214	780826
6351	13302	642	57	214	780876
6359	13302	744	57	214	780886
6369	13302	756	57	214	780896
6388	13311	761	58	216	780906
6413	13318	777	58	216	780916
6449	13327	786	59	217	780926
6498	13333	795	59	217	780936
6558	13333	809	59	217	780946
6630	13341	823	58	218	780956
6702	13341	823	58	218	780966
6765	13341	822	58	218	780976
6817	13332	810	57	217	780986
6854	13324	793	57	217	780996
6875	13324	718	57	216	781006
6885	13316	552	57	216	781015
6873	13316	130	57	216	781035
17
5269	11767	121	59	208	781778
5254	11757	298	59	208	781788
5244	11748	495	59	207.333	781818
5244	11757	667	59.5	207.5	781838
5250	11757	740	60	208	781848
5260	11766	780	61	209	781858
5275	11766	796	61	209	781868
5296	11766	828	61	209	781878
5325	11766	836	61	209	781888
5355	11775	855	61	209	781898
5389	11775	847	61	209	781908
5421	11787	847	61	209	781918
5450	11787	847	61	209	781928
5474	11797	847	61	209	781938
5490	11797	834	61	209	781948
5500	11797	701	60.25	209.75	781988
5490	11797	192	60	210	782008
18
5588	11961	304	58	210	782166
5595	11976	386	58	210	782176
5603	11976	523	58	210.5	782196
5613	11976	612	58	211	782206
5613	11968	637	59	213	782216
5613	11948	667	59	213	782226
5606	11918	691	60	214	782236
5606	11876	716	60	214	782246
5594	11826	747	60	214	782256
5594	11772	756	60	215	782266
5594	11715	767	61	213	782276
5594	11662	769	62	214	782286
5594	11612	770	62	214	782296
5594	11574	765	62	214	782306
5601	11547	743	62	214	782316
5601	11531	702	62	214	782326
5601	11524	574	62	214	782346
5601	11539	185	62	214	782366
45
5578	11969	88	62	214	782514
5578	11983	104	61	216	782524
5578	11990	185	61	216	782534
5578	11997	235	61	216	782544
5569	12004	274	61	216	782554
5569	12011	309	61	216	782564
5558	12018	383	61	216	782574
5558	12025	445	61	216	782584
5550	12025	513	61	216	782594
5550	12034	655	60	216.25	782634
5558	12034	748	59	215	782654
5571	12034	760	59	215	782664
5584	12027	769	59	215	782674
5603	12021	785	59	215	782684
5626	12012	800	59	215	782694
5656	12001	809	59	215	782704
5694	11991	823	59	215	782714
5736	11980	830	59	215	782724
5787	11968	831	59	215	782734
5842	11955	833	59	215	782744
5898	11944	832	59	215	782754
5952	11933	833	59	215	782764
5997	11921	832	59	215	782774
6033	11909	832	59	215	782784
6058	11899	832	59	215	782794
6073	11892	829	59	215	782804
6079	11892	810	59	215	782834
6072	11892	796	59	215	782844
6063	11883	800	59	215	782854
6048	11874	803	59	215	782864
6025	11851	802	59	215	782874
5994	11816	807	59	215	782884
5955	11766	808	59	215	782894
5910	11707	811	60	214	782904
5863	11645	813	60	214	782914
5814	11583	813	60	214	782924
5767	11529	814	60	214	782934
5725	11485	816	60	214	782944
5687	11454	813	60	212	782954
5659	11433	810	60	212	782964
5641	11421	804	60	212	782974
5633	11421	757	60	212	783003
5643	11421	612	60	210	783013
5655	11437	496	60	210	783023
5671	11454	97	60	210	783043
32
6062	11835	252	60	214	783186
6117	11879	383	60	214	783196
6134	11896	420	59	213	783206
6146	11908	512	59	213	783216
6155	11923	569	58	213	783236
6147	11923	604	58	213	783246
6127	11923	638	58	213	783256
6102	11910	652	58	213	783266
6073	11895	656	57	214	783276
6047	11877	659	58	216	783286
6027	11856	664	58	216	783296
6014	11834	665	59	217	783306
6007	11812	671	59	217	783316
6007	11789	671	59	217	783326
6022	11771	671	59	215	783336
6044	11756	672	59	215	783346
6075	11749	663	59	215	783356
6114	11757	657	59	215	783366
6156	11779	660	59	215	783376
6195	11810	668	59	215	783386
6223	11842	673	59	215	783396
6235	11868	677	59	215	783406
6235	11890	679	59	215	783416
6222	11905	688	59	215	783426
6200	11916	695	59	215	783436
6174	11922	696	59	215	783446
6147	11922	694	59	215	783456
6120	11922	673	59	215	783466
6098	11907	628	59	215	783476
6082	11893	576	59	215	783486
6071	11877	479	59	215	783496
6071	11856	143	59	215	783516
16
6260	11787	325	58	213	783634
6260	11794	466	58	213	783664
6268	11794	647	58	213	783694
6278	11801	740	58	213	783704
6290	11801	752	57	214	783714
6315	11809	759	57	214	783724
6350	11816	763	57	214	783734
6402	11824	771	57	214	783744
6469	11832	773	57	214	783754
6543	11840	778	57	214	783764
6618	11847	784	57	214	783774
6688	11847	779	57	214	783784
6740	11847	764	57	214	783794
6776	11847	703	57	214	783804
6792	11847	538	57	214	783814
6785	11847	100	57	215	783834
19
5104	10158	227	60	212	784734
5097	10141	282	60	212	784744
5089	10134	377	60	212	784754
5089	10127	471	60	211	784774
5089	10118	537	60	210	784784
5081	10118	675	60.6	209.4	784834
5096	10118	750	61	209	784844
5115	10125	777	61	209	784854
5143	10132	789	61	209	784864
5175	10138	820	61	209	784874
5211	10147	823	61	209	784884
5245	10154	837	61	209	784894
5276	10163	835	61	209	784904
5301	10171	831	61	209	784914
5319	10171	816	61	209	784924
5332	10181	794	61	209	784934
5339	10181	643	60	210	784964
5331	10181	366	60	210	784974
5323	10173	5	60	210	784994
18
5358	10414	247	58	211	785142
5358	10423	336	58	213	785152
5365	10423	448	58	213	785172
5376	10423	571	58	213	785192
5384	10413	621	58	211	785202
5384	10395	648	58	211	785212
5384	10365	675	59	213	785222
5384	10321	717	59	213	785232
5384	10267	738	60	214	785242
5384	10208	765	60	214	785252
5384	10147	778	60	214	785262
5384	10091	785	60	212	785272
5384	10042	785	60	212	785282
5374	10006	781	60	212	785292
5374	9984	766	60	212	785302
5374	9972	681	60	210	785332
5374	9982	515	60	210	785342
5374	10003	96	60	210	785362
38
5364	10432	194	58	211	785526
5355	10432	494	58.4444	212	785616
5364	10432	688	60	214	785626
5371	10432	700	60	214	785636
5382	10432	733	60	214	785646
5395	10432	741	60	214	785656
5413	10424	747	60	214	785666
5434	10418	761	59	215	785676
5463	10408	757	59	215	785686
5501	10395	771	59	215	785696
5544	10380	794	59	215	785706
5594	10364	823	59	215	785716
5643	10348	828	59	215	785726
5690	10335	834	59	215	785736
5732	10326	840	59	215	785746
5766	10318	844	59	215	785756
5792	10318	844	59	215	785766
5809	10311	843	59	215	785776
5819	10311	839	59	215	785796
5819	10304	830	59	215	785936
5812	10297	828	59	215	785946
5802	10297	827	59	215	785956
5785	10277	828	59	215	785966
5760	10256	827	60	214	785976
5727	10224	829	60	214	785986
5687	10181	829	60	214	785996
5643	10134	829	60	214	786006
5595	10084	829	60	214	786016
5550	10039	825	60	212	786026
5507	10003	825	60	212	786036
5471	9973	825	60	212	786046
5444	9953	827	60	212	786056
5424	9938	826	60	210	786066
5413	9928	828	60	210	786086
5406	9922	832	60.6667	209.333	786116
5416	9931	818	61	209	786136
5426	9943	739	61	209	786156
5432	9952	281	61	209	786186
31
5836	10330	381	57	216	786370
5854	10350	414	57	218	786380
5854	10357	513	57	218	786390
5865	10357	556	58	220	786400
5865	10365	573	58	220	786420
5850	10365	587	58	220	786430
5835	10355	591	58	218	786440
5816	10343	603	58	218	786450
5796	10330	602	58	218	786460
5782	10314	618	59	217	786470
5772	10290	632	59	217	786480
5772	10270	645	59	217	786490
5772	10244	646	59	217	786500
5779	10221	658	59	215	786510
5795	10204	667	59	215	786520
5820	10192	667	59	215	786530
5850	10192	675	59	215	786540
5887	10201	688	59	215	786550
5923	10222	725	59	215	786560
5950	10248	716	59	215	786570
5965	10278	723	59	215	786580
5965	10304	717	59	215	786590
5955	10326	712	59	215	786600
5938	10344	712	59	215	786610
5914	10352	706	59	215	786620
5890	10352	698	59	215	786630
5866	10352	684	59	215	786640
5847	10345	656	59	215	786650
5832	10333	613	59	215	786660
5822	10320	494	59	215	786670
5822	10307	159	59	215	786690
18
6001	10305	336	57	216	786826
6001	10298	396	56	217	786836
6001	10284	572	56	217	786856
6001	10272	693	57	216	786866
6009	10272	747	57	216	786876
6009	10264	791	57	216	786886
6019	10264	798	57	216	786896
6034	10264	843	57	214	786906
6059	10271	857	57	214	786916
6095	10277	858	57	214	786926
6145	10284	877	57	214	786936
6206	10293	879	57	214	786946
6275	10301	880	57	214	786956
6347	10301	868	57	214	786966
6413	10307	855	57	214	786976
6468	10307	815	57	214	786986
6507	10299	671	57	214	786996
6527	10299	62	57	214	787016
18
5261	8407	181	59	199	787810
5251	8397	347	59	199	787820
5251	8388	485	59	201	787840
5259	8388	624	60	202	787860
5271	8388	661	60	203	787870
5281	8388	688	61	204	787880
5297	8396	724	61	204	787890
5316	8396	741	62	205	787900
5339	8405	772	61	207	787910
5361	8412	783	61	207	787920
5383	8412	814	61	207	787930
5401	8420	813	61	209	787940
5418	8420	815	61	209	787950
5431	8420	811	62	210	787960
5441	8420	793	62	211.5	787980
5448	8420	753	62	213	787990
5448	8427	648	62	213	788020
5441	8427	238	61.6667	212.667	788050
15
5554	8658	267	56	203	788234
5542	8667	318	56	203	788244
5535	8676	560	56.8333	206.833	788304
5541	8663	705	58	209	788314
5541	8646	728	58	210	788324
5541	8618	747	58	210	788334
5541	8577	753	58	210	788344
5541	8522	754	58	210	788354
5541	8459	757	58	210	788364
5550	8394	751	58	210	788374
5550	8333	740	58	210	788384
5557	8288	715	58	210	788394
5557	8260	681	58	210	788404
5557	8248	540	58.6667	210.667	788434
5557	8267	56	59	211	788454
34
5535	8669	113	57	208	788662
5535	8688	322	57.5	208.5	788682
5535	8698	620	58	210.222	788772
5541	8698	750	58	211	788792
5556	8689	755	59	213	788802
5575	8677	753	59	213	788812
5600	8657	750	60	214	788822
5636	8632	753	60	214	788832
5676	8605	761	60	214	788842
5720	8578	767	60	214	788852
5769	8553	772	60	214	788862
5820	8529	783	60	214	788872
5869	8506	786	60	214	788882
5913	8487	791	60	214	788892
5949	8472	799	60	214	788902
5971	8460	802	59	213	788912
5985	8454	799	59	213	788922
5991	8454	793	58	211	788972
5984	8454	792	58	211	788992
5977	8446	792	58	211	789002
5966	8429	793	58	211	789012
5947	8403	793	58	211	789022
5916	8366	794	58	211	789032
5874	8323	794	58	211	789042
5825	8283	797	58	211	789052
5772	8244	796	59	213	789062
5719	8209	795	59	211	789072
5670	8178	790	60	212	789082
5628	8153	788	60	212	789092
5595	8134	771	60	212	789102
5571	8124	743	60	212	789112
5556	8124	696	60	210	789122
5550	8117	572	60	210	789142
5550	8127	131	60	210	789162
33
6041	8470	200	58	211	789394
6047	8453	314	58	211	789404
6047	8446	406	58	211	789424
6035	8446	494	58	210	789434
6021	8439	513	58	210	789444
6002	8439	530	58	210	789454
5983	8439	537	58	210	789464
5965	8424	542	58	211	789474
5952	8409	565	58	211	789484
5952	8390	606	58	211	789494
5952	8369	646	58	211	789504
5952	8350	669	58	211	789514
5969	8332	695	58	211	789524
5990	8320	735	58	211	789534
6018	8320	765	58	211	789544
6052	8320	763	58	211	789554
6089	8335	786	58	213	789564
6121	8360	775	58	213	789574
6150	8392	777	58	213	789584
6165	8427	766	58	213	789594
6165	8459	756	58	213	789604
6165	8488	757	58	213	789614
6140	8513	745	58	213	789624
6114	8532	741	58	213	789634
6085	8542	740	58	213	789644
6058	8542	734	58	213	789654
6036	8542	732	57	214	789664
6020	8531	734	57	214	789674
6010	8516	726	57	214	789684
6010	8500	705	57	214	789694
6010	8485	674	57	214	789704
6010	8476	537	57	214	789724
6028	8476	29	57	214	789744
19
6199	8458	221	56	211	789882
6207	8436	280	56	211	789892
6207	8425	372	56	211	789902
6216	8416	515	56	211	789922
6216	8408	643	56	211.5	789942
6226	8408	696	56	212	789952
6240	8408	721	56	212	789962
6261	8417	749	56	212	789972
6294	8424	770	56	212	789982
6337	8431	802	56	213	789992
6386	8431	836	56	213	790002
6441	8439	840	57	214	790012
6499	8439	845	57	214	790022
6552	8446	840	57	214	790032
6599	8446	837	56	215	790042
6632	8454	793	56	215	790052
6656	8454	740	55	214	790062
6673	8443	607	55	214	790072
6681	8428	207	55	214	790092
23
5145	6897	209	60	210	790894
5119	6897	265	60	210	790904
5110	6904	362	60	210	790914
5103	6904	450	61	212	790934
5095	6904	549	62	213	790964
5087	6904	688	62	213	790994
5100	6904	756	62	213	791004
5113	6904	777	62	213	791014
5131	6912	794	62	213	791024
5160	6918	815	62	213	791034
5196	6925	820	62	213	791044
5239	6932	827	62	213	791054
5286	6942	838	62	213	791064
5328	6942	853	62	213	791074
5368	6952	855	62	213	791084
5397	6952	856	62	214	791094
5417	6952	850	62	214	791104
5430	6952	809	62	214	791134
5424	6959	745	62	214	791144
5411	6959	672	62	214	791154
5391	6959	555	62	214	791164
5370	6959	376	62	214	791174
5352	6959	9	62	214	791194
18
5427	7132	296	58	213	791378
5427	7147	352	58	213	791388
5427	7153	445	58	213	791398
5435	7160	543	58	213.5	791418
5435	7168	622	58.5	215.5	791438
5442	7168	669	59	217	791458
5442	7153	702	59	217	791468
5442	7134	720	59	215	791478
5442	7103	747	59	215	791488
5449	7057	773	59	215	791498
5449	7001	790	60	216	791508
5449	6940	804	60	216	791518
5459	6878	805	61	218	791528
5459	6826	802	61	218	791538
5470	6790	791	61	216	791548
5470	6767	758	61	216	791558
5476	6757	577	61	216	791588
5476	6768	4	61.5	215	791608
37
5443	7220	19	57	216	791818
5430	7220	202	57	216	791838
5430	7227	376	57	216.5	791858
5430	7237	483	57	217	791868
5439	7237	543	58	218	791878
5439	7245	623	58	218	791898
5447	7245	687	58	218	791918
5460	7245	706	59	217	791928
5471	7233	731	59	217	791938
5484	7223	760	59	217	791948
5505	7210	770	59	217	791958
5533	7195	787	59	218	791968
5568	7176	825	59	218	791978
5613	7154	845	59	218	791988
5666	7132	852	59	218	791998
5724	7108	859	59	218	792008
5780	7088	868	59	217	792018
5831	7069	875	59	217	792028
5871	7052	877	59	217	792038
5895	7040	883	59	217	792048
5910	7031	883	59	217	792058
5917	7031	877	59	217	792148
5909	7031	869	59	217	792158
5899	7015	871	59	217	792168
5881	6992	870	59	217	792178
5852	6959	866	59	217	792188
5816	6919	858	59	217	792198
5771	6876	852	59	217	792208
5718	6838	848	59	217	792218
5663	6803	833	59	215	792228
5604	6771	811	59	215	792238
5550	6742	793	59	215	792248
5505	6718	779	60	216	792258
5472	6699	754	60	215	792268
5449	6685	718	61	216	792278
5437	6675	644	61	216	792298
5437	6669	249	61.6667	214.667	792328
32
6019	7087	228	59	217	792530
6019	7093	380	59	217	792540
6007	7093	431	59	217	792550
5999	7093	505	58	218	792560
5991	7084	538	58	218	792570
5978	7078	568	58	218	792580
5960	7067	608	58	218	792590
5938	7053	623	58	218	792600
5917	7036	651	58	218	792610
5896	7015	667	58	218	792620
5881	6990	678	59	217	792630
5875	6964	680	59	217	792640
5875	6933	688	59	217	792650
5882	6906	698	59	217	792660
5899	6883	703	59	217	792670
5926	6872	710	59	217	792680
5965	6872	702	59	217	792690
6009	6893	714	59	217	792700
6054	6926	709	59	217	792710
6090	6970	713	59	217	792720
6112	7015	717	59	217	792730
6112	7054	716	59	217	792740
6105	7085	715	59	217	792750
6085	7106	712	59	217	792760
6057	7115	710	59	217	792770
6025	7115	705	59	217	792780
5994	7108	689	59	217	792790
5966	7092	664	59	217	792800
5942	7070	629	59	217	792810
5927	7050	543	59	217	792820
5920	7030	467	59	217	792830
5920	7011	70	59	217	792850
16
6139	7034	258	57	216	792986
6139	7015	331	57	216	792996
6139	7008	436	57	216	793006
6133	7008	629	57	216	793036
6140	7008	715	57	216	793046
6159	7008	760	57	216	793056
6189	7022	796	57	216	793066
6233	7034	824	57	216	793076
6291	7048	847	57	216	793086
6358	7064	865	57	216	793096
6435	7082	866	57	216	793106
6511	7095	862	57	216	793116
6584	7107	846	57	216	793126
6647	7107	808	57	216	793136
6696	7107	720	57	216	793146
6733	7098	252	57	216	793166
23
5097	5363	75	62	213	793970
5071	5345	134	62	213	793980
5061	5345	210	62	214	793990
5052	5337	294	62	214	794000
5042	5337	374	62	214	794010
5034	5337	440	62	213	794020
5025	5329	529	63	214	794040
5018	5329	607	64	215	794050
5018	5322	687	64	215	794080
5032	5322	745	64	215	794090
5044	5331	786	64	215	794100
5067	5338	818	64	215	794110
5098	5338	846	64	215	794120
5135	5349	860	64	215	794130
5182	5356	860	64	215	794140
5228	5356	861	64	215	794150
5270	5363	863	64	215	794160
5305	5363	862	64	215	794170
5329	5363	862	64	215	794180
5345	5363	855	64	215	794190
5354	5363	785	64	215	794220
5347	5363	643	64	215	794230
5337	5363	215	64	215	794250
3
5428	5557	67	59	211	794534
5428	5565	96	59.6667	211.667	794564
5428	5556	24	60	212	794584
19
5435	5639	265	60	212	794762
5429	5660	307	60	212	794772
5429	5670	383	60	212	794782
5429	5679	464	60	213	794802
5429	5686	528	60	214.5	794822
5429	5668	565	60	215	794832
5429	5643	597	61	216	794842
5420	5606	628	61	216	794852
5420	5556	671	61	216	794862
5420	5498	713	61	216	794872
5420	5432	741	61	216	794882
5420	5363	753	61	216	794892
5420	5296	753	62	217	794902
5429	5235	753	62	217	794912
5429	5188	746	63	219	794922
5429	5153	709	63	219	794932
5429	5133	553	63	217	794962
5429	5151	314	63	217	794972
5429	5180	0	63	217	794992
36
5420	5632	41	60	214	795170
5412	5643	143	60	214	795180
5412	5651	417	60	214.2	795230
5419	5651	612	60.5	215.5	795250
5426	5651	658	61	218	795260
5426	5644	674	61	218	795270
5439	5637	683	61	218	795280
5451	5623	699	61	218	795290
5469	5606	720	61	218	795300
5494	5580	741	61	218	795310
5527	5551	772	61	218	795320
5568	5519	793	61	218	795330
5616	5488	820	61	218	795340
5670	5458	836	61	218	795350
5721	5427	845	61	218	795360
5767	5400	862	61	218	795370
5803	5380	871	61	218	795380
5825	5366	873	61	216	795390
5836	5358	862	61.3333	215.333	795480
5830	5358	857	62	214	795500
5820	5346	860	62	214	795510
5809	5335	859	62	214	795520
5790	5317	859	62	214	795530
5766	5294	859	62	214	795540
5733	5264	860	62	214	795550
5696	5234	857	62	214	795560
5655	5203	855	62	214	795570
5610	5172	854	62	214	795580
5567	5144	852	62	214	795590
5529	5121	846	62	213	795600
5498	5100	843	62	213	795610
5475	5084	825	62	213	795620
5460	5073	795	62	213	795630
5452	5065	666	63.2	213.4	795680
5452	5074	406	64	214	795690
5452	5085	25	64	214	795710
33
5830	5396	275	59	215	795862
5851	5404	440	59	217	795872
5862	5404	493	59	218	795882
5872	5404	597	59	218	795892
5880	5404	626	60	219.667	795922
5864	5396	658	60	219	795932
5846	5384	685	60	219	795942
5829	5372	687	60	219	795952
5817	5358	709	60	219	795962
5809	5341	741	61	218	795972
5809	5330	771	61	218	795982
5809	5316	781	61	218	795992
5825	5302	786	61	218	796002
5844	5294	791	61	218	796012
5870	5287	794	61	216	796022
5906	5287	784	61	216	796032
5942	5314	785	61	216	796042
5975	5347	786	61	216	796052
6002	5385	780	61	216	796062
6014	5422	780	61	216	796072
6014	5451	780	61	216	796082
5995	5473	777	61	216	796092
5972	5487	784	61	216	796102
5945	5487	783	61	218	796112
5919	5487	786	61	218	796122
5895	5487	784	61	218	796132
5874	5473	785	61	218	796142
5860	5460	771	61	218	796152
5851	5450	746	61	218	796162
5851	5443	712	61	218	796172
5851	5433	628	61	218	796182
5860	5421	486	61	218	796192
5872	5411	144	61	218	796212
23
6036	5395	287	58	220	796358
6036	5380	353	58	220	796368
6044	5372	510	58	220	796388
6053	5365	642	58	219	796408
6060	5365	740	58	218	796428
6075	5365	802	58	218	796438
6094	5365	819	59	217	796448
6123	5372	854	59	217	796458
6162	5372	875	59	217	796468
6207	5372	896	59	217	796478
6256	5381	904	59	217	796488
6305	5381	923	59	217	796498
6352	5381	927	59	217	796508
6393	5381	933	59	217	796518
6431	5381	934	59	217	796528
6461	5381	945	59	217	796538
6485	5381	945	59	217	796548
6510	5381	940	59	217	796558
6533	5381	935	59	217	796568
6554	5381	920	59	217	796578
6570	5381	881	59	217	796588
6577	5381	714	58.5	217.5	796608
6551	5381	170	58	218	796628
