55
16
3062	10473	55	58	188	1740017
3078	10473	357	58	190.333	1740047
3078	10454	494	58	191	1740057
3070	10432	525	58	191	1740067
3058	10394	544	58	191	1740077
3041	10339	567	58	191	1740087
3018	10273	586	58	192	1740097
2995	10198	594	58	193	1740107
2970	10128	605	59	194	1740117
2946	10064	611	59	192	1740127
2925	10006	612	59	192	1740137
2908	9960	611	59	192	1740147
2893	9923	606	60	190	1740157
2882	9896	579	60	190	1740167
2876	9883	443	60	189.5	1740187
2876	9900	14	60	189	1740207
17
3076	10474	383	58	191	1740325
3084	10508	418	58	191	1740335
3096	10514	515	58	191	1740345
3104	10514	605	57	193	1740365
3111	10514	625	57	193	1740375
3111	10508	629	57	194	1740385
3111	10492	637	57	194	1740395
3122	10463	649	58	195	1740405
3134	10416	670	58	195	1740415
3149	10360	695	59	195	1740425
3166	10291	710	59	195	1740435
3186	10220	712	59	195	1740445
3204	10155	710	59	195	1740455
3215	10095	696	59	195	1740465
3215	10047	642	59	194	1740475
3215	10009	486	59	194	1740485
3200	9983	17	59	193	1740505
9
3013	10168	480	58	190	1740593
2999	10175	582	58	190	1740603
3015	10175	679	58	190	1740613
3040	10175	729	58	190	1740623
3070	10175	772	58	190	1740633
3097	10183	739	58	191	1740643
3120	10190	683	58	191	1740653
3136	10198	519	58	191	1740663
3149	10209	0	58	191	1740683
66
2873	9138	248	60	187	1741357
2880	9150	308	60	187	1741367
2880	9161	408	60	187	1741377
2891	9161	472	60	187	1741397
2897	9161	491	60	187	1741407
2897	9154	504	60	187	1741417
2897	9136	529	60	187	1741427
2897	9109	548	60	187	1741437
2897	9071	567	60	187	1741447
2897	9027	595	60	185	1741457
2897	8977	604	60	185	1741467
2897	8923	619	60	185	1741477
2905	8878	625	60	185	1741487
2905	8837	623	60	183	1741497
2905	8802	620	60	183	1741507
2905	8780	602	60	183	1741517
2897	8767	562	60	182.5	1741537
2888	8776	518	60	182	1741547
2881	8802	484	60	182	1741557
2881	8839	464	60	182	1741567
2870	8887	458	60	182	1741577
2870	8938	461	60	182	1741587
2870	8990	461	60	182	1741597
2870	9041	464	60	182	1741607
2881	9088	484	60	182	1741617
2895	9132	495	60	182	1741627
2913	9168	530	60	182	1741637
2935	9197	573	60	182	1741647
2958	9219	600	60	182	1741657
2981	9233	640	60	183	1741667
3001	9233	659	60	183	1741677
3020	9226	659	60	183	1741687
3032	9202	662	60	185	1741697
3042	9167	663	60	185	1741707
3042	9125	668	60	185	1741717
3042	9083	668	60	187	1741727
3031	9048	666	60	187	1741737
3018	9020	667	60	187	1741747
3002	8998	667	60	187	1741757
2986	8985	666	60	187	1741767
2972	8978	664	60	187	1741777
2961	8978	664	60	185	1741787
2954	8978	664	60	185	1741807
2954	8989	664	60	185	1741817
2964	8989	660	60	183	1741827
2985	8989	658	60	183	1741837
3012	8989	664	60	183	1741847
3042	8977	682	60	183	1741857
3070	8956	696	60	183	1741867
3090	8923	704	60	182	1741877
3104	8890	713	60	182	1741887
3104	8854	712	60	182	1741897
3104	8819	716	60	182	1741907
3086	8792	715	60	182	1741917
3068	8771	716	60	182	1741927
3046	8758	715	60	182	1741937
3024	8758	717	60	182	1741947
3003	8758	715	60	182	1741957
2985	8758	704	60	180	1741967
2970	8758	694	60	180	1741977
2960	8765	667	60	180	1741987
2954	8773	641	60	180	1741997
2954	8786	588	60	180	1742007
2954	8799	493	60	180	1742017
2954	8815	316	60	180	1742027
2954	8829	27	60	180	1742047
72
3494	10237	123	57	196	1743281
3494	10228	245	57	196	1743301
3494	10222	388	57	194	1743321
3494	10213	449	57	194	1743341
3494	10206	632	58.8	195	1743441
3494	10199	749	59	195	1743451
3502	10199	758	59	195	1743471
3513	10199	761	59	195	1743481
3522	10199	762	59	195	1743491
3532	10199	761	59	195	1743501
3545	10199	768	59	195	1743511
3560	10199	776	59	195	1743521
3578	10199	781	59	195	1743531
3598	10199	809	59	195	1743541
3616	10199	834	59	195	1743551
3637	10199	840	59	195	1743561
3660	10199	851	59	195	1743571
3685	10199	873	59	195	1743581
3715	10199	884	59	195	1743591
3748	10199	891	59	195	1743601
3781	10199	907	59	195	1743611
3819	10199	924	59	195	1743621
3857	10209	940	59	195	1743631
3897	10209	942	59	195	1743641
3937	10217	959	59	195	1743651
3980	10224	978	59	195	1743661
4025	10232	980	59	195	1743671
4075	10243	989	59	197	1743681
4130	10258	995	59	197	1743691
4191	10273	1009	59	197	1743701
4256	10284	1023	59	197	1743711
4320	10290	1023	59	197	1743721
4379	10290	1023	59	197	1743731
4434	10297	1023	59	197	1743741
4485	10297	1023	59	197	1743751
4530	10297	1023	59	197	1743761
4572	10297	1023	59	199	1743771
4605	10297	1023	59	199	1743781
4632	10297	1023	59	199	1743791
4660	10297	1023	59	199	1743801
4686	10297	1023	58	198	1743811
4714	10297	1023	58	198	1743821
4741	10297	1023	57	197	1743831
4761	10297	1023	57	197	1743841
4777	10297	1023	57	197	1743851
4789	10297	1023	57	197	1743861
4797	10297	1023	57	197	1743871
4805	10297	1023	57	197	1743881
4813	10297	1023	56	197	1743891
4820	10297	1023	56	197	1743901
4831	10297	1023	55	196	1743911
4847	10297	1023	55	196	1743921
4865	10297	1023	55	196	1743931
4886	10297	1023	55	196	1743941
4910	10297	1023	55	196	1743951
4932	10297	1023	55	196	1743961
4952	10297	1023	55	196	1743971
4978	10297	1023	55	196	1743981
4999	10297	1023	55	196	1743991
5021	10297	1023	55	196	1744001
5041	10304	1023	55	196	1744011
5055	10304	1023	55	196	1744021
5070	10304	1023	55	196	1744031
5080	10304	1023	55	196	1744041
5089	10304	1023	55	196	1744051
5098	10304	1023	55	196	1744071
5113	10304	1023	55	196	1744081
5123	10304	1023	55	196	1744091
5133	10304	1023	55	196	1744101
5143	10304	1023	55	196	1744121
5151	10304	965	55	197	1744181
5130	10298	244	55	197	1744201
21
5199	10486	56	59	204	1764725
5199	10498	139	60	205	1764745
5199	10506	285	59.5	206	1764785
5199	10513	373	59	207	1764805
5190	10513	511	59	207.833	1764865
5190	10503	605	59	208	1764875
5190	10482	620	59	208	1764885
5190	10441	641	59	208	1764895
5190	10378	653	59	208	1764905
5190	10296	653	59	208	1764915
5190	10199	663	59	207	1764925
5201	10094	671	59	207	1764935
5207	9991	671	59	207	1764945
5207	9895	672	60	205	1764955
5216	9812	672	60	205	1764965
5216	9748	670	60	205	1764975
5216	9704	665	61	204	1764985
5216	9676	658	61	204	1764995
5216	9661	615	62	204	1765025
5216	9689	449	62	202	1765035
5216	9728	52	62	200.5	1765055
68
5235	10494	30	58	205	1765281
5229	10501	333	59	205.5	1765361
5229	10508	602	59	208	1765391
5229	10514	722	59	208	1765451
5237	10514	786	59	208	1765461
5246	10514	787	59	208	1765471
5259	10514	806	60	209	1765481
5274	10514	813	60	209	1765491
5294	10514	818	60	210	1765501
5316	10514	839	60	210	1765511
5343	10514	854	60	209	1765521
5374	10514	870	60	209	1765531
5409	10514	880	59	208	1765541
5445	10521	895	58	210	1765551
5485	10521	901	58	210	1765561
5523	10530	903	58	210	1765571
5565	10530	905	58	210	1765581
5607	10539	911	58	210	1765591
5646	10539	907	58	210	1765601
5685	10539	912	58	210	1765611
5719	10531	913	58	210	1765621
5746	10523	913	58	210	1765631
5768	10513	911	58	210	1765641
5784	10500	911	58	210	1765651
5796	10489	911	58	210	1765661
5807	10478	910	58	210	1765671
5820	10467	911	58	210	1765681
5834	10454	913	58	210	1765691
5848	10444	913	58	210	1765701
5865	10430	914	58	210	1765711
5887	10413	917	58	210	1765721
5908	10397	932	58	210	1765731
5928	10381	934	58	210	1765741
5953	10366	933	58	210	1765751
5973	10351	936	58	209	1765761
5995	10335	936	58	207	1765771
6017	10318	935	57	206	1765781
6031	10303	935	57	206	1765791
6044	10290	935	57	206	1765801
6054	10279	936	57	206	1765811
6064	10267	933	57	206	1765821
6075	10252	932	58	205	1765831
6087	10235	927	58	205	1765841
6098	10216	924	58	205	1765851
6108	10189	918	58	205	1765861
6117	10164	917	58	205	1765871
6117	10138	915	58	203	1765881
6117	10109	910	58	203	1765891
6117	10083	904	58	203	1765901
6091	10051	892	58	203	1765911
6060	10015	876	58	202	1765921
6020	9980	868	58	202	1765931
5971	9946	855	58	202	1765941
5917	9915	829	58	200	1765951
5860	9890	813	58	200	1765961
5798	9866	800	58	200	1765971
5736	9846	783	59	199	1765981
5675	9832	769	59	199	1765991
5614	9819	757	59	199	1766001
5557	9809	746	59	197	1766011
5505	9802	741	59	197	1766021
5460	9794	739	59	197	1766031
5423	9794	740	60	196	1766041
5393	9785	739	60	196	1766051
5368	9785	739	61	197	1766061
5349	9785	703	61	195	1766071
5336	9785	631	61	195	1766081
5326	9778	185	61	195	1766101
75
3330	9079	42	64	190	1768190
3324	9071	97	65	191	1768200
3324	9064	240	65.5	189	1768220
3324	9055	374	66	189	1768240
3324	9043	453	66	189	1768250
3333	9043	514	66	189	1768260
3333	9034	580	66	189	1768280
3342	9034	726	66	189	1768360
3348	9034	817	67.8824	191.412	1768529
3355	9034	860	67.7143	192.857	1768739
3362	9034	881	67	195	1768759
3373	9034	876	67	195	1768769
3381	9034	878	67	195	1768779
3390	9034	877	67	195	1768789
3401	9034	877	67	195	1768799
3411	9034	878	67	195	1768809
3422	9034	879	67	195	1768819
3435	9034	879	67	195	1768829
3449	9034	878	67	195	1768839
3465	9034	882	67	195	1768849
3481	9034	881	67	195	1768859
3501	9034	880	67	195	1768869
3521	9034	880	67	195	1768879
3541	9034	884	67	195	1768889
3565	9034	892	66	194	1768899
3590	9034	894	66	194	1768909
3614	9034	906	66	194	1768919
3638	9034	910	67	195	1768929
3660	9034	915	67	195	1768939
3681	9034	919	67	195	1768949
3703	9034	927	67	195	1768959
3721	9034	933	67	195	1768969
3737	9034	938	67	195	1768979
3751	9028	942	67	195	1768989
3763	9028	945	67	197	1768999
3773	9028	948	67	197	1769009
3781	9028	954	67	197	1769019
3789	9028	958	67	197	1769029
3798	9028	958	67	197	1769039
3810	9028	958	67	197	1769049
3823	9028	964	67	197	1769059
3836	9034	971	67	197	1769069
3847	9034	971	67	197	1769079
3859	9034	977	67	197	1769089
3869	9034	984	67	197	1769099
3880	9034	982	67	197	1769109
3894	9042	983	67	199	1769119
3907	9042	987	67	199	1769129
3919	9042	994	67	199	1769139
3930	9042	1000	67	199	1769149
3940	9042	1003	67	199	1769159
3947	9042	1009	67	199	1769169
3956	9042	1008	67	199	1769179
3965	9042	1009	67	199	1769189
3973	9042	1011	67	199	1769199
3979	9035	1014	67	199	1769219
3990	9035	1020	67	199	1769239
4004	9035	1023	67	199	1769249
4014	9035	1023	67	199	1769259
4025	9035	1023	67	199	1769269
4037	9035	1023	67	199	1769279
4050	9035	1023	67	199	1769289
4062	9035	1023	67	199	1769299
4075	9035	1023	67	199	1769309
4091	9035	1023	67	199	1769319
4109	9035	1023	67	199	1769329
4125	9035	1023	67	199	1769339
4145	9035	1023	66	200	1769349
4164	9035	1023	66	200	1769359
4181	9035	1023	65	200	1769369
4196	9035	1023	65	200	1769379
4205	9035	1023	65	200	1769399
4212	9035	1008	65	200	1769649
4198	9035	599	65	200	1769659
4183	9043	71	65	200	1769679
17
4232	9237	91	63	198	1770032
4232	9244	513	63.7692	198.769	1770162
4241	9244	742	65	200	1770172
4241	9230	750	65	200	1770182
4248	9207	756	65	200	1770192
4255	9170	768	65	200	1770202
4262	9120	772	65	200	1770212
4270	9059	779	65	200	1770222
4277	8998	792	65	198	1770232
4277	8937	797	64	197	1770242
4287	8884	801	64	197	1770252
4287	8848	801	63	196	1770262
4287	8822	800	63	196	1770272
4287	8810	769	63	194	1770322
4279	8810	690	63	192	1770332
4279	8830	600	63	192	1770342
4279	8850	195	63	192	1770362
37
4238	9264	167	62	202	1770600
4231	9257	483	62.8333	200.333	1770660
4231	9251	740	63.5	200	1770700
4241	9251	864	65	200	1770720
4249	9243	912	65	200	1770730
4258	9243	914	65	200	1770740
4275	9243	920	65	200	1770750
4299	9243	921	65	200	1770760
4330	9236	934	65	200	1770770
4365	9228	941	65	200	1770780
4402	9219	946	65	200	1770790
4444	9206	954	64	202	1770800
4492	9194	956	64	202	1770810
4543	9183	962	64	202	1770820
4592	9171	972	64	202	1770830
4632	9161	988	64	202	1770840
4664	9149	995	64	202	1770850
4686	9141	993	64	201	1770860
4703	9133	998	64	201	1770870
4717	9127	1000	63	200	1770880
4725	9127	996	61.9	200.4	1770980
4725	9119	977	60	200	1770990
4710	9109	978	61	198	1771000
4692	9091	969	61	198	1771010
4664	9065	959	61	198	1771020
4623	9032	956	61	198	1771030
4576	8998	949	61	198	1771040
4530	8967	946	61	198	1771050
4484	8936	939	62	199	1771060
4444	8910	939	62	197	1771070
4411	8889	935	63	198	1771080
4387	8873	934	63	198	1771090
4367	8862	934	63	198	1771100
4355	8854	932	63	196	1771110
4349	8854	911	63	196	1771130
4349	8848	782	63.5	195	1771170
4349	8860	182	65	195	1771189
35
4715	9202	168	59	201	1771354
4715	9222	319	58	200	1771364
4723	9222	375	58	200	1771374
4723	9229	473	59	201	1771384
4730	9229	549	59.6667	203	1771414
4718	9223	581	60	203	1771424
4710	9215	614	60	203	1771434
4698	9206	636	60	203	1771444
4687	9192	660	60	203	1771454
4676	9174	662	60	202	1771464
4669	9158	672	60	202	1771474
4669	9139	675	60	202	1771484
4677	9119	682	60	202	1771494
4689	9102	697	60	202	1771504
4710	9085	697	60	202	1771514
4735	9075	706	60	202	1771524
4765	9075	716	60	202	1771534
4798	9088	715	60	200	1771544
4827	9106	722	60	200	1771554
4847	9127	720	60	200	1771564
4858	9145	718	60	200	1771574
4858	9161	724	60	200	1771584
4845	9175	727	60	200	1771594
4827	9187	733	60	200	1771604
4805	9198	741	60	200	1771614
4784	9206	742	60	200	1771624
4764	9206	753	60	200	1771634
4748	9206	755	60	200	1771644
4737	9206	757	60	200	1771654
4727	9206	757	60	200	1771664
4727	9198	757	60	200	1771674
4720	9198	698	60	202	1771724
4728	9198	519	60	202	1771734
4737	9190	362	60	202	1771744
4747	9190	52	60	202	1771764
57
4856	9176	126	58	200	1771878
4862	9156	244	58	200	1771898
4862	9146	545	58	200	1771968
4869	9146	710	58	200	1771988
4880	9146	731	58	200	1771998
4890	9146	747	58	200	1772008
4901	9146	772	58	200	1772018
4915	9146	776	58	200	1772028
4931	9146	779	58	200	1772038
4949	9146	792	58	200	1772048
4967	9146	798	58	200	1772058
4984	9146	813	58	200	1772068
4998	9146	823	58	200	1772078
5008	9146	831	58	200	1772088
5014	9146	835	58	200	1772198
5004	9159	813	58	200	1772208
5004	9176	803	58	200	1772218
4990	9203	793	58	200	1772228
4980	9238	769	58	200	1772238
4969	9283	763	58	200	1772248
4956	9334	757	58	200	1772258
4945	9390	757	58	200	1772268
4936	9447	756	58	200	1772278
4930	9497	758	58	202	1772288
4930	9542	759	58	202	1772298
4921	9583	763	58	202	1772308
4921	9618	763	58	203	1772318
4912	9652	765	58	203	1772328
4905	9680	768	58	203	1772338
4905	9702	765	58	203	1772348
4893	9720	769	58	205	1772358
4893	9735	772	58	205	1772368
4884	9746	772	58	205	1772378
4884	9753	773	57	206	1772398
4877	9753	776	57	206	1772408
4877	9760	832	57	206	1772548
4886	9760	927	57	206	1772558
4896	9768	925	57	206	1772568
4911	9768	932	57	206	1772578
4930	9776	939	57	206	1772588
4955	9783	942	57	206	1772598
4983	9792	955	57	206	1772608
5016	9803	956	57	206	1772618
5058	9816	959	57	206	1772628
5103	9827	968	57	206	1772638
5150	9836	981	57	206	1772648
5190	9843	996	57	206	1772658
5226	9843	1000	57	206	1772668
5253	9843	1015	57	206	1772678
5273	9843	1014	57	206	1772687
5291	9843	1015	57	206	1772697
5301	9843	1015	57	206	1772707
5308	9843	999	57	207.6	1772757
5291	9843	926	57	208	1772767
5273	9843	823	57	208	1772777
5246	9837	608	57	208	1772787
5211	9830	13	56.5	207	1772807
121
6166	10054	2	57	193	1776642
6174	10047	72	57	193	1776662
6181	10047	115	57	193	1776672
6181	10039	138	57	193	1776712
6188	10046	198	57.6667	193	1776742
6188	10053	657	59	194.522	1777202
6196	10053	827	59	195	1777222
6204	10053	844	59	195	1777262
6212	10053	850	59	195	1777272
6219	10053	841	59	195	1777282
6229	10060	848	59	195	1777292
6241	10060	850	59	195	1777302
6255	10060	851	59	195	1777312
6271	10069	851	59	195	1777322
6289	10069	860	59	195	1777332
6311	10069	869	59	195	1777342
6333	10078	868	59	195	1777352
6356	10078	884	59	195	1777362
6376	10078	899	59	195	1777372
6396	10078	907	59	195	1777382
6415	10078	917	59	195	1777392
6435	10078	916	59	195	1777402
6459	10072	921	59	195	1777412
6487	10072	924	59	195	1777422
6517	10072	932	59	195	1777432
6547	10072	939	59	195	1777442
6576	10072	941	59	195	1777452
6609	10065	942	59	195	1777462
6641	10065	955	59	195	1777472
6675	10065	954	59	195	1777482
6712	10065	949	59	195	1777492
6748	10065	949	59	195	1777502
6785	10065	951	59	195	1777512
6823	10065	949	59	195	1777522
6857	10065	948	59	195	1777532
6887	10065	949	59	195	1777542
6916	10075	949	59	195	1777552
6945	10075	944	59	195	1777562
6972	10075	946	59	195	1777572
6995	10075	944	59	197	1777582
7021	10075	938	59	197	1777592
7044	10075	945	59	197	1777602
7064	10075	943	59	197	1777612
7083	10081	944	59	197	1777622
7099	10081	942	59	197	1777632
7115	10081	943	59	197	1777642
7133	10089	943	59	197	1777652
7150	10089	941	59	197	1777662
7169	10089	941	59	197	1777672
7190	10089	942	59	197	1777682
7212	10089	942	59	197	1777692
7235	10089	942	59	197	1777702
7260	10089	941	59	199	1777712
7285	10089	938	59	199	1777722
7311	10089	940	59	199	1777732
7335	10081	940	59	199	1777742
7353	10081	939	59	199	1777752
7371	10081	937	59	199	1777762
7383	10081	939	59	199	1777772
7395	10081	936	59	199	1777782
7407	10090	934	59	199	1777792
7417	10090	935	59	199	1777802
7426	10097	935	59	199	1777812
7436	10097	935	59	199	1777822
7443	10097	936	59	199	1777832
7451	10097	935	59	199	1777842
7459	10097	935	59	199	1777852
7467	10097	934	59	199	1777872
7477	10097	935	59	199	1777902
7485	10097	934	59	199	1777932
7492	10097	934	59	199	1777952
7500	10097	933	59	199	1777972
7513	10097	934	59	199	1777992
7523	10097	932	59	199	1778112
7530	10097	932	59	199	1778122
7530	10105	925	59	199	1778132
7542	10105	924	59	199	1778142
7551	10105	924	59	199	1778152
7563	10111	918	59	199	1778162
7577	10111	917	59	199	1778172
7590	10118	919	59	199	1778182
7605	10118	920	59	199	1778192
7620	10124	919	59	199	1778202
7634	10124	921	59	199	1778212
7645	10124	923	59	199	1778221
7655	10124	924	59	199	1778231
7662	10124	925	59	199	1778261
7662	10131	925	58.3333	198.333	1778321
7668	10131	926	58.6667	198.667	1778501
7668	10114	924	58	198	1778511
7668	10094	922	58	198	1778521
7668	10067	921	57	196	1778531
7676	10031	921	57	196	1778541
7676	9991	921	57	196	1778551
7676	9947	922	57	196	1778561
7676	9897	921	57	196	1778571
7667	9847	920	57	196	1778581
7667	9793	920	57	196	1778591
7659	9739	916	58	196	1778601
7659	9685	915	58	196	1778611
7649	9624	912	59	197	1778621
7649	9560	905	59	197	1778631
7641	9495	905	59	197	1778641
7641	9431	906	59	195	1778651
7641	9374	906	59	195	1778661
7641	9321	908	59	195	1778671
7641	9276	907	59	195	1778681
7641	9237	907	59	194	1778691
7635	9206	907	59	194	1778701
7635	9183	906	59	194	1778711
7635	9163	907	59	192	1778721
7628	9148	908	59	192	1778731
7628	9131	907	59	192	1778741
7628	9115	907	59	192	1778751
7628	9102	912	60	190	1778761
7628	9087	910	60	190	1778771
7628	9071	913	60	190	1778781
7628	9058	912	59	190	1778791
7628	9050	913	59	188	1778821
7628	9043	854	60	188.778	1778911
7620	9043	68	60	187	1778931
30
2939	6937	186	60	190	1781934
2939	6945	275	60	190	1781944
2946	6945	373	60	190	1781954
2946	6952	466	60	190	1781994
2936	6945	492	60	190	1782004
2922	6937	510	60	190	1782014
2904	6922	515	59	192	1782024
2881	6900	524	60	190	1782034
2854	6869	532	60	190	1782044
2825	6832	548	60	190	1782054
2794	6788	558	60	190	1782064
2765	6739	566	60	190	1782074
2739	6688	583	60	190	1782084
2717	6635	597	60	190	1782094
2701	6585	614	60	189	1782104
2693	6543	628	60	189	1782114
2693	6509	660	61	189	1782124
2693	6482	684	61	187	1782134
2715	6463	720	62	187	1782144
2742	6448	735	62	187	1782154
2778	6440	743	62	186	1782164
2822	6440	758	62	186	1782174
2872	6440	799	62	186	1782184
2920	6440	806	62	186	1782194
2963	6440	813	62	186	1782204
2996	6440	813	62	186	1782214
3016	6440	810	62	186	1782224
3027	6440	748	62	186	1782254
3002	6449	601	62	186	1782264
2976	6462	186	61.5	185.5	1782284
102
3338	6676	102	60	187	1783046
3338	6667	225	60	187	1783056
3345	6667	345	60	187	1783066
3345	6660	593	61.6667	188.667	1783126
3337	6660	913	62.7059	190.882	1783296
3344	6660	981	63	192	1783356
3350	6660	981	63	193.2	1783906
3358	6660	987	63	194	1783916
3368	6660	987	63	194	1783926
3384	6654	985	63	194	1783936
3404	6654	987	63	194	1783946
3424	6654	989	63	194	1783956
3444	6647	990	63	194	1783966
3462	6647	1002	63	194	1783976
3482	6647	1006	63	194	1783986
3506	6647	1019	63	194	1783996
3532	6657	1023	63	194	1784006
3560	6657	1023	63	196	1784016
3592	6666	1023	63	196	1784026
3623	6666	1023	63	196	1784036
3653	6666	1023	63	196	1784046
3681	6673	1023	63	196	1784056
3705	6673	1023	63	196	1784066
3723	6673	1023	63	198	1784076
3743	6681	1023	63	198	1784086
3762	6681	1023	63	198	1784096
3779	6681	1023	63	198	1784106
3800	6681	1023	63	198	1784116
3823	6688	1023	63	198	1784126
3851	6688	1023	62	199	1784136
3886	6688	1023	62	199	1784146
3925	6688	1023	61	198	1784156
3966	6688	1023	61	198	1784166
4007	6681	1023	60	200	1784176
4045	6674	1023	60	200	1784186
4084	6674	1023	60	200	1784196
4121	6667	1023	60	200	1784206
4154	6667	1023	60	200	1784216
4188	6660	1023	60	200	1784226
4216	6660	1023	60	200	1784236
4243	6660	1023	60	200	1784246
4263	6654	1023	60	200	1784256
4287	6654	1023	60	200	1784266
4309	6654	1023	60	200	1784276
4330	6654	1023	60	200	1784286
4355	6654	1023	60	202	1784296
4374	6654	1023	59	201	1784306
4391	6654	1023	59	201	1784316
4412	6654	1023	58	200	1784326
4428	6654	1023	58	200	1784336
4451	6654	1023	58	200	1784346
4471	6654	1023	58	200	1784356
4488	6654	1023	58	200	1784366
4509	6654	1023	58	200	1784376
4531	6654	1023	58	200	1784386
4562	6654	1023	58	200	1784396
4592	6654	1023	58	200	1784406
4624	6654	1023	58	200	1784416
4653	6654	1023	58	200	1784426
4676	6654	1023	58	200	1784436
4705	6646	1023	58	202	1784446
4731	6646	1023	58	202	1784456
4755	6646	1023	58	202	1784466
4781	6646	1023	57	201	1784476
4800	6646	1023	57	201	1784486
4815	6646	1023	56	200	1784496
4828	6640	1023	56	200	1784506
4839	6640	1023	56	200	1784516
4851	6640	1023	56	200	1784526
4864	6640	1023	56	200	1784536
4877	6640	1023	56	200	1784546
4891	6640	1023	56	200	1784556
4905	6640	1023	56	200	1784566
4916	6633	1023	56	202	1784576
4929	6633	1023	56	202	1784586
4943	6633	1023	56	202	1784596
4957	6633	1023	56	202	1784606
4970	6633	1023	56	202	1784616
4980	6633	1023	56	202	1784626
4989	6633	1023	56	202	1784636
4998	6626	1023	56	202	1784646
5010	6626	1023	56	202	1784656
5025	6616	1023	56	202	1784666
5039	6616	1023	56	202	1784676
5047	6608	1023	56	203	1784696
5055	6608	1023	56	203	1784776
5061	6608	1023	55	205	1784786
5061	6601	1023	55	205	1784816
5068	6601	1023	55.2917	204.417	1785056
5075	6601	1023	57	203.5	1785076
5075	6595	1023	58.25	203.25	1785116
5083	6595	1023	59.6667	204.667	1785146
5083	6588	1023	60	206	1785156
5093	6588	1023	60	206	1785166
5100	6588	1023	62	205	1785176
5108	6581	1023	62	205	1785186
5117	6581	1023	62	205	1785196
5127	6573	1023	62	205	1785206
5134	6573	1023	61	207	1785226
5142	6573	1023	61	207	1785266
5135	6573	1003	60.1579	205.632	1785456
5135	6567	201	60	204.333	1785486
16
4908	6909	181	59	192	1789326
4908	6916	307	59	192	1789346
4917	6916	435	59	192	1789396
4917	6900	498	59	192	1789406
4917	6877	530	59	192	1789416
4909	6839	556	59	192	1789426
4909	6784	568	59	192	1789436
4909	6713	598	59	192	1789446
4909	6624	620	59	192	1789456
4920	6531	638	59	192	1789466
4926	6445	649	59	192	1789476
4926	6376	652	59	192	1789486
4926	6334	645	59	192	1789496
4926	6313	592	59	192	1789516
4926	6326	488	59	192	1789526
4914	6363	135	59	192	1789546
44
4922	6862	157	58	192	1789722
4913	6869	312	59	192	1789772
4906	6869	559	59	192	1789812
4913	6869	724	59	192	1789832
4923	6869	763	59	194	1789842
4932	6869	779	59	194	1789852
4944	6863	784	59	194	1789862
4961	6855	792	59	194	1789872
4982	6843	795	59	194	1789882
5012	6823	807	59	194	1789892
5050	6797	816	59	194	1789902
5096	6768	845	59	194	1789912
5147	6736	857	59	194	1789922
5199	6708	862	59	194	1789932
5245	6683	873	59	194	1789942
5280	6663	883	59	194	1789952
5304	6650	882	59	194	1789962
5318	6643	882	59	194	1789972
5325	6643	881	59	194	1789992
5332	6643	878	59	194	1790002
5332	6636	877	59	195	1790022
5332	6629	876	59	195	1790042
5325	6622	877	59	195	1790062
5315	6612	877	59	194	1790072
5305	6600	878	59	194	1790082
5293	6585	877	59	194	1790092
5273	6565	878	59	194	1790102
5246	6537	878	59	194	1790112
5213	6503	876	59	194	1790122
5173	6463	874	59	194	1790132
5128	6421	873	59	194	1790142
5079	6377	870	59	192	1790152
5032	6340	869	59	192	1790162
4986	6307	869	59	192	1790172
4948	6283	868	59	192	1790182
4918	6266	867	60	190	1790192
4896	6255	867	60	190	1790202
4885	6255	868	60	190	1790212
4885	6248	870	60	190	1790222
4877	6248	871	60	189	1790252
4885	6248	820	60	189	1790262
4891	6257	743	60	189	1790272
4900	6265	634	60	189	1790282
4909	6275	198	60	189	1790302
31
5324	6728	403	56	189	1790486
5332	6734	475	56.5	189	1790506
5340	6734	528	57	191	1790516
5340	6728	548	58	191	1790526
5326	6719	556	57	193	1790536
5312	6707	569	57	193	1790546
5294	6688	590	57	193	1790556
5275	6664	603	57	194	1790566
5259	6638	606	58	195	1790576
5248	6608	615	58	195	1790586
5248	6581	651	59	195	1790596
5248	6554	653	59	195	1790606
5260	6533	651	59	195	1790616
5280	6518	659	59	195	1790626
5306	6511	665	59	195	1790636
5339	6521	652	59	195	1790646
5369	6544	660	59	195	1790656
5394	6578	660	59	195	1790666
5409	6618	657	59	195	1790676
5409	6654	663	59	195	1790686
5409	6686	663	59	195	1790696
5385	6714	663	59	195	1790706
5366	6733	666	59	195	1790716
5343	6745	667	59	195	1790726
5323	6745	668	59	195	1790736
5306	6745	666	59	195	1790746
5292	6735	663	59	195	1790756
5283	6721	641	59	195	1790766
5277	6701	578	59	195	1790776
5277	6679	478	59	195	1790786
5277	6657	99	59	195	1790806
62
5488	6655	201	55	193	1790962
5481	6641	252	55	193	1790972
5473	6634	366	55	193	1790992
5466	6624	422	56	194	1791012
5459	6624	516	57	194.667	1791042
5452	6624	694	57.6667	196.167	1791102
5459	6624	931	59	198.56	1791602
5465	6624	995	59	199	1791622
5480	6624	994	59	199	1791632
5493	6632	995	59	199	1791642
5508	6632	998	59	199	1791652
5525	6640	996	59	199	1791662
5539	6640	999	59	199	1791672
5555	6640	999	59	199	1791682
5572	6640	1000	59	199	1791692
5584	6640	1002	59	199	1791702
5594	6640	1006	59	199	1791712
5600	6640	1008	59	199	1791732
5611	6640	1013	59	197	1791752
5624	6640	1014	59	197	1791762
5635	6646	1014	59	197	1791772
5646	6646	1018	59	197	1791782
5662	6646	1018	59	197	1791792
5676	6653	1023	59	197	1791802
5690	6653	1023	59	197	1791812
5707	6653	1023	59	197	1791822
5721	6653	1023	59	197	1791832
5737	6660	1023	59	197	1791842
5751	6660	1023	59	197	1791852
5761	6660	1023	59	197	1791862
5775	6660	1023	59	197	1791872
5789	6660	1023	59	199	1791882
5803	6660	1023	59	199	1791892
5820	6667	1023	59	199	1791902
5836	6667	1023	59	199	1791912
5854	6667	1023	59	199	1791922
5873	6667	1023	59	199	1791932
5889	6667	1023	59	199	1791942
5901	6667	1023	59	199	1791952
5914	6667	1023	59	199	1791962
5927	6667	1023	59	199	1791972
5940	6667	1023	59	199	1791982
5951	6667	1023	58	198	1791992
5962	6667	1023	58	198	1792002
5973	6667	1023	57	197	1792012
5984	6667	1023	57	197	1792022
5993	6667	1023	57	197	1792032
6000	6667	1023	57	197	1792052
6008	6667	1023	57	197	1792082
6015	6667	1023	57	197	1792092
6022	6667	1023	57	199	1792102
6033	6667	1023	57	199	1792112
6045	6674	1023	57	199	1792122
6062	6674	1023	57	199	1792132
6077	6674	1023	57	199	1792142
6091	6674	1023	57	199	1792152
6105	6674	1023	57	199	1792162
6113	6674	1023	57	199	1792172
6120	6674	1023	57	199	1792202
6126	6674	992	57	198.692	1792332
6113	6674	556	57	197	1792342
6095	6674	42	57	197	1792362
24
6139	7186	55	57	199	1793222
6139	7193	174	57	199	1793252
6147	7193	324	57.3333	199.333	1793282
6147	7200	563	58	200	1793432
6153	7200	663	58	200	1793452
6153	7185	678	58	200	1793462
6153	7158	686	58	200	1793472
6153	7122	695	58	200	1793482
6143	7069	700	58	200	1793492
6143	7006	711	58	200	1793502
6143	6933	728	59	199	1793512
6143	6850	740	59	199	1793522
6143	6764	748	59	199	1793532
6143	6684	753	59	199	1793542
6143	6613	756	59	197	1793552
6143	6553	758	59	197	1793562
6143	6506	758	59	197	1793572
6143	6475	757	59	197	1793582
6143	6458	748	59	195.5	1793622
6143	6478	734	59	195	1793632
6135	6497	704	59	195	1793642
6135	6523	651	59	195	1793652
6135	6547	529	59	195	1793662
6135	6567	76	59	194.5	1793682
77
6149	7153	184	56	200	1794008
6155	7146	466	57	201	1794048
6163	7146	669	58	200.5	1794088
6169	7146	739	58	200	1794108
6176	7146	770	58	200	1794118
6182	7146	778	58	200	1794128
6189	7154	801	58	200	1794138
6196	7154	814	58	200	1794148
6205	7162	829	58	200	1794158
6212	7162	845	58	200	1794168
6224	7162	846	58	200	1794178
6236	7162	857	58	200	1794188
6248	7162	869	58	200	1794198
6262	7162	885	58	200	1794208
6276	7162	891	58	200	1794218
6292	7162	898	58	200	1794228
6312	7168	899	58	200	1794238
6334	7168	905	58	200	1794248
6359	7168	916	58	202	1794258
6381	7177	929	58	202	1794268
6405	7177	933	58	202	1794278
6431	7183	936	58	202	1794288
6456	7183	960	58	202	1794298
6481	7183	970	58	202	1794308
6510	7183	970	58	202	1794318
6535	7183	977	58	202	1794328
6561	7183	978	58	202	1794338
6585	7183	985	58	202	1794348
6608	7177	986	58	203	1794358
6628	7177	989	58	203	1794368
6651	7177	994	58	203	1794378
6677	7177	993	58	203	1794388
6704	7177	994	58	203	1794398
6735	7177	995	58	203	1794408
6765	7164	994	58	203	1794418
6796	7153	995	58	203	1794428
6827	7144	996	58	203	1794438
6852	7134	997	58	203	1794448
6874	7124	996	58	203	1794458
6894	7115	998	58	203	1794468
6912	7104	998	58	203	1794478
6925	7093	999	58	203	1794488
6936	7084	998	58	203	1794498
6943	7077	995	58	203	1794508
6954	7064	996	58	203	1794518
6965	7053	995	58	203	1794528
6975	7042	995	58	203	1794538
6987	7028	991	58	203	1794548
6996	7014	989	58	203	1794558
7006	6995	989	58	203	1794568
7016	6973	988	58	203	1794578
7022	6955	984	58	203	1794588
7022	6936	981	58	203	1794598
7014	6907	976	58	202	1794608
6998	6871	976	58	202	1794618
6973	6826	973	58	202	1794628
6939	6774	973	58	202	1794638
6897	6726	971	58	202	1794648
6854	6679	970	58	202	1794658
6803	6631	968	58	202	1794668
6749	6584	966	58	200	1794678
6690	6541	965	58	200	1794688
6621	6493	965	58	200	1794698
6555	6451	965	58	200	1794708
6491	6416	963	59	199	1794718
6431	6385	964	59	199	1794728
6384	6366	963	59	199	1794738
6341	6354	964	59	197	1794748
6302	6347	964	59	197	1794758
6270	6347	957	59	197	1794768
6240	6347	954	59	197	1794778
6212	6358	948	59	195	1794788
6190	6367	940	59	195	1794798
6171	6378	938	59	195	1794808
6159	6388	929	59	195	1794818
6150	6394	853	59	195	1794878
6150	6402	60	59	195	1794898
227
3620	9035	34	59	197	1797767
3630	9035	109	59	197	1797786
3637	9035	240	59.3333	197.333	1797816
3645	9043	371	60.6667	198	1797846
3652	9043	499	61	198	1797886
3659	9043	572	61	198	1797916
3665	9043	610	62.3333	199.333	1797946
3674	9037	639	63	200	1797966
3674	9021	657	63	200	1797976
3674	8999	665	63	200	1797986
3680	8970	679	63	200	1797996
3680	8930	679	62	199	1798006
3690	8877	690	62	199	1798016
3690	8820	703	61	197	1798026
3699	8759	715	61	197	1798036
3699	8695	739	61	197	1798046
3707	8634	748	61	197	1798056
3707	8574	773	61	197	1798066
3714	8518	777	61	195	1798076
3714	8465	788	61	195	1798086
3721	8415	796	61	195	1798096
3721	8368	805	61	195	1798106
3729	8322	811	61	193	1798116
3729	8280	816	61	193	1798126
3729	8243	817	61	193	1798136
3736	8208	822	61	193	1798146
3736	8176	823	62	191	1798156
3736	8141	826	62	191	1798166
3736	8103	828	62	191	1798176
3736	8068	826	62	191	1798186
3736	8027	829	62	189	1798196
3747	7992	829	63	190	1798206
3747	7956	832	63	190	1798216
3759	7915	844	64	190	1798226
3759	7885	851	64	188	1798236
3768	7852	851	64	188	1798246
3768	7822	857	64	188	1798256
3768	7798	856	64	188	1798266
3780	7768	855	64	188	1798276
3788	7741	858	64	186	1798286
3798	7716	854	64	186	1798296
3805	7691	857	64	186	1798306
3805	7667	860	64	186	1798316
3813	7647	859	63	186	1798326
3813	7628	859	63	186	1798336
3813	7607	858	62	186	1798346
3820	7588	859	62	186	1798356
3820	7566	859	62	186	1798366
3820	7540	858	62	186	1798376
3820	7513	857	62	186	1798386
3820	7485	858	62	184	1798396
3826	7455	858	62	184	1798406
3826	7432	858	62	184	1798416
3826	7411	856	62	184	1798426
3826	7389	856	62	184	1798436
3826	7370	857	63	184	1798446
3826	7349	855	63	184	1798456
3826	7323	857	64	184	1798466
3826	7300	858	64	184	1798476
3826	7276	857	64	184	1798486
3826	7255	859	64	184	1798496
3833	7238	860	64	184	1798506
3833	7227	859	64	184	1798516
3833	7219	857	64	184	1798526
3833	7212	854	64	184	1798536
3833	7204	855	64	184	1798546
3833	7196	854	64	184	1798556
3833	7183	857	64	184	1798566
3840	7168	858	65	184	1798576
3840	7154	857	65	184	1798586
3840	7139	858	66	184	1798596
3840	7127	858	66	184	1798606
3847	7115	858	66	184	1798616
3847	7107	857	66	184	1798626
3847	7100	857	66	183	1798646
3847	7090	856	66	182	1798656
3854	7090	856	66	182	1798666
3854	7079	857	66	182	1798686
3854	7071	865	66	182	1798756
3860	7071	902	66	182	1798786
3871	7071	915	66	182	1798796
3880	7079	918	66	182	1798806
3890	7079	922	66	184	1798816
3902	7088	939	66	184	1798826
3915	7088	948	66	184	1798836
3930	7088	959	66	184	1798846
3947	7088	963	66	184	1798856
3969	7095	963	66	184	1798866
3992	7095	980	66	184	1798876
4017	7095	981	66	184	1798886
4043	7102	984	66	184	1798896
4069	7102	995	66	184	1798906
4095	7110	1006	66	184	1798916
4119	7117	1017	66	184	1798926
4138	7117	1023	66	184	1798936
4157	7126	1023	66	184	1798946
4173	7126	1023	66	184	1798956
4191	7133	1023	66	184	1798966
4208	7133	1023	66	187	1798976
4218	7133	1023	66	187	1798986
4227	7140	1023	66	187	1799006
4236	7140	1023	66	187	1799016
4245	7147	1023	66	187	1799026
4258	7147	1023	66	187	1799036
4273	7156	1023	66	187	1799046
4290	7156	1023	66	187	1799056
4305	7156	1023	66	189	1799066
4322	7164	1023	66	189	1799076
4340	7164	1023	66	189	1799086
4364	7164	1023	66	189	1799096
4387	7164	1023	66	189	1799106
4412	7164	1023	66	189	1799116
4439	7164	1023	66	189	1799126
4460	7156	1023	66	189	1799136
4482	7156	1023	66	189	1799146
4505	7156	1023	66	189	1799156
4525	7156	1023	66	189	1799166
4550	7156	1023	66	189	1799176
4576	7156	1023	66	191	1799186
4597	7156	1023	66	191	1799196
4621	7156	1023	66	191	1799206
4643	7146	1023	65	191	1799216
4665	7138	1023	65	191	1799226
4691	7130	1023	64	190	1799236
4716	7122	1023	64	190	1799246
4742	7114	1023	64	190	1799256
4768	7108	1023	63	192	1799266
4796	7108	1023	63	192	1799276
4827	7101	1023	63	192	1799286
4854	7101	1023	63	192	1799296
4882	7101	1023	63	192	1799306
4906	7101	1023	62	191	1799316
4930	7101	1023	62	191	1799326
4956	7101	1023	62	191	1799336
4980	7101	1023	62	191	1799346
5001	7101	1023	62	191	1799356
5017	7101	1023	62	191	1799366
5032	7101	1023	61	193	1799376
5044	7101	1023	61	193	1799386
5057	7101	1023	61	193	1799396
5069	7101	1023	61	193	1799406
5077	7101	1023	61	193	1799426
5085	7101	1023	60.5	192.5	1799446
5100	7101	1023	60	192	1799456
5116	7101	1023	59	194	1799466
5136	7101	1023	59	194	1799476
5160	7093	1023	59	194	1799486
5182	7093	1023	59	194	1799496
5203	7087	1023	59	194	1799506
5226	7087	1023	59	194	1799516
5248	7087	1023	59	194	1799526
5272	7087	1023	59	194	1799536
5294	7087	1023	59	194	1799546
5314	7093	1023	59	194	1799556
5333	7093	1023	59	194	1799566
5349	7093	1023	59	194	1799576
5366	7100	1023	59	194	1799586
5381	7100	1023	59	194	1799596
5397	7100	1023	59	194	1799606
5412	7100	1023	59	194	1799616
5426	7093	1023	59	194	1799626
5441	7093	1023	59	195	1799636
5456	7083	1023	59	195	1799646
5472	7083	1023	59	195	1799656
5486	7083	1023	59	195	1799666
5497	7083	1023	59	195	1799676
5510	7083	1023	59	195	1799686
5523	7077	1023	59	195	1799696
5540	7077	1023	59	195	1799706
5560	7077	1023	59	195	1799716
5576	7077	1023	59	195	1799726
5594	7077	1023	59	195	1799736
5611	7070	1023	59	195	1799746
5628	7070	1023	59	195	1799756
5651	7070	1023	59	195	1799766
5670	7070	1023	59	195	1799776
5689	7070	1023	59	195	1799786
5709	7070	1023	59	195	1799796
5727	7070	1023	59	197	1799806
5749	7070	1023	59	197	1799816
5770	7070	1023	59	197	1799826
5790	7063	1023	59	197	1799836
5809	7057	1023	59	197	1799846
5827	7050	1023	58	196	1799856
5847	7050	1023	58	196	1799866
5866	7040	1023	57	196	1799876
5883	7040	1023	57	196	1799886
5900	7040	1023	57	196	1799896
5918	7040	1023	57	197	1799906
5933	7040	1023	57	197	1799916
5949	7033	1023	57	197	1799926
5960	7033	1023	57	197	1799936
5971	7033	1023	57	197	1799946
5984	7026	1023	57	197	1799956
6000	7026	1023	57	197	1799966
6017	7026	1023	57	197	1799976
6034	7026	1023	57	197	1799986
6046	7019	1023	57	197	1799996
6057	7019	1023	57	197	1800006
6068	7019	1023	57	197	1800016
6079	7019	1023	57	197	1800026
6093	7019	1023	57	197	1800036
6108	7013	1023	57	197	1800046
6121	7013	1023	57	197	1800056
6136	7004	1023	57	197	1800066
6150	7004	1023	57	197	1800076
6162	6997	1023	57	197	1800086
6176	6997	1023	57	197	1800096
6188	6997	1023	57	197	1800106
6200	6997	1023	57	199	1800116
6212	6997	1023	57	199	1800126
6225	6997	1023	57	199	1800136
6238	6997	1023	57	199	1800146
6253	6997	1023	57	199	1800156
6270	6997	1023	57	199	1800166
6284	6997	1023	57	199	1800176
6294	6997	1023	57	199	1800186
6301	6997	1023	57	199	1800196
6308	6997	1023	57	199	1800206
6315	6997	1023	57	199	1800216
6322	6997	1023	57	199	1800226
6329	6997	1023	57	199	1800246
6340	6997	1023	57	199	1800266
6348	6997	960	57	199	1800326
6340	6997	711	57	199	1800336
6316	6975	490	57	199	1800346
6276	6958	54	57	199	1800366
44
7039	6918	227	60	189	1802599
7031	6918	360	60	189	1802649
7022	6918	407	60	189	1802669
7014	6908	448	60	189	1802679
7014	6900	497	60	189	1802689
7014	6893	549	60	189	1802699
7014	6886	632	60	189	1802719
7014	6879	733	60	189	1802769
7021	6879	759	60	189.5	1802789
7032	6879	763	60	190	1802799
7038	6879	776	60	190	1802809
7048	6879	786	60	190	1802819
7060	6879	794	60	190	1802829
7075	6879	820	60	190	1802839
7091	6879	833	60	190	1802849
7110	6872	848	60	190	1802859
7130	6872	857	60	190	1802869
7153	6872	859	60	190	1802879
7177	6872	877	60	190	1802889
7198	6872	898	60	190	1802899
7215	6872	904	60	190	1802909
7231	6872	925	60	190	1802919
7246	6872	928	60	190	1802929
7260	6872	936	60	190	1802939
7275	6872	944	60	190	1802949
7289	6872	949	60	190	1802959
7301	6872	955	60	190	1802969
7312	6872	962	60	190	1802979
7321	6872	964	60	190	1802989
7329	6872	970	60	190	1802999
7335	6872	969	60	190	1803009
7344	6872	969	60	190	1803019
7354	6872	968	60	190	1803029
7365	6872	969	60	190	1803039
7376	6872	969	59	192	1803049
7390	6872	969	59	192	1803059
7399	6872	972	59	192	1803069
7408	6872	974	59	192	1803079
7414	6872	979	59	192	1803099
7423	6872	981	59	192	1803119
7434	6872	988	59	192	1803139
7440	6872	987	59	192	1803568
7427	6879	512	59	192	1803578
7419	6902	5	59	192	1803598
35
7639	9049	169	62	189.5	1804741
7633	9049	282	62	189	1804761
7626	9049	293	62	189	1804781
7616	9049	296	62	189	1804801
7604	9049	349	62	189	1804811
7597	9049	390	62	189	1804821
7590	9049	441	62	189	1804831
7590	9043	494	62	189	1804841
7581	9043	699	62	189	1804931
7589	9043	855	62	189	1804941
7596	9043	865	62	189	1804951
7608	9043	884	62	189	1804961
7627	9043	902	62	189	1804971
7654	9052	924	62	191	1804981
7687	9052	939	62	191	1804991
7726	9052	947	62	191	1805001
7772	9060	980	62	191	1805011
7822	9060	994	62	191	1805021
7878	9070	1010	62	191	1805031
7942	9070	1023	62	191	1805041
8010	9070	1023	62	191	1805051
8084	9070	1023	62	191	1805061
8156	9070	1023	62	191	1805071
8221	9063	1023	62	191	1805081
8280	9055	1023	62	191	1805091
8331	9041	1023	62	191	1805101
8372	9028	1023	62	191	1805111
8411	9016	1023	61	193	1805121
8444	9010	1023	61	193	1805131
8469	9010	1023	61	193	1805141
8487	9010	1023	61	193	1805151
8496	9003	1004	60.7778	193.667	1805241
8480	9003	787	59	192	1805251
8462	9003	606	59	192	1805261
8438	9003	40	59	192	1805281
10
8485	9303	225	59	199	1805859
8485	9296	372	59	197	1805899
8485	9289	482	59	196.333	1805929
8492	9289	618	59	195	1805949
8502	9289	676	59	195	1805969
8513	9283	715	60	196	1805989
8520	9283	738	61	197	1806009
8520	9276	846	61	197	1806429
8526	9269	870	61	195.176	1806769
8519	9269	176	61	195	1806799
7
8437	9242	213	56.75	194	1809461
8445	9249	461	58.5556	194.444	1809551
8452	9249	559	59	194	1809621
8452	9256	469	59	194	1809631
8443	9264	364	59	194	1809641
8435	9276	163	59	194	1809651
8435	9290	12	59	194	1809671
3
8425	9325	17	59	194	1809699
8433	9332	44	59	194	1809709
8433	9342	27	59	194.667	1809739
38
8463	9327	29	58	196	1810175
8455	9343	96	59	197	1810195
8447	9343	163	59	197	1810205
8447	9349	286	59	197	1810245
8440	9349	534	59	197	1810305
8440	9343	675	59	197	1810325
8446	9335	725	59	197	1810335
8446	9328	748	59	195	1810345
8457	9314	757	59	195	1810355
8466	9298	776	59	195	1810365
8477	9275	787	59	195	1810375
8491	9246	800	59	195	1810385
8508	9208	807	59	195	1810395
8528	9160	822	59	195	1810405
8551	9101	839	59	194	1810415
8575	9036	844	59	194	1810425
8598	8961	859	59	194	1810435
8621	8883	876	59	194	1810445
8637	8808	883	59	192	1810455
8649	8731	889	59	192	1810465
8649	8666	897	59	192	1810475
8649	8603	899	60	190	1810485
8649	8545	901	60	190	1810495
8640	8490	904	60	190	1810505
8626	8440	906	60	189	1810515
8609	8391	907	60	189	1810525
8592	8348	917	60	187	1810535
8575	8310	927	60	187	1810545
8562	8279	932	60	185	1810555
8550	8256	941	60	185	1810565
8539	8237	945	60	183	1810575
8532	8226	948	60	183	1810585
8532	8218	948	60	183	1810595
8523	8218	947	60	182	1810605
8523	8210	948	60.381	181.143	1810815
8523	8218	781	60	182	1810825
8523	8230	653	60	182	1810835
8530	8251	126	60	182	1810855
96
8501	9368	105	58	200	1811147
8501	9361	310	58.75	199.25	1811187
8494	9361	602	59	199	1811257
8502	9361	707	59	199	1811277
8508	9361	735	59	199	1811297
8520	9361	760	59	199	1811307
8530	9361	778	60	199	1811317
8540	9361	789	60	199	1811327
8553	9361	794	60	200	1811337
8566	9350	820	60	200	1811347
8580	9350	839	60	199	1811357
8593	9341	867	60	199	1811367
8606	9341	875	60	199	1811377
8620	9341	890	60	200	1811387
8627	9334	902	60	200	1811397
8639	9334	917	60	199	1811407
8646	9334	934	59.5	199	1811427
8657	9334	950	59	199	1811667
8665	9334	966	59	199	1811677
8674	9334	967	59	199	1811687
8688	9325	970	59	199	1811697
8707	9318	971	59	199	1811707
8732	9309	970	59	199	1811717
8761	9299	974	59	199	1811727
8790	9288	978	59	199	1811737
8820	9278	978	59	199	1811747
8852	9269	984	59	197	1811757
8881	9262	991	59	197	1811767
8911	9254	995	59	197	1811777
8939	9254	1003	59	197	1811787
8962	9243	1006	59	197	1811797
8985	9237	1007	59	197	1811807
9010	9237	1008	59	197	1811817
9033	9225	1012	59	197	1811827
9057	9225	1012	59	197	1811837
9080	9215	1013	59	197	1811847
9105	9208	1013	59	197	1811857
9135	9199	1014	59	197	1811867
9169	9190	1013	59	197	1811877
9206	9180	1016	59	197	1811887
9240	9180	1016	59	197	1811897
9273	9170	1016	59	197	1811907
9306	9163	1014	59	197	1811917
9336	9157	1017	59	197	1811927
9366	9148	1018	59	199	1811937
9397	9139	1017	59	199	1811947
9428	9132	1018	59	199	1811957
9460	9121	1018	59	199	1811967
9492	9111	1020	59	199	1811977
9522	9100	1019	59	199	1811987
9550	9090	1023	59	199	1811997
9577	9082	1021	59	199	1812007
9603	9074	1020	58	198	1812017
9628	9066	1023	58	198	1812027
9649	9058	1023	57	197	1812037
9669	9048	1023	57	197	1812047
9688	9039	1023	57	197	1812057
9705	9031	1023	57	197	1812067
9720	9025	1023	57	197	1812077
9733	9025	1023	57	197	1812087
9740	9015	1023	57	197	1812117
9747	9015	1015	57	197	1812237
9753	9015	990	56.7143	196.143	1812307
9743	8997	978	55	195	1812317
9724	8967	975	55	195	1812327
9696	8923	975	55	195	1812337
9658	8867	976	55	195	1812347
9612	8809	972	55	195	1812357
9559	8753	973	56	194	1812367
9499	8700	972	56	194	1812377
9434	8649	976	57	194	1812387
9367	8597	974	57	194	1812397
9303	8549	973	57	193	1812407
9241	8501	970	57	193	1812417
9182	8458	968	57	193	1812427
9122	8417	966	58	191	1812437
9062	8383	966	58	191	1812447
9004	8354	964	58	190	1812457
8949	8331	965	58	190	1812467
8898	8317	962	58	188	1812477
8851	8305	959	59	188	1812487
8808	8298	957	59	187	1812497
8770	8298	956	60	187	1812507
8733	8287	951	60	185	1812517
8701	8287	950	60	185	1812527
8672	8278	950	60	185	1812537
8647	8278	951	60	183	1812547
8625	8265	951	60	183	1812557
8610	8258	952	60	182	1812567
8596	8249	951	60	182	1812577
8587	8242	951	60	182	1812587
8580	8242	952	60	182	1812597
8580	8234	950	60	180	1812607
8574	8234	888	60	180	1812667
8574	8248	565	60	180	1812677
8585	8267	53	60	180	1812697
123
8615	8515	124	58	188	1819735
8615	8508	182	58	188	1819745
8622	8508	255	58	190	1819755
8629	8508	385	58	190	1819765
8636	8500	491	58	190	1819785
8644	8500	578	58	190.667	1819845
8635	8500	613	58	191	1819855
8624	8500	626	58	191	1819865
8609	8500	643	57	193	1819875
8590	8500	668	57	193	1819885
8567	8488	678	57	193	1819895
8541	8480	689	58	193	1819905
8506	8472	694	58	193	1819915
8466	8472	702	59	194	1819925
8419	8462	705	59	194	1819935
8368	8462	711	59	194	1819945
8317	8462	714	59	194	1819955
8265	8462	717	59	194	1819965
8217	8462	721	59	194	1819975
8169	8462	722	59	194	1819985
8124	8449	729	59	194	1819995
8082	8442	731	59	194	1820005
8041	8435	744	60	194	1820015
8006	8435	760	60	194	1820025
7975	8425	771	61	195	1820035
7950	8425	785	61	195	1820045
7927	8414	799	61	193	1820055
7910	8414	804	61	193	1820065
7898	8404	807	61	193	1820075
7889	8404	808	61	193	1820085
7881	8404	810	61	193	1820105
7870	8404	813	61	193	1820115
7863	8404	818	61	193	1820135
7852	8404	823	61	193	1820155
7842	8404	832	61	193	1820165
7835	8397	838	61	193	1820175
7825	8397	847	61	193	1820185
7813	8387	850	61	193	1820195
7799	8387	848	61	193	1820205
7786	8380	851	61	193	1820215
7777	8380	852	61	193	1820225
7769	8380	850	61	193	1820245
7758	8380	960	61	193.308	1820505
7758	8373	1020	60.75	198.125	1820585
7758	8382	1023	60	200	1820595
7765	8382	1023	60	202	1820605
7765	8391	1023	60	202	1820615
7774	8398	1023	60	202	1820625
7782	8404	1023	60	202	1820645
7792	8412	1016	60	202	1820725
7792	8404	998	60	202	1820735
7792	8392	981	60	202	1820745
7792	8368	984	60	202	1820755
7783	8330	980	60	202	1820765
7783	8287	979	60	200	1820775
7783	8239	979	60	200	1820785
7775	8188	977	60	200	1820795
7775	8137	979	60	200	1820805
7775	8085	976	60	200	1820815
7775	8036	973	61	198	1820825
7775	7987	972	61	198	1820835
7775	7937	973	61	198	1820845
7775	7888	973	61	197	1820855
7775	7834	974	61	197	1820865
7775	7783	972	61	197	1820875
7775	7735	973	61	195	1820885
7775	7681	972	61	195	1820895
7775	7628	971	61	195	1820905
7767	7578	971	61	193	1820915
7767	7527	970	61	193	1820925
7767	7479	971	61	193	1820935
7759	7438	971	61	193	1820945
7759	7396	970	61	193	1820955
7759	7357	970	62	191	1820965
7759	7314	972	62	191	1820975
7759	7267	972	62	191	1820985
7753	7215	972	61	191	1820995
7753	7164	975	61	189	1821005
7753	7114	974	60	189	1821015
7745	7065	973	60	189	1821025
7745	7018	975	60	189	1821035
7745	6976	976	60	187	1821045
7739	6940	974	60	187	1821055
7739	6906	975	60	187	1821065
7739	6876	973	60	185	1821075
7739	6847	975	60	185	1821085
7739	6821	976	60	185	1821095
7739	6802	976	60	185	1821105
7739	6787	976	60	185	1821115
7739	6778	976	60	183	1821135
7739	6768	983	60	183	1821405
7739	6762	994	61.7576	183.909	1821735
7739	6752	993	62	184	1821745
7739	6730	994	62	184	1821755
7739	6702	996	62	184	1821765
7739	6666	995	62	184	1821775
7745	6629	993	62	184	1821785
7745	6598	994	62	184	1821795
7753	6568	994	62	184	1821805
7753	6540	992	62	184	1821815
7753	6511	994	62	184	1821825
7753	6490	994	62	184	1821835
7753	6463	992	62	184	1821845
7753	6431	991	62	182	1821855
7753	6401	992	62	182	1821865
7745	6365	992	62	182	1821875
7745	6328	991	62	182	1821885
7745	6294	992	62	180	1821895
7738	6259	991	62	180	1821905
7738	6219	991	62	180	1821915
7738	6181	991	62	180	1821925
7738	6142	992	62	180	1821935
7738	6103	993	62	180	1821945
7730	6071	993	62	180	1821955
7730	6041	993	62	180	1821965
7730	6018	992	62	180	1821975
7730	5998	991	62	178	1821985
7730	5980	987	62	178	1821995
7730	5964	985	62	178	1822005
7730	5951	971	62	178	1822015
7730	5943	863	62	178	1822045
7730	5951	563	62	178	1822055
7730	5971	54	62	178	1822075
40
7314	6879	101	58	191	1822791
7314	6869	148	58	191	1822801
7320	6869	332	58	191	1822841
7328	6869	538	58.5	192	1822881
7335	6869	612	59	192	1822891
7341	6869	628	59	192	1822901
7350	6869	634	59	192	1822911
7360	6869	675	59	192	1822921
7371	6869	686	59	192	1822931
7383	6869	695	59	192	1822941
7396	6869	722	59	192	1822951
7410	6869	724	59	194	1822961
7423	6869	772	59	194	1822971
7432	6869	791	59	194	1822981
7443	6869	796	59	194	1822991
7456	6869	804	59	194	1823001
7473	6869	820	59	194	1823011
7495	6869	828	59	194	1823021
7517	6869	849	59	194	1823031
7538	6869	868	59	194	1823041
7557	6869	894	59	194	1823051
7574	6869	897	59	194	1823061
7591	6869	904	59	194	1823071
7606	6869	914	59	194	1823081
7623	6869	926	59	194	1823091
7640	6869	928	59	195	1823101
7656	6869	932	59	195	1823111
7673	6869	940	59	195	1823121
7689	6876	946	59	195	1823131
7702	6876	950	59	195	1823141
7713	6876	950	59	195	1823151
7723	6876	951	59	195	1823161
7732	6876	951	59	195	1823171
7741	6876	954	59	195	1823181
7749	6876	957	59	195	1823201
7757	6876	958	59	195	1823221
7765	6876	954	59	195	1823251
7772	6876	870	59	195	1823281
7756	6876	653	59	194	1823291
7734	6876	110	59	194	1823311
125
7733	6045	146	59	195	1824049
7741	6039	344	59	195	1824079
7741	6031	451	59	195	1824099
7741	6015	525	59	195	1824109
7734	5999	557	59	195	1824119
7734	5979	587	59	195	1824129
7725	5953	599	59	195	1824139
7725	5923	622	59	195	1824149
7725	5887	630	59	195	1824159
7725	5848	656	59	195	1824169
7718	5813	661	59	194	1824179
7718	5775	672	59	194	1824189
7718	5742	684	59	194	1824199
7718	5707	687	59	194	1824209
7718	5667	709	59	194	1824219
7718	5633	725	59	194	1824229
7718	5599	729	59	194	1824239
7718	5572	735	59	194	1824249
7711	5544	739	59	194	1824259
7711	5515	740	59	194	1824269
7711	5493	741	59	192	1824279
7705	5470	743	60	192	1824289
7705	5451	742	60	192	1824299
7705	5437	746	61	193	1824309
7705	5422	745	61	193	1824319
7705	5409	743	61	193	1824329
7705	5397	747	61	193	1824339
7705	5385	749	61	193	1824349
7705	5374	747	61	193	1824359
7705	5363	748	61	193	1824369
7705	5352	747	61	193	1824379
7705	5338	748	61	193	1824389
7705	5323	750	61	193	1824399
7705	5309	750	61	193	1824409
7705	5301	750	61	193	1824419
7705	5294	750	61	193	1824439
7705	5286	750	61	193	1824459
7705	5278	751	62	191	1824479
7705	5269	750	62	191	1824499
7705	5260	750	62	191	1824509
7705	5253	753	62	191	1824519
7705	5245	753	62	191	1824529
7705	5238	753	62	189	1824539
7705	5232	753	62	189	1824549
7705	5224	749	62	189	1824559
7705	5218	749	62	189	1824569
7705	5211	752	62	189	1824579
7705	5199	751	62	189	1824589
7712	5185	751	62	189	1824599
7712	5171	753	62	189	1824609
7712	5158	754	62	189	1824619
7712	5150	754	62	187.667	1824649
7719	5150	755	62	187	1824659
7719	5143	754	62	187	1824689
7719	5135	755	62	187	1824709
7719	5128	790	62	188.385	1824839
7730	5128	838	62	189	1824849
7743	5128	838	62	189	1824859
7761	5136	844	62	189	1824869
7784	5136	858	62	189	1824879
7812	5136	897	62	189	1824889
7840	5136	914	62	189	1824899
7874	5136	940	62	191	1824909
7912	5136	954	62	191	1824919
7953	5136	975	62	191	1824929
8005	5136	992	62	191	1824939
8060	5136	1019	62	191	1824949
8116	5136	1023	62	191	1824959
8170	5129	1023	62	191	1824969
8220	5129	1023	62	191	1824979
8259	5129	1023	62	191	1824989
8292	5129	1023	61	193	1824999
8328	5136	1023	60	192	1825009
8359	5136	1023	60	192	1825019
8391	5136	1023	59	192	1825029
8423	5136	1023	59	192	1825039
8455	5136	1023	59	192	1825049
8488	5136	1023	59	194	1825059
8520	5136	1023	59	194	1825069
8553	5136	1023	59	194	1825079
8578	5136	1023	59	194	1825089
8600	5136	1023	59	194	1825099
8620	5136	1023	59	195	1825109
8636	5136	1023	59	195	1825119
8653	5136	1023	59	195	1825129
8670	5127	1023	59	195	1825139
8686	5127	1023	59	195	1825149
8702	5116	1023	58	195	1825159
8720	5116	1023	58	195	1825169
8737	5104	1023	57	194	1825179
8758	5098	1023	57	194	1825189
8779	5098	1023	57	194	1825199
8802	5086	1023	57	196	1825209
8825	5086	1023	57	196	1825219
8845	5079	1023	57	196	1825229
8864	5079	1023	57	196	1825239
8884	5072	1023	57	196	1825249
8904	5072	1023	57	196	1825259
8926	5065	1023	57	196	1825269
8950	5065	1023	57	196	1825279
8968	5054	1023	57	196	1825289
8982	5054	1023	57	196	1825299
8997	5047	1023	57	196	1825309
9010	5047	1023	57	196	1825319
9024	5047	1023	57	196	1825329
9039	5047	1023	57	196	1825339
9053	5047	1023	57	196	1825349
9065	5047	1023	57	196	1825359
9076	5047	1023	57	196	1825369
9090	5047	1023	57	196	1825379
9100	5047	1023	57	196	1825389
9113	5047	1023	57	196	1825399
9128	5047	1023	57	196	1825409
9141	5047	1023	57	196	1825419
9155	5047	1023	57	196	1825429
9169	5047	1023	57	196	1825439
9181	5047	1023	57	196	1825449
9192	5047	1023	57	196	1825459
9200	5047	1023	57	196	1825479
9209	5047	1023	57	196	1825499
9215	5047	1023	57	196	1825539
9223	5047	1012	56.3333	195.5	1825599
9214	5039	861	55	195	1825609
9198	5039	673	55	195	1825619
9170	5025	127	55	195	1825639
32
9073	5339	59	56	203	1826371
9053	5346	110	56	203	1826381
9045	5346	177	56	203	1826391
9045	5353	252	56	203	1826401
9054	5353	332	56	203	1826421
9054	5360	408	56	203	1826431
9046	5360	460	56	203	1826441
9046	5367	634	56	203	1826521
9060	5356	736	57	204	1826531
9072	5343	743	57	204	1826541
9088	5321	757	58	205	1826551
9106	5286	768	58	205	1826561
9131	5239	779	58	205	1826571
9157	5173	788	57	203	1826581
9185	5086	798	57	203	1826591
9212	4985	815	56	202	1826601
9229	4868	829	56	202	1826611
9237	4751	836	56	200	1826621
9237	4639	843	56	200	1826631
9220	4540	847	56	200	1826641
9198	4458	850	57	199	1826651
9172	4392	856	57	199	1826661
9144	4340	857	58	198	1826671
9116	4298	865	58	196	1826681
9092	4266	875	59	197	1826691
9075	4243	882	59	195	1826701
9064	4229	891	59	194.5	1826721
9064	4221	919	59.7143	190.143	1826791
9071	4237	846	60	189	1826801
9080	4255	753	60	189	1826811
9091	4277	671	60	189	1826821
9102	4306	240	60	189	1826841
68
9091	5356	36	54	202	1827067
9073	5363	218	55	203	1827087
9065	5369	476	55	205	1827147
9065	5376	619	55	205	1827157
9072	5376	675	55	205	1827177
9084	5376	708	55	205	1827187
9096	5376	739	56	206	1827197
9110	5368	770	56	206	1827207
9128	5361	784	57	206	1827217
9149	5353	818	57	206	1827227
9175	5343	828	57	206	1827237
9208	5334	834	57	206	1827247
9249	5324	853	57	206	1827257
9297	5313	868	57	206	1827267
9352	5298	891	57	206	1827277
9414	5278	904	57	206	1827287
9475	5259	925	56	206	1827297
9537	5239	940	56	206	1827307
9594	5223	947	55	205	1827317
9643	5213	954	55	205	1827327
9690	5201	956	55	205	1827337
9733	5187	958	55	205	1827347
9775	5167	965	56	203	1827357
9821	5143	968	56	203	1827367
9868	5114	970	56	203	1827377
9914	5085	976	56	203	1827387
9959	5059	979	56	203	1827397
10000	5036	981	56	203	1827407
10034	5019	982	56	203	1827417
10067	5002	986	56	203	1827427
10095	4988	986	56	203	1827437
10119	4973	990	56	203	1827447
10141	4958	986	55	202	1827457
10161	4943	987	55	202	1827467
10185	4925	985	54	202	1827477
10202	4908	985	54	202	1827487
10219	4890	985	54	202	1827497
10231	4874	984	54	202	1827507
10239	4862	985	54	202	1827517
10239	4853	983	54	202	1827527
10247	4853	982	54	202	1827537
10247	4845	978	54	202	1827677
10247	4839	970	54	202	1827697
10247	4827	966	54	202	1827707
10247	4818	965	54	202	1827717
10247	4811	963	54	200	1827727
10240	4801	961	54	200	1827737
10226	4777	958	54	200	1827747
10204	4744	958	54	200	1827757
10169	4695	956	54	200	1827767
10119	4634	954	54	200	1827777
10055	4570	956	54	200	1827787
9976	4497	947	55	199	1827797
9891	4427	943	55	199	1827807
9800	4364	936	55	199	1827817
9709	4310	925	55	197	1827827
9616	4267	909	55	197	1827837
9525	4234	901	56	197	1827847
9439	4206	895	56	195	1827857
9362	4180	890	57	196	1827867
9299	4159	888	57	194	1827877
9247	4139	886	57	193	1827887
9206	4120	887	57	193	1827897
9172	4106	881	58	191	1827907
9145	4094	870	58	190	1827917
9125	4084	824	59	190	1827927
9110	4084	748	59	188	1827937
9102	4076	360	60	186.333	1827967
18
2596	4584	268	53	194	1832236
2590	4590	456	53	195	1832246
2598	4590	497	54	196	1832256
2610	4578	568	54	197	1832266
2625	4565	604	55	197	1832276
2638	4544	642	55	197	1832286
2647	4507	670	55	200	1832296
2658	4451	701	55	200	1832306
2665	4378	728	56	200	1832316
2665	4296	740	56	202	1832326
2675	4214	751	57	203	1832336
2675	4144	758	57	203	1832346
2675	4089	761	58	203	1832356
2675	4045	760	58	203	1832366
2675	4017	750	59	203	1832376
2675	4001	695	59.5	203	1832396
2675	4007	581	60	203	1832406
2663	4035	235	60	202	1832426
39
2632	4487	232	58	202	1832532
2623	4519	316	58	203	1832542
2623	4533	422	58	203	1832552
2623	4547	544	58	203	1832562
2630	4559	579	58	203	1832572
2630	4568	599	58	205	1832582
2630	4576	608	58	205	1832592
2637	4588	607	58	205	1832602
2637	4601	622	58	205	1832612
2650	4615	633	57	206	1832622
2663	4626	646	57	206	1832632
2685	4633	662	58	205	1832642
2716	4633	668	58	205	1832652
2757	4622	689	58	205	1832662
2806	4602	702	58	205	1832672
2858	4567	747	58	205	1832682
2906	4520	771	57	206	1832692
2948	4460	776	57	206	1832702
2977	4390	795	57	206	1832712
2994	4310	807	57	206	1832722
2994	4227	811	58	205	1832732
2983	4143	811	58	206	1832742
2956	4070	814	58	206	1832752
2920	4010	815	60	205	1832762
2874	3962	810	60	205	1832772
2827	3930	813	60	205	1832782
2780	3910	815	60	203	1832792
2739	3899	815	60	203	1832802
2706	3899	819	60	202	1832812
2682	3899	821	60	202	1832822
2667	3899	829	60	200	1832832
2659	3899	861	60.8	198	1832882
2669	3899	867	61	197	1832902
2683	3899	844	61	197	1832912
2693	3899	827	61	197	1832922
2703	3899	775	61	197	1832932
2715	3906	694	61	197	1832942
2726	3914	577	61	197	1832952
2735	3925	82	61	197	1832972
24
6154	4844	16	58	203	1835568
6163	4865	96	58	203	1835578
6173	4874	177	58	203	1835588
6173	4882	278	58	203	1835598
6180	4882	365	58	203	1835608
6180	4889	473	58	203	1835628
6180	4881	558	58	203	1835638
6180	4865	607	58	203	1835648
6180	4836	649	58	203	1835658
6180	4787	674	58	203	1835668
6180	4723	707	58	203	1835678
6180	4636	739	58	203	1835688
6189	4536	762	58	203	1835698
6189	4437	772	58	202	1835708
6198	4342	780	58	202	1835718
6198	4269	780	58	202	1835728
6198	4219	781	58	202	1835738
6198	4186	775	58	200	1835748
6198	4169	758	58	200	1835758
6198	4161	732	58	200	1835768
6191	4161	695	59	199	1835778
6191	4170	666	59	199	1835788
6181	4191	583	59	199	1835798
6175	4221	211	59	197	1835818
70
6175	4839	5	56	202	1836012
6167	4847	249	57	202.75	1836052
6167	4855	441	58	203	1836082
6167	4861	555	58	203	1836122
6177	4861	642	58	205	1836132
6177	4869	678	58	205	1836142
6184	4869	732	58	205	1836162
6195	4869	759	58	205	1836172
6202	4875	804	58	205	1836182
6212	4875	819	58	205	1836192
6225	4875	833	58	205	1836202
6241	4875	857	58	205	1836212
6260	4875	886	58	205	1836222
6285	4875	895	58	205	1836232
6310	4875	914	58	205	1836242
6341	4875	927	58	205	1836252
6375	4866	948	58	205	1836262
6416	4859	956	58	205	1836272
6463	4859	977	58	205	1836282
6512	4849	998	58	205	1836292
6570	4849	1008	58	205	1836302
6625	4841	1023	58	205	1836312
6678	4834	1023	58	205	1836322
6726	4828	1023	58	205	1836332
6768	4819	1023	58	205	1836342
6804	4810	1023	58	205	1836352
6830	4802	1023	58	205	1836362
6856	4795	1023	58	205	1836372
6877	4795	1023	58	205	1836382
6897	4782	1023	58	205	1836392
6918	4775	1023	58	205	1836402
6942	4766	1023	56	206	1836412
6962	4757	1023	56	206	1836422
6985	4746	1023	55	205	1836432
7008	4733	1023	55	205	1836442
7026	4718	1023	55	205	1836452
7045	4699	1023	55	205	1836462
7058	4685	1023	55	205	1836472
7066	4673	1023	55	205	1836482
7066	4666	1023	55	205	1836492
7074	4666	1023	55	205	1836502
7074	4643	1014	55	205	1836512
7074	4609	1008	55	205	1836522
7066	4564	1003	56	206	1836532
7059	4509	1003	56	206	1836542
7049	4454	1003	58	205	1836552
7031	4402	1001	58	205	1836562
7012	4349	996	58	205	1836572
6988	4297	996	58	203	1836582
6958	4247	994	58	203	1836592
6926	4199	992	58	203	1836602
6887	4156	992	58	202	1836612
6845	4117	989	58	202	1836622
6798	4084	985	58	200	1836632
6749	4059	982	58	200	1836642
6693	4036	978	59	199	1836652
6634	4021	971	59	197	1836662
6570	4013	970	59	197	1836672
6501	4013	966	59	195	1836682
6435	4013	963	59	194	1836692
6374	4013	964	59	194	1836702
6321	4019	963	59	192	1836712
6278	4019	963	59	192	1836722
6243	4019	964	60	190	1836732
6219	4019	963	60	190	1836742
6203	4019	963	60	190	1836752
6194	4019	963	60	190	1836782
6187	4019	964	60	189	1836812
6187	4013	795	60	189	1836862
6187	4026	0	60	189	1836882
94
7095	4454	55	59	199	1837572
7078	4447	173	58	200	1837602
7087	4440	296	58	200	1837632
7080	4440	343	58	201	1837652
7066	4440	374	58	202	1837662
7058	4440	374	58	202	1837672
7051	4440	384	58.5	202.5	1837692
7041	4447	398	59.5	203	1837712
7034	4447	415	60	203	1837722
7034	4454	439	60	203	1837742
7027	4454	547	60	203	1837812
7036	4454	646	60	203	1837822
7043	4454	697	60	203	1837832
7053	4463	709	60	203	1837842
7066	4463	726	60	203	1837852
7083	4471	743	60	203	1837862
7102	4478	764	60	203	1837872
7124	4484	780	60	203	1837882
7148	4492	806	60	203	1837892
7175	4500	818	60	203	1837902
7206	4500	834	60	203	1837912
7241	4512	845	60	205	1837922
7282	4518	850	60	205	1837932
7327	4518	855	60	205	1837942
7374	4530	859	60	205	1837952
7423	4530	868	59	204	1837962
7469	4537	871	59	204	1837972
7515	4537	881	58	205	1837982
7556	4537	887	58	205	1837992
7594	4537	889	58	205	1838002
7630	4529	903	58	205	1838012
7659	4529	906	58	205	1838022
7688	4519	910	57	206	1838032
7715	4519	911	57	206	1838042
7739	4513	918	57	206	1838052
7764	4513	917	57	206	1838062
7786	4513	921	57	206	1838072
7810	4513	922	57	206	1838082
7835	4506	921	57	206	1838092
7862	4506	927	57	208	1838102
7893	4506	925	57	208	1838112
7925	4506	930	57	208	1838122
7956	4506	932	57	208	1838132
7987	4506	932	57	208	1838142
8016	4506	934	57	208	1838152
8045	4506	935	57	208	1838162
8072	4506	935	57	208	1838172
8099	4506	941	57	208	1838182
8122	4506	938	56	209	1838192
8147	4506	942	56	209	1838202
8175	4513	944	56	208	1838212
8204	4513	942	56	208	1838222
8235	4513	944	55	207	1838232
8269	4513	943	55	207	1838242
8304	4513	943	55	207	1838252
8342	4513	941	55	207	1838262
8379	4520	942	55	207	1838272
8416	4520	941	55	207	1838282
8456	4520	942	54	209	1838292
8495	4528	942	54	209	1838302
8534	4528	943	54	209	1838312
8572	4528	942	54	209	1838322
8610	4528	942	54	209	1838332
8649	4528	942	54	209	1838342
8687	4528	942	54	209	1838352
8723	4528	943	54	208	1838362
8756	4538	942	54	208	1838372
8782	4538	942	53	207	1838382
8807	4538	944	53	207	1838392
8830	4538	943	53	207	1838402
8852	4538	945	53	207	1838412
8872	4538	943	53	207	1838422
8893	4538	943	53	207	1838432
8913	4538	944	53	207	1838442
8937	4538	945	53	207	1838452
8960	4538	944	53	207	1838462
8985	4538	943	53	207	1838472
9009	4538	944	53	207	1838482
9030	4538	944	52	206	1838492
9054	4544	945	52	206	1838502
9075	4544	943	51	205	1838512
9094	4544	943	51	205	1838522
9114	4544	943	51	205	1838532
9136	4544	944	51	205	1838542
9155	4544	944	51	205	1838552
9173	4538	942	51	205	1838562
9190	4538	944	51	205	1838572
9203	4538	944	51	205	1838582
9215	4538	943	51	205	1838592
9225	4538	943	51	205	1838602
9233	4538	938	51	206	1838622
9241	4538	820	51	207	1838662
9235	4530	530	51	207	1838672
9218	4518	22	51	205	1838692
6
4004	6598	33	58	205	1841172
4010	6598	67	58	205	1841182
4018	6598	110	58	205	1841202
4018	6605	165	58	205	1841242
4018	6613	169	58.6	206.6	1841292
4009	6613	33	59	208	1841322
163
3953	6667	55	58	205	1841580
3953	6659	309	57.8333	205.167	1841700
3960	6659	566	57	206	1841780
3960	6653	613	57	206	1841790
3960	6638	626	58	205	1841800
3960	6615	643	58	205	1841810
3960	6585	656	58	205	1841820
3960	6550	664	58	205	1841830
3960	6509	675	58	205	1841840
3960	6468	685	58	205	1841850
3966	6418	690	58	206	1841860
3966	6368	695	58	206	1841870
3966	6319	701	59	207	1841880
3975	6267	703	59	207	1841890
3975	6223	705	59	207	1841900
3975	6179	705	59	207	1841910
3981	6135	707	60	205	1841920
3981	6095	711	60	205	1841930
3981	6049	711	60	205	1841940
3981	6004	712	60	205	1841950
3988	5964	715	60	205	1841960
3988	5922	717	60	203	1841970
3988	5878	718	60	203	1841980
3988	5835	721	60	203	1841990
3988	5790	723	60	203	1842000
3988	5747	726	60	202	1842010
3988	5710	731	60	202	1842020
3988	5679	728	60	202	1842030
3988	5649	732	60	202	1842040
3988	5623	733	60	202	1842050
3988	5601	733	60	202	1842060
3988	5575	734	60	200	1842070
3988	5553	736	60	200	1842080
3988	5530	740	60	200	1842090
3988	5504	739	60	200	1842100
3995	5482	736	60	200	1842110
3995	5456	739	60	200	1842120
3995	5429	739	60	200	1842130
4003	5406	738	60	200	1842140
4003	5383	739	61	198	1842150
4003	5366	739	61	198	1842160
4003	5352	740	61	198	1842170
4003	5341	739	62	199	1842180
4003	5333	739	62	199	1842190
4003	5324	740	63	200	1842200
4003	5312	739	63	200	1842210
4003	5300	740	63	200	1842220
4003	5286	741	63	200	1842230
4003	5266	742	63	200	1842240
4003	5250	740	63	200	1842250
4009	5234	739	63	200	1842260
4009	5220	741	63	198	1842270
4009	5209	740	63	198	1842280
4009	5198	740	63	198	1842290
4009	5184	740	63	198	1842300
4009	5169	741	63	198	1842310
4009	5158	743	63	198	1842320
4009	5144	742	63	198	1842330
4009	5133	744	63	198	1842340
4009	5124	746	63	198	1842350
4009	5116	746	63	198	1842400
4009	5109	746	63	198	1842420
4009	5096	749	63	198	1842430
4002	5084	750	63	198	1842440
4002	5074	750	63	198	1842450
4002	5060	749	63	198	1842460
4002	5050	749	63	198	1842470
3993	5039	750	63	198	1842480
3993	5027	750	63	196	1842490
3993	5015	749	63	196	1842500
3993	4997	748	63	196	1842510
3993	4975	747	63	196	1842520
3993	4948	749	63	196	1842530
3993	4919	749	63	196	1842540
3993	4893	750	63	196	1842550
4000	4868	752	63	196	1842560
4000	4844	752	63	196	1842570
4000	4828	753	63	196	1842580
4000	4813	753	63	196	1842590
4000	4797	754	63	194	1842600
3992	4782	754	63	194	1842610
3992	4763	753	62	194	1842620
3986	4743	751	62	194	1842630
3986	4725	750	61	193	1842640
3986	4707	748	61	193	1842650
3979	4689	742	61	193	1842660
3979	4671	738	61	193	1842670
3979	4654	735	61	193	1842680
3979	4643	732	61	193	1842690
3973	4635	734	61	193	1842790
3973	4629	750	61	193	1842840
3982	4629	767	61	193	1842860
3997	4629	776	61	193	1842870
4011	4629	804	61	193	1842880
4030	4629	818	61	193	1842890
4054	4619	838	61	193	1842900
4085	4619	841	61	193	1842910
4124	4611	863	61	193	1842920
4168	4611	874	61	193	1842930
4215	4611	899	61	193	1842940
4267	4611	915	61	193	1842950
4320	4611	932	61	193	1842960
4374	4619	940	61	195	1842970
4431	4619	954	61	195	1842980
4491	4626	972	61	195	1842990
4553	4626	978	61	195	1843000
4612	4626	988	61	195	1843010
4672	4626	999	61	195	1843020
4725	4626	1008	61	197	1843030
4776	4626	1012	61	197	1843040
4826	4616	1017	61	197	1843050
4873	4616	1023	60	196	1843060
4915	4616	1023	60	198	1843070
4959	4616	1023	59	197	1843080
5001	4616	1023	59	197	1843090
5040	4622	1023	59	197	1843100
5079	4622	1023	59	197	1843110
5116	4622	1023	59	199	1843120
5155	4622	1023	59	199	1843130
5191	4610	1023	59	199	1843140
5230	4602	1023	59	199	1843150
5267	4593	1023	59	199	1843160
5303	4586	1023	58	200	1843170
5341	4579	1023	58	200	1843180
5376	4579	1023	58	200	1843190
5415	4568	1023	58	200	1843200
5453	4568	1023	58	200	1843210
5493	4558	1023	58	200	1843220
5532	4558	1023	58	202	1843230
5571	4548	1023	57	201	1843240
5610	4548	1023	57	201	1843250
5647	4540	1023	56	200	1843260
5687	4540	1023	56	200	1843270
5722	4529	1023	56	200	1843280
5758	4522	1023	56	200	1843290
5791	4515	1023	56	200	1843300
5824	4515	1023	56	200	1843310
5856	4506	1023	56	202	1843320
5886	4506	1023	56	202	1843330
5918	4498	1023	56	202	1843340
5950	4498	1023	56	202	1843350
5983	4486	1023	56	202	1843360
6015	4486	1023	56	202	1843370
6049	4478	1023	56	202	1843380
6080	4478	1023	56	202	1843390
6112	4478	1023	56	202	1843400
6142	4478	1023	56	202	1843410
6166	4478	1023	56	202	1843420
6195	4471	1023	55	201	1843430
6222	4471	1023	55	201	1843440
6251	4471	1023	54	200	1843450
6276	4471	1023	54	200	1843460
6294	4471	1023	55	199	1843470
6310	4462	1023	55	199	1843480
6320	4462	1023	55	199	1843490
6332	4462	1023	55	199	1843500
6346	4462	1023	55	199	1843510
6359	4462	1023	55	199	1843520
6372	4462	1023	55	199	1843530
6382	4462	1023	55	197	1843540
6390	4462	973	55	197	1843590
6375	4462	689	55	197	1843600
6337	4462	134	55	197	1843620
105
2984	4191	119	60	202	1844496
2997	4191	343	60	202	1844586
2997	4184	606	60	202	1844626
3007	4184	665	60	202	1844636
3014	4184	687	60	202	1844646
3023	4184	711	60	202	1844656
3032	4178	727	60	202	1844666
3043	4178	743	60	202	1844676
3053	4170	763	60	202	1844686
3064	4170	788	60	202	1844696
3076	4170	795	60	202	1844706
3090	4170	805	60	202	1844716
3105	4170	834	60	203	1844726
3121	4170	854	60	203	1844736
3139	4170	881	60	203	1844746
3159	4170	893	60	203	1844756
3180	4170	903	60	203	1844766
3197	4163	913	60	203	1844776
3210	4163	924	60	203	1844786
3217	4163	936	60	203	1844816
3228	4163	943	60	203	1844826
3237	4163	942	60	203	1844836
3248	4169	949	60	203	1844846
3260	4169	951	60	203	1844856
3274	4169	956	60	203	1844866
3289	4169	958	60	203	1844876
3305	4169	959	60	203	1844886
3323	4169	964	60	203	1844896
3342	4169	966	60	203	1844906
3360	4169	968	60	203	1844916
3378	4169	972	60	203	1844926
3396	4169	979	60	203	1844936
3414	4169	978	60	203	1844946
3431	4169	979	60	203	1844956
3448	4169	980	60	203	1844966
3465	4169	980	60	203	1844976
3480	4176	982	60	203	1844986
3496	4176	985	60	203	1844996
3510	4176	986	60	203	1845006
3520	4176	993	60	203	1845016
3529	4176	999	60	203	1845026
3536	4176	1005	60	203	1845046
3546	4176	1008	60	203	1845056
3555	4176	1009	60	203	1845066
3566	4176	1009	60	203	1845076
3583	4176	1011	60	203	1845086
3601	4176	1014	60	203	1845096
3621	4176	1017	60	203	1845106
3644	4176	1018	60	203	1845116
3666	4176	1023	60	203	1845126
3688	4169	1023	60	205	1845136
3706	4169	1023	60	205	1845146
3722	4169	1023	60	205	1845156
3737	4169	1023	60	205	1845166
3756	4169	1023	60	205	1845176
3778	4169	1023	60	205	1845186
3801	4169	1023	60	205	1845196
3823	4169	1023	60	205	1845206
3843	4169	1023	60	205	1845216
3863	4169	1023	60	205	1845226
3880	4169	1023	60	205	1845236
3895	4169	1023	60	205	1845246
3908	4169	1023	60	205	1845256
3922	4169	1023	60	205	1845266
3934	4162	1023	60	205	1845276
3945	4162	1023	60	205	1845286
3955	4162	1023	60	205	1845296
3961	4162	1023	60	205	1845306
3971	4162	1023	60	205	1845316
3981	4162	1023	60	205	1845326
3990	4155	1023	60	205	1845336
4000	4155	1023	60	205	1845346
4007	4155	1023	60	205	1845356
4019	4155	1023	60	205	1845366
4034	4155	1023	60	205	1845376
4051	4155	1023	60	205	1845386
4069	4155	1023	60	205	1845396
4087	4155	1023	60	205	1845406
4105	4155	1023	60	205	1845416
4122	4155	1023	60	205	1845426
4143	4146	1023	60	205	1845436
4166	4146	1023	60	205	1845446
4189	4146	1023	60	205	1845456
4214	4139	1023	60	205	1845466
4234	4139	1023	60	205	1845476
4252	4139	1023	60	205	1845486
4272	4139	1023	60	205	1845496
4289	4139	1023	60	205	1845506
4305	4139	1023	60	205	1845516
4320	4139	1023	60	205	1845526
4327	4139	1023	60	205	1845566
4335	4139	1023	60	205	1845576
4335	4132	1023	59	207	1845586
4344	4132	1023	59	207	1845596
4353	4132	1023	59	207	1845606
4366	4132	1023	59	207	1845616
4382	4132	1023	59	207	1845626
4398	4132	1023	59	207	1845636
4411	4125	1023	59	207	1845646
4423	4125	1023	59	207	1845656
4435	4125	1023	59	207	1845666
4445	4125	1023	59	207	1845676
4454	4125	1023	59	207	1845686
4460	4125	893	59.75	205.5	1845726
4446	4104	70	59.5	204.5	1845746
22
4428	4321	181	60	203	1846292
4440	4337	275	60	203	1846302
4447	4345	372	60	203	1846312
4455	4354	478	60	203	1846322
4461	4354	552	60	205	1846332
4461	4362	608	60	205	1846352
4461	4346	660	60	205	1846362
4461	4319	702	60	205	1846372
4461	4279	743	60	205	1846382
4461	4224	785	60	203	1846392
4461	4153	818	60	203	1846402
4461	4073	850	60	203	1846412
4461	3989	862	60	203	1846422
4461	3914	864	60	203	1846432
4461	3855	865	60	202	1846442
4461	3814	861	60	202	1846452
4453	3790	845	60	202	1846462
4453	3778	809	60	202	1846472
4445	3778	732	60	200	1846492
4445	3803	629	60	200	1846502
4445	3836	485	60	200	1846512
4453	3881	51	60.5	199	1846532
46
4455	4278	170	59	201	1846656
4455	4291	244	60	202	1846666
4455	4298	347	60	203	1846676
4455	4304	403	60	203	1846686
4462	4304	421	60	203	1846696
4462	4315	436	60	203	1846716
4462	4325	502	60	205	1846736
4462	4332	702	60	205.167	1846796
4470	4332	800	60	206	1846806
4470	4324	816	61	207	1846816
4487	4317	818	61	207	1846826
4501	4307	851	61	207	1846836
4520	4298	860	61	207	1846846
4546	4287	865	60	206	1846856
4578	4272	887	60	206	1846866
4619	4253	904	60	205	1846876
4665	4229	915	60	205	1846886
4717	4202	932	60	205	1846896
4770	4176	939	60	205	1846906
4824	4151	941	60	205	1846916
4870	4128	944	60	205	1846926
4907	4107	947	60	203	1846936
4934	4093	952	60	203	1846946
4948	4083	954	59	203	1846956
4956	4083	954	59	203	1846966
4956	4077	951	58	202	1847046
4949	4069	950	58	202	1847056
4937	4061	949	58	202	1847066
4922	4048	948	58	200	1847076
4902	4025	949	58	200	1847086
4875	3993	949	58	200	1847096
4844	3955	948	58	200	1847106
4806	3909	948	58	200	1847116
4764	3865	946	58	200	1847126
4719	3825	945	58	200	1847136
4671	3789	940	58	200	1847146
4624	3762	941	58	200	1847156
4585	3741	943	59	199	1847166
4556	3728	943	59	199	1847176
4538	3720	941	59	199	1847186
4530	3720	946	60	198.625	1847266
4539	3720	877	61	198	1847276
4547	3720	820	61	198	1847286
4559	3730	688	61	198	1847296
4572	3740	565	61	198	1847306
4585	3755	66	60.5	199	1847326
38
4964	4148	62	58	203	1847560
4980	4140	84	58	203	1847570
5000	4140	149	58	203	1847580
5008	4140	232	58	203	1847590
5014	4140	318	58	203	1847610
5014	4153	418	58	203	1847620
5021	4160	484	58	203	1847630
5021	4168	563	58	203	1847660
5014	4168	625	58	203	1847670
5008	4168	642	58	203	1847680
4995	4168	658	58	203	1847690
4982	4154	666	58	203	1847700
4967	4139	685	58	202	1847710
4952	4117	698	58	202	1847720
4939	4093	710	58	202	1847730
4930	4069	715	58	202	1847740
4930	4049	716	58	202	1847750
4930	4035	720	58	202	1847760
4941	4026	721	58	202	1847770
4959	4017	725	58	202	1847780
4983	4017	727	58	202	1847790
5010	4024	749	58	202	1847800
5040	4040	772	58	202	1847810
5063	4062	787	58	202	1847820
5080	4085	796	58	202	1847830
5088	4102	793	58	202	1847840
5088	4113	793	58	202	1847850
5082	4125	793	58	202	1847860
5070	4134	793	58	202	1847870
5056	4145	795	58	202	1847880
5041	4155	794	58	202	1847890
5027	4155	794	58	202	1847900
5016	4164	794	58	202	1847910
5007	4164	788	58	202	1847930
4997	4164	754	58	202	1847950
4997	4155	682	58	203	1847970
4997	4144	564	58	203	1847980
4997	4137	165	58	203	1848000
69
5156	4112	36	56	203	1848176
5149	4103	160	56	202	1848186
5142	4103	250	56	202	1848196
5142	4094	379	56	202	1848216
5142	4086	456	56	202	1848226
5133	4086	620	56.7273	202.455	1848336
5127	4086	776	58	203	1848596
5133	4086	919	58	203	1848616
5145	4086	935	58	203	1848626
5156	4086	939	58	203	1848636
5168	4093	951	58	203	1848646
5182	4093	954	58	203	1848656
5199	4093	960	58	203	1848666
5217	4100	965	58	203	1848676
5235	4100	975	58	203	1848686
5255	4100	982	58	203	1848696
5275	4100	984	58	203	1848706
5296	4108	981	58	203	1848716
5320	4108	985	58	203	1848726
5344	4120	986	58	203	1848736
5369	4120	988	58	203	1848746
5392	4130	990	58	203	1848756
5415	4130	994	58	203	1848766
5439	4138	998	58	203	1848776
5461	4138	1013	58	203	1848786
5485	4138	1009	58	203	1848796
5509	4144	1015	58	203	1848806
5535	4144	1023	58	203	1848816
5561	4144	1023	58	203	1848826
5587	4156	1023	58	203	1848836
5611	4163	1023	58	203	1848846
5638	4163	1023	57	203	1848856
5668	4174	1023	57	203	1848866
5697	4174	1023	56	202	1848876
5728	4174	1023	56	202	1848886
5753	4181	1023	56	202	1848896
5775	4181	1023	56	202	1848906
5794	4181	1023	56	203	1848916
5809	4181	1023	56	203	1848926
5824	4181	1023	56	203	1848936
5837	4181	1023	56	203	1848946
5851	4188	1023	56	203	1848956
5865	4188	1023	56	203	1848966
5880	4188	1023	56	203	1848976
5897	4188	1023	56	203	1848986
5915	4188	1023	56	203	1848996
5935	4188	1023	56	203	1849006
5955	4188	1023	56	203	1849016
5977	4188	1023	56	203	1849026
5997	4188	1023	56	203	1849036
6014	4188	1023	56	203	1849046
6025	4188	1023	56	203	1849056
6032	4188	1023	56	203	1849076
6039	4188	1023	56	203	1849096
6053	4196	1023	56	203	1849106
6068	4196	1023	56	203	1849116
6088	4196	1023	56	203	1849126
6113	4196	1023	56	203	1849136
6133	4196	1023	56	203	1849146
6154	4204	1023	56	203	1849156
6176	4204	1023	56	203	1849166
6192	4211	1023	56	203	1849176
6210	4211	1023	56	203	1849186
6222	4220	1023	55	205	1849196
6229	4220	1023	55	205	1849206
6236	4220	1015	55	205	1849276
6226	4220	907	55	205	1849286
6207	4220	762	56	203	1849296
6167	4210	202	56	203	1849316
15
6210	4185	24	58	203	1850456
6210	4202	136	58	203	1850466
6210	4209	255	58	203	1850476
6219	4209	347	58	203	1850486
6219	4216	425	58	203	1850526
6219	4207	484	58	203	1850536
6219	4190	539	58	203	1850546
6212	4167	568	58	203	1850556
6212	4135	603	58	203	1850566
6212	4099	613	58	203	1850576
6212	4063	630	58	203	1850586
6225	4027	629	58	202	1850596
6233	3995	615	58	202	1850606
6240	3971	557	58	202	1850616
6240	3959	170	58	202	1850636
22
11524	7749	350	61	197	1853748
11506	7755	600	61	197.25	1853788
11516	7755	749	61	198	1853808
11529	7737	769	61	198	1853818
11540	7710	776	61	198	1853828
11556	7667	793	61	198	1853838
11577	7615	806	61	198	1853848
11600	7541	804	61	198	1853858
11628	7446	819	61	198	1853868
11655	7344	827	61	198	1853878
11677	7231	841	61	198	1853888
11696	7121	854	61	197	1853898
11703	7027	874	61	197	1853908
11703	6944	884	61	197	1853918
11693	6870	889	61	195	1853928
11677	6813	883	61	195	1853938
11659	6768	882	61	195	1853948
11641	6735	881	61	193	1853958
11628	6717	877	61	193	1853968
11620	6707	882	62	189.5	1854088
11620	6714	681	62	189	1854098
11620	6735	223	62	189	1854118
33
11709	7833	223	58	193	1854356
11693	7833	318	59	195	1854366
11693	7840	468	59	195	1854376
11685	7840	549	59	195	1854386
11685	7832	626	59	197	1854416
11685	7825	736	59	197	1854476
11694	7817	818	59	197	1854486
11704	7807	832	59	197	1854496
11720	7787	848	59	197	1854506
11739	7758	855	59	197	1854516
11758	7718	870	59	197	1854526
11782	7666	876	59	197	1854536
11805	7599	877	59	197	1854546
11828	7513	877	59	197	1854556
11853	7412	885	59	197	1854566
11871	7304	890	59	197	1854576
11883	7191	894	59	197	1854586
11883	7079	899	59	195	1854596
11883	6976	901	59	195	1854606
11875	6882	902	59	195	1854616
11860	6804	901	59	194	1854626
11842	6740	903	59	194	1854636
11825	6690	903	59	194	1854646
11810	6649	906	59	192	1854656
11798	6616	914	59	192	1854666
11798	6595	921	59	192	1854676
11788	6582	928	60	190	1854686
11788	6574	941	60	189.4	1854736
11788	6585	929	60	189	1854746
11795	6606	897	60	189	1854756
11803	6632	786	60	189	1854766
11809	6662	633	61	189	1854776
11809	6697	59	61	189	1854796
81
11706	7794	42	59	197	1855048
11706	7806	394	59	197	1855078
11714	7814	640	59	197.667	1855108
11720	7822	772	59	199	1855128
11727	7822	816	59	199	1855138
11734	7822	847	59	199	1855148
11744	7822	883	59	199	1855158
11758	7815	885	59	199	1855168
11774	7815	911	59	199	1855178
11797	7802	931	59	199	1855188
11825	7795	947	59	199	1855198
11858	7783	969	59	199	1855208
11898	7777	976	59	199	1855218
11943	7770	986	59	199	1855228
11996	7759	991	59	199	1855238
12052	7751	1003	59	199	1855248
12107	7737	1010	58	200	1855258
12156	7723	1016	58	200	1855268
12202	7710	1023	58	200	1855278
12242	7695	1023	58	200	1855288
12278	7682	1023	58	200	1855298
12316	7669	1023	58	200	1855308
12354	7654	1023	58	200	1855318
12396	7636	1023	58	200	1855328
12440	7612	1023	58	202	1855338
12484	7585	1023	58	202	1855348
12530	7556	1023	58	202	1855358
12570	7528	1023	58	202	1855368
12610	7508	1023	58	202	1855378
12650	7483	1023	58	202	1855388
12685	7463	1023	58	202	1855398
12718	7442	1023	58	202	1855408
12750	7420	1023	58	202	1855418
12775	7402	1023	58	202	1855428
12798	7385	1023	58	202	1855438
12818	7369	1023	58	202	1855448
12833	7359	1023	58	202	1855458
12842	7352	1023	58	202	1855478
12852	7352	1023	58	202	1855488
12858	7346	1023	57	201	1855498
12867	7346	1023	57	201	1855508
12876	7339	1023	56	200	1855518
12885	7339	1023	56	200	1855538
12894	7333	1023	57	199	1855588
12900	7333	1023	57	199	1855648
12911	7326	1023	57	199	1855658
12917	7326	1023	57	199	1855668
12927	7326	1023	57	199	1855678
12937	7315	1023	57	199	1855688
12945	7315	1023	57	199	1855698
12952	7303	1023	57	199	1855718
12952	7293	1023	57	199	1855728
12960	7293	1023	57	199	1855748
12960	7287	1023	57	199	1855838
12944	7268	1023	57	199	1855848
12921	7241	1023	57	197	1855858
12886	7202	1023	57	197	1855868
12836	7146	1023	57	197	1855878
12776	7080	1023	57	197	1855888
12708	7009	1023	57	197	1855898
12632	6934	1023	57	196	1855908
12549	6863	1023	57	196	1855918
12457	6802	1023	57	196	1855928
12363	6750	1023	58	195	1855938
12273	6707	1023	58	195	1855948
12196	6673	1023	59	195	1855958
12135	6644	1023	59	195	1855968
12087	6622	1023	59	194	1855978
12048	6600	1023	59	194	1855988
12018	6583	1023	59	194	1855998
11992	6568	1023	59	192	1856008
11968	6556	1007	59	192	1856018
11942	6550	995	59	192	1856028
11916	6550	980	60	192	1856038
11894	6542	960	60	192	1856048
11876	6542	957	61	193	1856058
11860	6534	948	61	193	1856068
11850	6527	925	61	193	1856078
11840	6520	885	61	193	1856088
11833	6512	766	61.5	192	1856108
11823	6504	169	62	191	1856138
25
12914	7275	96	57	197	1857656
12891	7268	144	57	197	1857666
12885	7268	267	57	197	1857676
12895	7268	540	58.6667	198.889	1857766
12902	7268	721	59	199	1857776
12915	7280	803	59	199	1857786
12927	7287	832	59	199	1857796
12945	7294	851	59	199	1857806
12970	7294	861	59	199	1857816
13002	7294	884	59	199	1857826
13048	7303	896	59	199	1857836
13102	7303	905	59	199	1857846
13163	7309	920	58	200	1857856
13235	7309	928	58	200	1857866
13308	7309	961	58	200	1857876
13381	7309	982	58	200	1857886
13446	7309	993	58	200	1857896
13497	7298	999	58	200	1857906
13534	7298	1002	58	200	1857916
13556	7290	1001	58	200	1857926
13569	7290	963	57	199	1857976
13562	7290	830	57	199	1857986
13549	7290	722	57	199	1857996
13527	7282	573	57	199	1858006
13496	7275	45	57	199	1858026
22
13740	7589	287	56	202	1858304
13733	7598	358	56	202	1858314
13725	7598	496	56	202	1858324
13740	7598	568	56	203	1858334
13740	7604	623	56	203	1858344
13748	7604	679	56	203	1858364
13757	7597	740	56	203	1858374
13764	7597	755	55	205	1858384
13775	7578	776	55	205	1858394
13793	7556	776	55	205	1858404
13819	7519	784	55	205	1858414
13852	7470	787	55	205	1858424
13886	7420	799	55	205	1858434
13916	7371	803	55	205	1858444
13941	7330	808	55	205	1858454
13962	7299	806	55	205	1858464
13977	7276	803	55	205	1858474
13987	7264	803	55	205	1858484
13994	7264	730	55.8	203.4	1858534
13986	7264	582	56	203	1858544
13980	7264	494	56	203	1858554
13972	7273	138	56	203	1858574
22
14085	7548	339	56	203	1858648
14125	7615	453	55	202	1858658
14146	7637	586	55	204	1858668
14170	7656	658	55	204	1858678
14190	7668	701	55	204	1858688
14201	7668	712	55	205	1858698
14201	7677	712	55	206	1858718
14190	7652	718	55	206	1858728
14170	7613	734	55	207	1858738
14138	7547	739	55	207	1858748
14097	7455	743	55	207	1858758
14051	7351	753	55	207	1858768
14004	7243	754	55	207	1858778
13962	7142	755	55	207	1858788
13925	7058	754	55	206	1858798
13898	6991	753	55	206	1858808
13881	6946	754	55	206	1858818
13872	6922	749	55	205	1858828
13872	6912	708	55	205	1858848
13878	6933	613	56	203	1858858
13888	6959	491	56	203	1858868
13897	6989	66	56	202	1858888
109
9728	9036	141	57	206	1859713
9721	9036	224	57	206	1859723
9713	9036	592	57.625	205.375	1859802
9713	9029	799	58	206	1859822
9724	9029	813	59	207	1859832
9732	9029	832	59	207	1859842
9738	9022	845	59	207	1859852
9745	9022	854	59	207	1859862
9751	9022	864	59	207	1859872
9759	9022	870	59	207	1859882
9770	9022	894	59	207	1859892
9785	9022	910	59	207	1859902
9804	9022	914	59	207	1859912
9832	9022	920	59	207	1859922
9866	9022	928	59	207	1859932
9907	9028	941	59	207	1859942
9953	9028	943	59	208	1859952
10001	9040	952	59	208	1859962
10050	9040	957	59	208	1859972
10095	9047	956	59	208	1859982
10141	9047	958	59	208	1859992
10184	9057	960	59	208	1860002
10224	9057	960	59	208	1860012
10259	9057	963	59	208	1860022
10288	9063	961	59	208	1860032
10310	9063	962	59	208	1860042
10326	9063	962	59	208	1860052
10337	9063	962	59	208	1860062
10344	9063	948	58.2727	209.455	1860172
10344	9052	929	58	210	1860182
10344	9036	927	58	210	1860192
10344	9002	926	58	210	1860202
10344	8957	926	58	209	1860212
10344	8894	926	58	207	1860222
10344	8824	926	57	206	1860232
10344	8751	925	57	206	1860242
10344	8668	926	57	206	1860252
10353	8583	925	57	206	1860262
10353	8490	925	57	206	1860272
10361	8398	926	57	206	1860282
10361	8310	928	58	205	1860292
10361	8232	926	58	205	1860302
10361	8157	926	58	205	1860312
10352	8086	927	58	203	1860322
10352	8023	927	58	203	1860332
10352	7963	926	58	203	1860342
10352	7912	928	58	202	1860352
10352	7873	927	58	202	1860362
10352	7838	927	58	202	1860372
10352	7810	927	58	200	1860382
10352	7793	927	58	200	1860392
10352	7778	928	58	200	1860402
10360	7769	927	58	200	1860422
10360	7757	929	59	199	1860432
10369	7748	927	59	199	1860442
10369	7735	927	59	199	1860452
10382	7717	927	59	199	1860462
10392	7700	926	59	199	1860472
10402	7684	927	59	199	1860482
10410	7670	927	59	199	1860492
10410	7656	925	59	199	1860502
10421	7638	925	59	199	1860512
10421	7618	923	59	199	1860522
10428	7590	922	58	200	1860532
10428	7562	925	58	200	1860542
10436	7541	925	58	200	1860552
10436	7526	925	58	200	1860572
10436	7519	933	58	200	1860682
10443	7519	949	58	200	1860692
10452	7519	949	58	200	1860702
10464	7519	949	58	200	1860712
10482	7519	950	58	200	1860722
10505	7519	951	58	200	1860732
10534	7511	951	58	200	1860742
10570	7502	953	58	200	1860752
10613	7491	954	58	200	1860762
10660	7479	954	58	200	1860772
10707	7472	955	58	202	1860782
10759	7472	957	58	202	1860792
10812	7465	959	58	202	1860802
10867	7465	964	58	202	1860812
10920	7457	984	58	202	1860822
10972	7457	992	58	202	1860832
11021	7447	1000	58	202	1860842
11065	7440	1023	58	202	1860852
11107	7440	1023	58	202	1860862
11145	7431	1023	58	202	1860872
11179	7431	1023	58	202	1860882
11211	7431	1023	58	202	1860892
11241	7431	1023	58	202	1860902
11265	7431	1023	58	203	1860912
11293	7431	1023	57	203	1860922
11321	7431	1023	57	203	1860932
11350	7431	1023	56	202	1860942
11377	7431	1023	56	202	1860952
11404	7423	1023	56	203	1860962
11428	7423	1023	56	203	1860972
11451	7423	1023	56	203	1860982
11477	7417	1023	56	203	1860992
11502	7417	1023	56	203	1861002
11524	7408	1023	56	203	1861012
11549	7401	1023	56	203	1861022
11571	7394	1023	56	203	1861032
11589	7394	1023	56	203	1861042
11604	7385	1023	56	203	1861052
11612	7385	1023	56	202.5	1861072
11620	7385	965	56	202	1861162
11610	7378	556	56	202	1861172
11596	7371	58	56	202	1861192
92
11843	6889	109	55	197	1861665
11861	6906	209	55	197	1861675
11870	6913	316	55	197	1861685
11880	6919	409	55	197	1861695
11888	6919	480	55	197	1861705
11888	6928	521	55	197	1861715
11895	6928	565	55	197	1861745
11887	6935	601	55	197	1861765
11877	6935	615	55	197	1861775
11870	6935	629	55	197	1861785
11860	6935	657	55	197	1861795
11841	6935	686	55	197	1861805
11816	6935	694	55	197	1861815
11778	6922	701	55	197	1861825
11728	6912	711	55	197	1861835
11664	6898	717	56	198	1861845
11587	6884	721	56	198	1861855
11493	6872	725	57	199	1861865
11391	6862	729	57	199	1861875
11283	6854	728	57	199	1861885
11174	6854	731	57	199	1861895
11070	6844	732	57	199	1861905
10972	6837	732	57	199	1861915
10884	6828	741	57	197	1861925
10807	6820	748	57	197	1861935
10744	6810	755	57	197	1861945
10692	6803	754	57	197	1861955
10651	6803	770	58	198	1861965
10620	6795	778	58	196	1861975
10594	6795	784	59	197	1861985
10577	6795	790	59	197	1861995
10567	6795	800	59	197	1862015
10560	6795	828	59	197	1862114
10560	6788	836	59	197	1862124
10560	6778	839	59	197	1862134
10560	6760	840	59	197	1862144
10560	6728	840	59	197	1862154
10560	6687	838	59	197	1862164
10571	6632	838	59	197	1862174
10571	6568	839	59	197	1862184
10585	6493	833	59	197	1862194
10594	6409	835	59	197	1862204
10601	6329	836	59	195	1862214
10609	6252	837	59	195	1862224
10616	6180	838	59	195	1862234
10616	6112	837	59	195	1862244
10624	6042	838	59	194	1862254
10624	5975	839	59	194	1862264
10624	5908	837	59	194	1862274
10624	5845	838	59	192	1862284
10624	5786	836	59	192	1862294
10624	5726	836	59	192	1862304
10624	5673	836	59	192	1862314
10624	5623	833	60	190	1862324
10624	5573	833	60	190	1862334
10624	5521	834	60	190	1862344
10624	5462	834	60	190	1862354
10624	5403	835	60	190	1862364
10624	5345	836	60	189	1862374
10635	5288	836	60	189	1862384
10635	5236	834	60	189	1862394
10641	5190	835	60	189	1862404
10641	5151	835	60	189	1862414
10641	5121	833	60	189	1862424
10641	5096	834	60	189	1862434
10641	5075	837	60	187	1862444
10634	5055	837	60	187	1862454
10634	5038	837	60	187	1862464
10634	5022	839	60	187	1862474
10634	5007	840	60	185	1862484
10634	4994	843	60	185	1862494
10634	4984	844	60	185	1862514
10634	4975	845	60	185	1862534
10634	4960	845	60	183	1862544
10634	4944	846	60	183	1862554
10634	4923	843	60	183	1862564
10640	4904	844	60	183	1862574
10640	4888	844	60	183	1862584
10640	4878	842	60	183	1862604
10640	4872	846	60	182.267	1862754
10629	4861	850	60	182	1862764
10618	4861	850	60	182	1862774
10602	4850	849	60	182	1862784
10582	4850	846	60	182	1862794
10561	4844	845	60	182	1862804
10539	4844	840	60	182	1862814
10515	4844	833	60	182	1862824
10488	4844	817	60	182	1862834
10463	4844	783	60	182	1862844
10437	4844	708	60	182	1862854
10410	4855	528	60	182	1862864
10389	4868	25	60	180	1862884
