52
23
15759	19414	216	62	216	1036222
15742	19396	265	62	216	1036232
15742	19387	373	63	217	1036242
15735	19380	484	63	217	1036262
15735	19374	633	63	218.5	1036302
15745	19374	720	63	219	1036312
15758	19374	747	63	219	1036322
15775	19381	799	63	219	1036332
15795	19381	858	63	219	1036342
15823	19391	866	63	219	1036352
15855	19391	873	63	219	1036362
15892	19399	889	63	219	1036372
15930	19399	892	63	219	1036382
15965	19399	892	62	220	1036392
15992	19406	892	62	220	1036402
16012	19406	890	62	220	1036412
16026	19414	884	62	220	1036422
16033	19414	858	62	220	1036452
16024	19414	817	62	220	1036462
16007	19414	769	62	220	1036472
15984	19397	705	62	220	1036482
15956	19380	569	62	220	1036492
15928	19362	84	62	220	1036512
18
15696	19037	59	65	212	1036778
15683	19030	122	65	211	1036798
15675	19030	497	65.1429	210.143	1036868
15686	19030	754	66	211	1036878
15695	19030	767	67	212	1036888
15708	19030	777	67	212	1036898
15727	19036	801	67	212	1036908
15750	19036	826	67	212	1036918
15780	19046	851	67	212	1036928
15817	19046	861	66	211	1036938
15855	19056	880	66	211	1036948
15896	19056	880	65	212	1036958
15930	19056	887	65	212	1036968
15956	19056	885	65	212	1036978
15972	19056	877	65	212	1036988
15979	19056	809	65	212	1037008
15979	19063	708	65	212	1037018
15956	19063	224	65	212	1037038
27
15934	19623	373	62.8	218.6	1037530
15944	19631	642	63	219	1037550
15953	19631	693	63	219	1037570
15965	19622	709	63	219	1037580
15975	19604	720	63	219	1037590
15989	19578	740	63	219	1037600
16005	19539	747	63	219	1037610
16025	19486	771	63	219	1037620
16048	19424	794	63	220	1037630
16070	19353	807	63	220	1037640
16090	19275	816	64	222	1037650
16103	19194	827	65	220	1037660
16103	19116	832	65	220	1037670
16103	19046	837	65	220	1037680
16103	18988	839	65	218	1037690
16087	18943	838	65	218	1037700
16072	18909	837	65	218	1037710
16057	18881	838	66	216	1037720
16044	18863	838	66	216	1037730
16033	18849	838	66	214	1037740
16025	18838	840	66	214	1037750
16025	18832	845	67	212	1037760
16019	18832	848	67	212	1037770
16019	18825	830	67.3333	209.333	1037800
16026	18838	748	68	208	1037810
16033	18850	662	68	208	1037820
16040	18866	223	68	208	1037840
51
16005	19547	126	62	213	1038078
15993	19547	234	62	216	1038088
15993	19555	437	62.75	216.75	1038128
15993	19562	602	63	217	1038148
16000	19562	664	64	220.8	1038198
16006	19562	716	64	222	1038218
16015	19562	743	64	222	1038228
16023	19562	748	64	222	1038238
16034	19562	767	64	222	1038248
16046	19562	778	64	222	1038258
16063	19562	780	64	222	1038268
16082	19554	785	64	222	1038278
16107	19554	790	64	222	1038288
16138	19539	791	64	222	1038298
16177	19528	796	64	222	1038308
16223	19515	807	64	222	1038318
16277	19500	823	64	222	1038328
16335	19486	830	64	222	1038338
16395	19470	833	64	222	1038348
16453	19455	840	63	220	1038358
16509	19440	844	63	220	1038368
16564	19426	844	63	219	1038378
16615	19414	844	63	219	1038388
16662	19400	840	63	219	1038398
16699	19389	842	62	220	1038408
16725	19380	842	62	220	1038418
16740	19380	843	62	220	1038428
16740	19373	842	62	220	1038438
16747	19373	833	61.4	219	1038538
16747	19360	822	61	218	1038548
16738	19350	822	61	218	1038558
16727	19330	824	61	218	1038568
16710	19301	824	61	218	1038578
16688	19263	825	61	216	1038588
16658	19214	822	61	216	1038598
16623	19161	822	61	216	1038608
16583	19107	822	62	214	1038618
16540	19056	818	62	214	1038628
16493	19008	817	62	214	1038638
16446	18970	817	63	214	1038648
16398	18935	818	63	214	1038658
16352	18907	818	64	214	1038668
16309	18885	820	64	214	1038678
16271	18867	820	65	212	1038688
16241	18857	818	65	212	1038698
16217	18851	810	65	210	1038708
16199	18851	803	65	210	1038718
16186	18851	788	65	208	1038728
16178	18851	778	65	208	1038748
16170	18851	661	67.6667	207.667	1038808
16161	18851	17	68	208	1038828
15
16316	18917	228	66	214	1039238
16293	18909	292	66	214	1039248
16282	18895	422	66	214	1039258
16268	18885	477	66	214	1039268
16252	18871	521	67	212	1039278
16230	18857	536	67	212	1039288
16204	18840	541	67	212	1039298
16174	18826	547	67	212	1039308
16146	18815	550	67	212	1039318
16117	18806	551	67	210	1039328
16095	18806	551	67	210	1039338
16076	18799	553	67	210	1039348
16064	18799	540	67	210	1039388
16071	18799	447	67	210	1039398
16081	18799	137	67	208.5	1039418
16
16707	19344	431	61	217.5	1040072
16716	19344	605	61	218	1040082
16725	19344	666	61	218	1040092
16735	19344	724	61	218	1040102
16745	19350	776	61	218	1040112
16760	19350	788	61	218	1040122
16784	19358	807	61	218	1040132
16815	19358	821	61	218	1040142
16858	19366	833	61	218	1040152
16907	19366	845	61	218	1040162
16958	19374	840	61	218	1040172
17004	19374	838	61	218	1040182
17039	19374	829	60	219	1040192
17059	19374	801	60	219	1040202
17067	19374	709	60	219	1040222
17041	19374	187	60	219	1040242
17
15584	17869	339	65	208.8	1041002
15575	17869	535	65	208	1041022
15575	17876	697	65	208	1041062
15584	17876	820	65	208	1041072
15598	17876	846	65	208	1041082
15618	17876	870	65	208	1041092
15644	17876	920	65	208	1041102
15674	17876	948	65	208	1041112
15706	17876	958	65	208	1041122
15736	17876	979	65	208	1041132
15768	17876	969	65	208	1041142
15795	17884	970	65	208	1041152
15812	17884	963	65	210	1041162
15825	17893	875	65	210	1041202
15813	17893	708	65	210	1041212
15796	17886	583	65	210	1041222
15772	17868	108	65	210	1041242
21
15569	17686	396	65	208	1041330
15569	17678	458	66	206	1041340
15577	17678	605	66	206	1041350
15590	17678	665	66	206	1041360
15604	17678	701	66	206	1041370
15617	17685	738	66	206	1041380
15630	17685	768	66	206	1041390
15641	17694	800	66	206	1041400
15654	17694	806	66	206	1041410
15672	17694	814	66	206	1041420
15694	17700	822	66	206	1041430
15720	17700	828	66	206	1041440
15750	17700	830	66	206	1041450
15775	17708	849	66	206	1041460
15799	17708	837	66	206	1041470
15821	17715	838	66	206	1041480
15834	17715	835	65	208	1041490
15843	17723	772	65	208	1041530
15835	17723	636	65	208	1041540
15823	17723	509	65	208	1041550
15810	17732	112	65	208	1041570
31
15772	18099	160	63	211	1041726
15781	18126	174	63	211	1041736
15781	18138	244	62	213	1041746
15788	18149	294	62	213	1041756
15788	18161	336	62	213	1041766
15788	18171	405	63	214	1041776
15779	18177	599	62.75	216.75	1041816
15779	18169	715	63	217	1041826
15788	18151	732	63	217	1041836
15800	18123	739	63	217	1041846
15817	18082	747	63	217	1041856
15840	18031	756	63	217	1041866
15866	17972	780	63	217	1041876
15893	17906	797	63	217	1041886
15919	17837	823	64	215	1041896
15940	17771	840	64	215	1041906
15953	17705	851	64	215	1041916
15960	17643	865	64	214	1041926
15960	17587	864	64	214	1041936
15947	17542	871	65	212	1041946
15929	17501	876	65	212	1041956
15906	17469	884	65	210	1041966
15885	17442	891	65	210	1041976
15867	17418	899	65	208	1041986
15856	17404	913	65	208	1041996
15856	17397	927	66	205.6	1042046
15856	17404	885	66	204	1042056
15856	17411	818	66	204	1042066
15856	17422	725	66	204	1042076
15856	17438	534	66	204	1042086
15856	17461	0	66	204	1042106
53
15804	18063	91	63	209	1042234
15786	18063	390	63	209	1042264
15780	18056	461	63	211	1042284
15773	18056	496	63	211	1042294
15773	18065	546	63	211	1042304
15766	18065	604	63	212	1042314
15766	18073	688	63.5	213	1042334
15766	18081	750	64	214	1042344
15775	18081	790	64	214	1042354
15775	18087	818	65	212	1042364
15786	18087	831	65	212	1042374
15796	18087	844	65	212	1042384
15810	18096	853	65	212	1042394
15826	18096	865	65	212	1042404
15847	18103	870	65	212	1042414
15871	18103	871	65	212	1042424
15903	18103	867	65	212	1042434
15942	18103	867	65	212	1042444
15988	18103	866	65	212	1042454
16038	18103	871	65	212	1042464
16092	18089	869	64	214	1042474
16148	18071	871	64	214	1042484
16204	18048	870	64	214	1042494
16259	18021	873	64	214	1042504
16305	17996	874	64	214	1042514
16339	17975	876	64	214	1042524
16365	17960	875	64	214	1042534
16381	17951	875	64	214	1042544
16393	17944	875	64	214	1042554
16409	17944	871	64	214	1042564
16425	17935	870	64	214	1042574
16446	17935	869	64	214	1042584
16471	17925	871	63	212	1042594
16497	17918	871	63	212	1042604
16522	17909	874	63	211	1042614
16545	17902	876	63	211	1042624
16560	17895	877	63	211	1042634
16571	17895	880	63	210.818	1042744
16560	17883	878	63	209	1042754
16545	17869	876	63	209	1042764
16525	17849	876	63	209	1042774
16492	17816	875	63	209	1042784
16451	17772	875	63	209	1042794
16402	17724	878	63	209	1042804
16342	17667	878	63	209	1042814
16278	17614	875	63	207	1042824
16213	17567	868	63	207	1042834
16145	17528	860	63	207	1042844
16080	17501	836	63	207	1042854
16019	17484	788	64	206	1042864
15964	17475	704	64	206	1042874
15916	17475	522	65	207	1042884
15878	17467	33	65.5	205.5	1042904
23
16529	17883	158	63	211	1043372
16529	17876	408	63	211	1043392
16529	17868	577	63	211	1043412
16536	17868	723	63	211	1043462
16543	17868	827	63	211	1043482
16551	17868	849	63	211	1043492
16558	17868	856	63	211	1043502
16567	17876	875	63	211	1043512
16578	17876	888	63	211	1043522
16595	17883	901	63	211	1043532
16619	17883	912	63	211	1043542
16649	17891	924	63	211	1043552
16688	17891	936	63	211	1043562
16735	17898	943	63	211	1043572
16785	17898	945	63	211	1043582
16830	17905	948	63	211	1043592
16871	17905	947	63	211	1043602
16898	17905	944	63	211	1043612
16913	17905	929	63	211	1043622
16920	17905	889	63	211	1043632
16910	17905	841	63	211	1043642
16883	17905	736	63	211	1043652
16836	17898	257	62	213	1043672
23
15356	16300	193	65	208	1044434
15347	16308	420	65	208.8	1044484
15338	16308	601	65	210	1044504
15326	16308	692	65	212	1044524
15317	16316	839	64.2857	213.429	1044594
15326	16316	902	64	214	1044604
15338	16316	905	64	215	1044614
15356	16316	908	64	215	1044624
15379	16316	915	64	215	1044634
15410	16325	914	64	215	1044644
15445	16325	918	64	215	1044654
15480	16339	919	64	215	1044664
15520	16346	923	64	215	1044674
15554	16346	925	64	215	1044684
15583	16355	927	64	215	1044694
15605	16355	929	64	215	1044704
15616	16355	905	64	215	1044744
15610	16355	824	64	215	1044754
15592	16355	765	64	215	1044764
15568	16340	690	64	215	1044774
15536	16324	594	64	215	1044784
15503	16300	405	64	215	1044794
15473	16273	71	64	215	1044814
35
15368	16154	6	65	212	1044870
15357	16134	34	65	212	1044880
15357	16123	56	65	212	1044890
15346	16114	69	65	212	1044900
15340	16105	72	65	212	1044910
15333	16095	90	65	210	1044920
15326	16087	110	65	210	1044930
15318	16080	147	65	210	1044940
15312	16080	194	65	210	1044950
15305	16069	261	65	210	1044970
15295	16061	324	65	210	1044980
15295	16054	391	65	210	1044990
15284	16054	428	65	210	1045000
15284	16041	477	65	210	1045010
15274	16034	538	65	210	1045030
15267	16023	616	65	210	1045050
15267	16016	757	65	210	1045110
15278	16016	875	65	210	1045120
15294	16023	880	65	210	1045130
15316	16023	912	65	210	1045140
15342	16033	933	65	210	1045150
15373	16041	936	65	210	1045160
15407	16048	947	65	210	1045170
15443	16059	956	65	210	1045180
15484	16068	957	65	210	1045190
15525	16076	963	65	210	1045200
15558	16076	962	65	210	1045210
15587	16076	969	65	210	1045220
15608	16076	968	65	210	1045230
15619	16076	955	65	210	1045250
15626	16076	890	65	210	1045270
15614	16076	813	65	210	1045280
15597	16076	733	65	210	1045290
15572	16076	614	65	210	1045300
15544	16084	122	65	210	1045320
30
15538	16527	58	62	213	1045754
15538	16535	218	62	213	1045764
15531	16535	330	62	213	1045774
15531	16541	551	62	213	1045814
15531	16548	697	62	213	1045834
15539	16548	726	62	213	1045844
15545	16537	732	62	213	1045854
15556	16521	736	62	213	1045864
15573	16496	744	62	213	1045874
15595	16461	750	62	213	1045884
15621	16414	762	62	213	1045894
15651	16360	770	62	213	1045904
15681	16292	810	62	213	1045914
15708	16213	837	62	213	1045924
15728	16136	858	62	213	1045934
15736	16060	867	63	211	1045944
15736	15995	878	63	211	1045954
15726	15944	882	63	211	1045964
15708	15900	887	63	209	1045974
15689	15868	887	63	209	1045984
15669	15845	889	63	209	1045994
15650	15827	895	63	207	1046004
15635	15816	900	63	207	1046014
15624	15807	902	63	207	1046024
15616	15807	902	64	206	1046034
15616	15800	892	64.6667	206	1046094
15616	15810	817	66	206	1046104
15625	15824	769	66	206	1046114
15631	15847	659	66	206	1046124
15638	15877	209	66	206	1046144
53
15555	16528	43	63	211	1046370
15543	16536	119	63	211	1046380
15536	16536	285	62.5	212	1046400
15536	16543	656	62	213.1	1046500
15542	16543	831	62	215	1046520
15553	16543	843	62	216	1046530
15565	16543	851	63	217	1046540
15583	16543	857	63	217	1046550
15606	16543	864	63	217	1046560
15635	16535	873	63	217	1046570
15668	16535	877	63	217	1046580
15705	16521	880	63	217	1046590
15746	16509	884	63	217	1046600
15791	16493	889	63	217	1046610
15839	16478	890	63	217	1046620
15886	16464	892	63	217	1046630
15933	16451	895	63	219	1046640
15977	16438	896	63	219	1046650
16015	16424	902	63	219	1046660
16050	16410	896	63	219	1046670
16082	16400	899	63	219	1046680
16114	16390	897	63	219	1046690
16143	16376	898	62	217	1046700
16169	16364	898	62	217	1046710
16193	16347	898	61	216	1046720
16212	16327	895	61	216	1046730
16227	16311	897	61	216	1046740
16237	16298	897	61	216	1046750
16237	16291	899	61	216	1046760
16244	16291	897	61.4118	218.294	1046930
16244	16280	891	61	216	1046940
16244	16264	884	61	216	1046950
16236	16242	879	61	216	1046960
16225	16211	878	61	216	1046970
16207	16168	877	61	216	1046980
16179	16122	878	61	216	1046990
16142	16071	877	62	214	1047000
16096	16019	876	62	214	1047010
16043	15972	876	62	214	1047020
15986	15927	875	62	213	1047030
15926	15889	874	62	213	1047040
15867	15854	874	63	211	1047050
15813	15825	876	63	211	1047060
15765	15801	875	63	211	1047070
15728	15781	875	63	209	1047080
15700	15766	875	63	209	1047090
15678	15754	872	63	207	1047100
15663	15747	865	63	207	1047110
15650	15740	850	64	206	1047120
15640	15740	825	64	206	1047130
15630	15740	796	64	204	1047140
15622	15732	696	64	204	1047160
15613	15732	140	64.6667	203.333	1047190
18
16200	16244	288	63	207.667	1047618
16212	16244	544	63	209	1047628
16221	16244	663	64	210	1047638
16233	16244	732	64	210	1047648
16254	16244	772	65	212	1047658
16280	16244	854	64	214	1047668
16314	16253	888	64	214	1047678
16351	16253	924	64	214	1047688
16393	16253	943	64	214	1047698
16437	16253	956	64	214	1047708
16480	16259	959	64	215	1047718
16527	16259	959	64	215	1047728
16566	16259	955	64	215	1047738
16598	16249	945	64	215	1047748
16621	16241	920	64	215	1047758
16634	16241	860	64	215	1047768
16634	16232	749	64	215	1047788
16605	16232	273	64	215	1047808
20
15182	14892	325	62	213	1048622
15164	14892	660	62.75	213.75	1048702
15172	14892	853	64	215	1048712
15179	14901	858	64	215	1048722
15192	14901	865	64	215	1048732
15210	14910	889	64	215	1048742
15235	14910	894	64	215	1048752
15266	14919	918	64	215	1048762
15300	14919	925	64	215	1048772
15338	14919	931	64	217	1048782
15373	14926	938	64	217	1048792
15402	14933	939	65	218	1048802
15423	14933	940	65	218	1048812
15437	14945	936	65	218	1048822
15446	14945	932	65	218	1048832
15446	14952	872	65	218	1048872
15438	14952	771	65	218	1048882
15426	14946	665	65	218	1048892
15410	14937	505	65	218	1048902
15390	14922	0	65	218	1048922
21
15137	14598	86	64	209	1049134
15126	14585	200	64	209	1049144
15126	14578	356	65	210	1049164
15126	14571	458	65	210	1049174
15120	14571	564	65	210	1049204
15126	14571	682	65	210	1049214
15133	14578	732	65	210	1049224
15144	14578	781	65	210	1049234
15161	14588	824	65	210	1049244
15182	14588	851	65	210	1049254
15209	14588	875	65	210	1049264
15237	14588	887	65	210	1049274
15267	14588	903	65	213	1049284
15296	14588	916	65	213	1049294
15326	14588	911	66	214	1049304
15355	14588	913	66	214	1049314
15380	14588	913	66	214	1049324
15403	14588	910	66	214	1049334
15418	14588	908	66	214	1049344
15425	14588	772	66	214.4	1049394
15408	14597	67	66	215	1049414
28
15356	15101	88	65	220	1049642
15347	15107	117	65	220	1049652
15347	15117	528	65	219.455	1049762
15356	15108	754	65	218	1049772
15365	15098	757	65	218	1049782
15382	15078	759	65	218	1049792
15404	15047	761	65	218	1049802
15430	15004	763	65	218	1049812
15461	14946	765	65	218	1049822
15492	14876	775	65	218	1049832
15524	14794	795	65	218	1049842
15552	14708	821	65	218	1049852
15571	14622	830	65	218	1049862
15581	14544	838	66	216	1049872
15581	14480	840	66	216	1049882
15563	14427	840	65	215	1049892
15540	14389	839	65	215	1049902
15509	14361	840	65	215	1049912
15475	14339	839	65	213	1049922
15444	14328	838	65	213	1049932
15419	14320	840	65	213	1049942
15402	14320	851	65	213	1049952
15393	14320	885	66.8	212.4	1050002
15407	14327	865	67	212	1050012
15419	14337	815	67	212	1050022
15431	14352	764	67	212	1050032
15441	14372	662	67	212	1050042
15451	14395	186	67	212	1050062
58
15385	15094	181	64	222	1050318
15378	15094	209	64	222	1050328
15371	15094	397	65	220	1050358
15363	15094	580	65	220	1050398
15363	15101	739	65	220	1050428
15370	15101	806	65	220	1050438
15377	15101	811	65	220	1050448
15388	15101	822	65	220	1050458
15403	15101	829	65	220	1050468
15422	15107	843	65	220	1050478
15447	15107	855	65	220	1050488
15476	15107	870	65	220	1050498
15510	15107	874	65	220	1050508
15549	15107	880	65	220	1050518
15592	15099	884	65	220	1050528
15642	15090	885	65	220	1050538
15696	15080	897	65	220	1050548
15750	15071	899	65	220	1050558
15808	15058	902	65	220	1050568
15860	15049	908	64	219	1050578
15909	15042	911	64	219	1050588
15951	15035	914	63	217	1050598
15986	15035	907	63	217	1050608
16018	15023	910	63	217	1050618
16042	15014	908	63	217	1050628
16067	15003	905	63	217	1050638
16089	14992	907	63	217	1050648
16104	14982	909	63	217	1050658
16120	14973	909	63	217	1050668
16133	14962	907	63	217	1050678
16147	14952	905	63	217	1050688
16161	14942	905	63	217	1050698
16170	14935	905	63	217	1050708
16177	14935	904	63	217	1050718
16185	14922	898	63	217	1050728
16191	14912	900	63	217	1050738
16200	14902	900	63	217	1050748
16209	14892	902	63	217	1050768
16216	14886	893	63	217	1050838
16210	14874	881	63	217	1050848
16196	14849	875	63	217	1050858
16177	14821	874	63	217	1050868
16148	14779	873	63	217	1050878
16111	14729	874	63	217	1050888
16071	14683	873	63	217	1050898
16022	14627	875	63	217	1050908
15969	14575	875	64	215	1050918
15912	14525	873	64	215	1050928
15851	14475	868	64	215	1050938
15788	14429	868	64	215	1050948
15726	14389	857	64	214	1050958
15666	14356	850	64	214	1050968
15608	14331	827	64	214	1050978
15556	14313	801	65	212	1050988
15510	14302	764	65	212	1050998
15469	14295	697	65	212	1051008
15435	14295	556	65	210	1051018
15409	14295	105	65	209	1051038
17
16200	14892	140	60	214	1051558
16200	14884	235	60	214	1051568
16209	14884	416	60	214	1051588
16215	14884	616	60	214	1051608
16225	14884	709	60	215	1051618
16238	14891	723	60	215	1051628
16260	14891	776	61	216	1051638
16290	14891	822	61	216	1051648
16330	14891	845	61	216	1051658
16373	14891	857	61	216	1051668
16421	14897	860	61	216	1051678
16469	14897	864	61	216	1051688
16510	14905	859	61	216	1051698
16543	14905	840	61	216	1051708
16562	14905	779	61	218	1051718
16572	14912	684	61	218	1051728
16565	14912	238	61	218	1051748
23
15023	13407	234	63	211	1052510
15014	13388	297	63	211	1052530
15007	13388	409	63	211	1052560
15000	13398	457	63	212	1052580
14993	13409	656	64	214.125	1052660
15003	13409	814	64	215	1052670
15003	13401	844	64	215	1052680
15014	13401	869	64	215	1052690
15025	13401	867	64	215	1052700
15041	13401	890	64	215	1052710
15066	13401	892	64	215	1052720
15101	13409	908	64	215	1052730
15141	13416	908	64	215	1052740
15184	13425	917	64	215	1052750
15229	13436	913	64	215	1052760
15271	13446	918	64	215	1052770
15305	13454	917	64	215	1052780
15330	13461	915	64	215	1052790
15342	13461	880	64	215	1052820
15322	13461	797	63	217	1052830
15293	13452	729	63	217	1052840
15255	13442	630	63	217	1052850
15212	13425	196	63	217	1052870
24
15010	13111	53	65	210	1053054
15000	13088	128	65	210	1053064
15000	13078	220	65	210	1053074
15000	13072	280	65	210	1053094
14993	13061	316	65	208	1053114
14986	13051	382	65	208	1053134
14980	13045	623	65	208	1053194
14988	13045	801	65	208	1053204
14999	13051	831	65	208	1053214
15014	13051	874	65	208	1053224
15034	13059	891	65	208	1053234
15060	13059	902	65	208	1053244
15091	13068	913	65	208	1053254
15123	13076	914	65	208	1053264
15160	13083	912	65	208	1053274
15196	13092	915	65	208	1053284
15230	13098	918	65	210	1053294
15260	13098	919	65	210	1053304
15282	13107	918	65	210	1053314
15295	13107	909	65	210	1053324
15301	13107	855	65	210	1053344
15292	13107	754	65	210	1053354
15274	13107	598	65	210	1053364
15249	13107	56	65	210	1053384
32
15183	13622	227	60	210	1053578
15175	13632	298	60	210	1053588
15175	13641	456	61	212	1053608
15182	13641	605	62.2857	215.571	1053678
15196	13629	712	63	219	1053688
15213	13614	727	63	219	1053698
15238	13593	742	63	219	1053708
15270	13564	753	63	219	1053718
15309	13522	763	63	219	1053728
15352	13467	764	63	219	1053738
15397	13398	776	63	219	1053748
15436	13317	797	63	217	1053758
15467	13232	824	63	217	1053768
15486	13149	840	63	217	1053778
15486	13072	847	64	215	1053788
15486	13007	846	64	215	1053798
15465	12951	847	64	214	1053808
15438	12903	851	64	214	1053818
15408	12864	855	64	214	1053828
15373	12834	867	65	212	1053838
15340	12809	870	65	212	1053848
15315	12794	876	65	210	1053858
15295	12786	893	65	210	1053868
15283	12786	902	65	208	1053878
15275	12786	906	65	208	1053888
15275	12779	911	66	206	1053898
15269	12779	913	66	204.667	1053928
15275	12779	899	66	204	1053948
15285	12792	852	66	204	1053958
15293	12801	797	66	204	1053968
15301	12814	701	66	204	1053978
15308	12832	195	66	204	1053998
62
15213	13631	107	62	213	1054254
15205	13640	197	62	213	1054264
15205	13649	582	62.3333	215.75	1054384
15212	13649	829	63	219	1054404
15224	13649	838	63	219	1054414
15233	13649	842	63	219	1054424
15245	13642	851	63	219	1054434
15261	13642	859	63	219	1054444
15281	13642	865	63	219	1054454
15300	13642	892	63	220	1054464
15321	13634	895	63	220	1054474
15345	13634	898	63	220	1054484
15369	13634	896	63	220	1054494
15395	13634	903	63	220	1054504
15422	13634	904	63	219	1054514
15445	13626	908	63	219	1054524
15470	13626	908	63	219	1054534
15498	13617	909	63	219	1054544
15529	13617	911	63	219	1054554
15565	13606	912	63	219	1054564
15604	13606	914	63	219	1054574
15644	13596	922	63	219	1054584
15688	13596	922	63	219	1054594
15735	13585	924	63	219	1054604
15780	13578	924	63	219	1054614
15828	13569	925	63	219	1054624
15872	13557	928	62	220	1054634
15913	13545	928	62	220	1054644
15954	13528	925	62	220	1054654
15990	13515	930	62	220	1054664
16028	13500	929	62	220	1054674
16065	13488	929	62	220	1054684
16098	13479	927	61	219	1054694
16136	13468	925	61	219	1054704
16170	13462	926	61	218	1054714
16198	13455	925	61	218	1054724
16217	13455	925	61	218	1054734
16229	13449	923	60.5	218.5	1054754
16236	13449	918	60	219	1054774
16236	13442	917	60	219	1054874
16243	13442	913	60	219	1054894
16243	13436	902	61	218	1054914
16249	13418	881	61	218	1054924
16249	13399	869	61	218	1054934
16249	13370	865	61	218	1054944
16228	13332	861	61	218	1054954
16199	13287	860	61	218	1054964
16157	13230	857	61	216	1054974
16103	13171	857	61	216	1054984
16038	13111	854	61	216	1054994
15965	13056	852	62	214	1055004
15886	13008	846	62	214	1055014
15807	12964	839	62	213	1055024
15730	12925	840	62	213	1055034
15659	12886	837	63	211	1055044
15595	12848	833	63	209	1055054
15540	12812	831	63	209	1055064
15489	12778	823	63	207	1055074
15444	12749	802	64	209	1055084
15404	12728	752	65	207	1055094
15368	12713	651	66	206	1055104
15338	12706	177	66	205	1055124
14
16271	13417	312	65	218.667	1055702
16271	13409	648	64.8	220.4	1055752
16277	13409	787	64	222	1055762
16290	13409	816	63	220	1055772
16311	13420	850	63	220	1055782
16342	13420	869	63	219	1055792
16383	13433	882	63	219	1055802
16426	13444	884	63	219	1055812
16479	13456	892	63	219	1055822
16533	13469	880	62	220	1055832
16585	13480	861	62	220	1055842
16630	13486	796	62	220	1055852
16656	13486	642	62	220	1055862
16665	13486	63	62	220	1055882
19
14997	11855	90	63	211	1056714
14984	11855	290	63	211	1056724
14975	11847	489	63	211.5	1056744
14975	11840	727	63.75	213.5	1056784
14982	11833	851	64	214	1056804
14997	11833	865	64	214	1056814
15013	11833	876	64	214	1056824
15036	11842	880	64	215	1056834
15068	11850	882	64	217	1056844
15105	11858	894	64	217	1056854
15142	11865	898	65	218	1056864
15178	11872	896	65	218	1056874
15207	11872	896	65	218	1056884
15225	11872	897	65	218	1056894
15237	11872	883	65	218	1056914
15237	11879	790	65	218	1056944
15219	11871	684	65	218	1056954
15197	11858	572	65	218	1056964
15170	11839	170	65	218	1056984
22
14962	11546	123	65	210	1057110
14953	11521	150	65	210	1057120
14953	11510	218	65	210	1057130
14946	11502	316	65	210	1057150
14946	11496	546	65	210	1057190
14955	11496	698	65	210	1057200
14963	11496	761	65	210	1057210
14973	11496	789	65	210	1057220
14989	11496	815	65	210	1057230
15006	11496	864	65	210	1057240
15028	11496	872	66	211	1057250
15055	11496	887	66	211	1057260
15084	11496	892	67	212	1057270
15115	11505	908	67	212	1057280
15147	11505	910	67	212	1057290
15176	11505	906	67	212	1057300
15203	11505	908	67	212	1057310
15225	11513	908	67	212	1057320
15238	11513	901	66	214	1057330
15244	11513	821	66	214	1057360
15230	11520	658	66	214	1057370
15212	11520	212	65.5	213.5	1057390
26
15112	12055	276	62	213	1057639
15103	12062	589	62.4	215	1057689
15110	12062	721	64	215	1057699
15110	12051	730	64	215	1057709
15122	12042	746	64	215	1057718
15133	12029	763	64	215	1057728
15149	12010	769	64	215	1057738
15172	11982	768	64	215	1057748
15202	11944	770	64	215	1057758
15238	11892	770	64	215	1057768
15275	11828	778	65	215	1057778
15308	11753	794	65	215	1057788
15336	11673	807	66	216	1057798
15351	11596	818	66	216	1057808
15351	11521	819	66	216	1057818
15344	11458	816	66	214	1057828
15322	11403	807	66	214	1057838
15293	11354	806	66	214	1057848
15261	11317	802	66	214	1057858
15230	11286	803	66	214	1057868
15206	11264	802	67	212	1057878
15189	11252	802	67	212	1057888
15180	11246	793	67	211	1057928
15186	11253	721	67	210	1057938
15194	11267	601	67	210	1057948
15204	11290	181	67	210	1057968
49
15136	11990	255	61	213	1058211
15130	11997	469	61.3333	213	1058241
15140	11997	622	62.5	213.5	1058261
15149	11997	716	63.5	214.5	1058281
15156	11997	759	64	215	1058291
15165	12005	764	64	215	1058301
15180	12005	787	64	215	1058311
15198	12005	802	64	215	1058321
15224	12005	829	64	215	1058331
15255	12005	836	64	217	1058341
15293	12005	853	64	217	1058351
15339	12005	869	65	218	1058361
15390	11998	882	65	218	1058370
15441	11998	891	65	218	1058380
15495	11990	891	65	218	1058390
15549	11990	898	64	217	1058400
15606	11983	896	64	217	1058410
15664	11983	898	64	215	1058420
15720	11983	898	64	215	1058430
15776	11974	898	64	215	1058440
15823	11966	899	64	215	1058450
15861	11952	900	63	217	1058460
15890	11937	900	63	217	1058470
15912	11923	898	63	217	1058480
15930	11907	896	63	217	1058490
15945	11892	896	63	217	1058500
15961	11877	896	63	217	1058510
15976	11862	895	63	217	1058520
15994	11847	896	63	217	1058530
16013	11832	896	63	217	1058540
16033	11819	896	63	217	1058550
16050	11809	897	63	217	1058560
16062	11802	899	62	216	1058570
16069	11802	901	62	215	1058590
16069	11795	896	63.125	214.25	1058750
16055	11777	874	64	215	1058760
16035	11751	873	64	215	1058770
16005	11712	874	63	214	1058780
15961	11660	875	63	214	1058790
15907	11601	876	62	213	1058800
15845	11542	874	62	213	1058810
15776	11483	870	63	212	1058820
15703	11430	864	63	212	1058830
15626	11385	846	64	214	1058840
15548	11351	825	64	214	1058850
15469	11322	791	65	212	1058860
15392	11305	736	65	212	1058870
15319	11291	612	65	212	1058880
15252	11279	90	65	210	1058900
15
16053	11803	265	65	212	1059451
16053	11793	470	65	212	1059471
16063	11793	688	65	212	1059491
16071	11793	785	65	212	1059501
16078	11793	820	65	213	1059511
16089	11793	844	65	213	1059521
16104	11793	875	66	214	1059531
16128	11793	874	66	214	1059541
16163	11793	884	66	214	1059551
16202	11801	893	66	214	1059561
16251	11801	885	66	214	1059571
16300	11809	881	66	214	1059581
16344	11809	824	66	214	1059591
16380	11809	731	66	214	1059601
16402	11802	198	66	214	1059621
17
14909	10333	494	64	214	1060435
14909	10323	671	64	214	1060445
14918	10323	701	64	214	1060455
14918	10315	764	64.75	212.5	1060495
14928	10322	831	65	212	1060505
14940	10331	855	65	212	1060515
14959	10340	875	65	212	1060525
14986	10350	895	65	213	1060535
15021	10363	921	65	215	1060545
15057	10371	920	66	216	1060555
15091	10383	919	66	216	1060565
15119	10393	920	66	216	1060575
15138	10400	910	66	216	1060585
15150	10408	808	66	216	1060615
15140	10393	629	66	216	1060625
15122	10363	410	66	216	1060635
15098	10326	18	66	216	1060655
22
14915	10089	47	65	210	1060763
14901	10064	177	65	210	1060773
14901	10054	259	65	210	1060783
14901	10047	343	65	208	1060793
14894	10047	374	65	208	1060803
14894	10038	460	65	208	1060863
14894	10032	621	65	208	1060873
14887	10032	778	66.6923	209.692	1061003
14902	10032	913	67	210	1061013
14919	10032	941	67	210	1061023
14942	10032	956	67	210	1061033
14971	10041	961	67	210	1061043
15003	10041	968	67	210	1061053
15037	10054	970	67	210	1061063
15071	10063	966	67	210	1061073
15099	10071	968	67	212	1061083
15123	10078	956	67	212	1061093
15141	10085	954	67	212	1061103
15150	10085	885	67	212	1061123
15150	10092	755	67	212	1061133
15141	10092	567	67	212	1061143
15122	10092	4	67	212	1061163
30
15060	10513	73	62	213	1061327
15060	10544	123	63	214	1061337
15054	10559	232	62	216	1061347
15054	10572	318	64	215	1061357
15054	10579	410	64	215	1061367
15047	10579	510	64	215	1061377
15047	10587	678	64	215.8	1061427
15056	10587	758	65	219	1061447
15064	10587	764	65	220	1061457
15075	10568	765	65	220	1061467
15092	10543	777	65	220	1061477
15116	10505	788	65	220	1061487
15141	10453	796	65	220	1061497
15167	10390	813	65	220	1061507
15193	10316	821	65	218	1061517
15213	10239	829	65	218	1061527
15225	10160	833	65	218	1061537
15225	10088	832	66	216	1061547
15225	10024	831	66	216	1061557
15207	9969	832	66	216	1061567
15190	9924	828	66	214	1061577
15169	9887	828	66	214	1061587
15150	9861	826	66	214	1061597
15134	9843	829	67	212	1061607
15121	9831	834	67	212	1061617
15115	9824	841	67	210	1061637
15108	9818	829	68	208	1061687
15108	9830	734	68	208	1061697
15119	9848	606	68	208	1061707
15125	9875	79	67	207	1061727
42
15101	10589	300	60	210	1061911
15093	10589	359	61	212	1061921
15085	10589	712	62.875	213.875	1062001
15099	10583	859	64	217	1062011
15112	10583	869	64	217	1062021
15131	10583	882	65	220	1062031
15156	10583	883	65	220	1062041
15186	10583	893	65	220	1062051
15225	10575	891	65	220	1062061
15275	10575	892	65	220	1062071
15333	10575	893	65	220	1062081
15397	10568	894	65	220	1062091
15462	10568	899	65	220	1062101
15525	10555	901	65	220	1062111
15582	10544	905	65	220	1062121
15634	10531	904	65	220	1062131
15678	10517	906	64	219	1062141
15716	10498	903	63	220	1062151
15743	10476	903	63	219	1062161
15764	10453	897	63	219	1062171
15776	10425	895	63	219	1062181
15776	10403	891	63	219	1062191
15783	10382	891	63	219	1062201
15783	10367	892	63	219	1062211
15783	10358	893	63	219	1062231
15794	10349	895	63	219	1062251
15805	10349	897	63	217	1062271
15812	10349	894	63	217	1062401
15797	10338	877	63	217	1062411
15778	10315	870	63	217	1062421
15748	10277	865	63	217	1062431
15704	10228	865	64	215	1062441
15652	10172	860	64	215	1062451
15593	10111	854	64	215	1062461
15525	10048	850	64	214	1062471
15452	9985	828	64	214	1062481
15376	9926	801	64	214	1062491
15300	9876	761	65	212	1062501
15228	9837	727	65	212	1062511
15165	9808	657	65	210	1062521
15113	9792	546	65	210	1062531
15075	9782	130	65	208	1062551
20
15725	10344	160	63	212	1063023
15725	10336	329	63	212	1063033
15732	10327	536	64	214	1063053
15740	10327	681	64	214	1063063
15748	10327	743	64	214	1063073
15760	10339	765	64	214	1063083
15780	10348	838	64	214	1063093
15804	10356	860	64	215	1063103
15837	10363	874	64	215	1063113
15875	10363	884	64	215	1063123
15918	10374	907	64	215	1063133
15968	10374	913	64	215	1063143
16021	10388	914	63	217	1063153
16075	10397	918	63	217	1063163
16125	10406	906	63	217	1063173
16169	10406	891	63	217	1063183
16200	10406	837	63	219	1063193
16217	10406	729	63	219	1063203
16217	10396	572	63	219	1063213
16194	10387	1	61.5	218	1063233
27
14752	8917	200	65	210	1064215
14736	8903	255	65	210	1064225
14728	8892	384	65	210	1064235
14721	8881	474	65	210	1064245
14721	8873	520	65	210	1064255
14709	8866	558	65	210	1064275
14698	8858	621	65	210	1064295
14688	8851	722	65	210	1064325
14688	8844	838	65	210	1064355
14701	8844	864	65	210	1064365
14717	8844	868	65	210	1064375
14738	8844	881	65	210	1064385
14766	8850	880	65	210	1064395
14803	8863	892	65	210	1064405
14845	8879	899	65	210	1064415
14893	8899	917	65	210	1064425
14943	8919	933	65	210	1064435
14985	8933	954	65	210	1064445
15022	8941	949	65	210	1064455
15049	8941	947	65	210	1064465
15067	8941	932	65	210	1064475
15079	8941	905	65	210	1064485
15086	8941	835	65	212	1064505
15077	8941	756	65	212	1064515
15061	8941	666	65	212	1064525
15038	8928	494	65	212	1064535
15008	8909	17	65	212	1064555
20
14763	8559	75	66	204	1064691
14763	8539	113	66	204	1064701
14757	8539	161	66	204	1064731
14748	8539	293	66	204	1064751
14741	8539	436	66	204	1064761
14741	8546	725	66.75	205.25	1064841
14750	8546	864	68	208	1064851
14761	8546	887	68	208	1064861
14782	8555	896	68	208	1064871
14814	8565	904	68	208	1064881
14855	8579	921	68	208	1064891
14899	8593	929	67	207	1064901
14944	8608	927	66	209	1064911
14985	8616	923	65	208	1064921
15017	8616	918	65	208	1064931
15043	8624	906	65	208	1064941
15060	8624	889	65	208	1064951
15070	8624	741	65	209.333	1064981
15056	8624	368	65	210	1064991
15037	8624	0	65	210	1065011
27
14952	9171	273	63	211	1065235
14944	9189	352	63	211	1065245
14944	9195	579	62.5	213.5	1065285
14954	9195	678	64	215	1065305
14964	9195	703	64	214	1065315
14975	9180	723	64	214	1065325
14992	9163	728	64	214	1065335
15014	9138	744	64	214	1065345
15041	9106	742	64	214	1065355
15072	9062	747	64	214	1065365
15105	9007	750	64	214	1065375
15141	8936	755	64	214	1065385
15176	8852	769	64	214	1065395
15204	8760	788	65	212	1065405
15221	8670	796	65	212	1065415
15221	8589	808	65	212	1065425
15221	8518	808	65	212	1065435
15197	8462	810	65	212	1065445
15172	8416	809	65	210	1065455
15146	8384	808	65	210	1065465
15120	8365	813	65	210	1065475
15100	8353	820	65	208	1065485
15088	8353	829	65	208	1065495
15079	8353	841	65.8	206.4	1065545
15087	8364	750	66	206	1065555
15087	8387	648	66	206	1065565
15097	8416	152	66	206	1065585
49
15013	9176	337	60	210	1065799
14997	9176	444	61	212.5	1065819
14990	9176	610	62	214	1065839
14990	9168	676	62.5	213.5	1065859
14999	9168	736	63.5	214.5	1065879
15010	9162	763	64	215	1065889
15023	9162	793	64	215	1065899
15041	9162	815	64	215	1065909
15064	9162	829	64	215	1065919
15093	9152	838	64	215	1065929
15126	9152	857	64	215	1065939
15163	9140	866	64	215	1065949
15205	9131	873	64	215	1065959
15254	9123	880	64	215	1065969
15308	9123	887	64	215	1065979
15365	9116	904	64	215	1065989
15425	9116	914	64	215	1065999
15485	9108	921	64	215	1066009
15542	9108	924	64	215	1066019
15595	9091	928	64	215	1066029
15641	9080	927	64	215	1066039
15682	9067	928	64	215	1066049
15719	9052	926	64	215	1066059
15752	9036	924	64	215	1066069
15782	9018	926	64	215	1066079
15810	9002	925	64	215	1066089
15837	8985	925	64	215	1066099
15862	8968	925	64	215	1066109
15885	8954	927	63	214	1066119
15905	8943	926	63	214	1066129
15925	8932	925	62	213	1066139
15941	8921	926	62	213	1066149
15954	8911	926	62	213	1066159
15965	8902	924	62	213	1066179
15965	8895	926	63	211	1066189
15973	8895	914	63	211	1066319
15973	8887	899	63	211	1066329
15956	8868	899	63	211	1066339
15930	8836	894	63	209	1066349
15889	8788	892	63	209	1066359
15831	8728	888	63	209	1066369
15761	8665	877	63	209	1066379
15679	8599	870	63	209	1066389
15592	8538	855	63	207	1066399
15501	8487	831	63	207	1066409
15412	8446	791	63	207	1066419
15326	8419	726	63	207	1066429
15247	8403	614	64	206	1066439
15182	8396	132	64	206	1066459
19
16071	8951	201	63	209	1066989
16071	8958	469	63	209	1066999
16081	8958	536	63	209	1067009
16081	8968	612	63	209	1067019
16094	8968	687	64	210	1067029
16100	8968	733	64	210	1067039
16111	8975	756	64	214	1067049
16124	8975	806	64	214	1067059
16141	8975	813	64	214	1067069
16170	8985	833	64	214	1067079
16204	8985	848	64	214	1067089
16250	8994	855	64	214	1067099
16305	9000	855	64	214	1067109
16359	9008	851	64	214	1067119
16409	9014	839	64	214	1067129
16445	9014	818	64	214	1067139
16467	9022	716	64	214	1067159
16449	9022	553	64	214	1067169
16401	9008	38	64	214	1067189
17
14550	7611	322	71	203	1068351
14550	7598	389	71	203	1068361
14544	7588	583	70.75	203.75	1068401
14551	7588	712	70	206	1068421
14567	7588	765	70	206	1068431
14584	7588	826	70	206	1068441
14606	7588	860	70	206	1068451
14636	7595	876	70	206	1068461
14670	7603	887	70	206	1068471
14705	7612	891	70	208	1068481
14741	7619	890	70	208	1068491
14769	7619	884	70	208	1068501
14791	7619	874	70	208	1068511
14809	7619	851	70	208	1068521
14821	7619	813	70	208	1068531
14828	7619	752	69	207	1068541
14828	7612	386	68.25	206.25	1068581
19
14537	7239	2	70	191	1068807
14514	7203	144	70	191	1068817
14506	7191	239	71	191	1068827
14506	7182	350	70	194	1068837
14506	7175	628	71	196.8	1068887
14519	7175	780	71	201	1068897
14526	7175	807	71	201	1068907
14536	7175	837	71	201	1068917
14551	7175	846	71	201	1068927
14568	7183	873	71	201	1068937
14591	7183	877	71	201	1068947
14619	7191	880	71	201	1068957
14648	7191	895	71	201	1068967
14677	7191	901	71	201	1068977
14705	7191	898	71	201	1068987
14727	7191	895	71	201	1068997
14744	7191	868	71	201	1069007
14758	7191	785	71	201	1069027
14766	7191	343	71	201.667	1069057
28
14737	7787	319	69	201	1069559
14737	7813	412	69	201	1069569
14737	7820	635	68	204	1069609
14745	7820	746	68	204	1069619
14745	7813	787	68	204	1069629
14759	7806	814	68	204	1069639
14774	7788	832	68	204	1069649
14792	7761	852	68	204	1069659
14814	7720	862	68	204	1069669
14837	7664	866	68	204	1069679
14859	7593	868	68	204	1069689
14877	7508	862	68	204	1069699
14890	7417	865	68	204	1069709
14890	7327	865	68	204	1069719
14890	7246	861	69	201	1069729
14877	7177	857	69	201	1069739
14855	7119	853	69	201	1069749
14830	7069	850	69	201	1069759
14802	7032	849	69	199	1069769
14774	7003	847	69	199	1069779
14751	6980	845	69	199	1069789
14732	6964	847	69	196	1069799
14720	6953	848	69	196	1069809
14712	6945	846	69	195	1069829
14705	6945	799	69	194	1069859
14715	6957	704	69	194	1069869
14724	6975	590	69	194	1069879
14735	6999	151	69	194	1069899
59
14811	7692	334	67	201	1070083
14802	7699	355	67	201	1070093
14792	7699	469	67	199	1070103
14792	7710	548	67	199	1070123
14792	7719	694	67.3333	201.667	1070183
14802	7719	825	68	206	1070193
14811	7719	857	68	206	1070203
14827	7719	859	68	206	1070213
14850	7719	863	68	206	1070223
14876	7719	864	68	206	1070233
14909	7719	866	68	206	1070243
14946	7719	870	68	206	1070253
14988	7719	875	68	206	1070263
15035	7710	886	68	206	1070273
15087	7710	892	68	206	1070283
15137	7702	926	68	206	1070293
15190	7695	921	68	208	1070303
15240	7687	924	68	208	1070313
15288	7675	926	68	208	1070323
15331	7659	928	68	208	1070333
15368	7642	927	67	207	1070343
15401	7624	928	67	207	1070353
15427	7609	929	66	206	1070363
15453	7593	928	66	206	1070373
15479	7575	926	66	206	1070383
15502	7558	927	66	206	1070393
15526	7541	928	66	206	1070403
15549	7528	932	66	206	1070413
15568	7516	929	66	206	1070423
15584	7508	929	66	206	1070433
15598	7501	928	66	206	1070443
15608	7495	928	66	206	1070453
15615	7495	928	66	206	1070463
15615	7486	925	66	206	1070483
15621	7486	916	66	206	1070523
15621	7480	911	66	206	1070533
15614	7472	908	66	206	1070543
15603	7460	906	66	206	1070553
15587	7440	905	66	206	1070563
15561	7412	903	66	204	1070573
15524	7374	904	66	204	1070583
15476	7329	904	66	204	1070593
15416	7277	901	66	204	1070603
15347	7221	897	67	201	1070613
15276	7168	894	67	201	1070623
15205	7117	890	67	201	1070633
15137	7072	882	67	201	1070643
15077	7034	874	67	199	1070653
15021	7003	859	67	199	1070663
14970	6977	853	67	199	1070673
14926	6958	846	67	197	1070683
14888	6943	843	67	197	1070693
14857	6933	828	67	195	1070703
14832	6933	800	68	195	1070713
14812	6925	752	68	195	1070723
14797	6925	693	69	194	1070733
14788	6925	577	69	194	1070743
14788	6938	367	69	194	1070753
14788	6948	8	69.5	192.5	1070773
20
15564	7481	115	67	199	1071107
15576	7487	478	67	199	1071127
15584	7476	589	67	199	1071137
15592	7476	675	67	199	1071147
15601	7469	746	67	201	1071157
15610	7469	814	67	201	1071167
15618	7469	862	67	201	1071177
15632	7469	873	66	204	1071187
15656	7469	886	66	204	1071197
15690	7469	912	66	204	1071207
15739	7476	910	66	206	1071217
15799	7483	913	66	206	1071227
15868	7489	914	66	206	1071237
15940	7497	925	66	206	1071247
16000	7497	930	65	208	1071257
16044	7505	917	65	208	1071267
16072	7505	885	65	208	1071277
16080	7505	815	65	207	1071287
16067	7490	737	65	207	1071297
16025	7476	230	64	206	1071317
5
14408	5668	176	67	214	1072039
14392	5655	214	68	215	1072049
14385	5655	223	68	215	1072059
14377	5649	218	68	218	1072069
14369	5649	81	68	218	1072089
23
14281	5687	292	66	214	1072159
14274	5697	381	66	216	1072169
14265	5697	539	66	215.333	1072199
14257	5697	603	66	214	1072209
14257	5689	662	66	214	1072229
14250	5689	767	66	214	1072249
14250	5683	840	66	214	1072259
14256	5683	863	66	214	1072269
14267	5675	868	66	214	1072279
14287	5675	884	66	214	1072289
14315	5662	896	66	214	1072299
14352	5655	915	66	214	1072309
14395	5655	924	66	214	1072319
14439	5655	925	66	214	1072329
14477	5663	925	66	216	1072339
14514	5674	928	66	216	1072349
14539	5683	919	66	216	1072359
14556	5683	912	66	216	1072369
14568	5691	860	66	216	1072389
14568	5683	795	66	216	1072399
14550	5671	721	66	216	1072409
14529	5652	605	66	216	1072419
14501	5628	155	66	216	1072439
17
14199	5286	134	65	210	1072663
14185	5267	235	65	210	1072673
14185	5260	408	65	210	1072693
14185	5251	638	65.5	210.5	1072733
14195	5245	780	67	212	1072743
14206	5245	809	67	212	1072753
14225	5245	846	67	212	1072763
14250	5245	874	67	212	1072773
14286	5245	889	67	212	1072783
14327	5256	918	67	212	1072793
14371	5256	935	67	212	1072803
14417	5256	948	67	212	1072813
14460	5264	952	67	212	1072823
14493	5264	952	67	212	1072833
14518	5264	951	67	212	1072843
14530	5264	857	67	212	1072893
14517	5270	254	67	212	1072913
26
14513	5834	36	67	212	1073131
14506	5856	135	67	212	1073141
14506	5865	283	67	212	1073161
14500	5876	467	66.5	213	1073181
14500	5885	590	66	214	1073201
14500	5893	734	66	215	1073241
14507	5884	801	66	216	1073251
14516	5866	813	66	216	1073261
14529	5836	835	66	216	1073271
14545	5792	838	66	216	1073281
14565	5733	838	66	216	1073291
14587	5660	837	66	216	1073301
14608	5573	838	66	216	1073311
14626	5476	840	66	214	1073321
14637	5381	847	66	214	1073331
14637	5295	852	66	214	1073341
14637	5223	851	66	214	1073351
14623	5170	851	66	214	1073361
14607	5129	845	67	212	1073371
14587	5098	840	67	212	1073381
14568	5078	841	67	212	1073391
14552	5063	841	67	210	1073401
14541	5056	839	67	210	1073411
14534	5056	826	67.2857	209.429	1073481
14534	5074	603	68	208	1073491
14546	5092	88	68	208	1073511
53
14547	5854	99	65	212	1073727
14535	5879	224	65	212	1073737
14525	5887	498	65.3333	213.333	1073767
14525	5893	675	66	216	1073777
14532	5893	757	66	216	1073797
14540	5893	845	66	216	1073817
14553	5893	870	66	216	1073827
14565	5887	878	66	216	1073837
14585	5887	882	65	218	1073847
14611	5874	891	65	218	1073857
14644	5863	897	65	218	1073867
14685	5848	903	65	218	1073877
14730	5833	904	65	218	1073887
14783	5819	908	65	218	1073897
14843	5805	911	65	218	1073907
14906	5792	911	64	217	1073917
14971	5776	916	64	217	1073927
15036	5759	924	64	215	1073937
15096	5741	929	64	215	1073947
15150	5722	936	64	215	1073957
15195	5706	938	64	215	1073967
15236	5691	939	63	217	1073977
15270	5679	940	63	217	1073987
15294	5671	943	63	217	1073997
15311	5665	946	63	217	1074007
15317	5665	945	63	217	1074037
15328	5665	947	63	217	1074047
15338	5665	949	63	217	1074057
15351	5665	955	63	217	1074067
15367	5665	957	63	217	1074077
15384	5665	961	63	219	1074087
15398	5665	960	63	219	1074097
15407	5657	960	63	218	1074117
15415	5657	943	63	217	1074147
15415	5650	934	63	217	1074157
15396	5630	932	63	217	1074167
15371	5594	924	63	217	1074177
15332	5542	925	63	217	1074187
15280	5476	925	64	215	1074197
15222	5405	927	64	215	1074207
15160	5335	925	64	215	1074217
15093	5265	924	64	214	1074227
15025	5204	921	64	214	1074237
14955	5153	911	64	214	1074247
14886	5111	903	65	212	1074257
14820	5081	888	65	212	1074267
14757	5058	873	65	212	1074277
14700	5043	846	65	210	1074287
14654	5034	813	65	210	1074297
14616	5026	772	65	208	1074307
14588	5026	727	65	208	1074317
14568	5026	657	65	208	1074327
14556	5026	225	66	206	1074357
18
15366	5657	373	64	214	1074787
15359	5643	510	64	214.5	1074807
15365	5636	650	64	215	1074817
15375	5636	679	64	215	1074827
15385	5636	695	64	215	1074837
15396	5636	765	63	217	1074847
15409	5642	808	63	217	1074857
15429	5642	825	63	217	1074867
15456	5642	848	63	217	1074877
15495	5642	874	63	219	1074887
15546	5642	888	63	219	1074897
15604	5653	900	63	219	1074907
15668	5662	907	63	219	1074917
15732	5671	906	62	217	1074927
15789	5682	906	62	217	1074937
15831	5688	899	61	218	1074947
15856	5688	853	61	218	1074957
15868	5688	396	61	218	1074987
