65
25
10665	19409	37	63	207	930518
10665	19402	76	63	209	930528
10657	19391	177	63	209	930548
10650	19391	277	63	209	930568
10641	19384	368	63	209	930598
10635	19384	579	63	209	930738
10643	19384	731	63	209	930748
10643	19391	743	63	211	930758
10651	19391	772	63	211	930778
10665	19391	801	63	211	930788
10671	19391	832	63	211	930798
10679	19391	837	63	211	930808
10694	19391	831	63	211	930818
10713	19391	840	63	211	930828
10741	19402	839	63	211	930838
10775	19409	841	63	211	930848
10812	19419	845	63	211	930858
10850	19429	848	63	211	930868
10884	19429	857	63	211	930878
10911	19438	862	63	211	930888
10927	19438	867	63	211	930898
10934	19438	829	63	211	930938
10920	19438	705	63	211	930948
10903	19438	601	63	211	930958
10877	19438	178	63	211	930978
20
10633	19148	90	63	207	931142
10617	19139	175	63	207	931152
10617	19131	261	63	207	931162
10609	19131	485	63	207	931222
10621	19131	633	63	207	931232
10634	19139	650	63	207	931242
10650	19147	693	63	207	931252
10672	19154	733	63	207	931262
10700	19154	763	63	209	931272
10735	19154	793	63	209	931282
10775	19154	833	63	209	931292
10817	19154	846	63	209	931302
10857	19154	862	63	209	931312
10888	19148	882	63	209	931322
10909	19148	882	63	209	931332
10922	19148	851	63	210.333	931362
10912	19154	771	63	211	931372
10888	19154	694	63	211	931382
10852	19162	549	63	211	931392
10810	19162	147	63	211	931412
24
10818	19676	90	62	214	931706
10818	19696	351	62	214	931746
10825	19696	497	62	214	931756
10825	19689	575	61	216	931786
10825	19682	637	61	216	931796
10834	19674	659	61	216	931806
10845	19655	688	61	216	931816
10864	19623	693	61	216	931826
10892	19577	695	61	216	931836
10925	19516	710	61	216	931846
10961	19445	725	61	216	931856
10993	19367	740	61	216	931866
11017	19285	750	61	216	931876
11031	19205	773	62	214	931886
11031	19132	780	62	214	931896
11031	19069	788	62	214	931906
11010	19019	800	62	213	931916
10992	18984	801	62	213	931926
10974	18959	817	62	213	931936
10961	18943	837	63	211	931946
10952	18934	868	63	210	931966
10952	18927	846	63.3333	207	932026
10952	18941	628	64	206	932036
10952	18956	205	64	206	932056
35
11001	19637	35	60	214	932274
10983	19673	52	60	214	932284
10975	19688	90	60	214	932294
10968	19700	150	59	215	932304
10968	19710	197	59	215	932314
10959	19718	311	59	215	932334
10959	19725	618	59.375	215.75	932414
10965	19725	728	60	219	932424
10965	19717	747	60	219	932434
10982	19703	749	60	219	932444
11000	19678	761	60	219	932454
11024	19646	775	61	218	932464
11055	19600	781	61	218	932474
11089	19544	783	61	218	932484
11125	19481	784	61	218	932494
11160	19407	788	61	218	932504
11192	19333	787	61	218	932514
11219	19256	791	61	218	932524
11236	19180	791	60	216	932534
11245	19114	793	60	215	932544
11245	19057	795	60	214	932554
11236	19011	794	60	214	932564
11222	18976	801	60	212	932574
11206	18948	803	60	212	932584
11189	18926	823	60	210	932594
11175	18911	837	60	210	932604
11164	18903	852	61	209	932614
11157	18903	872	62	209	932634
11157	18896	888	63	209	932644
11150	18896	894	63.25	207.25	932684
11150	18903	855	64	206	932694
11158	18903	814	64	206	932704
11158	18911	728	64	206	932714
11158	18919	533	64	206	932724
11164	18936	74	64	206	932744
51
11119	19613	150	58	211	932926
11100	19613	204	58	211	932936
11092	19613	292	58	211	932946
11085	19613	389	58	211	932966
11075	19613	540	58.5	213.5	932986
11068	19613	745	59	215	933026
11068	19606	881	59	215	933056
11076	19606	913	59	215	933076
11089	19606	918	59	215	933086
11101	19606	918	59	215	933096
11119	19606	917	59	215	933106
11142	19606	918	59	215	933116
11173	19606	918	59	215	933126
11210	19606	920	59	215	933136
11255	19599	919	59	215	933146
11311	19599	918	59	215	933156
11378	19599	920	59	215	933166
11452	19587	928	59	215	933176
11532	19576	934	59	217	933186
11601	19564	941	59	217	933196
11659	19549	945	59	217	933206
11707	19530	947	59	217	933216
11745	19512	946	59	217	933226
11777	19493	947	59	217	933236
11803	19475	946	59	217	933246
11819	19463	945	58	216	933256
11828	19455	944	58	216	933266
11836	19447	941	57	214	933276
11844	19438	941	57	216	933286
11850	19432	939	57	216	933296
11857	19432	938	57	216	933306
11857	19425	940	57	216	933386
11864	19425	928	57	216	933466
11851	19416	905	57	216	933476
11839	19399	902	57	216	933486
11817	19369	899	57	214	933496
11784	19324	890	57	214	933506
11740	19269	875	57	214	933516
11688	19206	858	57	214	933526
11629	19142	846	58	213	933536
11564	19085	822	58	213	933546
11497	19038	810	58	213	933556
11432	19001	801	58	211	933566
11375	18973	794	58	211	933576
11329	18949	791	59	211	933586
11295	18926	780	59	211	933596
11273	18907	767	60	210	933606
11258	18893	747	60	210	933616
11249	18883	703	61	209	933626
11242	18883	645	61	207	933636
11242	18876	281	61.6667	205.667	933666
38
11916	19379	51	57	214	934147
11924	19391	148	57	214	934157
11945	19401	256	57	216	934177
11953	19412	363	57	216	934196
11953	19423	414	57	216	934206
11953	19430	446	57	216	934216
11945	19436	474	57	216	934236
11938	19446	490	57	216	934256
11929	19446	512	57	216	934266
11920	19446	526	57	216	934276
11910	19446	526	57	216	934286
11897	19435	542	57	216	934296
11883	19425	551	57	216	934306
11869	19412	569	57	216	934316
11855	19397	579	57	216	934326
11846	19383	591	57	216	934336
11846	19362	597	57	216	934346
11846	19340	607	57	216	934356
11853	19318	621	57	216	934366
11870	19296	633	57	216	934376
11896	19282	651	57	216	934386
11930	19275	668	57	216	934396
11974	19275	701	57	216	934406
12022	19287	729	57	216	934416
12069	19309	753	57	216	934426
12108	19337	770	57	216	934436
12135	19369	771	57	216	934446
12148	19400	776	57	216	934456
12148	19429	777	57	216	934466
12134	19454	772	57	216	934476
12115	19472	763	57	216	934486
12092	19484	757	57	216	934496
12069	19484	741	57	216	934506
12047	19484	724	57	216	934516
12029	19473	711	57	216	934526
12013	19462	672	57	216	934536
12003	19451	601	57	216	934546
11997	19442	189	56.6667	215.667	934576
62
11867	19408	67	56	211	935803
11867	19400	116	56	211	935813
11855	19400	220	56	211	935833
11843	19393	292	56	211	935843
11835	19393	316	56	211	935863
11824	19387	375	56	211.5	935883
11815	19387	452	56	213	935903
11806	19387	637	57	214	935993
11814	19387	753	57	214	936003
11820	19387	786	57	214	936013
11831	19387	795	57	214	936023
11847	19387	810	57	214	936033
11869	19387	817	57	214	936043
11902	19394	837	57	214	936053
11944	19394	851	57	214	936063
11996	19394	863	57	214	936073
12053	19388	889	57	214	936083
12112	19388	905	57	214	936093
12172	19378	913	57	214	936103
12224	19378	925	57	214	936113
12272	19378	926	57	214	936122
12312	19378	929	57	216	936132
12337	19378	929	56	215	936142
12354	19378	918	55.25	214.25	936182
12343	19386	900	55	214	936192
12325	19386	896	55	214	936202
12297	19396	894	55	214	936212
12258	19396	883	55	214	936222
12208	19406	868	55	214	936232
12147	19406	855	55	214	936242
12081	19406	852	55	214	936252
12015	19406	851	55	214	936262
11956	19406	847	55	214	936272
11905	19406	850	55	214	936282
11866	19394	850	55	214	936292
11840	19394	851	56	215	936302
11825	19385	879	56.75	215.25	936342
11836	19385	900	57	214	936352
11857	19385	903	57	214	936362
11886	19391	904	57	214	936372
11922	19391	912	57	214	936382
11962	19391	916	57	214	936392
12008	19391	923	57	214	936402
12059	19391	931	57	214	936412
12116	19384	941	57	214	936422
12180	19384	946	57	214	936432
12250	19376	949	57	214	936442
12323	19376	954	57	214	936452
12398	19376	964	57	214	936462
12473	19385	972	56	213	936472
12536	19385	977	56	215	936482
12585	19385	980	55	214	936492
12619	19385	979	55	214	936502
12633	19385	979	55	214	936512
12640	19385	965	54.5	214	936532
12631	19385	948	54	214	936542
12614	19385	938	53	213	936552
12591	19394	906	53	213	936562
12562	19401	878	53	213	936572
12527	19411	801	53	213	936582
12491	19421	687	53	213	936592
12444	19430	181	53.5	212.5	936612
19
10433	17876	158	65	200	938839
10423	17861	319	65	198.4	938889
10416	17861	517	65	198	938909
10416	17869	623	65	195	938929
10424	17869	679	65	195	938939
10432	17869	715	65	195	938949
10445	17869	728	65	195	938959
10463	17869	753	65	195	938969
10489	17869	755	65	195	938979
10517	17876	796	65	195	938989
10554	17876	807	65	195	938999
10594	17876	844	65	195	939009
10630	17876	848	65	195	939019
10666	17876	861	65	195	939029
10690	17876	859	65	198	939039
10706	17876	859	65	198	939049
10716	17876	775	65	198	939099
10701	17876	514	65	198	939109
10684	17860	144	65	198	939129
31
10494	17647	135	65	195	939267
10463	17613	167	65	195	939277
10448	17598	241	65	195	939287
10435	17587	279	65	195	939297
10420	17577	314	65	195	939307
10402	17570	349	65	195	939317
10383	17570	416	65	193	939327
10366	17561	485	65	193	939337
10353	17561	548	65	193	939347
10344	17553	637	65	193	939377
10344	17546	740	65.5	192	939417
10351	17546	787	66	191	939427
10359	17546	806	66	191	939437
10371	17546	816	66	191	939447
10388	17556	825	66	191	939457
10409	17556	845	66	191	939467
10434	17566	851	65	193	939477
10466	17566	859	65	193	939487
10502	17566	865	65	193	939497
10542	17566	892	65	193	939507
10584	17566	897	65	193	939517
10624	17566	910	65	193	939527
10662	17566	929	65	193	939537
10692	17558	938	65	193	939547
10712	17558	943	65	193	939557
10724	17558	917	65	194	939597
10713	17558	850	65	195	939607
10698	17558	792	65	195	939617
10680	17565	708	65	195	939627
10658	17565	588	65	195	939637
10636	17576	164	65	195	939657
23
10687	18027	76	62	202	939979
10678	18037	311	62	202	940019
10678	18043	577	62.8333	200.333	940079
10688	18043	661	63	200	940089
10695	18037	673	63	200	940099
10706	18025	693	63	200	940109
10721	18005	708	63	200	940119
10741	17976	720	63	200	940129
10769	17937	727	63	200	940139
10797	17889	746	63	200	940149
10826	17829	763	63	200	940159
10850	17761	787	63	200	940169
10866	17686	801	63	200	940179
10875	17611	818	63	198	940189
10875	17541	827	63	198	940199
10866	17483	831	63	198	940209
10850	17437	840	63	198	940219
10830	17402	846	63	198	940229
10812	17381	850	63	196	940239
10797	17368	854	63	196	940249
10788	17362	869	63	194.364	940359
10788	17375	586	63	194	940369
10788	17396	170	63	194	940389
26
10860	18041	14	62	204	940903
10867	18041	206	62	204	940933
10875	18041	445	62	204	940983
10881	18041	581	62	204	941003
10891	18031	611	62	204	941013
10900	18017	623	62	204	941023
10915	17996	641	62	202	941033
10935	17966	668	62	202	941043
10960	17927	690	62	202	941053
10989	17880	701	62	202	941063
11019	17823	705	62	202	941073
11047	17758	725	62	202	941083
11070	17688	731	62	202	941093
11085	17617	745	62	202	941103
11085	17550	747	63	200	941113
11085	17493	750	63	200	941123
11068	17443	748	63	200	941133
11050	17403	754	63	200	941143
11030	17374	763	63	198	941153
11013	17352	774	63	198	941163
11000	17341	793	63	198	941173
10991	17335	823	63	198	941193
10983	17335	818	63	196	941273
10992	17351	619	63	196	941283
10992	17367	456	63	196	941293
10992	17389	8	63	196	941313
50
10962	17983	115	60	203	941539
10962	17993	263	60	203	941559
10955	17993	561	61.6667	203.833	941619
10965	17993	717	62	204	941629
10975	17993	734	62	204	941639
10988	17993	763	62	204	941649
11006	17993	791	62	204	941659
11029	17993	808	62	204	941669
11058	17993	825	62	204	941679
11092	17993	839	62	204	941689
11135	17993	858	62	204	941699
11185	17993	862	62	204	941709
11240	17983	861	62	204	941719
11302	17983	865	62	204	941729
11368	17969	863	62	204	941739
11430	17959	865	62	204	941749
11489	17943	866	62	204	941759
11539	17924	865	61	203	941769
11581	17906	866	61	203	941779
11618	17887	867	60	202	941789
11647	17871	867	60	202	941799
11669	17858	866	60	202	941809
11683	17846	868	60	202	941819
11692	17837	867	60	202	941829
11692	17831	868	60	202	941839
11701	17831	869	60	202	941849
11701	17820	868	60	202	941859
11709	17820	869	59.5	201.5	941879
11709	17811	874	58.3333	200.333	941909
11715	17811	869	58	200	941959
11715	17801	860	58	200	941969
11704	17792	855	58	200	941979
11690	17772	849	58	200	941989
11667	17742	848	58	200	941999
11632	17703	843	59	199	942009
11589	17656	840	59	199	942019
11538	17611	832	59	199	942029
11479	17568	827	60	199	942039
11418	17530	815	60	199	942049
11356	17501	806	61	198	942059
11295	17478	797	61	198	942069
11239	17464	790	61	198	942079
11191	17456	778	61	198	942089
11150	17456	774	61	197	942099
11119	17456	766	61	197	942109
11097	17456	739	62	197	942119
11084	17456	717	62	197	942129
11077	17456	672	63	196	942149
11077	17450	520	63	196	942179
11077	17460	45	63	196	942199
20
11598	17764	76	60	202	942459
11598	17771	148	60	202	942469
11606	17771	291	60	202	942499
11614	17771	494	60	202	942529
11625	17778	619	60	202	942539
11632	17778	659	60	202	942549
11645	17778	689	60	202	942559
11667	17778	720	60	202	942569
11694	17786	762	59	201	942579
11731	17786	778	59	201	942589
11778	17786	815	58	200	942599
11834	17786	846	58	200	942609
11898	17786	872	58	200	942619
11967	17786	881	58	200	942629
12030	17786	880	58	200	942639
12081	17786	882	58	200	942649
12117	17786	878	58	202	942659
12136	17786	777	58	202	942689
12097	17778	567	58	202	942699
12036	17765	64	58	202	942719
24
10409	16427	37	65	198	943531
10390	16406	52	65	198	943541
10380	16406	85	65	198	943551
10374	16399	116	65	198	943561
10366	16399	148	65	198	943571
10360	16399	198	65	198	943581
10353	16399	259	65	198	943591
10353	16407	338	65	198	943601
10343	16407	619	65	198	943671
10354	16407	746	65	198	943681
10365	16415	747	65	198	943691
10386	16415	750	65	198	943701
10417	16422	753	65	200	943711
10458	16430	768	65	200	943721
10508	16439	793	65	200	943731
10562	16450	824	65	200	943741
10616	16456	858	65	200	943751
10665	16456	890	65	200	943761
10701	16456	899	65	200	943771
10727	16456	897	64	202	943781
10740	16448	835	64	202	943811
10727	16439	701	64	201	943821
10705	16431	558	64	201	943831
10672	16417	113	63	200	943851
23
10417	16221	202	65	193	943999
10389	16170	204	65	193	944009
10381	16152	281	65	193	944019
10381	16140	340	65	193	944029
10381	16133	494	65	193	944089
10388	16133	702	65	193	944099
10396	16133	740	65	193	944109
10410	16139	762	65	193	944119
10426	16139	775	65	193	944129
10450	16139	815	65	193	944139
10478	16139	830	65	193	944149
10510	16133	843	65	193	944159
10546	16133	865	65	193	944169
10583	16124	876	65	193	944179
10620	16124	882	65	193	944189
10653	16111	886	65	193	944199
10680	16111	896	65	193	944209
10699	16102	902	65	193	944219
10713	16102	899	65	193	944229
10722	16102	850	63.6667	192.5	944289
10709	16102	702	63	192	944299
10692	16115	565	63	192	944309
10668	16131	111	63	192	944329
32
10640	16611	65	63	200	944555
10640	16619	127	63	200	944565
10640	16626	317	63	200	944595
10649	16626	505	63	200	944625
10656	16626	598	63	200	944645
10666	16626	629	63	200	944655
10677	16619	651	63	200	944665
10692	16604	664	63	200	944675
10711	16578	691	63	200	944685
10736	16539	717	63	200	944695
10764	16486	738	62	202	944705
10792	16421	757	62	202	944715
10817	16346	786	62	202	944725
10839	16261	795	63	200	944735
10852	16177	811	63	200	944745
10859	16094	818	63	200	944755
10859	16022	823	63	198	944765
10843	15966	822	63	198	944775
10825	15918	823	63	198	944785
10803	15885	820	63	196	944795
10783	15862	817	63	196	944805
10763	15842	818	63	196	944815
10748	15831	823	63	194	944825
10739	15831	822	63	194	944835
10739	15822	822	63	194	944845
10732	15822	825	63.3333	191.333	944875
10739	15828	799	64	190	944885
10745	15837	775	64	190	944895
10752	15852	723	64	190	944905
10759	15871	636	64	190	944915
10759	15891	497	64	190	944925
10769	15915	54	64	190	944945
29
10839	16610	197	61	197	945167
10822	16616	280	62	199	945187
10822	16623	391	63	200	945197
10836	16623	511	62.2857	201.429	945267
10844	16623	641	62	202	945277
10844	16616	672	62	202	945287
10853	16610	695	62	202	945297
10862	16597	702	62	202	945307
10876	16575	712	62	202	945317
10894	16546	735	62	202	945327
10917	16506	739	62	202	945337
10943	16456	743	62	202	945347
10968	16400	753	62	202	945357
10995	16332	756	62	202	945367
11019	16258	768	62	202	945377
11037	16182	780	62	202	945387
11048	16108	785	63	200	945397
11048	16035	791	63	200	945407
11048	15972	792	63	200	945417
11040	15917	794	63	198	945427
11027	15870	795	63	198	945437
11011	15837	794	63	198	945447
10995	15811	795	63	196	945457
10982	15795	796	63	196	945467
10973	15786	800	63	196	945477
10966	15779	805	63	193.333	945507
10960	15773	770	63	192	945557
10969	15790	600	63	192	945567
10969	15807	163	63	192	945587
48
10931	16559	135	60	200	945811
10924	16567	207	60	200	945821
10924	16560	405	60.6667	200.667	945851
10931	16560	574	62	203.5	945891
10938	16554	627	62	204	945901
10947	16554	644	62	204	945911
10958	16547	702	62	204	945921
10975	16547	731	62	204	945931
10996	16533	763	62	204	945941
11025	16525	793	62	204	945951
11061	16516	814	62	204	945961
11105	16509	837	62	204	945971
11156	16502	851	62	204	945981
11216	16496	857	62	204	945991
11284	16489	870	62	205	946001
11355	16480	884	62	205	946011
11430	16466	889	62	205	946021
11496	16451	895	62	205	946031
11554	16429	894	61	204	946041
11605	16406	894	61	204	946051
11644	16383	894	60	203	946061
11674	16362	895	60	203	946071
11697	16346	894	60	203	946081
11714	16331	892	60	203	946091
11726	16317	891	60	203	946101
11738	16304	893	60	203	946111
11748	16293	893	60	203	946121
11755	16286	893	59	203	946141
11762	16278	877	58	202	946201
11755	16265	855	58	202	946211
11741	16246	845	58	202	946221
11719	16217	843	58	202	946231
11685	16180	842	58	202	946241
11642	16135	840	58	202	946251
11589	16091	837	58	200	946261
11526	16046	833	58	200	946271
11455	16002	829	58	200	946281
11386	15967	830	59	199	946291
11322	15936	830	59	199	946301
11267	15912	829	60	198	946311
11224	15894	828	60	198	946321
11189	15882	824	61	197	946331
11161	15873	817	61	197	946341
11140	15873	815	61	195	946351
11124	15866	807	61	195	946361
11114	15866	793	61	193	946371
11106	15866	670	62.2	192.4	946421
11106	15873	97	63	192	946441
29
11685	16256	216	59.6667	201.667	946727
11691	16256	442	58.5	200.5	946747
11699	16262	566	58	200	946767
11706	16262	681	58	201.333	946797
11715	16262	761	58	202	946807
11715	16269	780	58	202	946817
11727	16269	797	58	202	946827
11740	16269	814	58	202	946837
11754	16278	842	58	203	946847
11768	16278	850	58	203	946857
11780	16285	851	58	203	946867
11790	16285	853	58	203	946877
11797	16285	854	58	203	946897
11806	16285	867	58	203.75	946977
11820	16285	892	58	205	946987
11834	16291	896	58	205	946997
11856	16291	904	58	205	947007
11891	16291	904	58	205	947017
11935	16291	904	58	205	947027
11990	16299	905	58	205	947037
12053	16299	906	58	205	947047
12116	16299	905	58	205	947057
12175	16299	899	58	205	947067
12225	16299	896	58	205	947077
12260	16299	884	58	205	947087
12283	16299	826	57	206	947097
12291	16299	711	57	206	947107
12280	16299	604	57	206	947117
12246	16280	122	57.5	205.5	947137
24
10293	14900	464	57	203	948083
10286	14863	477	57	203	948093
10286	14848	599	58	203	948103
10302	14848	660	58	203	948113
10302	14838	686	59	203	948123
10310	14838	718	60.6	203.8	948173
10318	14838	748	63	206	948183
10327	14838	773	63	206	948193
10343	14845	779	63	207	948203
10367	14845	796	63	207	948213
10399	14845	806	63	207	948223
10438	14851	822	63	207	948233
10483	14851	844	63	207	948243
10531	14851	871	63	207	948253
10577	14842	876	63	207	948263
10618	14835	880	63	207	948273
10648	14835	883	63	207	948283
10664	14825	878	63	207	948293
10672	14825	825	63	207	948323
10665	14825	726	63	207	948333
10650	14825	650	63	206	948343
10628	14818	575	63	206	948353
10600	14805	421	62	205	948363
10569	14785	82	62	205	948383
23
10335	14543	197	62	202	948491
10326	14517	263	62	202	948501
10318	14509	366	62	202	948511
10318	14502	447	62	202	948531
10318	14493	555	62.25	202.25	948571
10318	14487	735	63.6667	203.667	948601
10326	14487	802	64	204	948611
10338	14487	830	64	204	948621
10356	14487	846	64	204	948631
10381	14493	862	64	204	948641
10412	14493	868	64	204	948651
10449	14493	870	64	206	948661
10486	14502	869	64	206	948671
10524	14502	869	64	206	948681
10563	14514	869	64	206	948691
10600	14520	873	64	206	948701
10631	14527	873	64	206	948711
10656	14527	873	64	206	948721
10672	14527	873	64	206	948731
10681	14527	832	64	206	948761
10675	14527	735	63	205	948771
10657	14527	626	63	205	948781
10631	14527	211	62	204	948801
30
10556	15025	61	61	207	949155
10548	15025	180	61	207	949195
10548	15031	309	61	207	949215
10555	15031	373	61	207	949235
10555	15038	557	61	207	949335
10563	15030	646	61	207	949345
10572	15023	652	61	207	949355
10583	15011	659	61	207	949365
10600	14992	666	61	207	949375
10622	14966	674	61	207	949385
10649	14931	707	61	207	949395
10680	14890	708	61	207	949405
10711	14844	716	61	207	949415
10740	14793	726	62	205	949425
10764	14737	746	62	205	949435
10779	14675	747	62	205	949445
10786	14608	759	62	205	949455
10786	14540	757	62	205	949465
10776	14473	757	62	205	949475
10760	14416	762	62	205	949485
10741	14367	762	62	205	949495
10722	14328	766	62	205	949505
10703	14300	768	62	205	949515
10687	14280	770	62	204	949525
10676	14270	776	62	204	949535
10668	14270	777	62	204	949545
10668	14263	768	62	204	949625
10668	14270	646	62	202	949635
10675	14277	524	62	202	949645
10682	14289	137	62	202	949665
26
10732	15089	67	60	210	950119
10725	15098	176	60	210	950139
10725	15104	467	60	210	950219
10734	15104	580	60	210	950229
10740	15089	592	61	209	950239
10750	15078	611	61	209	950249
10764	15060	616	61	209	950259
10785	15034	615	61	209	950269
10812	14997	618	61	209	950279
10845	14945	620	61	209	950289
10884	14878	628	61	209	950299
10923	14799	651	61	209	950309
10957	14712	676	61	209	950319
10982	14624	680	61	209	950329
10995	14542	687	61	207	950339
10995	14471	693	61	207	950349
10985	14410	702	61	207	950359
10971	14362	707	61	207	950369
10951	14325	705	61	207	950379
10933	14297	708	62	205	950389
10916	14277	709	62	205	950399
10901	14265	713	62	205	950409
10890	14257	724	62	205	950419
10882	14257	723	62	204	950429
10882	14250	665	62	204	950529
10875	14250	17	62	202	950549
57
10771	15069	179	61	209	951131
10779	15062	249	61	209	951141
10779	15051	377	61	209	951151
10790	15051	462	61	209	951161
10798	15042	526	61	208	951181
10809	15042	595	61	207	951201
10819	15042	638	62	208	951211
10827	15042	658	62	208	951221
10835	15042	673	63	209	951231
10846	15042	709	63	209	951241
10860	15042	717	63	209	951251
10875	15042	743	63	209	951261
10890	15042	755	63	209	951271
10911	15042	772	63	209	951281
10933	15042	810	63	209	951291
10956	15031	838	63	209	951301
10983	15025	867	63	209	951311
11011	15017	884	63	209	951321
11046	15007	898	63	209	951331
11084	14996	913	63	209	951341
11123	14984	918	63	209	951351
11167	14971	917	63	209	951361
11206	14961	918	63	209	951371
11250	14951	917	63	209	951381
11292	14938	917	63	209	951391
11336	14926	918	62	208	951401
11381	14912	917	62	208	951411
11421	14896	920	61	207	951421
11462	14877	919	61	207	951431
11496	14859	920	61	207	951441
11522	14845	921	61	207	951451
11541	14834	921	61	207	951461
11550	14834	912	61.2174	206.565	951691
11550	14813	898	61	204	951701
11537	14780	888	61	204	951711
11524	14735	885	60	203	951721
11505	14681	883	60	203	951731
11481	14627	882	60	203	951741
11451	14581	880	61	204	951751
11414	14536	881	61	203	951761
11371	14494	873	62	204	951771
11326	14457	866	62	204	951781
11281	14423	860	62	204	951791
11238	14392	849	62	204	951801
11196	14364	838	62	202	951811
11156	14339	831	62	202	951821
11119	14318	829	62	202	951831
11085	14302	827	62	202	951841
11058	14290	826	62	202	951851
11034	14282	822	63	200	951861
11017	14276	823	63	200	951871
11003	14276	823	63	200	951881
10993	14265	822	63	200	951891
10986	14265	822	63	200	951901
10986	14259	817	63	200	951911
10979	14259	715	63	199	951971
10990	14268	141	63	198	951991
18
11510	14759	310	60	205	952479
11504	14744	358	60	205	952489
11514	14738	525	60	205	952499
11528	14738	607	60	205	952509
11552	14731	690	60	205	952519
11582	14731	717	60	205	952529
11619	14731	772	60	205	952539
11660	14731	796	60	205	952549
11707	14731	830	60	205	952559
11756	14731	839	60	205	952569
11808	14731	843	60	205	952579
11858	14739	844	60	205	952589
11899	14739	841	60	205	952599
11930	14739	832	60	205	952609
11951	14739	796	60	205	952619
11961	14739	695	60	205	952629
11961	14732	572	60	205	952639
11943	14726	185	59.5	206	952659
24
10288	13343	74	59	204	953511
10273	13330	110	59	204	953521
10264	13330	203	59	207	953531
10258	13319	266	59	207	953541
10251	13319	357	59	207	953561
10240	13319	486	59	207	953581
10232	13319	659	59.5	207.5	953621
10239	13319	750	61	209	953631
10247	13319	767	61	209	953641
10261	13319	793	61	209	953651
10281	13319	828	61	209	953661
10307	13319	842	61	209	953671
10346	13319	870	61	209	953681
10391	13319	892	61	209	953691
10440	13313	904	60	210	953701
10491	13313	907	60	210	953711
10534	13313	918	60	210	953721
10565	13305	921	60	210	953731
10584	13305	918	60	210	953741
10592	13305	860	60	210	953771
10576	13312	746	60	210	953781
10554	13312	633	60	210	953791
10522	13303	515	60	210	953801
10483	13280	158	60	210	953821
22
10207	12972	114	60	205	953937
10207	12979	235	60	203	953947
10207	12986	357	61	204	953967
10207	12995	516	62	204.5	953987
10214	12995	649	62	204	954017
10222	12995	722	62	204	954037
10230	12995	763	62	204	954047
10237	12995	784	62	204	954057
10248	12995	787	62	204	954067
10267	12995	805	62	204	954077
10294	12995	822	62	204	954087
10334	12987	844	62	204	954097
10381	12987	850	62	204	954107
10438	12987	873	62	204	954117
10492	12987	882	62	204	954127
10537	12987	887	62	204	954137
10573	12980	891	62	204	954147
10591	12980	883	62	204	954157
10601	12980	809	62	204	954187
10582	12987	636	62	204	954197
10558	12996	448	62	205	954207
10525	13006	0	62	205	954227
30
10465	13536	214	58	211	954411
10456	13545	232	58	211	954421
10450	13545	336	59	213	954431
10450	13552	443	59.5	212.5	954451
10450	13558	577	60	212.5	954491
10456	13558	653	60	214	954501
10464	13558	660	60	214	954511
10478	13541	666	60	214	954521
10498	13516	672	60	214	954531
10523	13476	672	60	214	954541
10551	13419	695	60	214	954551
10579	13345	709	60	212	954561
10606	13259	741	60	212	954571
10626	13167	775	60	212	954581
10636	13083	785	60	210	954591
10636	13003	802	60	209	954601
10626	12934	802	60	209	954611
10608	12882	806	59	207	954621
10585	12836	800	59	207	954631
10560	12803	800	59	207	954641
10536	12779	802	60	205	954651
10518	12761	802	60	205	954661
10507	12753	809	60	203	954681
10500	12753	814	61	202	954721
10507	12760	784	62	202	954731
10507	12770	729	62	202	954741
10515	12784	694	62	202	954751
10515	12799	612	62	202	954761
10524	12818	420	62	202	954771
10524	12839	28	62	202	954791
31
10581	13529	35	58	211	954987
10574	13538	167	58	211	954997
10566	13538	298	58	211	955007
10566	13547	469	58	211	955027
10566	13556	587	58	211	955037
10575	13556	661	58	212	955077
10581	13556	695	58	213.667	955107
10590	13556	700	58	214	955117
10601	13538	701	58	214	955127
10615	13516	705	58	213	955137
10634	13487	705	58	213	955147
10658	13448	708	58	213	955157
10688	13396	712	58	213	955167
10721	13335	724	58	211	955177
10755	13264	746	58	211	955187
10787	13190	765	58	211	955197
10812	13116	776	58	211	955207
10827	13044	783	58	210	955217
10827	12974	787	58	210	955227
10819	12912	795	58	210	955237
10800	12857	799	59	208	955247
10774	12813	808	59	208	955257
10748	12780	811	59	207	955267
10726	12758	816	59	207	955277
10710	12744	827	60	205	955287
10701	12734	852	60	203.667	955317
10701	12728	852	60	201	955357
10701	12737	792	60	200	955367
10708	12737	726	60	200	955377
10708	12747	624	60	200	955387
10708	12761	217	60	200	955407
55
10656	13557	244	58	209	955583
10635	13549	308	58	210	955593
10635	13542	555	58	211	955633
10641	13542	677	58	211	955643
10650	13542	698	58	211	955653
10660	13542	736	58	211	955663
10674	13548	758	58	213	955673
10691	13548	765	58	213	955683
10713	13548	790	58	213	955693
10743	13548	797	58	213	955703
10784	13542	806	58	213	955713
10833	13542	818	58	213	955723
10890	13532	824	58	213	955733
10954	13526	840	58	213	955743
11018	13518	833	58	213	955753
11082	13507	836	57	214	955763
11139	13495	837	57	214	955773
11192	13479	833	57	214	955783
11239	13463	831	57	214	955793
11280	13447	829	57	214	955803
11318	13429	828	57	214	955813
11354	13407	828	57	214	955823
11387	13378	825	57	214	955833
11415	13349	826	57	214	955843
11438	13317	825	56	213	955853
11454	13291	826	56	213	955863
11465	13268	824	56	212	955873
11473	13247	824	56	212	955883
11479	13227	825	56	211	955893
11479	13202	823	56	211	955903
11488	13176	823	56	211	955913
11488	13142	818	56	209	955923
11488	13109	816	56	209	955933
11480	13074	812	56	209	955943
11460	13034	807	57	208	955953
11427	12998	801	57	208	955963
11382	12961	798	57	206	955973
11326	12927	801	57	206	955983
11265	12901	803	58	205	955993
11200	12879	801	58	205	956003
11130	12862	803	58	203	956013
11061	12851	803	58	203	956023
10995	12840	804	58	202	956033
10937	12831	807	58	202	956043
10893	12822	806	58	202	956053
10859	12815	808	58	202	956063
10835	12808	807	58	200	956073
10819	12808	807	58	200	956083
10807	12801	808	58	200	956093
10800	12801	808	58	200	956113
10800	12794	793	58.75	199.25	956153
10800	12801	705	59	199	956163
10811	12801	615	59	199	956173
10822	12809	417	59	199	956183
10836	12816	21	59	199	956203
3
10683	13532	10	58	210	957131
10677	13532	30	58	210	957151
10668	13532	12	58	210	957181
38
10644	13579	24	58	210	957707
10636	13589	156	58	210	957727
10636	13596	423	58	210	957767
10646	13596	534	58	210	957777
10655	13596	553	58	211	957787
10667	13596	570	58	211	957797
10680	13596	590	58	211	957807
10694	13587	598	58	211	957817
10710	13587	606	58	211	957827
10727	13577	625	58	211	957837
10750	13571	668	58	211	957847
10776	13564	683	58	211	957857
10808	13553	693	58	211	957867
10844	13544	698	58	211	957877
10885	13535	712	58	211	957887
10929	13527	711	58	213	957897
10976	13527	720	58	213	957907
11026	13513	723	58	213	957917
11080	13504	721	58	213	957927
11136	13491	725	58	213	957937
11192	13472	733	58	213	957947
11248	13455	742	58	213	957957
11298	13437	743	58	213	957967
11343	13414	755	58	213	957977
11383	13393	755	58	213	957987
11415	13374	756	58	213	957997
11445	13357	753	57	214	958007
11472	13346	749	56	213	958017
11492	13338	748	56	213	958027
11512	13331	738	56	212	958037
11529	13324	737	56	212	958047
11540	13324	737	56	212	958057
11549	13313	734	56	212	958077
11556	13313	686	55.75	211.75	958157
11547	13313	589	54	210	958167
11539	13313	521	54	210	958177
11528	13313	431	54	210	958187
11511	13313	138	54	209.5	958207
21
11463	13281	119	54	209	958279
11463	13264	269	54	209	958289
11474	13257	333	55.5	207.5	958309
11480	13247	400	56.3333	208.333	958339
11480	13237	433	57	208	958349
11463	13225	495	57	208	958359
11443	13203	529	57	208	958369
11408	13170	567	57	206	958379
11361	13127	594	57	206	958389
11304	13080	604	57	206	958399
11239	13030	618	58	205	958409
11171	12978	622	58	205	958419
11099	12927	628	58	205	958429
11026	12879	626	58	203	958439
10956	12836	626	58	203	958449
10890	12798	619	58	203	958459
10830	12772	605	58	202	958469
10771	12753	575	58	202	958479
10720	12740	529	58	200	958489
10669	12740	421	58	200	958499
10622	12740	134	59.5	200	958519
19
11546	13239	144	55	206	959203
11546	13231	240	55	206	959223
11546	13225	346	55	206	959233
11552	13225	456	55	206	959303
11552	13232	577	55	206	959313
11560	13232	612	55	205	959333
11568	13242	625	55	205	959343
11577	13249	668	55	205	959353
11591	13257	672	55	205	959363
11612	13266	689	55	206	959373
11643	13266	707	55	206	959383
11687	13276	709	55	206	959393
11745	13276	722	55	206	959403
11819	13276	736	55	207	959413
11900	13276	742	55	207	959423
11983	13269	739	55	207	959433
12056	13269	741	55	207	959443
12108	13259	726	54	209	959453
12138	13259	352	54	209	959483
23
10097	11934	2	59	204	960403
10080	11914	183	60	205	960413
10080	11906	310	60	204	960433
10080	11897	464	60	203	960453
10092	11897	541	60	203	960463
10098	11897	596	61	204	960473
10107	11897	622	61	204	960483
10120	11897	650	62	205	960493
10137	11897	690	62	205	960503
10160	11904	704	62	205	960513
10189	11913	750	62	205	960523
10225	11925	761	62	205	960533
10264	11940	778	62	205	960543
10305	11954	804	62	205	960553
10344	11963	816	62	205	960563
10380	11963	817	62	205	960573
10407	11969	820	62	205	960583
10426	11969	816	62	205	960593
10436	11969	779	62	205	960613
10436	11959	717	62	205	960623
10413	11943	602	62	205	960633
10385	11921	423	62	205	960643
10347	11892	50	62	205	960663
22
10117	11722	82	60	200	960771
10108	11712	214	60	200	960791
10108	11703	408	60	200	960821
10108	11697	555	60.6667	200.667	960851
10114	11697	644	62	202	960861
10114	11690	679	62	202	960871
10129	11690	706	62	202	960881
10142	11690	739	62	202	960891
10162	11690	744	62	202	960901
10186	11690	780	62	202	960911
10215	11690	800	62	202	960921
10248	11690	815	62	202	960931
10280	11690	830	62	202	960941
10314	11697	836	62	202	960951
10344	11697	840	62	202	960961
10365	11706	846	62	204	960971
10380	11706	845	62	204	960981
10388	11706	787	62	204	961021
10374	11706	672	62	204	961031
10361	11712	570	62	204	961041
10345	11712	434	62	204	961051
10328	11724	34	61.5	203.5	961071
23
10365	12233	253	56	208	961335
10357	12233	386	56	209	961365
10357	12222	527	57	208	961375
10366	12205	534	58	209	961385
10376	12177	551	58	209	961395
10388	12140	573	58	210	961405
10404	12091	604	58	210	961415
10423	12033	643	59	208	961425
10443	11967	671	59	208	961435
10465	11893	697	59	208	961445
10484	11810	727	59	207	961455
10496	11723	747	59	207	961465
10496	11638	763	59	207	961475
10496	11560	767	60	205	961485
10475	11493	771	60	205	961495
10455	11442	771	60	203	961505
10429	11404	772	61	204	961515
10402	11380	766	61	204	961525
10380	11365	763	62	204	961535
10362	11355	756	62	204	961545
10353	11355	710	62	202.4	961595
10364	11370	538	62	202	961605
10371	11388	162	62	202	961625
30
10491	12198	152	59	208	961851
10491	12208	253	59	208	961861
10491	12215	392	59	208	961881
10503	12215	502	59	208	961891
10511	12215	573	59	208	961911
10520	12208	641	59	208	961941
10529	12208	667	59	208	961951
10535	12199	666	59	208	961961
10545	12184	673	59	208	961971
10557	12155	680	59	208	961981
10574	12114	689	59	208	961991
10592	12056	703	59	208	962001
10614	11982	715	59	207	962011
10636	11897	733	59	207	962021
10658	11801	741	59	207	962031
10676	11703	747	59	207	962041
10688	11609	750	60	205	962051
10688	11527	752	60	205	962061
10688	11458	753	60	205	962071
10673	11401	753	60	203	962081
10656	11356	749	60	203	962091
10640	11324	749	60	203	962101
10623	11301	757	60	203	962111
10611	11288	763	60	202	962121
10603	11288	769	60	202	962131
10596	11278	761	60	201.333	962191
10596	11286	683	60	200	962201
10596	11295	589	60	200	962211
10596	11311	459	60	200	962221
10605	11337	28	60	200	962241
51
10544	12153	140	59	208	962435
10532	12153	234	58	210	962445
10526	12153	380	58	210	962465
10538	12145	489	58	210	962475
10545	12145	544	58	210	962485
10551	12137	610	58	210	962505
10560	12137	680	58	210	962515
10567	12137	702	58	210	962525
10578	12131	733	58	210	962535
10595	12131	743	59	208	962545
10620	12131	758	59	208	962555
10655	12131	779	59	208	962565
10699	12131	810	59	208	962575
10755	12122	820	59	208	962585
10823	12122	847	59	208	962595
10897	12122	867	59	208	962605
10977	12113	885	59	208	962615
11053	12113	899	59	208	962625
11125	12102	901	59	208	962635
11195	12091	909	59	208	962645
11260	12080	911	59	208	962655
11319	12068	909	59	208	962665
11373	12054	910	59	208	962675
11418	12042	911	58	207	962685
11458	12029	912	58	207	962695
11487	12017	911	57	208	962705
11505	12010	909	57	208	962715
11513	12010	899	57	208	962725
11513	12003	863	57	208	962765
11513	11993	843	56	207	962775
11500	11975	838	56	207	962785
11487	11948	837	55	206	962795
11469	11907	837	55	206	962805
11444	11859	836	55	205	962815
11408	11798	836	55	205	962825
11365	11731	837	55	205	962835
11311	11665	833	55	205	962845
11255	11596	835	55	205	962855
11196	11532	834	55	205	962865
11134	11472	828	57	204	962875
11074	11415	825	57	204	962885
11013	11365	821	58	205	962895
10954	11322	803	58	203	962905
10898	11289	794	58	203	962915
10844	11266	779	58	203	962925
10792	11255	748	58	202	962935
10746	11255	712	58	202	962945
10707	11255	654	58	202	962955
10677	11255	580	58	202	962965
10656	11255	421	59	201	962975
10645	11255	33	59.5	201.5	962995
20
11466	11979	16	55	206	963527
11451	11967	60	55	205	963537
11451	11960	133	55	205	963547
11443	11960	227	55	205	963557
11443	11952	476	56	205.667	963617
11451	11952	664	57	206	963627
11460	11952	687	57	206	963637
11473	11952	743	56	206	963647
11493	11952	774	56	206	963657
11522	11959	797	55	205	963667
11562	11959	813	55	205	963677
11614	11959	826	55	205	963687
11676	11959	837	55	205	963697
11747	11959	840	55	205	963707
11820	11959	838	55	205	963717
11889	11959	838	55	205	963727
11949	11966	840	55	205	963737
11989	11966	830	55	205	963747
12012	11966	713	55	206	963767
11997	11966	195	55	206	963787
23
9853	10424	316	60	202	964680
9843	10418	489	60.3333	202.333	964709
9855	10418	629	61	204	964719
9861	10411	663	62	205	964729
9870	10411	686	62	205	964739
9877	10411	722	62	205	964749
9885	10411	731	62	205	964759
9899	10420	748	62	205	964769
9915	10428	780	61	207	964779
9941	10437	792	61	207	964789
9974	10445	821	61	207	964799
10015	10452	853	61	207	964809
10059	10452	870	61	207	964819
10102	10461	880	61	207	964829
10139	10461	888	61	209	964839
10164	10461	892	61	209	964849
10183	10470	892	61	209	964859
10192	10470	887	61	209	964879
10200	10479	840	61	209	964909
10194	10479	778	61	209	964919
10182	10479	706	61	209	964929
10162	10470	604	61	209	964939
10136	10470	198	61	209	964959
20
9810	10180	314	60	203	965124
9801	10158	347	60	203	965134
9795	10158	506	60.6667	203.667	965164
9802	10158	638	62	204.333	965194
9812	10158	709	62	204	965203
9825	10158	731	62	202	965213
9845	10158	794	62	202	965223
9873	10158	817	62	202	965233
9910	10158	844	62	202	965243
9952	10158	859	62	202	965253
10000	10158	870	62	202	965263
10046	10158	875	62	202	965273
10088	10165	873	62	202	965283
10117	10165	873	62	202	965293
10136	10165	859	62	202	965303
10147	10165	830	62	202	965313
10147	10171	751	62	202	965333
10140	10178	648	62	202	965343
10128	10186	519	62	204	965353
10110	10198	92	62	204	965373
24
10103	10664	109	58	207	965640
10103	10673	252	59	208	965660
10103	10679	501	59	208	965700
10111	10679	566	59	208	965710
10111	10669	569	59	208	965720
10123	10653	576	59	208	965730
10133	10627	591	59	208	965740
10148	10588	606	59	208	965750
10168	10535	628	59	208	965760
10189	10469	657	60	209	965770
10212	10391	679	60	209	965780
10230	10303	714	60	209	965790
10243	10214	735	61	209	965799
10243	10130	748	61	209	965809
10243	10057	752	61	209	965819
10227	9997	750	61	207	965829
10208	9953	752	61	207	965839
10188	9923	748	61	207	965849
10168	9904	746	62	205	965859
10152	9894	743	62	205	965869
10140	9894	743	62	204	965879
10134	9885	702	62.5	201.333	965939
10141	9903	405	63	200	965949
10141	9923	21	63	200	965969
26
10289	10654	50	57	208	966196
10273	10674	100	57	208	966206
10266	10682	220	58	209	966226
10260	10690	509	58	210	966286
10270	10690	633	58	211	966296
10279	10672	634	58	211	966306
10292	10649	644	58	211	966316
10310	10613	646	58	211	966326
10333	10562	661	59	213	966336
10358	10498	677	59	213	966346
10384	10423	699	59	211	966356
10409	10337	718	59	211	966366
10428	10248	739	59	211	966376
10441	10160	757	58	210	966386
10441	10078	768	59	208	966396
10441	10004	773	59	208	966406
10429	9944	773	59	208	966416
10411	9897	770	59	207	966426
10394	9866	768	59	207	966436
10376	9847	761	59	207	966446
10363	9837	760	60	205	966455
10355	9837	764	60	204	966475
10347	9837	749	60	202.333	966505
10347	9848	666	60	202	966515
10347	9863	505	60	200	966525
10353	9887	40	60	200	966545
51
10330	10626	160	57	208	966752
10309	10626	299	57	208	966772
10302	10633	520	57.6	209	966822
10308	10633	647	58	211	966842
10322	10626	671	58	211	966852
10337	10626	696	58	211	966862
10362	10619	702	58	211	966872
10395	10619	738	58	211	966882
10439	10604	762	58	211	966892
10492	10591	775	58	211	966902
10551	10576	799	58	211	966912
10615	10558	821	58	211	966922
10681	10541	822	58	211	966932
10745	10527	829	58	211	966942
10804	10509	835	58	213	966952
10857	10494	835	58	213	966962
10905	10477	829	58	213	966972
10953	10457	825	58	213	966982
10997	10438	823	58	213	966992
11036	10416	821	58	213	967002
11067	10395	821	58	213	967012
11087	10376	819	57	212	967022
11102	10358	819	57	212	967032
11112	10344	817	56	211	967042
11118	10333	817	56	211	967052
11118	10322	815	56	211	967062
11129	10314	815	56	209	967072
11135	10303	815	56	209	967082
11144	10292	817	56	209	967092
11152	10284	815	56	209	967102
11160	10275	816	56.5	208.5	967121
11168	10267	814	57	206.75	967201
11161	10258	794	57	206	967211
11148	10246	794	57	206	967221
11128	10227	793	57	206	967231
11095	10200	792	58	205	967241
11051	10164	791	58	205	967251
10996	10121	787	58	205	967261
10933	10076	783	58	205	967271
10861	10028	776	58	205	967281
10785	9983	766	58	203	967291
10707	9944	755	58	203	967301
10626	9913	743	58	203	967311
10546	9889	729	58	202	967321
10468	9873	707	58	202	967331
10398	9860	686	58	202	967341
10343	9849	667	59	201	967351
10303	9837	639	59	201	967361
10277	9823	601	60	202	967371
10260	9811	520	60	200	967381
10252	9802	170	60.5	199	967401
28
11204	10307	275	55	207	967932
11197	10307	347	55	207	967942
11204	10300	510	55	206.5	967962
11214	10291	770	56.2857	206.286	968102
11199	10291	753	57	206	968112
11180	10291	715	57	206	968122
11154	10280	693	57	206	968132
11125	10273	672	57	206	968142
11096	10264	659	57	206	968152
11071	10255	658	57	206	968162
11053	10248	665	57	206	968172
11042	10248	680	57	206	968182
11042	10242	748	57	206	968212
11050	10242	800	57	206	968222
11064	10249	844	57	206	968232
11088	10256	840	57	206	968242
11122	10262	846	57	206	968252
11162	10269	864	57	206	968262
11212	10269	869	57	206	968272
11270	10276	871	57	206	968282
11336	10276	871	57	206	968292
11409	10276	873	57	206	968302
11478	10276	868	57	206	968312
11539	10266	861	57	206	968322
11584	10266	839	57	206	968332
11611	10257	756	57	206	968342
11624	10257	620	56	206	968352
11612	10248	162	55.5	205.5	968372
24
9764	8895	127	60	200	969304
9727	8884	159	60	200	969314
9713	8873	257	60	200	969324
9703	8862	340	60	200	969334
9696	8851	382	60	200	969344
9696	8843	415	61	201	969354
9689	8843	464	61	201	969364
9689	8835	623	62	202	969404
9698	8835	736	62	202	969414
9710	8835	775	62	202	969424
9731	8835	785	62	202	969434
9759	8835	816	62	202	969444
9794	8835	823	62	202	969454
9831	8835	854	62	202	969464
9872	8835	858	62	202	969474
9917	8835	888	62	202	969484
9960	8844	893	62	202	969494
10004	8844	898	62	204	969504
10038	8844	900	62	204	969514
10061	8844	897	62	204	969524
10073	8844	822	62	204	969554
10062	8844	690	62	204	969564
10038	8844	553	62	204	969574
10003	8835	103	62	204	969594
24
9699	8570	88	61	197	969712
9686	8536	104	61	197	969722
9686	8527	151	61	197	969732
9676	8527	192	61	197	969742
9676	8518	235	61	197	969752
9666	8518	312	62	197	969772
9655	8518	507	63	198	969802
9648	8518	711	63	198	969832
9658	8518	790	63	198	969852
9673	8509	811	63	198	969862
9684	8509	816	63	198	969872
9703	8509	819	63	198	969882
9729	8509	826	63	198	969892
9765	8509	833	63	198	969902
9810	8519	852	63	198	969912
9861	8519	855	63	198	969922
9915	8519	867	63	198	969932
9965	8519	876	63	200	969942
10005	8519	883	63	200	969952
10029	8519	880	63	200	969962
10040	8512	828	63	200	969982
10032	8512	728	63	200	969992
10010	8518	613	63	200	970002
9980	8518	161	63	200	970022
33
10008	8983	85	59	201	970248
9999	9008	156	59	203	970258
9999	9015	333	60	203	970288
10008	9015	458	60	205	970308
10008	9022	527	60	205	970318
10015	9022	563	60	205	970338
10023	9022	599	60	205	970348
10031	9022	607	60	205	970358
10041	9022	625	60	205	970368
10052	9007	641	60	205	970378
10068	8984	663	60	205	970388
10084	8948	679	60	205	970398
10100	8893	703	60	203	970408
10116	8820	725	60	203	970418
10128	8737	731	60	203	970428
10136	8647	745	60	203	970438
10136	8554	760	60	203	970448
10136	8466	770	60	202	970458
10119	8386	777	60	202	970468
10105	8318	777	60	202	970478
10088	8267	778	60	200	970488
10071	8232	777	60	200	970498
10056	8210	780	60	200	970508
10043	8201	783	61	198	970518
10033	8201	787	61	198	970528
10025	8201	793	61	197	970548
10018	8201	791	61	197	970558
10018	8214	784	61	197	970568
10018	8225	757	61	197	970578
10018	8241	715	61	197	970588
10027	8261	613	61	197	970598
10035	8281	490	61	197	970608
10044	8306	26	61	197	970628
26
10220	9075	208	56	203	970880
10213	9088	314	57	204	970890
10204	9088	404	57	204	970900
10204	9101	525	57	206	970920
10204	9110	597	58	207	970960
10214	9102	614	59	208	970970
10221	9082	616	59	208	970980
10232	9046	623	59	207	970990
10247	8990	642	59	207	971000
10262	8914	662	59	207	971010
10278	8822	690	59	207	971020
10291	8721	733	59	207	971030
10298	8615	758	59	207	971040
10298	8514	766	60	205	971050
10290	8421	770	60	205	971060
10279	8343	770	60	205	971070
10263	8282	768	60	203	971080
10245	8239	762	60	203	971090
10230	8213	753	60	203	971100
10216	8197	750	60	202	971110
10206	8197	739	60	202	971120
10199	8197	726	60	202	971130
10192	8206	699	60	200	971140
10192	8222	615	60	200	971150
10192	8244	538	60	200	971160
10192	8268	134	60	200	971180
42
10270	9058	75	56	206	971516
10253	9058	334	57	206	971536
10245	9051	550	57.3333	206.333	971566
10245	9044	641	58	207	971576
10253	9044	668	59	208	971596
10267	9044	673	59	208	971606
10281	9044	689	59	208	971616
10304	9044	686	59	208	971626
10335	9036	696	59	208	971636
10378	9028	709	59	208	971646
10431	9019	741	59	208	971656
10491	9009	759	59	208	971666
10557	8997	795	59	208	971676
10623	8984	810	59	208	971686
10689	8971	829	59	208	971696
10754	8958	829	59	208	971706
10813	8946	825	59	208	971716
10866	8929	823	59	208	971726
10911	8911	800	59	208	971736
10950	8888	787	58	207	971746
10980	8862	755	58	207	971756
11002	8837	746	57	206	971766
11018	8815	733	57	206	971776
11026	8796	731	57	206	971786
11033	8783	733	57	206	971796
11033	8772	740	57	206	971806
11044	8762	760	57	206	971826
11053	8751	780	57	206	971886
11042	8740	777	57	206	971896
11025	8721	776	58	205	971906
10995	8689	777	58	205	971916
10952	8643	777	58	205	971926
10899	8585	776	58	205	971936
10840	8520	776	58	205	971946
10774	8451	772	58	205	971956
10705	8382	765	58	203	971966
10631	8316	755	58	203	971976
10553	8261	740	58	203	971986
10471	8217	704	58	202	971996
10392	8180	646	58	202	972006
10320	8155	549	58	202	972016
10260	8134	181	58	200	972036
17
10985	8764	334	56	203	972560
10993	8764	409	56	203	972570
11004	8755	518	56	203	972580
11032	8755	640	56	203	972590
11047	8755	688	56	203	972600
11065	8755	712	56	203	972610
11088	8755	746	56	203	972620
11118	8762	800	56	203	972630
11160	8769	812	56	203	972640
11215	8777	832	55	205	972650
11280	8786	839	55	205	972660
11355	8796	838	55	205	972670
11435	8803	836	55	205	972680
11505	8803	813	55	205	972690
11555	8803	735	55	205	972700
11581	8803	613	55	205	972710
11572	8788	175	55	205	972730
19
9440	7177	189	62	204	973608
9418	7177	353	62	204	973628
9410	7177	508	62	204	973638
9410	7168	593	62	204	973658
9410	7160	702	62	202	973698
9419	7160	792	62	202	973708
9429	7160	814	62	202	973718
9447	7168	843	62	202	973728
9475	7168	852	62	202	973738
9512	7168	869	62	202	973748
9554	7168	877	62	202	973758
9594	7168	883	62	202	973768
9628	7168	883	63	200	973778
9652	7159	882	63	200	973788
9665	7159	856	63	200	973808
9673	7159	721	63	200	973838
9659	7153	538	63	200	973848
9645	7144	363	63	200	973858
9625	7130	16	63	200	973878
21
9352	6853	158	63	196	973996
9342	6828	236	63	196	974006
9334	6828	388	63	196	974026
9343	6828	560	63	195	974046
9356	6828	658	63	194	974056
9364	6822	694	63	194	974066
9375	6822	720	63	194	974076
9389	6822	741	64	195	974086
9407	6822	764	64	195	974096
9431	6822	791	65	195	974106
9461	6822	825	65	195	974116
9496	6822	837	65	195	974126
9538	6822	839	65	195	974136
9581	6828	843	65	195	974146
9621	6828	839	65	195	974156
9655	6828	838	65	195	974166
9680	6828	831	65	195	974176
9696	6828	821	65	195	974186
9705	6828	746	63.6667	196.667	974216
9692	6836	606	63	196	974226
9678	6836	203	63	196	974246
25
9664	7336	85	61	207	974464
9655	7344	328	61.1667	206.667	974524
9655	7350	612	62	205	974574
9655	7343	668	62	205	974584
9655	7330	670	62	204	974594
9668	7306	679	62	204	974604
9680	7274	688	62	204	974614
9696	7227	696	62	204	974624
9716	7170	701	62	204	974634
9738	7104	702	62	204	974644
9761	7029	708	62	204	974654
9780	6951	717	62	202	974664
9793	6875	722	62	202	974674
9793	6807	727	62	202	974684
9793	6746	729	62	202	974694
9793	6695	730	63	200	974704
9779	6657	728	63	200	974714
9764	6629	730	63	200	974724
9750	6613	732	63	198	974734
9739	6604	735	63	198	974744
9733	6604	733	63	198	974794
9733	6617	680	63	196	974804
9733	6632	596	63	196	974814
9733	6651	433	63	196	974824
9733	6673	14	63	196	974844
27
9798	7303	174	60	202	975016
9791	7326	241	60	203	975026
9791	7334	314	60	203	975036
9784	7343	408	60	203	975046
9784	7350	477	60	205	975066
9784	7359	543	60	205	975076
9777	7359	630	60	205	975116
9783	7347	681	60	206	975126
9793	7332	695	60	206	975136
9807	7308	697	61	207	975146
9827	7275	708	61	207	975156
9852	7231	709	62	205	975166
9882	7177	709	62	205	975176
9913	7113	716	62	205	975186
9943	7041	721	62	205	975196
9969	6962	733	62	204	975206
9988	6885	739	62	204	975216
9999	6814	742	62	204	975226
9999	6753	739	62	204	975236
9990	6708	732	62	202	975246
9975	6673	724	62	202	975256
9956	6646	724	62	202	975266
9937	6630	718	62	202	975276
9924	6620	716	63	200	975286
9915	6620	671	63	200	975326
9915	6637	459	63	200	975336
9915	6659	4	62.5	197.5	975356
49
9900	7316	274	58	206	975544
9881	7316	549	59	207.167	975604
9891	7316	657	59	207	975614
9898	7316	682	59	207	975624
9906	7323	708	59	207	975634
9919	7323	726	60	208	975644
9938	7333	753	60	208	975654
9964	7342	775	61	209	975664
9997	7351	801	61	209	975674
10039	7359	808	61	209	975684
10087	7366	812	61	209	975694
10135	7366	811	60	208	975704
10186	7366	814	60	208	975714
10235	7366	813	59	207	975724
10279	7366	810	59	207	975734
10324	7351	813	59	207	975744
10365	7341	824	59	207	975754
10405	7329	824	59	207	975764
10444	7314	829	59	207	975774
10478	7298	831	59	207	975784
10510	7280	832	59	207	975794
10534	7263	831	59	207	975804
10553	7247	831	59	207	975814
10565	7236	830	59	207	975824
10573	7227	832	59	207	975834
10582	7215	827	59	207	975844
10590	7206	828	59	207	975854
10600	7195	829	59	207	975864
10610	7181	829	59	207	975874
10618	7170	828	60	205	975884
10618	7162	825	60	205	975894
10625	7155	817	59.5	204.5	975914
10625	7140	808	59	204	975924
10610	7120	805	58	203	975934
10590	7086	800	58	203	975944
10560	7038	794	58	203	975954
10520	6983	793	58	203	975964
10470	6922	792	58	203	975974
10415	6860	793	58	202	975984
10358	6800	793	58	202	975994
10300	6743	794	59	203	976004
10243	6689	788	59	203	976014
10186	6644	784	60	202	976024
10133	6610	765	60	202	976034
10082	6585	749	60	202	976044
10039	6574	724	60	200	976054
10005	6574	693	60	200	976064
9980	6574	645	60	200	976074
9967	6574	310	60.3333	199.333	976104
20
10517	7146	84	60	205	976564
10517	7139	237	60	205	976584
10525	7139	424	60	205	976604
10535	7139	508	60	205	976614
10535	7132	564	60	205	976624
10547	7132	602	60	205	976634
10555	7132	633	60	205	976644
10565	7132	644	60	205	976654
10581	7132	689	60	205	976664
10601	7132	743	60	205	976674
10628	7132	765	59	204	976684
10663	7132	803	59	204	976694
10707	7132	821	58	203	976704
10763	7132	824	58	203	976714
10826	7138	828	58	203	976724
10891	7138	823	58	203	976734
10949	7148	821	58	203	976744
10992	7148	796	58	203	976754
11018	7148	658	58	203	976774
10993	7139	140	58	204	976794
17
9435	5399	327	60	214	977588
9405	5399	395	60	214	977598
9399	5399	626	60	214	977648
9405	5399	746	60	214	977658
9412	5399	761	60	214	977668
9424	5399	803	60	212	977678
9444	5399	834	60	212	977688
9470	5399	847	60	212	977698
9506	5399	868	60	212	977708
9547	5406	875	60	212	977718
9589	5406	891	60	212	977728
9627	5406	885	60	212	977738
9655	5406	888	60	212	977748
9672	5413	873	60	212	977758
9679	5413	765	60	212	977788
9671	5413	563	60	212	977798
9654	5413	188	60	212	977818
21
9365	5129	295	59	208	977944
9365	5099	299	59	208	977954
9365	5089	454	59.25	207	978034
9376	5089	710	61	207	978044
9389	5089	771	61	207	978054
9407	5089	787	61	207	978064
9431	5099	846	61	207	978074
9460	5099	860	61	207	978084
9496	5107	875	61	207	978094
9536	5107	903	61	207	978104
9578	5117	936	61	207	978114
9621	5127	935	61	207	978124
9661	5137	948	61	207	978134
9694	5144	952	61	207	978144
9720	5144	951	61	207	978154
9735	5144	940	61	207	978164
9742	5144	851	61	207	978194
9729	5152	713	61	207	978204
9711	5159	597	61	207	978214
9686	5169	406	61	207	978224
9659	5184	0	61	207	978244
22
9625	5612	140	60	212	978420
9615	5636	290	60	212	978440
9615	5645	583	60	210.571	978510
9628	5632	680	60	210	978520
9645	5608	689	60	210	978530
9667	5573	699	60	210	978540
9693	5520	717	60	210	978550
9721	5455	724	60	210	978560
9746	5380	733	60	210	978570
9766	5296	739	60	210	978580
9780	5212	746	60	210	978590
9780	5129	749	60	210	978600
9780	5052	753	60	210	978610
9780	4985	757	61	209	978620
9760	4931	746	61	209	978630
9740	4889	727	61	209	978640
9720	4861	714	61	209	978650
9699	4844	700	61	207	978660
9683	4836	678	60	206	978670
9674	4836	637	60	204.667	978700
9674	4848	551	60	203	978710
9681	4868	187	61	204	978730
30
9801	5653	135	58	211	978956
9780	5672	198	58	211	978966
9780	5680	329	58	210	978976
9772	5689	572	58	210	979036
9780	5681	685	58	210	979046
9787	5670	689	58	210	979056
9796	5653	691	58	210	979066
9810	5625	694	58	210	979076
9825	5586	697	58	210	979086
9844	5533	698	58	210	979096
9865	5467	706	58	210	979106
9885	5387	718	58	210	979116
9906	5298	729	58	210	979126
9923	5210	737	58	210	979136
9933	5124	756	58	210	979146
9933	5047	762	59	208	979156
9933	4984	768	59	208	979166
9933	4931	771	59	208	979176
9927	4891	771	59	208	979186
9916	4865	775	59	207	979196
9907	4845	776	59	207	979206
9896	4834	777	59	207	979216
9886	4827	776	59	207	979226
9880	4827	777	60	205	979236
9880	4820	775	60	204.2	979286
9880	4829	738	60	203	979296
9880	4839	700	61	204	979306
9880	4853	608	61	204	979316
9887	4874	414	62	205	979326
9887	4898	0	61.5	204.5	979346
56
9834	5648	217	59	208	979592
9827	5634	252	59	208	979602
9827	5627	367	59	208	979622
9827	5620	456	58	210	979642
9834	5620	602	58	210	979682
9844	5620	697	58	210	979692
9853	5620	709	58	211	979702
9864	5620	734	58	211	979712
9880	5620	752	58	211	979722
9899	5613	794	58	211	979732
9919	5613	821	59	213	979742
9942	5602	844	59	213	979752
9967	5602	860	59	213	979762
9996	5591	881	59	213	979772
10029	5591	895	58	211	979782
10067	5583	899	58	211	979792
10110	5577	907	58	211	979802
10160	5577	912	58	211	979812
10216	5562	918	58	211	979822
10275	5550	921	58	213	979832
10336	5540	925	58	213	979842
10395	5527	926	58	213	979852
10443	5513	928	58	213	979862
10486	5499	927	58	213	979872
10522	5485	928	58	213	979882
10548	5473	927	58	213	979892
10573	5464	927	58	213	979902
10591	5457	921	58	213	979912
10604	5450	924	58	213	979922
10612	5443	921	58	213	979942
10621	5443	920	57	212	979952
10621	5437	917	56.5	211.5	979972
10621	5421	911	56	211	979982
10621	5401	906	56	211	979992
10621	5382	904	56	211	980002
10621	5356	902	56	211	980012
10621	5331	898	56	211	980022
10621	5309	895	56	211	980032
10610	5277	888	56	211	980042
10598	5241	887	56	211	980052
10577	5204	885	56	209	980062
10549	5156	881	56	209	980072
10514	5107	873	56	209	980082
10469	5058	858	57	208	980092
10418	5013	854	57	208	980102
10365	4977	852	57	208	980112
10313	4947	843	57	206	980122
10264	4925	839	57	206	980132
10221	4908	836	58	207	980142
10184	4896	835	58	206	980152
10153	4889	830	59	207	980162
10128	4879	826	59	207	980172
10110	4872	816	59	207	980182
10099	4864	812	60	205	980192
10092	4857	795	60	205	980212
10092	4847	513	60	205	980272
19
10644	5442	158	55	214	980890
10637	5442	402	55.3333	213.333	980920
10637	5434	588	56	212	980970
10645	5434	704	56	212	980990
10658	5434	748	56	212	981000
10671	5427	768	56	212	981010
10691	5420	787	56	212	981020
10719	5413	811	56	212	981030
10756	5403	844	56	212	981040
10800	5397	876	56	212	981050
10855	5388	894	56	212	981060
10913	5382	913	56	212	981070
10972	5382	917	56	212	981080
11027	5371	920	56	212	981090
11066	5371	922	56	212	981100
11089	5371	910	56	212	981110
11098	5371	820	56	212	981130
11082	5371	672	56	212	981140
11050	5371	216	56	212	981160
19
10190	4909	181	58	205	981764
10178	4909	349	58	205	981774
10168	4909	423	58	205	981784
10153	4897	479	58	205	981794
10135	4887	529	58	205	981804
10115	4873	541	58	205	981814
10093	4858	582	58	206	981824
10069	4845	597	58	206	981834
10042	4833	617	59	207	981844
10012	4823	625	59	207	981854
9981	4815	639	59	207	981864
9948	4815	643	60	205	981874
9917	4807	645	60	205	981884
9889	4807	647	60	205	981894
9863	4799	642	60	205	981904
9842	4799	632	60	205	981914
9828	4788	604	60	205	981924
9821	4788	564	60	205	981934
9821	4781	248	60	204.333	981964
