52
41
365	17136	58	60	7	3872601
365	17103	163	60	7	3872611
365	17087	258	60	5	3872621
365	17072	340	60	5	3872631
373	17057	390	60	3	3872641
373	17044	440	60	3	3872651
373	17033	470	60	3	3872661
373	17024	512	60	2.5	3872681
373	17017	569	60	0.8	3872731
373	17030	619	60	0	3872741
383	17045	645	60	0	3872751
390	17068	648	60	358	3872761
398	17100	659	61	358	3872771
407	17136	663	61	358	3872781
417	17173	667	62	358	3872791
427	17211	671	62	0	3872801
435	17246	673	62	0	3872811
443	17278	673	62	0	3872821
450	17306	675	62	0	3872831
450	17328	677	62	0	3872841
457	17344	678	62	0	3872851
457	17355	679	62	0	3872861
457	17364	682	62	0	3872881
457	17373	681	62	32.5455	3872991
457	17366	673	62	358	3873201
464	17373	679	62	358	3873241
464	17366	691	63	358	3873251
476	17354	698	63	0	3873261
487	17334	699	64	0	3873271
506	17303	703	64	0	3873281
528	17262	704	64	0	3873291
553	17219	708	64	0	3873301
580	17173	705	64	0	3873311
604	17135	706	64	0	3873321
627	17100	707	64	0	3873331
645	17074	708	64	0	3873341
657	17058	708	64	0	3873351
665	17047	705	64	2	3873371
673	17039	629	64	2	3873431
673	17048	334	64	2	3873441
661	17057	9	64	1	3873461
11
443	17182	354	62	11	3873661
433	17174	502	62	10	3873681
423	17167	589	62	9	3873701
445	17167	626	62	9	3873711
475	17167	629	62	7	3873721
516	17167	630	62	7	3873731
564	17167	628	62	7	3873741
610	17178	624	62	7	3873751
648	17187	613	62	6	3873761
676	17194	590	63	6	3873771
690	17194	353	63.75	6	3873811
119
496	16781	100	64	0	3874537
496	16801	198	64	0	3874547
496	16810	326	64	0	3874567
496	16819	473	64	0	3874607
496	16806	564	64	0	3874617
496	16791	595	64	0	3874627
503	16771	625	64	0	3874637
503	16742	641	64	0	3874647
503	16709	665	63	0	3874657
510	16673	680	63	0	3874667
510	16633	691	62	0	3874677
510	16593	698	62	0	3874687
510	16552	701	63	0	3874697
510	16510	702	63	0	3874707
510	16466	711	64	2	3874717
510	16427	718	64	2	3874727
510	16390	725	64	2	3874737
510	16351	729	64	4	3874747
510	16314	739	64	4	3874757
510	16276	739	64	4	3874767
510	16235	747	64	6	3874777
510	16193	750	64	6	3874787
510	16149	756	64	6	3874797
518	16099	764	64	6	3874807
518	16050	768	64	8	3874817
518	16002	772	64	8	3874827
518	15953	773	64	8	3874837
518	15907	776	64	10	3874847
518	15858	777	64	10	3874857
518	15807	781	64	10	3874867
518	15758	784	64	10	3874877
525	15705	786	64	10	3874887
525	15655	791	63	12	3874897
525	15608	794	63	12	3874907
525	15562	799	63	12	3874917
533	15520	802	63	12	3874927
533	15478	801	63	12	3874937
542	15436	806	63	12	3874947
542	15395	807	63	12	3874957
542	15352	806	63	12	3874967
542	15307	807	63	14	3874977
542	15262	807	63	14	3874987
542	15215	808	63	14	3874997
542	15168	813	63	16	3875007
542	15124	813	63	16	3875017
542	15076	812	63	16	3875027
549	15032	814	63	16	3875037
549	14987	811	63	16	3875047
549	14938	815	63	16	3875057
549	14892	814	63	16	3875067
549	14842	815	63	16	3875077
549	14793	815	63	16	3875087
549	14742	815	63	16	3875097
549	14692	815	63	16	3875107
549	14641	816	63	16	3875117
549	14591	817	63	16	3875127
549	14539	816	63	16	3875137
549	14486	823	63	16	3875147
549	14431	813	63	16	3875157
549	14374	817	63	16	3875167
549	14314	813	63	16	3875177
549	14250	820	63	16	3875187
549	14185	816	63	18	3875197
549	14119	818	63	18	3875207
549	14055	822	63	18	3875217
542	13995	824	63	18	3875227
542	13933	822	63	18	3875237
542	13872	825	63	18	3875247
542	13808	824	63	18	3875257
542	13741	822	63	18	3875267
542	13672	821	63	18	3875277
542	13603	822	63	18	3875287
542	13535	823	63	18	3875297
542	13466	822	63	20	3875307
542	13398	825	63	20	3875317
542	13329	823	63	20	3875327
542	13257	821	63	20	3875337
536	13185	823	63	20	3875347
536	13114	823	63	20	3875357
536	13045	824	63	20	3875367
536	12979	823	63	20	3875377
536	12911	824	63	20	3875387
536	12842	822	63	20	3875397
536	12773	826	63	20	3875407
536	12702	826	62	22	3875417
536	12631	823	62	22	3875427
529	12562	830	62	22	3875437
529	12493	822	61	21	3875447
529	12426	826	61	21	3875457
529	12357	823	60	22	3875467
529	12286	823	60	22	3875477
529	12214	824	60	22	3875487
529	12140	824	60	22	3875497
529	12065	824	60	22	3875507
529	11988	822	60	22	3875517
529	11911	824	60	22	3875527
529	11834	820	60	22	3875537
529	11757	821	60	23	3875547
529	11683	822	60	23	3875557
529	11610	822	61	24	3875567
536	11540	818	61	24	3875577
536	11469	816	62	25	3875587
536	11398	819	61	27	3875597
542	11328	815	61	27	3875607
542	11256	817	61	27	3875617
542	11186	817	61	27	3875627
542	11117	819	61	27	3875637
552	11051	819	61	27	3875647
552	10986	817	61	27	3875657
558	10924	818	61	27	3875667
558	10867	817	61	27	3875677
558	10815	817	61	27	3875687
568	10772	814	61	27	3875697
568	10736	810	61	27	3875707
576	10705	807	61	27	3875717
576	10680	793	61	27	3875727
585	10660	774	61	27	3875737
585	10646	725	61	27	3875747
585	10636	270	61	27	3875787
32
564	16603	13	66	2	3876865
557	16603	48	66	2	3876875
546	16603	96	66	2	3876895
535	16603	145	65	2	3876915
525	16611	242	64	2	3876935
517	16611	417	64	0.571429	3877005
510	16611	579	63	0	3877085
517	16611	626	63	0	3877095
525	16611	636	63	0	3877105
537	16611	641	64	0	3877115
552	16611	644	64	0	3877125
569	16604	658	64	0	3877135
588	16604	664	64	0	3877145
614	16604	669	64	0	3877155
643	16604	676	64	0	3877165
675	16604	676	64	0	3877175
705	16604	682	64	0	3877185
735	16604	683	64	0	3877195
763	16613	684	64	0	3877205
787	16613	684	64	0	3877215
810	16622	686	63	0	3877225
826	16622	688	63	0	3877235
841	16622	689	62	0	3877245
853	16622	694	62	0	3877255
862	16622	696	62	0	3877265
872	16630	697	62	0	3877275
885	16630	697	62	0	3877285
897	16630	697	62	0	3877295
906	16630	699	62	0	3877305
913	16630	718	60.4762	0	3877515
913	16622	755	60	0	3877715
906	16622	483	60	0	3877795
48
761	16358	42	62	7	3878415
753	16358	203	62	7	3878445
747	16358	352	62	7	3878455
747	16365	481	62	7	3878495
740	16365	605	62	6	3878535
747	16365	657	62	6	3878545
756	16359	673	62	6	3878555
770	16359	682	62	6	3878565
791	16359	685	62	6	3878575
815	16359	688	62	7	3878585
843	16359	688	62	7	3878595
874	16359	690	62	7	3878605
906	16359	691	62	7	3878615
937	16366	694	62	7	3878625
964	16366	693	62	7	3878635
986	16366	694	62	7	3878645
1002	16374	697	62	7	3878655
1013	16374	701	62	7	3878665
1020	16374	709	62	7	3878685
1027	16374	728	61.5	7	3878705
1027	16365	745	60.5	9	3878725
1020	16352	747	60	9	3878735
1009	16337	764	60	9	3878745
997	16319	763	60	9	3878755
982	16293	763	60	9	3878765
965	16261	764	60	9	3878775
950	16226	765	60	9	3878785
932	16184	765	60	9	3878795
915	16146	766	60	9	3878805
900	16112	766	60	9	3878815
886	16081	775	60	9	3878825
877	16059	771	60	9	3878835
877	16045	771	60	10	3878845
867	16034	765	60	10	3878895
867	16045	765	60	9	3878905
867	16058	763	60	9	3878915
860	16074	759	60	9	3878925
860	16095	749	60	9	3878935
849	16122	748	60	7	3878945
839	16150	742	60	7	3878955
823	16188	741	60	7	3878965
806	16227	741	61	7	3878975
785	16265	740	61	7	3878985
768	16301	742	62	9	3878995
756	16324	740	62	7	3879005
749	16339	738	62	7	3879015
749	16348	625	62	7	3879055
757	16348	115	62	7	3879075
26
920	16047	212	60	8	3879219
912	16054	340	60	7	3879229
905	16063	382	60	7	3879239
897	16072	456	60	5	3879249
886	16072	493	60	5	3879259
878	16072	564	60	3	3879269
870	16072	578	60	3	3879279
860	16049	588	60	2	3879289
854	16024	594	60	2	3879299
854	15994	605	60	2	3879309
854	15962	615	60	3	3879319
854	15935	625	60	3	3879329
874	15915	627	60	3	3879339
896	15905	621	60	5	3879349
921	15905	625	60	5	3879359
946	15917	634	60	5	3879369
966	15936	648	60	7	3879379
979	15959	668	60	7	3879389
979	15982	679	60	7	3879399
979	16004	688	60	7	3879409
970	16026	685	60	9	3879419
957	16045	673	60	9	3879429
939	16061	607	60	9	3879439
920	16069	527	60	7	3879449
901	16069	368	60	7	3879459
887	16069	49	60	7	3879479
93
921	15749	34	60	9	3879733
921	15785	127	60	9	3879743
921	15797	223	60	9	3879753
921	15807	306	60	9	3879763
928	15815	381	60	9	3879773
928	15822	565	60	8.6	3879823
928	15814	671	60	7	3879833
928	15802	700	60	7	3879843
928	15786	710	60	7	3879853
928	15763	720	60	7	3879863
928	15733	733	60	7	3879873
928	15704	738	60	7	3879883
928	15672	746	60	7	3879893
928	15635	754	60	7	3879903
928	15599	764	60	7	3879913
928	15559	769	60	9	3879923
928	15516	775	60	9	3879933
928	15471	780	60	9	3879943
928	15426	779	60	9	3879953
928	15376	785	60	10	3879963
934	15325	787	60	10	3879973
934	15271	801	60	10	3879983
934	15216	798	59	12	3879993
934	15156	808	59	12	3880003
934	15093	814	59	12	3880013
934	15033	814	59	14	3880023
934	14970	815	59	14	3880033
934	14913	817	59	14	3880043
927	14854	821	59	14	3880053
927	14794	818	59	14	3880063
927	14736	821	59	14	3880073
919	14676	822	59	14	3880083
919	14621	823	59	14	3880093
913	14563	824	59	14	3880103
913	14508	825	59	14	3880113
913	14454	827	59	14	3880123
913	14395	829	59	14	3880133
906	14337	824	59	14	3880143
906	14276	823	59	14	3880153
906	14212	824	59	14	3880163
899	14148	826	59	14	3880173
899	14082	828	59	14	3880183
890	14017	829	59	14	3880193
890	13954	829	59	14	3880203
882	13890	832	59	14	3880213
882	13829	831	59	14	3880223
882	13768	833	59	14	3880233
875	13704	834	59	14	3880243
875	13642	833	59	14	3880253
875	13575	831	59	14	3880263
868	13510	831	59	14	3880273
868	13441	831	59	14	3880283
868	13372	830	59	14	3880293
861	13299	833	59	15	3880303
861	13226	836	59	15	3880313
861	13155	835	59	15	3880323
861	13086	837	59	15	3880333
861	13020	837	59	15	3880343
861	12950	836	59	15	3880353
861	12880	836	59	15	3880363
861	12805	836	59	15	3880373
861	12727	837	59	17	3880383
861	12646	840	59	17	3880393
861	12564	833	59	17	3880403
861	12479	838	59	17	3880413
861	12393	843	59	19	3880423
861	12307	838	59	19	3880433
861	12217	841	59	19	3880443
861	12126	838	59	19	3880453
868	12037	840	59	19	3880463
868	11950	839	59	19	3880473
868	11861	832	59	19	3880483
868	11771	833	58	20	3880493
868	11683	836	58	20	3880503
875	11596	835	58	20	3880513
875	11514	838	58	20	3880523
882	11432	839	58	20	3880533
882	11349	835	58	22	3880543
889	11264	838	58	22	3880553
889	11177	841	58	22	3880563
900	11092	839	58	22	3880573
900	11007	835	58	22	3880583
907	10923	839	58	22	3880593
907	10843	834	58	22	3880603
907	10767	839	58	22	3880613
907	10698	839	58	22	3880623
915	10635	838	58	23	3880633
915	10581	836	58	23	3880643
921	10538	831	58	23	3880653
921	10499	809	58	23	3880663
921	10468	778	58	23	3880673
921	10448	695	58	23	3880683
921	10437	258	58	23	3880713
13
875	16625	17	58	0	3881401
875	16631	275	58	0	3881431
866	16619	464	58	0	3881441
866	16609	505	58	0	3881451
866	16587	544	58	0	3881461
874	16557	556	58	0	3881471
874	16521	557	58	0	3881481
884	16474	558	58	0	3881491
884	16432	554	58	0	3881501
884	16394	531	58	0	3881511
891	16366	497	58	0	3881521
891	16347	376	58	2	3881531
891	16339	36	58	2	3881551
15
1259	17316	193	60	3	3882182
1272	17343	317	60	3	3882192
1272	17354	481	60	2	3882212
1260	17362	572	59	2	3882232
1260	17336	615	58	2	3882242
1269	17302	640	58	2	3882252
1269	17251	658	58	2	3882262
1280	17188	666	58	2	3882272
1280	17126	674	58	2	3882282
1289	17078	676	58	2	3882291
1289	17037	670	58	0	3882301
1296	17014	655	58	0	3882311
1296	17004	518	58	0	3882341
1296	17018	291	58	0	3882351
1304	17039	4	58	0	3882371
31
1326	17259	269	58	2	3882470
1308	17276	331	58	2	3882480
1298	17283	454	58	2	3882490
1298	17292	493	58	2	3882500
1298	17303	502	58	2	3882510
1310	17315	510	58	2	3882520
1340	17326	515	58	2	3882530
1376	17326	515	58	2	3882540
1409	17326	519	58	2	3882550
1433	17317	527	58	2	3882560
1442	17297	529	58	2	3882570
1442	17272	540	58	2	3882580
1428	17244	543	58	2	3882590
1413	17214	552	58	2	3882600
1402	17186	550	59	2	3882609
1402	17159	564	59	2	3882619
1412	17136	577	60	2	3882629
1437	17118	594	60	2	3882639
1470	17103	611	60	2	3882649
1502	17092	631	60	2	3882659
1527	17076	658	60	2	3882669
1535	17054	673	60	0	3882679
1524	17022	672	60	0	3882689
1498	16986	675	60	0	3882699
1461	16950	667	60	0	3882709
1419	16920	663	60	0	3882719
1381	16904	646	60	0	3882729
1349	16898	640	60	0	3882739
1326	16898	574	60	0	3882749
1314	16898	444	60	0	3882759
1314	16911	1	60	0	3882779
85
1425	16652	213	62	4	3883026
1425	16699	308	62	6	3883036
1418	16716	427	62	6	3883046
1418	16727	571	62	4.5	3883086
1418	16711	669	62	4	3883096
1418	16688	700	62	4	3883106
1425	16655	715	62	4	3883116
1425	16611	731	62	4	3883126
1425	16563	738	62	4	3883136
1431	16509	750	62	4	3883146
1431	16451	758	62	4	3883156
1431	16389	771	62	4	3883166
1431	16329	770	62	4	3883176
1431	16270	776	62	6	3883186
1431	16210	776	62	6	3883196
1431	16151	780	62	6	3883206
1431	16090	781	62	7	3883216
1431	16028	783	62	7	3883226
1431	15967	785	62	9	3883236
1431	15909	786	62	9	3883246
1431	15847	786	62	9	3883256
1431	15783	788	62	9	3883266
1425	15717	788	62	11	3883276
1425	15651	795	62	11	3883285
1416	15582	796	62	11	3883295
1416	15516	794	62	11	3883305
1416	15447	799	62	11	3883315
1409	15379	800	61	13	3883325
1409	15309	799	61	13	3883335
1401	15232	801	61	13	3883345
1401	15156	802	61	13	3883355
1392	15077	803	61	13	3883365
1392	15000	803	61	13	3883375
1381	14925	803	61	13	3883385
1381	14851	806	61	13	3883395
1373	14780	806	61	13	3883405
1373	14704	807	61	13	3883415
1363	14628	810	61	13	3883425
1363	14551	810	61	13	3883435
1351	14472	813	61	15	3883445
1351	14393	811	61	15	3883455
1339	14311	814	61	15	3883465
1339	14226	816	61	15	3883475
1328	14139	816	61	15	3883485
1321	14051	815	61	13	3883495
1321	13965	817	60	12	3883505
1311	13879	817	60	12	3883515
1311	13795	817	59	12	3883525
1311	13709	816	59	14	3883535
1311	13622	820	59	14	3883545
1311	13535	818	59	14	3883555
1311	13448	818	59	14	3883565
1303	13359	816	59	14	3883575
1303	13266	817	59	14	3883585
1303	13172	821	59	14	3883595
1303	13078	821	59	14	3883605
1303	12987	821	59	14	3883615
1303	12899	821	59	14	3883625
1303	12809	820	59	14	3883635
1309	12716	823	59	14	3883645
1309	12620	822	59	15	3883655
1309	12521	820	59	15	3883665
1309	12421	823	59	15	3883675
1309	12321	824	59	17	3883685
1309	12218	822	59	17	3883695
1309	12115	825	59	17	3883705
1309	12012	829	59	19	3883715
1309	11909	829	59	19	3883725
1309	11805	828	59	19	3883735
1309	11701	827	59	19	3883745
1316	11595	822	59	19	3883755
1316	11489	823	59	19	3883765
1316	11382	826	59	19	3883775
1316	11273	828	58	20	3883785
1316	11166	827	58	20	3883795
1322	11062	830	58	20	3883805
1322	10959	826	58	20	3883815
1322	10858	825	58	20	3883825
1322	10760	823	58	20	3883835
1322	10666	823	58	20	3883845
1322	10587	808	58	20	3883855
1322	10524	794	58	20	3883865
1330	10480	720	58	22	3883875
1330	10454	616	58	22	3883885
1330	10444	163	58	22	3883905
33
1512	16531	33	66	2	3884762
1490	16531	85	66	2	3884772
1481	16539	151	66	2	3884782
1472	16539	207	66	2	3884792
1466	16547	325	65	1	3884812
1457	16547	500	64	0	3884862
1467	16547	597	64	0	3884872
1481	16547	610	64	0	3884882
1500	16547	643	64	0	3884892
1530	16547	663	64	0	3884902
1570	16547	670	64	0	3884912
1615	16547	679	64	0	3884922
1664	16559	681	64	0	3884932
1712	16569	684	65	0	3884942
1755	16576	683	65	0	3884952
1794	16576	686	66	0	3884962
1824	16586	687	66	0	3884972
1845	16586	695	66	0	3884982
1858	16586	724	66.5	0	3885002
1865	16576	745	67	0	3885012
1865	16570	753	68	0	3885022
1865	16555	755	68	0	3885032
1865	16533	756	68	0	3885042
1855	16501	758	68	0	3885052
1855	16460	770	68	0	3885062
1844	16416	778	68	2	3885072
1837	16371	781	68	2	3885082
1837	16327	783	68	2	3885092
1827	16296	785	68	2	3885102
1827	16274	779	68	2	3885112
1827	16258	768	68	2	3885132
1827	16248	606	69	5	3885192
1827	16256	23	70	8	3885212
47
1725	16307	177	68	7	3885318
1688	16307	227	68	7	3885328
1669	16307	376	68	7	3885338
1654	16307	444	68	7	3885348
1645	16307	480	68	7	3885358
1645	16299	520	68	7	3885378
1668	16291	589	68	7	3885388
1695	16291	628	68	7	3885398
1732	16291	656	68	7	3885408
1780	16291	666	68	7	3885418
1830	16291	670	68	7	3885428
1883	16291	676	68	7	3885438
1932	16301	680	68	7	3885448
1968	16301	679	68	7	3885458
1995	16301	684	68	7	3885468
2010	16301	698	68	7	3885478
2010	16292	716	69	8	3885488
2017	16292	741	69.5	8	3885508
2017	16285	753	70	8	3885518
2017	16277	755	70	8	3885528
2001	16261	761	70	8	3885538
1985	16237	750	70	8	3885548
1965	16198	763	70	8	3885558
1939	16157	771	70	8	3885568
1916	16119	773	70	8	3885578
1895	16083	773	70	8	3885588
1880	16061	772	70	8	3885598
1870	16042	772	69	8	3885608
1863	16030	771	68.5	7.5	3885628
1863	16022	765	68	7	3885638
1857	16022	765	68	7	3885658
1849	16032	762	68	7	3885668
1841	16043	755	68	7	3885678
1829	16058	755	68	5	3885688
1813	16082	749	68	5	3885698
1795	16112	744	68	5	3885708
1775	16148	742	68	5	3885718
1755	16187	740	68	5	3885728
1736	16226	738	68	5	3885738
1720	16263	743	68	5	3885748
1706	16289	743	68	5	3885758
1696	16307	743	68	5	3885768
1696	16316	741	68	5	3885778
1689	16316	728	68	5	3885788
1689	16323	615	68	5	3885828
1698	16310	354	68	5	3885838
1707	16297	0	68	5	3885858
24
1845	16068	61	67	5	3885942
1853	16049	364	66.3333	4.33333	3885972
1841	16049	470	66	4	3885982
1841	16057	520	66	7	3885992
1831	16057	546	66	4	3886012
1818	16039	572	66	4	3886022
1811	16017	588	66	4	3886032
1801	15987	614	66	4	3886042
1801	15956	628	66	4	3886052
1801	15930	630	66	4	3886062
1816	15912	637	67	7	3886072
1838	15905	641	67	7	3886082
1865	15905	644	68	7	3886092
1890	15917	648	68	10	3886102
1914	15933	653	68	10	3886112
1930	15951	671	68	10	3886122
1930	15969	679	68	10	3886132
1930	15987	682	68	10	3886142
1930	16001	675	68	10	3886152
1907	16012	652	68	10	3886162
1887	16021	627	68	10	3886172
1863	16021	526	68	10	3886182
1842	16021	422	68	7	3886192
1828	16021	92	68	7	3886212
79
1872	15819	191	64	4	3886370
1872	15846	273	64	4	3886380
1872	15857	415	64	6	3886400
1872	15866	561	65	6	3886420
1872	15859	659	66	7	3886430
1872	15850	690	66	9	3886440
1872	15833	724	66	9	3886450
1872	15807	756	66	9	3886460
1872	15777	767	66	9	3886470
1872	15745	778	67	9	3886480
1872	15707	791	67	9	3886490
1864	15670	795	68	10	3886500
1864	15629	797	68	10	3886510
1864	15584	800	68	10	3886520
1864	15539	802	68	10	3886530
1864	15492	800	68	12	3886540
1864	15444	800	69	13	3886550
1864	15396	801	69	13	3886560
1864	15346	807	69	14	3886570
1864	15297	801	69	14	3886580
1864	15241	805	69	14	3886590
1864	15186	806	69	16	3886600
1864	15128	808	69	16	3886610
1864	15065	807	69	16	3886620
1858	15005	807	69	16	3886630
1858	14940	811	69	16	3886640
1858	14877	811	69	16	3886650
1848	14811	811	69	19	3886660
1848	14743	814	69	19	3886670
1848	14675	812	69	19	3886680
1838	14602	816	69	19	3886690
1838	14532	815	69	19	3886700
1827	14460	815	69	19	3886710
1820	14388	817	69	19	3886720
1820	14316	816	69	19	3886730
1810	14238	818	69	19	3886740
1810	14160	821	69	19	3886750
1801	14081	817	69	19	3886760
1801	14001	821	69	19	3886770
1801	13922	817	69	19	3886780
1793	13842	818	70	20	3886790
1793	13758	820	70	20	3886800
1793	13674	818	71	21	3886810
1783	13587	824	71	21	3886820
1783	13499	820	71	21	3886830
1773	13411	825	71	21	3886840
1773	13320	825	71	23	3886850
1767	13227	821	71	23	3886860
1767	13135	825	71	23	3886870
1767	13042	830	71	23	3886880
1767	12949	834	71	23	3886890
1767	12856	834	71	23	3886900
1767	12762	836	71	23	3886910
1767	12666	835	71	23	3886920
1767	12569	842	71	23	3886930
1767	12472	837	70	26	3886940
1767	12373	837	70	26	3886950
1767	12273	839	70	26	3886960
1767	12171	839	70	26	3886970
1767	12068	840	70	28	3886980
1767	11964	840	70	28	3886990
1767	11859	841	70	28	3887000
1767	11749	843	70	28	3887010
1767	11639	840	69	31	3887020
1767	11531	837	69	31	3887030
1773	11421	833	69	31	3887040
1773	11311	833	69	31	3887050
1773	11203	833	69	31	3887060
1773	11098	836	69	31	3887070
1782	11002	832	69	33	3887080
1782	10914	834	69	33	3887090
1791	10832	832	69	33	3887100
1791	10757	830	69	33	3887110
1800	10693	824	69	37	3887120
1800	10643	800	69	37	3887130
1807	10605	741	70	39	3887140
1807	10582	640	70	39	3887150
1807	10571	436	70	39	3887160
1815	10571	0	70	39	3887180
30
2454	17259	113	68	0	3887926
2482	17214	182	68	0	3887936
2498	17200	291	68	0	3887946
2510	17200	354	68	0	3887956
2519	17200	409	68	0	3887966
2527	17200	462	68	0	3887976
2527	17208	521	68	0	3887986
2527	17219	558	68	0	3887996
2527	17235	582	68	0	3888006
2527	17255	597	68	2	3888016
2518	17276	621	68	2	3888026
2503	17296	632	68	2	3888036
2483	17309	639	68	2	3888046
2457	17309	649	68	0	3888056
2424	17298	654	68	0	3888066
2389	17270	659	68	0	3888076
2356	17226	672	68	0	3888086
2332	17170	688	68	0	3888096
2319	17109	701	68	0	3888106
2319	17052	710	68	0	3888116
2332	17004	718	68	0	3888126
2360	16970	726	68	0	3888136
2400	16951	733	67	0	3888146
2446	16941	734	67	0	3888156
2494	16941	731	66	0	3888166
2539	16953	721	66	0	3888176
2575	16965	693	66	2	3888186
2599	16980	629	66	2	3888196
2615	16991	480	66	2	3888206
2623	16998	33	66	2	3888226
76
2418	16676	124	68	7	3888530
2418	16713	206	68	7	3888540
2418	16728	310	68	5	3888550
2418	16739	395	68	5	3888560
2412	16748	548	66.5	3.5	3888600
2412	16739	652	66	2	3888610
2412	16718	675	66	2	3888620
2418	16686	700	66	2	3888630
2418	16646	702	66	2	3888640
2426	16598	734	66	2	3888650
2426	16551	740	66	2	3888660
2426	16499	747	67	2	3888670
2426	16443	756	67	2	3888680
2426	16384	764	68	2	3888690
2426	16318	770	68	5	3888700
2418	16250	775	68	5	3888710
2418	16178	779	68	5	3888720
2412	16106	784	68	7	3888730
2412	16034	792	68	7	3888740
2412	15963	793	68	10	3888750
2412	15891	797	68	10	3888760
2412	15816	801	68	10	3888770
2412	15735	802	68	12	3888780
2412	15651	807	69	13	3888790
2420	15563	805	69	13	3888800
2420	15472	807	69	16	3888810
2420	15377	807	69	16	3888820
2420	15278	810	69	16	3888830
2420	15176	813	69	19	3888840
2420	15075	810	69	19	3888850
2428	14972	817	69	19	3888860
2428	14874	814	69	19	3888870
2428	14772	815	69	19	3888880
2428	14669	816	69	19	3888890
2428	14565	815	69	19	3888900
2428	14459	817	69	19	3888910
2428	14351	810	69	19	3888920
2428	14241	816	69	19	3888930
2421	14130	814	69	19	3888940
2421	14019	819	69	19	3888950
2413	13908	820	69	19	3888960
2406	13796	822	69	19	3888970
2399	13682	823	69	19	3888980
2399	13569	825	69	19	3888990
2388	13456	820	69	19	3889000
2388	13343	823	69	19	3889010
2388	13227	824	69	19	3889020
2388	13113	823	69	19	3889030
2388	12997	823	69	21	3889040
2382	12882	830	69	21	3889050
2382	12765	823	69	21	3889060
2373	12647	832	70	22	3889070
2373	12529	830	70	22	3889080
2364	12412	832	71	23	3889090
2364	12296	829	70	26	3889100
2355	12182	819	70	26	3889110
2355	12072	830	70	26	3889120
2355	11966	836	70	28	3889130
2355	11862	831	70	28	3889140
2355	11758	838	70	28	3889150
2355	11657	837	70	28	3889160
2348	11554	833	70	28	3889170
2348	11453	834	69	31	3889180
2340	11352	833	69	31	3889190
2340	11253	836	69	31	3889200
2333	11163	836	69	31	3889210
2333	11084	837	69	31	3889220
2333	11018	831	69	33	3889230
2340	10961	832	69	33	3889240
2340	10914	828	69	33	3889250
2340	10872	825	69	33	3889260
2347	10841	809	69	33	3889270
2347	10820	785	69	33	3889280
2347	10810	691	69	33	3889300
2347	10820	569	69	33	3889310
2347	10841	172	68.5	32.5	3889330
30
2445	16503	132	66	358	3889970
2445	16512	272	66	356	3889990
2445	16525	426	66	356	3890010
2458	16531	497	66	356	3890020
2468	16531	539	66	356	3890030
2485	16531	564	66	356	3890040
2511	16522	589	66	356	3890050
2547	16522	607	66	356	3890060
2592	16513	621	66	356	3890070
2645	16513	626	66	353	3890080
2703	16524	634	66	353	3890090
2760	16533	636	66	353	3890100
2813	16543	637	66	353	3890110
2854	16543	641	66	353	3890120
2882	16551	643	66	353	3890130
2897	16551	704	64.5	354	3890170
2897	16544	750	64	354	3890180
2897	16535	754	64	354	3890190
2897	16514	759	64	356	3890200
2886	16486	765	64	356	3890210
2878	16448	765	64	356	3890220
2865	16402	766	64	356	3890230
2851	16361	765	64	356	3890240
2837	16316	765	64	356	3890250
2825	16277	764	64	358	3890260
2817	16247	763	64	358	3890270
2817	16223	761	64	358	3890280
2808	16211	689	64	59.6667	3890340
2808	16221	478	64	0	3890350
2808	16227	120	64	0	3890370
45
2707	16283	92	61	4	3890534
2682	16275	175	61	4	3890544
2671	16275	294	61	4	3890554
2664	16267	393	62	2	3890574
2664	16260	511	62	2	3890594
2682	16253	592	62	2	3890604
2702	16253	629	62	0	3890614
2731	16244	668	63	0	3890624
2771	16244	691	63	0	3890634
2815	16244	702	64	0	3890644
2862	16251	716	64	0	3890654
2910	16259	724	64	0	3890664
2952	16267	727	64	0	3890674
2987	16267	724	64	0	3890684
3013	16267	729	64	0	3890694
3027	16267	762	65.4	0	3890794
3017	16245	775	66	0	3890804
3004	16217	779	66	0	3890814
2987	16182	777	66	0	3890824
2969	16140	785	66	0	3890834
2952	16104	783	66	0	3890844
2940	16071	786	66	0	3890854
2930	16042	786	66	0	3890864
2930	16022	786	66	0	3890874
2921	16006	785	66	0	3890884
2921	15998	786	66	0	3890894
2914	15998	785	66	0	3890904
2914	15986	783	66	0	3890914
2908	15986	779	66	0	3890924
2908	15976	773	66	0	3890944
2900	15966	769	66	1.66667	3891004
2890	15985	765	66	2	3891014
2890	16007	763	66	2	3891024
2875	16034	761	66	2	3891034
2861	16070	762	66	2	3891044
2845	16106	761	66	0	3891054
2824	16146	762	66	0	3891064
2803	16185	762	66	0	3891074
2780	16223	759	66	0	3891084
2759	16250	760	66	0	3891094
2741	16269	760	65	0	3891104
2728	16280	754	65	0	3891114
2721	16280	605	64	89.5	3891154
2721	16270	298	64	358	3891164
2731	16257	1	64	179	3891184
23
2905	16014	351	63.5	179	3891300
2898	16014	526	64	0	3891320
2886	16014	553	64	0	3891330
2886	16007	557	64	0	3891340
2876	15994	561	64	0	3891350
2867	15972	583	64	0	3891360
2860	15943	614	64	0	3891370
2860	15913	630	64	0	3891380
2860	15888	643	64	0	3891390
2868	15870	643	64	0	3891400
2885	15863	644	64	2	3891410
2906	15863	642	65	2	3891420
2928	15863	644	65	2	3891430
2950	15881	644	66	4	3891440
2966	15895	660	66	4	3891450
2974	15910	668	66	4	3891460
2974	15924	670	66	4	3891470
2964	15937	666	66	4	3891480
2949	15948	649	66	4	3891490
2928	15957	613	66	4	3891500
2908	15957	532	66	4	3891510
2887	15957	410	66	4	3891520
2872	15957	107	66	4	3891540
75
2913	15718	41	64	4	3891694
2920	15757	85	64	4	3891704
2920	15777	160	64	4	3891714
2920	15794	254	64	4	3891724
2920	15809	354	64	4	3891734
2920	15819	562	64	4	3891774
2920	15804	673	64	4	3891784
2920	15784	697	64	4	3891794
2920	15758	717	64	4	3891804
2920	15724	739	64	4	3891814
2920	15688	742	64	4	3891824
2920	15651	753	65	4	3891834
2920	15611	759	65	4	3891844
2920	15569	764	66	4	3891854
2920	15526	778	66	4	3891864
2920	15480	784	66	4	3891874
2920	15433	793	66	7	3891884
2927	15383	795	66	7	3891894
2927	15328	794	66	7	3891904
2927	15267	801	66	7	3891914
2927	15204	802	66	7	3891924
2927	15133	813	66	7	3891934
2927	15057	811	66	9	3891944
2927	14981	816	66	9	3891954
2927	14899	822	66	9	3891964
2927	14814	823	66	9	3891974
2927	14724	825	66	9	3891984
2927	14631	832	66	11	3891994
2927	14535	831	66	11	3892004
2927	14440	832	66	11	3892014
2927	14338	836	66	11	3892024
2927	14235	836	66	11	3892034
2927	14129	837	66	11	3892044
2927	14021	838	66	11	3892054
2927	13912	838	66	11	3892064
2921	13800	837	66	11	3892074
2921	13688	838	66	11	3892084
2912	13574	844	66	11	3892094
2912	13465	841	66	11	3892104
2904	13350	844	66	11	3892114
2904	13237	844	67	12	3892124
2904	13123	847	67	12	3892134
2904	13009	845	67	15	3892144
2904	12898	851	67	15	3892154
2897	12788	848	67	15	3892164
2897	12675	850	67	15	3892174
2897	12564	848	67	15	3892184
2889	12450	850	67	15	3892194
2889	12334	847	67	17	3892204
2881	12219	855	67	17	3892214
2881	12102	852	67	17	3892224
2873	11987	858	67	17	3892234
2873	11877	858	67	19	3892244
2866	11769	859	67	19	3892254
2866	11661	857	67	19	3892264
2866	11556	859	67	19	3892274
2860	11448	854	67	21	3892284
2860	11341	855	67	21	3892294
2853	11236	858	67	21	3892304
2853	11134	860	67	21	3892314
2853	11039	858	66	24	3892324
2846	10948	861	66	24	3892334
2846	10861	862	66	24	3892344
2846	10780	862	66	26	3892354
2846	10700	861	66	26	3892364
2846	10628	860	66	26	3892374
2846	10561	854	66	26	3892384
2846	10502	851	66	26	3892394
2846	10448	853	66	26	3892404
2846	10405	847	67	27	3892414
2846	10370	841	66	29	3892424
2846	10345	822	67	30	3892434
2846	10333	706	66.6667	29.6667	3892464
2846	10340	489	66	29	3892474
2846	10361	42	65	28	3892494
111
1465	15407	58	62	0	3901058
1452	15407	123	62	0	3901068
1452	15401	183	61	0	3901078
1445	15401	391	60.125	0	3901158
1454	15394	521	60	0	3901168
1461	15394	526	60	0	3901178
1470	15386	531	60	0	3901188
1480	15386	533	60	0	3901198
1488	15379	538	60	0	3901208
1496	15379	547	60	0	3901218
1504	15379	550	61	0	3901228
1512	15379	555	61	0	3901238
1520	15379	576	62	0	3901248
1530	15379	595	62	0	3901258
1542	15379	593	62	0	3901268
1553	15379	598	62	0	3901278
1563	15379	605	63	0	3901288
1574	15379	618	63	0	3901298
1583	15379	620	64	0	3901308
1593	15379	620	64	0	3901318
1605	15379	626	64	0	3901328
1617	15379	637	65	0	3901338
1632	15379	641	65	0	3901348
1650	15379	646	66	0	3901358
1669	15379	650	66	0	3901368
1690	15379	650	67	0	3901378
1712	15379	647	67	0	3901388
1734	15379	648	68	0	3901398
1756	15379	652	68	358	3901408
1778	15379	651	68	358	3901418
1800	15379	654	68	358	3901428
1822	15379	656	68	358	3901438
1845	15379	659	68	358	3901448
1867	15386	659	68	358	3901458
1890	15386	659	68	358	3901468
1912	15386	660	68	358	3901478
1935	15386	663	68	358	3901488
1957	15386	664	68	358	3901498
1980	15392	664	68	358	3901508
2000	15392	665	68	358	3901518
2022	15392	665	68	358	3901528
2043	15392	666	68	358	3901538
2065	15392	666	68	358	3901548
2088	15392	668	68	358	3901558
2113	15392	667	68	358	3901568
2135	15392	668	68	358	3901578
2158	15392	668	68	358	3901588
2179	15399	667	67	358	3901598
2199	15399	672	67	358	3901608
2220	15399	674	66	358	3901618
2242	15399	676	66	358	3901628
2264	15399	678	66	358	3901638
2288	15399	678	66	358	3901648
2312	15399	678	67	358	3901658
2338	15399	680	67	358	3901668
2366	15399	680	68	358	3901678
2392	15399	680	68	358	3901688
2420	15392	680	68	358	3901698
2447	15392	683	68	358	3901708
2473	15392	684	68	358	3901718
2496	15392	681	68	358	3901728
2520	15392	681	68	358	3901738
2540	15392	680	68	358	3901748
2561	15392	682	68	358	3901758
2580	15392	682	68	358	3901768
2600	15392	682	67	358	3901778
2621	15392	684	67	358	3901788
2643	15392	684	66	358	3901798
2667	15392	684	66	358	3901808
2691	15392	683	66	358	3901818
2714	15392	684	66	358	3901828
2734	15392	687	66	358	3901838
2753	15392	687	66	358	3901848
2773	15392	689	66	358	3901858
2790	15392	691	66	358	3901868
2807	15399	690	66	358	3901878
2825	15399	695	66	356	3901888
2845	15399	696	66	356	3901898
2869	15399	701	66	356	3901908
2895	15399	698	66	356	3901918
2921	15405	698	66	356	3901928
2947	15405	700	66	356	3901938
2969	15405	701	65	354	3901948
2990	15412	701	65	356	3901958
3011	15412	700	64	356	3901968
3031	15418	703	65	356	3901978
3053	15418	701	65	356	3901988
3075	15427	701	66	353	3901998
3096	15427	701	66	353	3902008
3115	15427	702	66	353	3902018
3132	15427	702	66	353	3902028
3148	15433	703	66	353	3902038
3164	15433	702	66	353	3902048
3180	15433	703	66	353	3902058
3198	15433	704	66	353	3902068
3218	15441	703	66	353	3902078
3240	15441	708	66	353	3902088
3263	15441	705	66	353	3902098
3287	15441	707	66	353	3902108
3311	15441	707	66	353	3902118
3333	15441	706	66	353	3902128
3353	15441	708	66	353	3902138
3372	15441	709	66	351	3902148
3390	15441	714	66	351	3902158
3409	15441	714	66	351	3902168
3427	15441	714	66	351	3902178
3445	15447	715	66	351	3902188
3457	15447	711	66	351	3902198
3465	15447	711	66	351	3902218
3473	15447	651	66.6667	351	3902248
3463	15447	197	68	350	3902268
66
2456	15217	55	65	0	3902722
2442	15217	124	66	0	3902732
2435	15217	220	66	0	3902752
2428	15217	289	66	0	3902762
2428	15223	433	66	223.75	3902842
2435	15223	551	66	358	3902852
2445	15223	575	66	358	3902862
2458	15223	586	66	358	3902872
2475	15223	589	66	358	3902882
2495	15223	590	66	358	3902892
2517	15223	592	66	358	3902902
2535	15230	597	66	358	3902912
2557	15230	607	66	358	3902922
2578	15230	606	66	358	3902932
2596	15230	608	66	358	3902942
2617	15230	612	66	358	3902952
2637	15230	613	66	358	3902962
2658	15230	614	66	358	3902972
2685	15230	615	66	358	3902982
2711	15230	616	66	358	3902992
2737	15230	616	66	358	3903002
2761	15230	617	66	358	3903012
2784	15230	618	66	358	3903022
2805	15230	618	65	358	3903032
2822	15230	618	65	358	3903042
2839	15230	619	64	358	3903052
2856	15230	618	64	358	3903062
2871	15230	619	64	358	3903072
2889	15230	621	64	358	3903082
2906	15230	620	64	358	3903092
2923	15230	622	64	358	3903102
2941	15237	621	64	358	3903112
2957	15237	622	64	356	3903122
2976	15237	625	64	356	3903132
2994	15237	625	64	356	3903142
3013	15237	625	64	356	3903152
3034	15237	626	64	356	3903162
3054	15237	625	64	356	3903172
3074	15237	626	64	356	3903182
3092	15237	625	64	356	3903192
3111	15237	626	64	356	3903202
3130	15237	626	64	356	3903212
3147	15237	626	64	356	3903222
3164	15237	626	64	356	3903232
3180	15237	627	64	356	3903242
3195	15237	627	64	356	3903252
3213	15237	627	64	356	3903262
3232	15237	628	64	356	3903272
3252	15237	628	64	356	3903282
3270	15237	629	64	356	3903292
3287	15244	630	64	356	3903302
3302	15244	629	64	356	3903312
3315	15244	630	64	356	3903322
3328	15244	634	64	356	3903332
3340	15251	633	64	356	3903342
3351	15251	636	64	356	3903352
3361	15251	636	64	356	3903362
3371	15251	634	64	356	3903372
3378	15251	635	65	356	3903392
3390	15251	633	66	356	3903412
3398	15244	634	66	356	3903422
3407	15244	633	66	356	3903432
3420	15244	631	66	356	3903442
3434	15244	629	66	356	3903452
3446	15244	624	66	356	3903472
3454	15244	491	66	356.25	3903552
19
3377	15560	57	62	358	3904112
3377	15568	375	62	356	3904182
3388	15554	546	62	356	3904192
3395	15534	555	62	356	3904202
3404	15502	585	62	356	3904212
3412	15465	596	62	356	3904222
3421	15426	601	62	358	3904232
3431	15384	616	62	358	3904242
3440	15346	620	62	358	3904252
3450	15304	625	62	358	3904262
3456	15267	625	62	0	3904272
3456	15234	627	62	0	3904282
3463	15205	628	62	0	3904292
3463	15186	627	62	0	3904302
3463	15171	628	62	0	3904312
3463	15162	628	62	0	3904322
3469	15162	585	63.5	0.5	3904362
3469	15170	428	64	2	3904372
3469	15179	126	64	2	3904392
37
3377	15538	58	60	358	3904610
3364	15545	251	60	358	3904630
3354	15545	421	60.5	357	3904670
3366	15545	509	62	356	3904680
3380	15545	527	62	356	3904690
3397	15545	545	62	356	3904700
3420	15545	567	62	356	3904710
3448	15545	575	62	356	3904720
3480	15545	595	62	356	3904730
3514	15545	608	62	356	3904740
3548	15545	615	62	356	3904750
3577	15534	623	62	356	3904760
3605	15522	637	62	356	3904770
3631	15508	642	62	356	3904780
3658	15496	646	62	356	3904790
3685	15479	651	63	356	3904800
3710	15462	653	63	356	3904810
3733	15441	659	64	356	3904820
3752	15415	667	64	356	3904830
3766	15391	674	64	358	3904840
3778	15366	680	64	358	3904850
3785	15341	692	64	358	3904860
3785	15319	711	64	358	3904870
3785	15297	713	65	0	3904880
3785	15272	733	65	0	3904890
3765	15251	741	66	0	3904900
3743	15226	743	66	0	3904910
3710	15200	756	66	0	3904920
3674	15179	755	66	0	3904930
3631	15161	755	65	0	3904940
3590	15145	755	65	0	3904950
3551	15134	757	64	0	3904960
3518	15124	756	64	0	3904970
3491	15117	754	64	0	3904980
3473	15117	735	64	2	3904990
3465	15117	605	64	2	3905020
3465	15127	89	64	1	3905040
19
3806	15343	81	62	0	3905550
3798	15352	190	62	0	3905560
3790	15358	412	63.4545	0	3905670
3802	15358	585	64	0	3905680
3814	15358	599	64	0	3905690
3830	15358	611	64	358	3905700
3851	15358	622	64	358	3905710
3875	15358	626	64	358	3905720
3900	15358	627	64	358	3905730
3928	15358	628	64	358	3905740
3957	15358	633	64	358	3905750
3987	15358	638	64	358	3905760
4016	15358	639	64	358	3905770
4041	15358	643	64	358	3905780
4063	15358	646	65	358	3905790
4080	15358	650	65	358	3905800
4092	15358	652	66	358	3905810
4101	15358	652	66	358	3905830
4109	15358	362	66	286.4	3905880
186
948	15594	9	55	6	3908670
942	15594	59	54	5	3908690
934	15601	142	54	5	3908730
927	15601	225	54	5	3908770
920	15601	320	54	5	3908790
920	15609	480	54	5	3908890
934	15609	575	54	5	3908900
945	15617	577	54	5	3908910
960	15617	580	54	4	3908920
975	15626	582	54	4	3908930
990	15626	591	54	4	3908940
1005	15633	591	54	4	3908950
1020	15633	596	54	4	3908960
1034	15633	596	54	4	3908970
1047	15633	599	54	4	3908980
1062	15633	603	54	4	3908990
1078	15633	608	54	4	3909000
1095	15640	614	54	4	3909010
1114	15640	615	54	4	3909020
1132	15640	618	54	4	3909030
1152	15640	618	54	4	3909040
1171	15640	621	54	4	3909050
1192	15640	626	54	4	3909060
1215	15640	632	54	4	3909070
1237	15640	632	54	4	3909080
1259	15647	633	54	4	3909090
1281	15647	637	54	4	3909100
1302	15647	637	54	4	3909110
1322	15647	638	55	4	3909120
1343	15647	637	55	4	3909130
1362	15654	639	56	4	3909140
1380	15654	640	56	4	3909150
1398	15660	642	56	4	3909160
1417	15660	646	56	4	3909170
1434	15660	646	56	4	3909180
1453	15668	647	56	4	3909190
1472	15668	647	56	4	3909200
1494	15668	647	56	4	3909210
1519	15676	649	56	4	3909220
1546	15676	649	57	5	3909230
1576	15687	649	57	5	3909240
1605	15687	651	58	5	3909250
1635	15698	651	58	5	3909260
1660	15698	652	58	5	3909270
1683	15707	650	59	5	3909280
1706	15707	652	59	3	3909290
1729	15715	651	60	3	3909300
1753	15715	653	60	3	3909310
1776	15722	654	60	3	3909320
1800	15722	653	60	3	3909330
1824	15732	653	60	3	3909340
1849	15732	657	60	3	3909350
1875	15741	657	60	3	3909360
1902	15741	657	60	3	3909370
1929	15741	657	60	3	3909380
1957	15741	657	60	3	3909390
1986	15741	657	60	3	3909400
2014	15741	657	60	3	3909410
2044	15741	657	60	3	3909420
2074	15741	657	60	3	3909430
2105	15747	656	60	3	3909440
2136	15747	657	60	3	3909450
2165	15747	656	60	3	3909460
2194	15747	657	60	3	3909470
2222	15754	656	60	3	3909480
2250	15754	657	60	3	3909490
2276	15754	656	60	3	3909500
2301	15754	656	60	3	3909510
2325	15754	656	60	3	3909520
2351	15754	658	60	3	3909530
2378	15754	653	60	3	3909540
2404	15754	653	60	3	3909550
2431	15754	653	60	3	3909560
2459	15761	653	60	3	3909570
2484	15761	653	60	3	3909580
2511	15761	654	60	3	3909590
2539	15761	654	60	3	3909600
2567	15761	656	60	3	3909610
2596	15761	656	60	3	3909620
2625	15761	656	60	3	3909630
2653	15761	656	60	3	3909640
2681	15761	655	60	2	3909650
2708	15761	657	60	2	3909660
2736	15761	656	60	2	3909670
2763	15761	656	60	2	3909680
2791	15761	658	60	3	3909690
2820	15761	656	60	3	3909700
2848	15761	658	60	3	3909710
2878	15761	658	60	3	3909720
2909	15769	657	60	3	3909730
2940	15769	658	60	3	3909740
2971	15769	659	60	3	3909750
3003	15778	659	60	3	3909760
3034	15778	659	60	3	3909770
3063	15778	660	60	3	3909780
3091	15778	658	60	3	3909790
3118	15778	658	60	3	3909800
3144	15785	657	60	3	3909810
3170	15785	658	60	3	3909820
3196	15785	657	60	3	3909830
3225	15785	660	60	2	3909840
3253	15785	659	60	2	3909850
3284	15792	659	60	2	3909860
3314	15792	659	60	2	3909870
3344	15792	658	60	2	3909880
3375	15799	656	60	2	3909890
3404	15799	657	60	2	3909900
3434	15799	657	60	2	3909910
3465	15799	657	60	0	3909920
3495	15799	658	60	0	3909930
3529	15799	658	60	0	3909940
3563	15799	658	60	0	3909950
3595	15799	658	60	0	3909960
3626	15799	658	60	0	3909970
3655	15806	659	60	0	3909980
3683	15806	659	60	0	3909990
3710	15806	660	60	0	3910000
3737	15806	661	60	0	3910010
3764	15806	658	60	0	3910020
3791	15806	660	59	0	3910030
3818	15806	660	59	0	3910040
3842	15806	660	58	0	3910050
3869	15806	660	58	0	3910060
3893	15806	660	58	0	3910070
3917	15806	660	58	0	3910080
3942	15806	659	58	0	3910090
3962	15806	659	58	0	3910100
3981	15806	660	58	0	3910110
3997	15806	659	58	0	3910120
4012	15806	659	58	0	3910130
4025	15806	659	58	0	3910140
4036	15806	660	58	0	3910150
4048	15806	660	58	0	3910160
4060	15806	659	58	0	3910170
4069	15806	659	58	0	3910180
4077	15806	659	58	0	3910190
4083	15806	659	58	0	3910220
4094	15806	659	58	0	3910240
4104	15812	690	58.2927	0	3910650
4110	15812	761	57	0	3911170
4110	15806	748	56	0	3911180
4110	15795	749	56	0	3911190
4110	15782	749	56	0	3911200
4110	15769	750	56	0	3911210
4117	15757	750	56	0	3911220
4117	15746	750	56	0	3911230
4117	15737	749	56	0	3911240
4117	15728	750	56	0	3911250
4117	15721	750	56	0	3911280
4117	15710	751	56	0	3911290
4117	15700	751	56	0	3911300
4117	15687	750	56	0	3911310
4125	15672	753	56	0	3911320
4125	15660	752	56	0	3911330
4125	15649	752	56	1	3911340
4125	15642	753	56	1	3911350
4125	15633	753	57	2	3911360
4125	15626	753	57	2	3911370
4131	15626	752	58	2	3911380
4131	15616	752	58	2	3911400
4139	15605	751	58	2	3911420
4139	15596	747	58	2	3911450
4139	15588	749	58	2	3911460
4145	15581	750	58	2	3911470
4145	15571	750	58	2	3911480
4145	15561	749	58	2	3911490
4145	15552	749	58	2	3911510
4145	15544	748	58.75	3	3911590
4152	15544	746	60	3	3911680
4160	15544	748	60	3	3911690
4170	15544	747	60	3	3911700
4182	15544	747	60	3	3911710
4197	15544	743	60	3	3911720
4214	15544	747	60	3	3911730
4231	15544	747	60	3	3911740
4249	15544	748	60	3	3911750
4267	15544	749	60	3	3911760
4286	15544	748	60	3	3911770
4302	15544	747	60	3	3911780
4315	15544	747	60	3	3911790
4327	15544	747	60	3	3911800
4336	15544	746	60	3	3911810
4345	15544	746	60	3	3911820
4352	15544	748	60	3	3911830
4359	15544	746	60	3	3911850
4368	15544	524	60	3	3911920
27
4123	15387	24	58	6	3912198
4123	15379	52	58.2	6.2	3912248
4116	15369	134	59.5	5	3912268
4116	15361	216	60	5	3912298
4110	15361	438	60	5.42857	3912438
4119	15361	520	60	7	3912448
4127	15361	533	60	7	3912458
4138	15361	539	60	7	3912468
4150	15361	551	60	7	3912478
4165	15361	573	60	7	3912488
4181	15361	574	60	7	3912498
4197	15361	581	60	7	3912508
4215	15361	587	60	7	3912518
4230	15361	596	60	7	3912528
4243	15361	596	60	7	3912538
4256	15361	618	60	7	3912548
4268	15355	620	60	7	3912558
4280	15355	627	60	7	3912568
4292	15355	629	60	7	3912578
4306	15355	632	60	7	3912588
4321	15355	633	60	7	3912598
4334	15355	636	60	7	3912608
4345	15355	634	60	7	3912618
4352	15361	635	60	7	3912638
4359	15361	598	61.6667	7	3912698
4359	15368	294	62	7	3912708
4352	15368	0	62	7	3912728
26
4349	15631	42	60	2	3912995
4338	15642	117	60	2	3913005
4338	15652	202	60	2	3913015
4327	15652	315	60	1	3913035
4316	15658	432	60	0	3913055
4307	15658	500	60	0	3913085
4315	15644	546	60	0	3913095
4328	15630	566	60	0	3913104
4349	15612	588	60	0	3913114
4376	15593	604	60	0	3913124
4407	15569	620	60	0	3913134
4439	15545	629	60	2	3913144
4468	15516	636	60	2	3913154
4488	15486	651	60	2	3913164
4500	15454	658	60	2	3913174
4500	15421	660	60	2	3913184
4492	15392	686	61	2	3913194
4478	15363	694	61	2	3913204
4459	15338	704	62	4	3913214
4440	15319	704	62	4	3913224
4425	15304	706	62	4	3913234
4413	15296	704	62	4	3913244
4406	15296	700	62	6	3913254
4406	15288	687	62	6	3913264
4399	15288	554	62	6.66667	3913324
4399	15298	115	62	9	3913344
54
4403	15612	59	59	2	3913567
4380	15621	158	60	2	3913577
4367	15621	241	60	0	3913587
4357	15629	284	60	0	3913597
4350	15629	314	60	0	3913617
4350	15638	409	60	0	3913647
4360	15638	489	60	0	3913657
4369	15638	531	60	0	3913667
4381	15638	554	60	0	3913677
4399	15638	568	60	0	3913687
4421	15638	575	60	0	3913697
4446	15645	594	60	0	3913707
4472	15645	601	60	0	3913717
4499	15645	606	60	0	3913727
4525	15645	629	60	0	3913737
4550	15645	637	60	0	3913747
4574	15639	641	61	0	3913757
4594	15639	646	61	0	3913767
4615	15632	657	62	0	3913776
4634	15632	662	62	0	3913786
4654	15622	678	62	0	3913796
4676	15622	679	62	0	3913806
4700	15610	683	62	0	3913816
4724	15600	685	62	0	3913826
4746	15589	691	63	0	3913836
4766	15575	689	63	0	3913846
4783	15561	695	64	2	3913856
4798	15545	697	64	2	3913866
4808	15531	698	64	2	3913876
4817	15514	703	64	2	3913886
4825	15497	706	64	2	3913896
4825	15482	718	64	2	3913906
4832	15466	723	64	2	3913916
4832	15448	728	64	2	3913926
4823	15430	731	64	2	3913936
4814	15410	738	64	2	3913946
4800	15388	738	64	2	3913956
4785	15370	738	64	4	3913966
4766	15350	740	64	4	3913976
4745	15331	740	64	4	3913986
4722	15316	738	64	4	3913996
4697	15301	734	64	4	3914006
4672	15289	732	64	6	3914016
4643	15279	735	64	6	3914026
4614	15270	735	64	6	3914036
4583	15270	734	64	6	3914046
4553	15262	735	64	6	3914056
4523	15262	725	64	6	3914066
4497	15262	718	64	6	3914076
4475	15262	687	64	8	3914086
4460	15262	654	64	8	3914096
4453	15270	578	64	8	3914106
4453	15278	479	64	8	3914116
4453	15288	117	64	8	3914136
14
4892	15465	90	62	2	3914423
4876	15465	245	62	2	3914443
4864	15465	462	62	1.42857	3914513
4875	15459	606	62	0	3914523
4889	15459	628	62	0	3914533
4913	15459	656	63	0	3914543
4946	15459	675	63	0	3914553
4987	15459	703	64	0	3914563
5032	15459	717	64	0	3914573
5072	15466	718	64	0	3914583
5109	15466	725	64	0	3914593
5136	15466	723	64	0	3914603
5153	15466	724	64	0	3914613
5163	15466	546	65	1.75	3914693
127
598	14663	60	63	348	3921095
582	14663	100	63	348	3921105
574	14663	163	63	348	3921115
567	14663	260	63	348	3921135
559	14663	330	63	348	3921165
559	14656	409	63	348	3921175
569	14656	445	63	348	3921185
576	14656	461	62	349	3921195
585	14656	489	62	349	3921205
598	14656	509	62	349	3921215
612	14656	527	62	349	3921225
627	14656	537	62	349	3921235
643	14656	538	62	349	3921245
658	14656	552	62	351	3921255
674	14656	564	62	351	3921265
690	14656	576	62	351	3921275
709	14656	579	62	351	3921285
730	14656	583	62	351	3921295
750	14656	590	62	351	3921305
771	14656	590	62	351	3921315
793	14656	592	62	351	3921325
814	14656	595	62	351	3921335
836	14656	596	62	351	3921345
859	14656	597	62	351	3921355
882	14656	602	61	351	3921365
905	14663	611	61	351	3921375
930	14663	615	60	351	3921385
966	14663	617	60	351	3921395
993	14670	615	60	351	3921405
1022	14670	615	60	351	3921415
1052	14670	619	59	352	3921425
1073	14670	620	59	352	3921435
1109	14670	619	58	352	3921445
1145	14678	618	58	350	3921455
1184	14678	619	58	350	3921465
1223	14684	623	58	350	3921475
1262	14684	622	58	350	3921485
1303	14684	625	57	351	3921495
1342	14684	626	57	351	3921505
1381	14684	626	56	351	3921515
1422	14684	627	56	351	3921525
1464	14691	628	57	351	3921535
1510	14691	628	57	351	3921545
1560	14691	628	58	350	3921555
1608	14691	631	59	350	3921565
1655	14702	633	59	350	3921575
1700	14702	634	60	350	3921585
1740	14712	637	60	350	3921595
1782	14712	641	61	349	3921605
1821	14712	643	61	349	3921615
1860	14712	644	62	349	3921625
1897	14712	644	62	349	3921635
1933	14712	645	62	349	3921645
1967	14712	646	62	349	3921655
2003	14712	646	62	346	3921665
2041	14719	650	62	346	3921675
2081	14719	652	63	346	3921685
2120	14719	655	63	346	3921695
2160	14726	658	63	346	3921705
2199	14726	659	63	346	3921715
2236	14726	656	63	346	3921725
2274	14726	657	63	346	3921735
2311	14726	657	63	346	3921745
2347	14726	656	63	346	3921755
2385	14726	656	63	346	3921765
2420	14726	658	63	346	3921775
2459	14726	657	63	346	3921785
2498	14726	657	63	346	3921795
2538	14726	659	63	346	3921805
2577	14726	659	63	346	3921815
2614	14726	659	63	346	3921825
2649	14719	660	63	346	3921835
2682	14719	660	63	346	3921845
2713	14719	664	63	346	3921855
2744	14719	663	63	346	3921865
2775	14712	663	63	346	3921875
2805	14712	663	63	346	3921885
2835	14712	666	63	346	3921895
2865	14712	666	63	344	3921905
2894	14712	665	62	345	3921915
2920	14712	667	62	345	3921925
2948	14712	668	61	345	3921935
2975	14712	669	61	345	3921945
3002	14712	671	62	345	3921955
3030	14712	670	62	345	3921965
3059	14712	671	63	344	3921975
3084	14712	671	63	344	3921985
3110	14712	672	63	344	3921995
3135	14712	671	63	344	3922005
3159	14712	670	63	344	3922015
3182	14712	671	63	344	3922025
3206	14712	671	63	344	3922035
3231	14712	673	63	344	3922045
3255	14712	673	63	344	3922055
3282	14704	672	63	344	3922065
3308	14704	672	63	344	3922075
3333	14704	673	63	344	3922085
3362	14704	673	63	344	3922095
3391	14704	672	63	344	3922105
3420	14704	674	63	344	3922115
3450	14704	674	63	344	3922125
3480	14704	674	63	344	3922135
3510	14704	674	63	344	3922145
3542	14697	675	63	344	3922155
3576	14697	674	63	344	3922165
3610	14697	675	63	344	3922175
3644	14697	677	63	344	3922185
3676	14690	680	63	344	3922195
3709	14690	680	63	344	3922205
3740	14683	680	63	344	3922215
3768	14683	681	63	344	3922225
3795	14676	683	63	344	3922235
3820	14676	680	63	344	3922245
3845	14676	682	63	344	3922255
3871	14669	685	63	344	3922265
3898	14669	685	63	344	3922275
3923	14669	686	63	344	3922285
3947	14669	684	63	344	3922295
3969	14669	686	63	344	3922305
3988	14663	687	63	344	3922315
4005	14663	687	63	344	3922325
4019	14663	688	63	344	3922335
4030	14663	687	63	344	3922345
4039	14663	686	63	344	3922355
4046	14663	687	63	344	3922375
4053	14663	671	63	344	3922475
4043	14663	180	63	344	3922495
116
1838	14530	62	65	347	3923815
1830	14530	167	65	347	3923825
1830	14537	413	65	347	3923945
1838	14537	553	65	347	3923955
1845	14537	565	65	347	3923965
1853	14537	575	65	347	3923975
1863	14537	590	65	345	3923985
1875	14537	602	65	345	3923995
1887	14537	613	65	345	3924005
1899	14537	620	65	345	3924015
1912	14537	628	65	345	3924025
1927	14537	636	65	345	3924035
1942	14537	640	65	345	3924045
1958	14537	646	65	345	3924055
1975	14537	647	65	345	3924065
1990	14537	653	65	345	3924075
2009	14544	662	65	345	3924085
2025	14544	665	65	345	3924095
2044	14544	670	65	345	3924105
2065	14544	672	65	345	3924115
2085	14550	675	65	345	3924125
2107	14550	680	65	345	3924135
2129	14550	679	66	344	3924145
2149	14550	681	66	344	3924155
2168	14558	682	67	343	3924165
2186	14558	685	67	343	3924175
2203	14558	685	67	343	3924185
2220	14558	686	67	343	3924195
2240	14558	688	67	343	3924205
2260	14567	689	67	343	3924215
2280	14567	690	67	343	3924225
2303	14575	695	67	343	3924235
2326	14575	700	67	343	3924245
2353	14575	697	67	343	3924255
2380	14583	698	67	343	3924265
2404	14583	698	67	343	3924275
2427	14583	700	67	343	3924285
2447	14583	703	67	343	3924295
2468	14591	700	67	341	3924305
2490	14591	701	67	341	3924315
2513	14591	703	67	341	3924325
2537	14591	701	67	341	3924335
2562	14591	703	66	342	3924345
2588	14591	704	66	342	3924355
2612	14591	705	65	342	3924365
2636	14591	706	65	342	3924375
2660	14591	704	65	342	3924385
2681	14591	707	65	342	3924395
2705	14591	715	65	342	3924405
2730	14591	713	65	342	3924415
2754	14598	715	64	343	3924425
2780	14598	715	64	343	3924435
2804	14598	717	63	344	3924445
2825	14598	717	63	344	3924455
2847	14598	717	63	344	3924465
2867	14598	721	63	344	3924475
2889	14598	721	63	344	3924485
2910	14598	724	63	344	3924495
2932	14598	721	63	344	3924505
2953	14598	723	63	344	3924515
2976	14598	725	63	344	3924525
3000	14598	723	63	344	3924535
3026	14598	725	63	344	3924545
3052	14598	725	63	344	3924555
3076	14598	726	63	344	3924565
3099	14598	726	63	344	3924575
3120	14598	726	63	344	3924585
3139	14591	725	63	344	3924595
3155	14591	727	63	344	3924605
3172	14591	729	63	344	3924615
3190	14591	727	63	344	3924625
3210	14584	729	63	344	3924635
3232	14584	728	63	344	3924645
3256	14584	729	63	344	3924655
3282	14584	729	63	344	3924665
3306	14584	728	64	343	3924675
3333	14584	727	64	343	3924685
3359	14584	728	65	342	3924695
3384	14584	727	65	342	3924705
3409	14584	728	65	342	3924715
3433	14584	727	65	342	3924725
3456	14584	729	65	342	3924735
3480	14584	727	65	342	3924745
3503	14584	728	65	342	3924755
3526	14584	727	65	342	3924765
3550	14584	729	65	342	3924775
3572	14577	728	65	342	3924785
3593	14577	728	65	342	3924795
3611	14577	728	65	342	3924805
3627	14577	728	65	342	3924815
3643	14577	729	65	342	3924825
3658	14577	729	65	342	3924835
3674	14577	729	65	342	3924845
3690	14577	728	65	342	3924855
3707	14577	728	66	342	3924865
3725	14577	729	66	340	3924875
3745	14577	728	67	339	3924885
3766	14577	728	67	339	3924895
3788	14577	729	67	339	3924905
3808	14577	727	67	339	3924915
3825	14577	726	67	339	3924925
3838	14577	727	67	339	3924935
3848	14571	724	67	339	3924945
3857	14571	726	67	339	3924955
3865	14571	726	67	339	3924965
3874	14571	727	67	339	3924975
3886	14571	727	67	339	3924985
3901	14571	725	67	339	3924995
3919	14564	725	67	339	3925005
3940	14564	725	67	339	3925015
3962	14564	722	67	339	3925025
3984	14564	717	67	339	3925035
4006	14564	712	67	339	3925045
4023	14564	708	67	339	3925055
4035	14564	709	67	339	3925065
4041	14564	533	67	339	3925185
25
3981	14789	19	60	351	3925699
3965	14789	53	60	351	3925709
3958	14789	127	60	351	3925729
3950	14799	191	60	351	3925739
3950	14808	261	60	351	3925749
3950	14817	354	60	351	3925759
3958	14826	449	60	351	3925769
3958	14832	574	60	351	3925799
3964	14832	628	60	351	3925809
3964	14819	655	60	350	3925819
3964	14795	667	60	351	3925829
3975	14759	679	60	351	3925839
3983	14709	698	60	351	3925849
3990	14659	704	60	351	3925859
3998	14609	712	60	351	3925869
4005	14566	717	60	351	3925879
4005	14533	720	61	351	3925889
4015	14505	716	61	351	3925899
4015	14485	720	62	353	3925909
4023	14468	717	62	353	3925919
4023	14457	710	62	353	3925929
4023	14451	630	62.8	352.4	3925979
4023	14465	453	64	354	3925989
4023	14477	267	64	354	3925999
4023	14490	16	64	354	3926019
32
3942	14795	103	58	350	3926295
3916	14795	185	58	350	3926305
3903	14795	294	58	350	3926315
3893	14795	365	58	350	3926325
3885	14795	436	58	350	3926355
3897	14795	512	58	350	3926365
3908	14795	548	58	350	3926375
3925	14795	595	58	350	3926385
3946	14795	607	59	350	3926395
3974	14795	619	59	350	3926405
4005	14795	630	60	350	3926415
4043	14785	645	60	350	3926425
4081	14775	653	60	350	3926435
4119	14759	662	60	350	3926445
4153	14735	678	60	351	3926455
4182	14706	690	61	351	3926465
4204	14673	702	61	351	3926475
4221	14640	714	62	351	3926485
4230	14612	733	62	351	3926495
4230	14585	746	62	353	3926505
4230	14562	758	63	352	3926515
4230	14540	765	63	352	3926525
4219	14521	783	64	352	3926535
4203	14504	783	64	352	3926545
4179	14486	789	64	352	3926555
4149	14470	790	64	354	3926565
4114	14454	790	64	354	3926575
4080	14441	790	64	354	3926585
4050	14431	783	65	354	3926595
4024	14431	766	65	354	3926605
4006	14424	728	65	354	3926615
3996	14424	313	64.25	354	3926655
155
527	13872	229	60	335	3929851
536	13872	372	60	335	3929871
542	13872	419	59.5	335.5	3929891
549	13872	482	58.5	336.5	3929911
555	13872	530	59	336	3929931
568	13872	556	60	335	3929941
575	13872	564	60	335	3929951
585	13872	568	60	335	3929961
595	13872	571	60	335	3929971
606	13872	583	60	335	3929981
618	13872	583	60	335	3929991
630	13872	592	60	335	3930001
644	13872	596	60	335	3930011
659	13872	604	60	335	3930021
675	13879	605	60	335	3930031
693	13879	619	60	335	3930041
716	13879	623	60	335	3930051
737	13887	627	60	335	3930061
758	13887	625	60	335	3930071
780	13887	629	60	335	3930081
803	13887	628	60	335	3930091
826	13887	630	60	335	3930101
851	13887	633	60	335	3930111
874	13893	632	60	335	3930121
898	13893	632	59	336	3930131
918	13893	634	59	336	3930141
940	13900	634	58	337	3930151
960	13900	636	58	337	3930161
980	13900	638	58	337	3930171
1000	13900	640	58	337	3930181
1022	13907	643	58	337	3930191
1046	13907	644	57	337	3930201
1071	13916	642	57	337	3930211
1098	13916	642	56	338	3930221
1125	13923	645	56	338	3930231
1154	13923	645	56	338	3930241
1184	13930	646	56	338	3930251
1214	13930	646	56	337	3930261
1245	13938	648	56	337	3930271
1277	13938	649	56	337	3930281
1311	13938	648	56	337	3930291
1346	13938	646	56	337	3930301
1379	13945	649	56	337	3930311
1412	13945	646	57	336	3930321
1443	13945	646	57	336	3930331
1474	13945	647	58	335	3930341
1505	13945	648	58	335	3930351
1533	13945	649	58	335	3930361
1563	13945	649	58	334	3930371
1592	13945	649	58	334	3930381
1620	13945	650	59	333	3930391
1648	13945	646	59	333	3930401
1671	13945	649	60	332	3930411
1695	13945	649	60	332	3930421
1719	13945	649	60	330	3930431
1742	13945	651	60	330	3930441
1769	13951	650	60	330	3930451
1794	13951	651	60	330	3930461
1818	13951	652	61	328	3930471
1843	13951	651	61	328	3930481
1869	13951	652	62	327	3930491
1896	13951	652	62	327	3930501
1924	13951	651	62	327	3930511
1952	13951	654	62	327	3930521
1981	13951	653	62	327	3930531
2010	13951	654	62	327	3930541
2039	13951	655	62	327	3930551
2068	13951	656	62	327	3930561
2096	13945	657	62	327	3930571
2126	13945	657	62	327	3930581
2156	13945	657	62	327	3930591
2187	13945	659	62	326	3930601
2219	13945	663	62	326	3930611
2250	13945	667	62	326	3930621
2282	13945	671	62	326	3930631
2317	13945	672	62	326	3930641
2350	13945	672	62	326	3930651
2382	13945	673	62	326	3930661
2413	13945	672	62	326	3930671
2445	13945	675	62	326	3930681
2476	13945	674	62	326	3930691
2511	13945	676	62	326	3930701
2548	13945	679	62	326	3930711
2584	13945	679	62	326	3930721
2620	13945	681	62	326	3930731
2655	13945	681	62	326	3930741
2690	13945	682	62	326	3930751
2722	13945	684	62	326	3930761
2754	13945	689	62	326	3930771
2784	13945	691	62	326	3930781
2813	13938	693	62	326	3930791
2844	13938	695	62	326	3930801
2874	13938	694	62	326	3930811
2900	13938	696	62	326	3930821
2927	13945	696	62	326	3930831
2952	13945	696	62	326	3930841
2973	13945	697	62	326	3930851
2996	13945	697	62	326	3930861
3015	13945	698	62	326	3930871
3034	13945	700	62	326	3930881
3056	13951	699	62	326	3930891
3078	13951	703	62	326	3930901
3102	13951	701	62	326	3930911
3126	13951	703	62	326	3930921
3150	13951	703	62	326	3930931
3172	13951	702	62	326	3930941
3193	13958	708	62	326	3930951
3213	13958	712	62	326	3930961
3239	13958	712	62	326	3930971
3266	13958	712	62	326	3930981
3295	13958	713	62	326	3930991
3325	13958	712	62	326	3931001
3355	13965	712	62	326	3931011
3384	13965	713	62	326	3931021
3414	13965	712	62	326	3931031
3444	13974	711	62	326	3931041
3472	13974	712	62	326	3931051
3496	13974	711	62	326	3931061
3519	13974	713	62	326	3931071
3542	13974	714	62	326	3931081
3566	13974	715	62	326	3931091
3591	13974	714	62	326	3931101
3615	13974	715	62	326	3931111
3636	13974	715	62	326	3931121
3656	13974	717	62	326	3931131
3677	13967	716	62	326	3931141
3697	13967	717	62	326	3931151
3717	13967	716	61	324	3931161
3735	13967	716	61	324	3931171
3752	13967	717	61	324	3931181
3773	13967	717	61	324	3931191
3794	13967	717	61	324	3931201
3817	13967	716	61	324	3931211
3838	13967	716	61	324	3931221
3853	13975	717	61	324	3931231
3865	13975	720	61	322	3931241
3875	13975	718	61	322	3931251
3885	13975	720	61	322	3931261
3897	13975	718	61	322	3931271
3905	13975	720	61	322	3931281
3914	13975	718	61	322	3931291
3923	13975	718	61	322	3931301
3938	13975	718	61	322	3931311
3954	13975	718	61	322	3931321
3971	13975	720	61	322	3931331
3984	13975	720	61	322	3931341
3993	13975	718	61	322	3931351
4004	13975	717	61	324	3931361
4013	13975	717	61	324	3931371
4027	13975	714	62	323	3931381
4040	13975	712	62	323	3931391
4052	13982	710	63	321	3931401
4063	13982	705	63	321	3931421
4072	13982	606	63	321	3931471
4058	13982	37	63	321	3931491
107
2395	13712	24	62	327	3932059
2386	13712	55	62	327	3932069
2380	13729	100	62	327	3932089
2380	13736	191	62	327	3932119
2372	13736	254	62	327	3932129
2372	13743	334	62	327	3932169
2372	13750	457	61.6	327.4	3932219
2372	13756	525	60	330	3932249
2379	13756	563	60	330	3932269
2387	13756	591	60	330	3932279
2399	13756	614	60	330	3932289
2414	13756	614	60	330	3932299
2430	13756	618	60	330	3932309
2446	13763	621	60	330	3932319
2461	13763	621	60	330	3932329
2474	13763	625	60	330	3932339
2485	13763	626	60	330	3932349
2496	13763	627	60	330	3932359
2505	13763	633	60	330	3932369
2517	13763	641	60	330	3932379
2529	13763	644	60	330	3932389
2543	13763	651	60	330	3932399
2561	13763	654	60	330	3932409
2579	13763	658	60	330	3932419
2599	13772	664	60	330	3932429
2621	13772	666	60	330	3932439
2640	13772	666	60	330	3932449
2660	13780	666	60	330	3932459
2679	13780	666	60	330	3932469
2699	13780	665	60	330	3932479
2718	13787	669	60	330	3932489
2739	13787	671	60	330	3932499
2761	13787	672	60	330	3932509
2786	13787	672	60	330	3932519
2809	13787	672	60	330	3932529
2832	13787	673	60	330	3932539
2854	13787	680	60	330	3932549
2874	13787	681	60	330	3932559
2895	13787	679	60	330	3932569
2916	13787	679	60	330	3932579
2939	13787	678	60	330	3932589
2959	13787	678	60	330	3932599
2982	13787	679	60	330	3932609
3006	13795	680	60	330	3932619
3030	13795	680	60	330	3932629
3056	13795	682	61	328	3932639
3082	13795	681	61	328	3932649
3105	13795	680	62	327	3932659
3127	13795	682	62	327	3932669
3152	13795	682	62	327	3932679
3177	13795	679	62	327	3932689
3200	13795	681	62	327	3932699
3225	13795	680	62	327	3932709
3248	13795	681	62	327	3932719
3268	13795	681	62	327	3932729
3286	13801	679	62	326	3932739
3302	13801	682	62	326	3932749
3316	13801	679	62	326	3932759
3334	13801	680	62	326	3932769
3349	13808	680	62	326	3932779
3365	13808	680	62	326	3932789
3385	13808	681	62	326	3932799
3405	13808	681	62	326	3932809
3429	13814	681	62	326	3932819
3456	13814	681	62	326	3932829
3484	13821	681	62	326	3932839
3511	13821	682	62	326	3932849
3539	13821	682	62	326	3932859
3565	13821	682	62	326	3932869
3589	13821	682	62	326	3932879
3612	13821	682	62	326	3932889
3633	13821	683	62	326	3932899
3654	13827	683	62	326	3932909
3675	13827	683	62	326	3932919
3696	13827	684	62	326	3932929
3714	13827	683	62	326	3932939
3731	13827	683	62	326	3932949
3747	13827	686	62	326	3932959
3765	13827	683	61	327	3932969
3781	13827	683	61	327	3932979
3797	13827	683	60	326	3932989
3811	13827	684	60	326	3932999
3821	13827	684	60	326	3933009
3829	13827	683	60	326	3933019
3837	13827	684	60	326	3933039
3847	13827	686	60	325	3933049
3854	13827	683	60	325	3933059
3863	13827	684	61	324	3933069
3871	13827	684	61	324	3933079
3880	13827	685	61	324	3933089
3889	13827	687	61	324	3933099
3903	13827	685	61	324	3933109
3921	13827	685	61	324	3933119
3940	13827	685	61	324	3933129
3960	13827	686	61	324	3933139
3979	13827	684	61	324	3933149
4000	13827	685	61	324	3933159
4023	13821	687	61	324	3933169
4045	13821	685	61	324	3933179
4063	13821	686	61	324	3933189
4075	13821	686	61	324	3933199
4083	13821	686	61	324	3933219
4092	13821	686	61	324	3933249
4101	13821	687	61	324	3933269
4110	13821	686	62.3333	323.667	3933299
4116	13821	647	63	323	3933369
4107	13821	145	63	323	3933389
19
3994	14114	185	56	321	3933687
3988	14121	361	56	323	3933707
3981	14128	494	56.3333	322.667	3933737
3989	14128	541	57	322	3933747
3997	14128	564	58	322	3933757
4008	14128	599	58	322	3933767
4020	14112	620	58	322	3933777
4028	14087	656	58	322	3933787
4036	14048	680	59	323	3933797
4045	14002	697	59	323	3933807
4052	13948	708	59	323	3933817
4052	13894	728	59	325	3933827
4060	13844	735	59	325	3933837
4060	13800	743	60	324	3933847
4060	13767	745	60	324	3933857
4060	13744	746	61	324	3933867
4068	13733	700	61.6	325.2	3933917
4068	13740	488	62	326	3933927
4068	13752	99	62	326	3933947
30
4036	14112	184	58	320	3934143
4012	14121	297	58	320	3934153
4001	14121	427	58	320	3934163
3993	14121	489	58	320	3934173
3993	14128	542	58	320	3934203
4014	14121	592	58	322	3934213
4038	14121	612	58	322	3934223
4070	14108	645	58	322	3934233
4106	14097	671	58	322	3934243
4147	14082	690	58	322	3934253
4188	14061	710	58	322	3934263
4228	14037	732	59	323	3934273
4270	14007	746	59	322	3934283
4304	13968	755	59	322	3934293
4335	13932	770	60	321	3934303
4359	13889	775	61	322	3934313
4370	13856	783	61	322	3934323
4370	13819	804	61	322	3934333
4362	13785	808	61	324	3934343
4338	13754	816	62	323	3934353
4306	13724	818	62	323	3934363
4262	13706	816	63	323	3934373
4209	13689	811	63	323	3934383
4157	13682	806	63	323	3934393
4110	13682	795	64	325	3934403
4073	13682	780	64	325	3934413
4049	13692	755	64	325	3934423
4035	13700	693	64	325	3934433
4028	13700	577	64	325	3934443
4028	13707	135	64	325	3934473
180
1333	13382	8	58	335	3938219
1325	13382	51	58	335	3938239
1317	13382	111	58	335	3938259
1309	13376	375	56.1111	334.333	3938349
1321	13376	545	55	335	3938359
1333	13369	560	55	335	3938369
1349	13369	566	55	335	3938379
1369	13369	572	55	335	3938389
1391	13369	572	55	335	3938399
1413	13369	579	56	334	3938409
1436	13377	579	56	334	3938419
1457	13377	581	57	334	3938429
1479	13384	587	57	334	3938439
1501	13384	607	57	334	3938449
1525	13392	619	58	333	3938459
1549	13392	626	58	333	3938469
1576	13392	628	59	332	3938479
1602	13399	629	60	331	3938489
1625	13399	632	59	329	3938499
1649	13399	634	60	328	3938509
1672	13407	633	61	327	3938519
1695	13407	633	61	327	3938529
1720	13407	637	62	326	3938539
1743	13407	640	62	326	3938549
1767	13407	638	62	324	3938559
1793	13407	638	62	324	3938569
1819	13407	638	63	323	3938579
1845	13407	637	63	323	3938589
1873	13407	636	64	321	3938599
1901	13414	634	64	321	3938609
1930	13414	636	64	321	3938619
1959	13414	637	64	321	3938629
1988	13414	638	64	321	3938639
2014	13414	639	63	323	3938649
2041	13414	638	63	323	3938659
2068	13414	640	63	323	3938669
2094	13414	644	63	323	3938679
2123	13414	646	63	323	3938689
2152	13414	645	63	323	3938699
2183	13414	647	63	323	3938709
2215	13414	646	63	323	3938719
2245	13414	649	63	323	3938729
2275	13414	649	63	323	3938739
2307	13414	646	63	323	3938749
2336	13414	648	63	323	3938759
2366	13414	651	63	323	3938769
2392	13414	649	63	323	3938779
2415	13414	649	63	323	3938789
2438	13414	649	63	323	3938799
2460	13414	650	63	323	3938809
2482	13414	652	63	323	3938819
2505	13414	653	63	323	3938829
2526	13414	653	63	323	3938839
2548	13414	653	63	323	3938849
2568	13414	653	63	323	3938859
2586	13414	657	63	323	3938869
2605	13414	656	63	323	3938879
2624	13421	657	63	323	3938889
2640	13421	657	63	323	3938899
2660	13421	658	63	323	3938909
2681	13421	659	62	323	3938919
2703	13421	659	62	323	3938929
2729	13421	658	61	324	3938939
2754	13421	656	61	324	3938949
2780	13421	658	61	324	3938959
2808	13421	658	61	324	3938969
2837	13421	660	61	324	3938979
2867	13421	662	61	324	3938989
2898	13427	663	61	324	3938999
2927	13427	663	61	324	3939009
2955	13427	662	61	324	3939019
2985	13427	661	61	324	3939029
3015	13427	661	61	324	3939039
3045	13421	661	61	324	3939049
3077	13421	660	61	324	3939059
3109	13421	663	61	324	3939069
3140	13421	661	61	324	3939079
3171	13429	663	61	324	3939089
3200	13429	662	61	324	3939099
3226	13429	660	61	324	3939109
3254	13429	661	61	324	3939119
3280	13429	661	61	324	3939129
3305	13437	661	61	324	3939139
3330	13437	662	61	324	3939149
3355	13437	660	61	324	3939159
3380	13437	660	61	324	3939169
3407	13437	662	61	324	3939179
3435	13437	661	62	323	3939189
3459	13437	662	62	323	3939199
3482	13437	664	63	321	3939209
3506	13437	663	63	321	3939219
3528	13437	663	62	320	3939229
3554	13437	664	62	320	3939239
3577	13437	665	62	320	3939249
3600	13437	666	62	320	3939259
3621	13437	668	62	320	3939269
3641	13430	669	62	320	3939279
3660	13430	669	62	320	3939289
3677	13430	669	62	320	3939299
3696	13430	671	62	320	3939309
3715	13430	672	62	320	3939319
3735	13430	672	62	320	3939329
3758	13430	673	62	320	3939339
3781	13430	674	62	320	3939349
3805	13430	673	62	320	3939359
3831	13430	674	62	320	3939369
3858	13430	674	62	320	3939379
3885	13430	672	62	320	3939389
3915	13430	675	62	320	3939399
3943	13430	675	62	320	3939409
3969	13430	675	62	320	3939419
3994	13430	675	62	320	3939429
4018	13430	675	62	320	3939439
4037	13430	677	62	320	3939449
4056	13430	675	62	320	3939459
4075	13430	676	62	320	3939469
4092	13430	676	62	320	3939479
4110	13430	674	62	320	3939489
4126	13430	674	62	320	3939499
4142	13430	675	62	320	3939509
4155	13430	675	62	320	3939519
4166	13430	675	62	320	3939529
4174	13430	674	62	320	3939539
4182	13430	674	62	320	3939549
4188	13430	674	62	320	3939559
4196	13430	675	62	320	3939569
4206	13430	674	62	320	3939579
4216	13437	675	62	320	3939589
4229	13437	675	62	320	3939599
4241	13437	674	62	320	3939609
4252	13437	674	62	320	3939619
4262	13437	674	62	320	3939629
4271	13437	674	62	320	3939639
4278	13437	674	62	320	3939649
4285	13437	675	62	320	3939659
4295	13437	675	62	320	3939669
4308	13437	674	63	318	3939679
4323	13437	675	63	318	3939689
4341	13437	675	63	317	3939699
4361	13437	673	63	317	3939709
4380	13437	675	63	317	3939719
4396	13437	675	63	317	3939729
4413	13437	675	63	317	3939739
4427	13437	675	63	317	3939749
4440	13444	674	63	317	3939759
4453	13444	674	63	317	3939769
4464	13444	674	63	317	3939779
4475	13444	675	63	317	3939789
4486	13444	673	63	317	3939799
4496	13451	675	63	317	3939809
4504	13451	673	63	317	3939819
4511	13451	673	63	317	3939839
4521	13451	674	63.5	316	3939859
4530	13451	675	64	315	3939869
4536	13451	675	65	313	3939879
4547	13451	676	65	313	3939889
4565	13451	676	65	313	3939899
4586	13458	676	65	313	3939909
4610	13458	675	65	313	3939919
4635	13466	676	65	313	3939929
4658	13466	676	64	312	3939939
4678	13466	677	64	312	3939949
4695	13472	677	64	312	3939959
4706	13472	677	64	312	3939969
4713	13472	677	64	312	3939989
4722	13472	679	64	312	3940019
4729	13472	681	64	312	3940039
4739	13472	681	64	312	3940049
4746	13479	682	64	312	3940059
4754	13479	683	64	312	3940069
4761	13479	683	64	312	3940079
4768	13479	683	64	312	3940099
4779	13479	684	64	312	3940119
4791	13479	686	64	312	3940129
4800	13479	687	64	312	3940139
4808	13479	686	64	312	3940149
4815	13479	686	64	312	3940159
4822	13479	686	64	312	3940179
4829	13479	686	64	312	3940209
4835	13479	525	64.2222	312.222	3940299
39
4381	13887	32	60	340	3941089
4375	13887	290	59.3529	342.118	3941259
4381	13887	423	59.25	342.75	3941299
4388	13887	461	60.375	341	3941379
4395	13887	519	60.0732	340.146	3941789
4401	13887	631	61	342	3941799
4408	13887	667	61	342	3941809
4423	13887	670	61	342	3941819
4445	13887	672	61	342	3941829
4472	13887	675	61	342	3941839
4503	13887	672	62	341	3941849
4529	13887	674	62	341	3941859
4552	13887	673	63	340	3941869
4572	13887	675	63	340	3941879
4589	13887	678	63	340	3941889
4605	13887	677	63	340	3941899
4618	13887	686	64	339	3941909
4632	13896	688	64	339	3941919
4644	13896	690	64	338	3941929
4658	13904	690	64	338	3941939
4672	13904	692	64	338	3941949
4689	13916	694	64	338	3941959
4710	13916	695	64	338	3941969
4733	13925	695	65	337	3941979
4757	13925	695	65	337	3941989
4782	13925	698	66	336	3941999
4804	13933	697	66	336	3942009
4823	13933	697	66	336	3942019
4838	13933	696	66	336	3942029
4852	13933	697	66	336	3942039
4864	13933	700	66	336	3942049
4879	13940	700	66	336	3942059
4895	13940	701	66	336	3942069
4911	13940	701	66	336	3942079
4926	13940	697	66	336	3942089
4935	13940	698	66	336	3942099
4943	13940	691	66	336	3942119
4950	13940	610	66	336	3942159
4943	13932	154	66	336	3942179
41
4827	13485	60	64	347	3942487
4827	13468	160	64.5	347	3942507
4827	13459	377	65	347	3942557
4833	13459	556	65	347	3942597
4833	13469	605	65	347	3942607
4833	13478	622	65	347	3942617
4833	13489	640	65	347	3942627
4826	13504	641	65	347	3942637
4826	13525	643	65	347	3942647
4815	13545	651	65	347	3942657
4807	13566	651	65	347	3942667
4807	13591	653	65	347	3942677
4797	13610	657	65	345	3942687
4797	13630	656	65	345	3942697
4790	13648	657	65	345	3942707
4790	13660	659	65	345	3942717
4790	13668	664	65	345	3942757
4790	13675	670	65	345	3942777
4790	13682	665	65	345	3942787
4790	13691	665	65	345	3942797
4790	13702	666	65	345	3942807
4790	13714	663	65	345	3942817
4790	13726	664	65	342	3942827
4790	13737	663	65	342	3942837
4790	13746	664	65	342	3942857
4784	13752	669	65	340.917	3943097
4792	13752	672	65	340	3943107
4800	13752	671	65	340	3943117
4810	13752	673	65	340	3943127
4824	13752	673	65	340	3943137
4843	13752	673	65	340	3943147
4863	13760	673	65	340	3943157
4887	13760	673	65	340	3943167
4910	13767	674	65	340	3943177
4931	13767	677	65	340	3943187
4949	13767	680	66	340	3943197
4965	13774	687	66	340	3943207
4978	13774	686	67	339	3943217
4987	13774	688	67	339	3943227
4994	13774	686	67	339	3943257
5000	13774	489	67	339	3943317
96
4215	14590	42	60	337	3943864
4194	14590	123	60	337	3943874
4187	14590	225	60	337	3943894
4179	14596	368	60	337	3943934
4190	14596	491	60	337	3943944
4197	14596	506	60	337	3943954
4204	14596	525	60	337	3943964
4214	14596	549	60	337	3943974
4222	14596	563	60	337	3943984
4231	14603	564	60	337	3943993
4240	14603	569	60	337	3944003
4250	14603	581	60	337	3944013
4262	14603	592	60	337	3944023
4277	14611	599	60	337	3944033
4296	14611	610	60	337	3944043
4314	14619	613	60	337	3944053
4333	14619	621	60	337	3944063
4351	14619	621	60	337	3944073
4368	14619	625	60	337	3944083
4385	14619	622	60	337	3944093
4402	14619	633	60	337	3944103
4418	14619	633	60	337	3944113
4433	14619	638	61	336	3944123
4449	14619	640	61	336	3944133
4462	14619	640	62	335	3944143
4476	14619	644	62	335	3944153
4493	14619	648	62	335	3944163
4512	14619	650	62	335	3944173
4530	14619	648	62	335	3944183
4546	14619	651	62	335	3944193
4559	14619	652	62	335	3944203
4568	14619	652	62	335	3944213
4575	14619	678	62	335	3944293
4575	14610	703	62	335	3944303
4575	14592	710	62	335	3944313
4575	14570	711	63	334	3944323
4575	14544	715	63	334	3944333
4575	14515	717	63	333	3944343
4585	14494	717	63	333	3944353
4585	14476	725	64	334	3944363
4596	14452	728	64	334	3944373
4596	14427	731	64	334	3944383
4596	14405	733	64	334	3944393
4604	14377	734	64	334	3944403
4604	14353	735	64	334	3944413
4604	14336	735	64	334	3944423
4610	14312	739	64	334	3944433
4610	14292	740	64	336	3944443
4610	14268	741	64	336	3944453
4610	14247	740	64	336	3944463
4610	14231	740	64	336	3944473
4610	14217	741	64	336	3944483
4618	14202	741	64	336	3944493
4618	14188	740	64	336	3944503
4618	14177	741	64	338	3944513
4625	14167	740	64	338	3944533
4625	14158	740	64	338	3944543
4625	14152	741	64	338	3944553
4632	14152	741	64	338	3944563
4632	14145	740	64.6667	339.333	3944593
4632	14139	739	65	340	3944633
4632	14131	739	65	340	3944643
4632	14120	740	65	340	3944653
4632	14107	741	65	340	3944663
4632	14096	740	65	340	3944673
4632	14085	741	65	340	3944693
4639	14085	739	65	340	3944703
4639	14078	738	65	340	3944793
4646	14071	735	65	341.6	3944843
4652	14071	736	65	342	3944863
4664	14071	738	65	342	3944873
4673	14071	741	66	342	3944883
4688	14065	742	66	342	3944893
4706	14065	745	67	341	3944903
4725	14065	743	67	341	3944913
4748	14065	746	67	341	3944923
4770	14065	745	67	341	3944933
4793	14065	743	67	341	3944943
4811	14065	743	67	341	3944953
4827	14065	746	67	341	3944963
4838	14065	746	67	341	3944973
4846	14065	746	67	341	3944983
4855	14065	746	67	341	3944993
4865	14065	747	67	339	3945003
4877	14065	747	67	339	3945013
4892	14065	747	67	339	3945023
4906	14065	747	67	341	3945033
4919	14065	747	67	341	3945043
4930	14065	748	67	341	3945053
4941	14065	748	67	341	3945063
4950	14065	748	67	341	3945073
4959	14065	748	67	341	3945093
4968	14065	797	67	340.143	3945303
4975	14065	860	67	339	3945373
4981	14071	805	66.0769	341.154	3945503
4981	14079	10	65	345	3945523
33
4959	14119	43	65	345	3946276
4959	14149	144	65	345	3946286
4949	14164	259	65	345	3946296
4942	14176	347	65	345	3946306
4935	14185	412	65	345	3946316
4928	14185	465	65	347	3946326
4921	14185	515	65	347	3946336
4915	14185	572	65	347	3946356
4905	14177	614	65	347	3946376
4905	14167	641	65	347	3946386
4911	14158	665	65	347	3946396
4923	14140	687	65	347	3946406
4943	14117	702	65	347	3946416
4967	14092	710	65	347	3946426
4995	14064	723	65	347	3946436
5025	14037	728	65	347	3946446
5056	14007	737	66	349	3946456
5085	13970	741	67	348	3946466
5110	13930	748	67	348	3946476
5128	13888	753	68	348	3946486
5136	13842	770	68	350	3946496
5136	13797	777	68	350	3946506
5129	13756	795	68	350	3946516
5115	13720	802	68	353	3946526
5095	13693	815	68	353	3946536
5070	13677	823	68	355	3946546
5046	13666	826	68	355	3946556
5022	13666	829	68	358	3946566
5000	13658	826	69	357	3946576
4984	13658	825	69	357	3946586
4975	13658	803	70	0	3946596
4975	13649	681	69.3333	0	3946626
4985	13657	159	68	0	3946646
63
4989	14126	67	65	345	3946940
4965	14132	109	65	345	3946950
4956	14142	195	65	345	3946960
4949	14151	255	65	345	3946970
4949	14157	311	65	345	3946980
4939	14157	371	65	345	3946990
4939	14164	467	65	345	3947020
4933	14164	538	64	345	3947050
4948	14164	583	65	345	3947060
4961	14164	602	65	345	3947070
4978	14157	633	65	345	3947080
4997	14157	644	65	345	3947090
5017	14157	658	65	345	3947100
5039	14157	670	65	345	3947110
5062	14157	682	65	345	3947120
5084	14157	686	65	345	3947130
5106	14157	693	65	345	3947140
5130	14157	708	65	345	3947150
5155	14157	716	65	345	3947160
5183	14150	724	65	345	3947170
5212	14150	728	65	347	3947180
5242	14140	730	66	346	3947190
5272	14131	732	66	346	3947200
5301	14120	733	67	345	3947210
5329	14108	733	67	345	3947220
5357	14096	735	67	345	3947230
5383	14084	739	67	345	3947240
5408	14075	738	67	345	3947250
5430	14067	738	67	345	3947260
5449	14060	739	67	345	3947270
5465	14060	740	68	345	3947280
5477	14046	742	68	345	3947290
5487	14035	743	69	344	3947300
5494	14023	745	69	344	3947310
5504	14010	743	69	346	3947320
5510	13997	746	69	346	3947330
5517	13980	752	69	346	3947340
5517	13961	752	69	346	3947350
5517	13940	752	69	346	3947360
5517	13918	753	69	346	3947370
5517	13901	754	69	346	3947380
5517	13882	755	70	349	3947390
5508	13861	757	70	349	3947400
5502	13841	759	70	349	3947410
5492	13822	760	70	349	3947420
5481	13803	761	70	352	3947430
5468	13784	761	70	352	3947440
5452	13766	765	70	352	3947450
5435	13748	765	70	352	3947460
5415	13730	765	70	352	3947470
5389	13711	770	70	355	3947480
5363	13692	772	70	355	3947490
5333	13672	772	70	355	3947500
5300	13652	785	70	355	3947510
5267	13640	785	70	355	3947520
5234	13632	788	70	357	3947530
5197	13625	786	70	357	3947540
5161	13625	778	70	357	3947549
5127	13617	774	70	357	3947559
5097	13617	753	70	357	3947569
5073	13617	717	70	357	3947579
5057	13617	636	70	357	3947589
5050	13625	211	69.6667	357	3947619
24
5568	13914	29	63	348	3954676
5568	13920	45	63	348	3954696
5568	13928	374	65.5	348.409	3954916
5568	13921	580	66	349	3954926
5579	13921	606	66	349	3954936
5587	13921	627	66	349	3954946
5598	13921	632	66	349	3954956
5616	13921	645	66	349	3954966
5639	13921	646	66	349	3954976
5665	13921	645	66	349	3954986
5694	13921	647	66	349	3954996
5727	13921	652	66	349	3955006
5762	13915	653	66	349	3955016
5801	13915	657	66	349	3955026
5839	13915	660	66	349	3955036
5875	13922	667	66	349	3955046
5906	13922	667	66	349	3955056
5931	13922	670	66	349	3955066
5952	13922	672	66	349	3955076
5965	13922	673	67	348	3955086
5974	13930	671	67.5	348	3955106
5982	13930	635	68	348	3955136
5988	13930	507	68	348	3955156
5995	13930	102	68	348	3955176
192
5078	15460	1	61	347	3956056
5078	15466	22	61	347	3956066
5064	15466	42	61	347	3956096
5064	15473	67	61	347	3956126
5057	15473	128	61	347	3956176
5051	15473	219	61	347	3956266
5044	15473	235	61	347	3956326
5044	15481	288	61	347	3956346
5044	15488	342	61	347	3956376
5052	15488	402	61	347	3956396
5058	15488	446	61	347	3956416
5071	15488	471	61	347	3956426
5080	15488	470	61	347	3956436
5087	15488	470	61	347	3956446
5094	15488	473	61	347	3956456
5101	15488	474	61	347	3956466
5109	15488	478	61	347	3956476
5120	15494	485	61	347	3956486
5134	15494	488	61	347	3956496
5147	15494	489	61	347	3956506
5157	15494	489	61	347	3956516
5163	15494	495	61	347	3956536
5172	15494	510	62	346	3956546
5178	15494	528	62	346	3956556
5189	15494	538	63	346	3956566
5201	15494	543	63	346	3956576
5216	15487	543	63	346	3956586
5230	15487	543	63	346	3956596
5244	15487	545	63	346	3956606
5258	15487	546	63	346	3956616
5269	15487	547	63	346	3956626
5281	15487	551	63	346	3956636
5294	15487	556	63	346	3956646
5305	15487	556	63	346	3956656
5317	15487	556	63	346	3956666
5329	15487	557	63	346	3956676
5340	15487	558	63	346	3956686
5352	15487	557	63	346	3956696
5362	15487	560	63	346	3956706
5372	15487	563	63	346	3956716
5384	15487	569	63	346	3956726
5395	15493	568	63	346	3956736
5407	15493	569	63	346	3956746
5419	15501	569	63	346	3956756
5431	15501	570	63	346	3956766
5444	15501	571	63	346	3956776
5457	15501	572	63	346	3956786
5472	15501	571	63	346	3956796
5486	15501	575	63	346	3956806
5500	15501	575	63	346	3956816
5515	15501	575	63	346	3956826
5529	15501	576	63	346	3956836
5544	15501	576	63	346	3956846
5557	15501	579	63	346	3956856
5568	15501	580	63	346	3956866
5578	15501	580	63	346	3956876
5587	15501	581	63	346	3956886
5595	15501	585	63	346	3956896
5605	15501	585	63	346	3956906
5617	15501	583	63	346	3956916
5630	15501	587	63	346	3956926
5643	15501	587	63	346	3956936
5655	15501	586	63	346	3956946
5668	15501	587	63	346	3956956
5678	15501	583	63	346	3956966
5686	15501	587	63	346	3956976
5695	15501	588	63	346	3956986
5702	15507	589	64	345	3956996
5711	15507	589	64	345	3957006
5719	15507	587	65	345	3957016
5729	15507	587	65	345	3957026
5736	15507	588	65	345	3957036
5743	15507	588	65	345	3957056
5752	15507	589	65	345	3957086
5759	15507	588	65	345	3957116
5767	15507	588	65	345	3957136
5774	15507	587	64.8571	345	3957206
5780	15507	593	63.2857	345.714	3957276
5780	15500	647	64.8571	345	3957346
5774	15500	721	65	344.182	3957456
5774	15493	716	65	342	3957496
5774	15487	709	63.48	342.72	3957746
5774	15477	707	63	344	3957756
5774	15466	707	63	344	3957766
5774	15457	708	63	344	3957776
5774	15448	710	63	344	3957826
5774	15441	711	63	344	3957836
5767	15441	715	63	344	3957946
5767	15434	716	63	344	3957966
5767	15422	717	63	344	3957976
5767	15409	720	63	346	3957986
5767	15395	720	63	346	3957996
5767	15382	718	63	346	3958006
5774	15373	717	63	346	3958046
5774	15360	718	63	346	3958056
5774	15347	718	63	346	3958066
5774	15337	720	63	346	3958076
5774	15326	721	63	346	3958086
5774	15311	721	63	346	3958096
5774	15297	720	63	348	3958106
5774	15285	718	63	348	3958116
5780	15267	720	63	348	3958126
5780	15254	718	63	348	3958136
5780	15244	717	63	348	3958146
5780	15235	717	63	348	3958165
5780	15221	718	63	348	3958175
5780	15205	720	64	350	3958185
5780	15186	720	64	350	3958195
5780	15171	720	64	350	3958205
5780	15160	721	64	350	3958215
5780	15143	721	64	350	3958225
5780	15127	721	64	350	3958235
5780	15106	721	64	350	3958245
5780	15086	722	64	350	3958255
5788	15070	722	64	352	3958265
5788	15054	722	64	352	3958275
5788	15041	721	64	352	3958285
5788	15031	724	64	352	3958295
5788	15019	724	64	352	3958305
5788	14997	725	64	352	3958315
5795	14977	724	64	352	3958325
5795	14955	726	64	354	3958335
5795	14934	724	64	354	3958345
5795	14914	724	64	354	3958355
5795	14896	725	64	354	3958365
5795	14877	726	64	356	3958375
5795	14861	726	64	356	3958385
5795	14845	727	64	356	3958395
5795	14819	727	64	356	3958405
5795	14797	727	64	358	3958415
5795	14773	726	64	358	3958425
5795	14747	727	65	358	3958435
5789	14724	727	65	358	3958445
5789	14697	727	66	0	3958455
5789	14669	728	66	0	3958465
5789	14644	727	66	0	3958475
5789	14622	728	66	0	3958485
5795	14598	727	66	0	3958495
5795	14574	727	66	0	3958505
5795	14552	729	66	0	3958515
5795	14527	728	66	0	3958525
5795	14502	729	66	2	3958535
5795	14480	729	66	2	3958545
5795	14457	731	66	2	3958555
5795	14434	731	66	2	3958565
5795	14417	731	66	4	3958575
5795	14396	733	66	4	3958585
5795	14379	731	66	4	3958595
5795	14359	736	66	4	3958605
5803	14336	736	66	4	3958615
5803	14320	736	66	7	3958625
5803	14297	737	66	7	3958635
5809	14279	738	66	7	3958645
5809	14271	737	66	7	3958655
5809	14256	738	66	9	3958665
5809	14245	739	66	9	3958675
5809	14237	738	66	9	3958685
5809	14228	738	66	9	3958695
5809	14220	738	66	10	3958715
5809	14209	737	66	11	3958725
5809	14199	741	66	11	3958735
5809	14188	741	66	11	3958745
5809	14175	742	66	11	3958755
5809	14163	741	66	11	3958765
5809	14155	741	66	11	3958775
5809	14147	740	65.5	12	3958795
5809	14139	740	65	13	3958845
5809	14132	744	66.7778	11.7778	3958935
5817	14132	748	68	12	3958955
5829	14132	752	68	12	3958965
5839	14132	753	68	12	3958975
5854	14132	756	68	12	3958985
5870	14132	756	68	12	3958995
5889	14132	762	68	12	3959005
5911	14132	761	68	10	3959015
5934	14132	764	68	10	3959025
5958	14132	764	68	10	3959035
5983	14132	764	68	10	3959045
6009	14141	766	68	10	3959055
6038	14141	766	68	7	3959065
6066	14141	766	68	7	3959075
6095	14141	770	68	7	3959085
6124	14141	769	68	7	3959095
6151	14141	766	69	8	3959105
6178	14141	765	69	8	3959115
6200	14141	765	70	8	3959125
6218	14141	767	70	8	3959135
6231	14134	769	70	8	3959145
6240	14134	768	70	5	3959155
6247	14134	752	70	5	3959245
6254	14134	585	70	5	3959265
6254	14126	129	70	5	3959285
48
5942	13902	52	66.6667	14.6667	3959656
5934	13902	236	67	15	3959756
5927	13902	458	67	15	3959826
5927	13908	453	67	15	3959906
5927	13915	371	67	15	3959926
5927	13923	339	67	15	3959936
5921	13923	336	67	15	3959946
5921	13931	344	67	15	3959956
5914	13931	374	67	15	3959976
5908	13931	479	67	15	3960066
5919	13931	565	67	15	3960076
5926	13931	579	67	15	3960086
5935	13931	592	67	15	3960096
5943	13931	608	67	15	3960106
5955	13931	630	67	15	3960116
5966	13931	637	67	15	3960126
5978	13931	642	67	15	3960136
5990	13931	646	67	15	3960146
6002	13931	650	67	15	3960156
6014	13931	651	67	15	3960166
6026	13931	652	67	15	3960176
6039	13931	653	67	15	3960186
6052	13931	654	67	15	3960196
6064	13931	653	67	15	3960206
6076	13931	653	67	15	3960216
6087	13931	653	67	15	3960226
6095	13931	654	67	15	3960236
6103	13931	654	67	15	3960246
6110	13931	655	68	15	3960256
6120	13931	658	68	15	3960266
6131	13931	659	69	16	3960276
6143	13937	660	69	16	3960286
6155	13937	660	69	16	3960296
6165	13937	663	69	16	3960306
6175	13937	664	69	16	3960316
6182	13937	663	69	16	3960326
6190	13937	665	69	16	3960346
6200	13937	673	69	16	3960356
6207	13937	678	69	16	3960366
6214	13937	679	69	16	3960376
6222	13937	680	69	16	3960386
6230	13944	679	69	16	3960396
6238	13944	683	69	16	3960406
6247	13944	684	69	16	3960416
6257	13944	684	69	16	3960426
6268	13944	683	69	16	3960436
6275	13944	681	69	16	3960456
6282	13944	499	70.4286	17.4286	3960526
19
6290	14277	134	66	0	3962684
6297	14294	312	66	0	3962704
6297	14302	469	66	0	3962734
6297	14285	560	66	0	3962744
6306	14263	607	66	0	3962754
6313	14227	656	66	358	3962764
6313	14177	677	66	358	3962774
6325	14120	703	66	358	3962784
6325	14059	715	66	358	3962794
6332	13999	727	66	358	3962804
6332	13945	731	66	358	3962814
6332	13898	748	66	358	3962824
6332	13859	753	67	0	3962834
6340	13831	752	67	0	3962844
6340	13813	751	68	0	3962854
6340	13803	693	68	0	3962894
6346	13803	557	68	0	3962904
6346	13817	435	68	2	3962914
6346	13832	87	68	2	3962934
30
6349	14292	124	68	355	3963140
6325	14292	220	67	355	3963150
6313	14292	392	67	355	3963160
6301	14292	472	66	356	3963170
6293	14292	559	66	357.5	3963210
6302	14292	623	66	358	3963220
6317	14292	657	66	356	3963230
6343	14292	677	66	356	3963240
6377	14281	689	66	356	3963250
6422	14269	709	66	356	3963260
6474	14252	720	66	356	3963270
6525	14229	731	66	356	3963280
6575	14199	741	66	356	3963290
6616	14161	754	67	355	3963300
6650	14118	766	67	355	3963310
6677	14072	778	68	358	3963320
6695	14027	793	68	358	3963330
6705	13985	799	68	358	3963340
6705	13947	814	68	358	3963350
6705	13917	824	68	358	3963360
6682	13887	822	68	358	3963370
6650	13864	819	69	357	3963380
6610	13842	809	69	0	3963390
6560	13827	807	70	0	3963400
6510	13819	804	70	0	3963410
6465	13812	796	70	0	3963420
6425	13812	768	70	0	3963430
6396	13812	728	70	0	3963440
6381	13812	625	70	0	3963450
6375	13812	188	70	1	3963480
19
6750	14046	229	64	352	3963756
6735	14046	358	64	352	3963766
6726	14046	496	65	351	3963776
6720	14046	605	65.6667	353.333	3963806
6738	14046	700	66	356	3963816
6770	14046	748	66	356	3963826
6819	14046	778	66	356	3963836
6882	14046	798	67	355	3963846
6951	14057	811	67	355	3963856
7020	14064	821	68	355	3963866
7076	14070	824	68	355	3963876
7119	14070	831	68	355	3963886
7152	14070	838	69	355	3963896
7171	14070	840	69	355	3963906
7185	14070	858	70.4	356.6	3963956
7191	14070	878	72	357	3964016
7198	14070	784	72	355.5	3964076
7188	14056	434	71	354	3964086
7174	14045	32	70.5	354.5	3964106
31
7380	14274	25	65	345	3964284
7380	14315	472	65	345	3964294
7380	14322	591	65	345	3964314
7388	14302	665	65	347	3964324
7400	14275	681	65	347	3964334
7423	14236	683	65	347	3964344
7451	14198	684	65	347	3964354
7483	14164	674	66	349	3964364
7515	14142	659	67	348	3964374
7543	14142	641	67	348	3964384
7567	14142	624	68	350	3964394
7590	14160	606	68	350	3964404
7605	14188	604	68	350	3964414
7617	14221	607	69	350	3964424
7623	14254	618	69	350	3964434
7623	14283	626	70	349	3964444
7623	14305	661	70	349	3964454
7623	14314	728	70	349	3964474
7623	14297	817	70	349	3964484
7623	14262	841	70	352	3964494
7615	14209	888	70	352	3964504
7607	14142	910	70	352	3964514
7599	14065	921	70	352	3964524
7588	13992	926	70	352	3964534
7578	13928	928	70	355	3964544
7572	13872	921	70	355	3964554
7565	13830	915	70	355	3964564
7565	13803	896	70	355	3964574
7565	13788	813	70	357	3964604
7565	13796	621	70	357	3964614
7565	13812	89	70	0	3964634
