44
37
1170	18500	116	60	355	3358653
1167	18479	190	60	357	3358663
1167	18471	284	60	357	3358683
1167	18463	432	58.6667	357	3358743
1167	18472	575	58	357	3358753
1175	18484	604	58	357	3358763
1175	18503	615	58	357	3358773
1184	18530	625	58	357	3358783
1184	18563	630	58	357	3358793
1192	18599	641	58	355	3358803
1192	18642	644	58	355	3358813
1200	18687	644	58	355	3358823
1200	18731	648	58	355	3358833
1200	18773	649	58	355	3358843
1208	18808	649	58	355	3358853
1208	18839	650	58	355	3358863
1208	18867	649	58	354	3358873
1208	18888	650	58	354	3358883
1208	18906	650	58	354	3358893
1215	18917	651	58	352	3358913
1215	18925	655	58	350.667	3358942
1222	18911	660	58	350	3358952
1230	18896	664	58	349	3358962
1245	18870	665	58	349	3358972
1263	18838	671	58	349	3358982
1286	18798	669	58	349	3358992
1308	18754	670	58	349	3359002
1329	18707	668	58	350	3359012
1348	18658	666	58	350	3359022
1364	18611	667	58	350	3359032
1376	18569	664	58	352	3359042
1387	18531	665	59	352	3359052
1395	18503	663	59	352	3359062
1402	18481	663	60	353	3359072
1402	18464	649	60	353	3359082
1410	18456	506	60	354.5	3359122
1398	18469	22	60	357	3359142
13
1170	18657	280	58	355	3359257
1127	18657	382	58	355	3359267
1112	18649	496	58	355	3359277
1105	18642	541	58	355	3359287
1111	18634	569	58	355	3359297
1137	18627	589	58	355	3359307
1178	18627	603	58	355	3359317
1231	18627	608	58	355	3359327
1289	18627	614	58	355	3359337
1339	18636	617	58	355	3359347
1379	18642	617	58	355	3359357
1403	18642	614	58	355	3359367
1415	18649	338	59	355	3359407
24
1174	17572	36	58	11	3360033
1174	17589	81	58	11	3360043
1174	17597	116	58	11	3360053
1174	17604	166	58	11	3360073
1174	17610	334	58	10.2	3360123
1167	17610	584	58	10	3360203
1167	17594	687	58	10	3360213
1175	17571	695	58	10	3360223
1175	17537	710	58	10	3360233
1185	17492	718	58	10	3360243
1185	17445	722	58	10	3360253
1192	17400	727	58	10	3360263
1192	17356	735	58	10	3360273
1192	17319	733	58	11	3360283
1200	17283	733	58	11	3360293
1200	17253	734	58	11	3360303
1200	17228	734	57	13	3360313
1208	17208	733	57	13	3360323
1208	17190	731	57	14	3360333
1215	17176	729	57	14	3360343
1215	17168	666	57	16	3360393
1215	17178	483	57	17	3360403
1215	17194	308	57	19	3360413
1215	17215	41	57	19	3360433
34
1230	17511	183	57	14	3360537
1207	17517	299	57	14	3360547
1195	17517	417	57	13	3360557
1184	17517	472	57	13	3360567
1174	17510	503	57	13	3360587
1174	17517	545	57	13	3360597
1174	17530	561	58	11	3360607
1196	17548	594	58	11	3360617
1228	17572	604	58	11	3360627
1267	17590	614	58	11	3360637
1310	17600	630	58	11	3360647
1348	17600	654	58	11	3360657
1375	17575	666	58	11	3360667
1388	17546	680	58	11	3360677
1388	17508	681	58	11	3360687
1388	17470	681	58	12	3360697
1388	17437	679	58	12	3360707
1388	17408	675	59	12	3360717
1403	17385	672	59	12	3360727
1425	17368	679	59	12	3360737
1453	17355	684	59	14	3360747
1485	17342	695	59	14	3360757
1509	17330	713	59	14	3360767
1521	17313	732	60	14	3360777
1521	17289	727	60	16	3360787
1496	17259	728	61	17	3360797
1460	17225	729	61	17	3360807
1412	17193	732	61	18	3360817
1361	17171	739	60	18	3360827
1313	17156	740	60	18	3360837
1274	17150	727	59	19	3360847
1246	17150	682	59	19	3360857
1233	17166	605	59	19	3360867
1233	17185	157	58	20	3360887
25
1649	16219	231	64	8	3362037
1656	16219	306	65	9	3362047
1645	16229	428	65	6	3362057
1635	16241	480	66	7	3362067
1624	16256	517	66	7	3362077
1611	16270	567	66	7	3362087
1592	16283	604	66	7	3362097
1572	16289	637	66	4	3362107
1546	16289	665	66	4	3362117
1519	16271	674	66	4	3362127
1490	16235	681	66	4	3362137
1460	16181	704	66	4	3362147
1434	16109	716	66	4	3362157
1416	16032	728	66	4	3362167
1416	15957	735	66	4	3362177
1424	15892	741	65	4	3362187
1452	15844	752	65	4	3362197
1493	15814	768	64	4	3362207
1544	15803	780	64	4	3362217
1596	15803	788	64	4	3362227
1643	15813	787	64	4	3362237
1681	15829	773	64	6	3362247
1708	15849	748	64	6	3362257
1724	15870	649	64	6	3362267
1731	15894	190	64.5	6	3362287
57
1808	17417	11	64	350	3363069
1800	17417	85	65	349.333	3363129
1792	17417	188	66	349	3363149
1785	17424	262	66	349	3363169
1773	17424	308	66	349	3363179
1767	17424	318	66	349	3363189
1759	17424	337	66	349	3363199
1752	17424	368	66	349	3363219
1740	17424	415	66	349	3363239
1733	17424	518	65.5455	348.091	3363349
1740	17424	582	65	347	3363359
1746	17424	597	65	347	3363369
1755	17424	603	65	347	3363379
1764	17424	604	65	347	3363389
1774	17430	604	65	347	3363399
1784	17430	604	65	347	3363409
1791	17430	606	65	347	3363419
1798	17430	609	65	347	3363439
1807	17430	611	65	347	3363459
1814	17430	633	65.3636	347.727	3364009
1820	17430	640	66	349	3364338
1827	17430	643	66	349	3364368
1837	17430	643	66	349	3364388
1848	17430	644	66	349	3364398
1858	17430	649	66	349	3364408
1872	17430	651	66	349	3364418
1889	17430	652	66	349	3364428
1908	17430	650	66	349	3364438
1929	17430	652	66	349	3364448
1952	17430	651	66	349	3364458
1978	17430	651	66	349	3364468
2003	17430	652	66	349	3364478
2029	17430	653	66	349	3364488
2054	17430	653	66	349	3364498
2079	17430	654	66	349	3364508
2106	17430	656	66	349	3364518
2133	17438	656	66	349	3364528
2160	17438	658	66	349	3364538
2187	17438	658	66	349	3364548
2210	17438	658	66	349	3364558
2235	17438	660	66	349	3364568
2258	17438	659	66	349	3364578
2281	17438	660	66	349	3364588
2306	17431	661	66	349	3364598
2330	17431	660	66	349	3364608
2354	17431	661	66	349	3364618
2375	17431	666	66	349	3364628
2394	17431	662	67	348	3364638
2407	17431	664	67	348	3364648
2419	17431	665	68	348	3364658
2426	17438	668	68	348	3364678
2437	17438	673	68	350	3364698
2447	17438	681	68	350	3364718
2454	17438	689	68	350	3364778
2454	17444	772	69.1538	350.731	3365038
2454	17451	831	68	355	3365048
2460	17451	759	64.48	12.2571	3366798
107
2107	17304	4	64	0	3367353
2098	17315	22	64	0	3367363
2098	17327	30	64	358	3367373
2090	17335	40	64	358	3367383
2090	17341	59	64	358	3367393
2090	17348	100	64	357	3367413
2090	17355	166	64	356	3367433
2084	17355	319	64	354.533	3367583
2084	17362	403	64	354	3367683
2084	17369	405	64	354	3367703
2084	17376	404	64	354	3367733
2084	17382	408	64	354	3367763
2090	17391	428	64	354	3367793
2090	17397	580	64	352.714	3368493
2090	17391	601	64	353.739	3368723
2090	17383	610	64	354	3368743
2097	17372	614	64	354	3368753
2097	17365	615	64	354	3368763
2097	17354	619	64	354	3368773
2103	17343	621	64	354	3368783
2103	17334	621	64	354	3368793
2103	17322	622	64	356	3368803
2103	17312	627	64	356	3368813
2110	17302	630	64	356	3368823
2110	17289	634	64	356	3368833
2110	17276	642	64	356	3368843
2110	17263	641	64	358	3368853
2116	17244	647	64	358	3368863
2116	17223	654	64	358	3368873
2116	17201	659	64	358	3368883
2116	17174	660	64	358	3368893
2124	17149	671	64	0	3368903
2124	17125	673	64	0	3368913
2124	17100	675	64	0	3368923
2124	17079	678	64	0	3368933
2124	17060	680	64	0	3368943
2124	17040	683	64	0	3368953
2124	17021	683	64	0	3368963
2124	17000	686	64	0	3368973
2124	16981	688	64	2	3368983
2124	16962	693	63	2	3368993
2124	16937	696	63	2	3369003
2124	16915	699	62	2	3369013
2130	16892	700	62	2	3369023
2130	16867	697	62	2	3369033
2130	16846	701	62	4	3369043
2130	16829	700	62	4	3369053
2130	16812	702	62	4	3369063
2130	16799	701	62	4	3369073
2130	16786	703	62	4	3369083
2130	16772	703	62	4	3369093
2130	16756	703	62	6	3369103
2130	16740	704	62	6	3369113
2130	16729	703	62	6	3369123
2130	16717	703	62	6	3369133
2130	16706	705	62	6	3369142
2130	16696	705	62	6	3369152
2130	16688	705	62	7	3369162
2130	16681	704	62	7	3369312
2137	16681	703	62.1667	7.16667	3369372
2144	16681	703	63.5	7	3369392
2157	16688	705	64	6	3369402
2168	16688	707	64	6	3369412
2183	16688	708	64	6	3369422
2197	16694	709	64	6	3369432
2211	16694	709	64	6	3369442
2226	16694	711	64	6	3369452
2239	16694	711	64	6	3369462
2251	16694	710	64	6	3369472
2263	16694	712	64	6	3369482
2273	16694	715	64	6	3369492
2283	16694	715	64	6	3369502
2296	16694	717	64	6	3369512
2312	16694	718	64	6	3369522
2331	16701	718	64	6	3369532
2351	16701	720	64	6	3369542
2371	16701	720	64	6	3369552
2390	16701	720	64	6	3369562
2409	16701	717	64	6	3369572
2425	16701	721	64	6	3369582
2441	16701	720	64	6	3369592
2460	16701	724	64	6	3369602
2476	16701	725	64	6	3369612
2496	16701	724	64	6	3369622
2520	16701	726	64	6	3369632
2546	16701	726	64	6	3369642
2573	16707	727	64	6	3369652
2600	16707	727	64	6	3369662
2624	16707	727	64	6	3369672
2644	16714	727	64	6	3369682
2662	16714	727	64	6	3369692
2679	16714	729	64	6	3369702
2696	16714	731	64	6	3369712
2715	16714	731	64	6	3369722
2735	16722	732	64	6	3369732
2757	16722	730	64	6	3369742
2778	16722	730	65	6	3369752
2797	16730	731	65	6	3369762
2815	16730	731	66	7	3369772
2830	16730	731	66	7	3369782
2843	16730	731	66	7	3369792
2854	16730	732	66	7	3369802
2865	16730	731	66	7	3369812
2872	16730	732	66	7	3369822
2879	16730	731	66	7	3369842
2889	16730	733	66	7	3369872
2895	16730	535	66	7	3369962
19
2896	16929	97	62	2	3370101
2890	16946	141	62	2	3370111
2890	16953	221	62	2	3370121
2883	16960	275	62	2	3370131
2883	16966	362	62	2	3370151
2883	16975	579	63.5	2	3370191
2883	16964	675	64	2	3370201
2883	16939	700	64	2	3370211
2892	16898	711	64	2	3370221
2892	16843	727	64	4	3370231
2903	16781	743	64	4	3370241
2903	16718	754	64	4	3370251
2912	16662	757	64	4	3370261
2912	16614	766	64	4	3370271
2912	16576	768	64	4	3370281
2919	16552	767	64	6	3370291
2919	16538	700	64	6.8	3370341
2919	16549	477	64	8	3370351
2919	16566	134	64	9	3370371
38
2941	16853	160	64	6	3370469
2924	16902	235	64	6	3370479
2912	16924	317	64	6	3370489
2903	16939	431	64	4	3370499
2894	16950	477	64	4	3370509
2894	16957	538	64	4	3370519
2887	16957	611	64	4	3370549
2887	16946	666	64	4	3370559
2895	16933	695	64	4	3370569
2910	16916	716	64	4	3370579
2936	16895	741	64	4	3370589
2972	16874	747	64	4	3370599
3016	16853	750	64	4	3370609
3064	16834	756	64	4	3370619
3110	16817	755	64	4	3370629
3152	16801	755	64	4	3370639
3190	16787	756	65	4	3370649
3221	16774	755	65	4	3370659
3244	16763	755	66	4	3370669
3259	16755	755	66	4	3370679
3267	16755	756	66	7	3370689
3267	16748	775	67	7	3370729
3267	16737	791	68	7	3370739
3260	16728	794	68	10	3370749
3247	16714	803	68	10	3370759
3228	16696	806	68	10	3370769
3204	16676	804	68	10	3370779
3172	16651	802	68	10	3370789
3135	16627	801	68	10	3370799
3093	16600	802	68	10	3370809
3049	16573	796	68	10	3370819
3006	16551	800	68	10	3370829
2967	16532	795	67	9	3370839
2934	16515	795	67	9	3370849
2911	16504	785	66	11	3370859
2897	16504	757	66	11	3370869
2897	16496	634	66	11	3370889
2897	16505	197	66	11	3370909
31
3381	16766	327	66	4	3371101
3381	16779	374	66	4	3371111
3381	16787	389	66	4	3371121
3381	16796	430	66	4	3371131
3374	16804	469	66	4	3371141
3367	16811	539	66	4	3371151
3359	16811	594	66	4	3371161
3348	16811	630	66	4	3371171
3336	16811	659	66	4	3371181
3325	16805	663	66	7	3371191
3314	16789	696	66	7	3371201
3304	16766	695	66	7	3371211
3298	16736	701	66	7	3371221
3298	16706	701	66	7	3371231
3298	16676	700	66	7	3371241
3308	16650	702	66	7	3371251
3328	16633	705	66	7	3371261
3357	16622	707	66	7	3371271
3390	16622	708	67	7	3371281
3425	16622	711	67	7	3371291
3455	16632	715	68	7	3371301
3480	16651	720	68	7	3371311
3498	16671	725	68	7	3371321
3507	16691	725	68	10	3371331
3507	16714	722	68	10	3371341
3494	16737	721	68	7	3371351
3472	16761	703	68	7	3371361
3441	16783	668	68	7	3371371
3407	16799	603	68	7	3371381
3375	16809	447	68	7	3371391
3349	16809	65	68	7	3371411
87
1675	18579	5	61	342	3372929
1668	18579	138	61	342	3373099
1668	18572	295	61	342	3373139
1675	18572	353	61	342.167	3373319
1681	18572	398	61	343	3373329
1681	18566	422	61	343	3373419
1688	18566	459	61	343	3373459
1695	18566	480	61	343	3373479
1703	18566	498	61	343	3373499
1712	18566	510	61	343	3373529
1720	18566	522	61	343	3373579
1728	18566	553	61	343	3373599
1739	18566	563	61	343	3373609
1745	18559	567	61	343	3373619
1752	18559	568	61	343	3373639
1764	18559	572	61	343	3373659
1771	18559	577	61	343	3373689
1779	18559	584	61.3333	343	3373719
1788	18552	594	62.5	342.5	3373739
1796	18552	596	63	342	3373759
1804	18552	598	63	342	3373779
1815	18552	604	63	342	3373789
1830	18552	605	63	342	3373799
1839	18552	607	63	342	3373809
1848	18552	607	63	342	3373819
1859	18552	611	63	342	3373839
1874	18552	615	63	342	3373849
1886	18552	621	63	342	3373859
1898	18552	619	63	342	3373869
1911	18552	622	63	342	3373879
1923	18552	623	63	342	3373889
1935	18552	622	63	342	3373899
1947	18559	623	63	342	3373909
1955	18559	622	63	342	3373919
1965	18559	625	63	344	3373929
1972	18559	626	63	344	3373939
1980	18559	628	63	344	3373949
1989	18559	630	63	344	3373959
2000	18559	628	63	344	3373969
2013	18559	626	63	344	3373979
2025	18559	628	63	344	3373989
2038	18559	629	63	344	3373999
2052	18559	628	63	344	3374009
2065	18559	630	63	344	3374019
2080	18559	629	63	344	3374029
2097	18559	631	63	344	3374039
2115	18559	630	63	344	3374049
2136	18559	630	63	344	3374059
2158	18559	629	63	344	3374069
2178	18559	630	63	344	3374079
2196	18559	630	63	344	3374089
2213	18559	630	63	344	3374099
2227	18559	629	63	344	3374109
2239	18559	630	63	344	3374119
2251	18559	633	63	344	3374129
2261	18559	631	63	344	3374139
2269	18559	630	63	344	3374149
2277	18559	632	63	344	3374159
2287	18559	633	63	344	3374169
2297	18559	633	63	344	3374179
2310	18559	633	63	344	3374189
2325	18559	629	63	344	3374199
2336	18559	633	63	344	3374209
2348	18559	634	63	344	3374219
2360	18559	634	63	344	3374229
2372	18559	633	63	344	3374239
2384	18559	633	63	344	3374249
2394	18559	634	63	344	3374259
2401	18552	634	63	344	3374279
2411	18552	635	63	344	3374309
2417	18552	636	63	344	3374329
2431	18552	637	63	344	3374339
2444	18552	636	63	344	3374349
2456	18552	637	63	344	3374359
2468	18552	638	63	344	3374369
2478	18552	637	63	344	3374379
2486	18552	638	64	343	3374389
2492	18552	637	64	343	3374399
2499	18552	639	65	342	3374419
2509	18552	638	65	342	3374449
2516	18552	638	65	342	3374499
2522	18552	640	65	342	3374529
2530	18552	641	65	342	3374559
2536	18552	640	65	342	3374589
2543	18552	641	63.6667	343.333	3374619
2550	18552	640	63	344	3374649
2559	18552	632	61.0517	344.983	3375808
55
2480	17473	8	68	10	3376189
2494	17461	48	68	10	3376199
2501	17454	75	68	10	3376209
2501	17447	109	68	10	3376219
2511	17440	120	68	10	3376229
2511	17432	132	68	10	3376239
2520	17426	159	68	10	3376249
2520	17419	224	68	10	3376269
2527	17411	437	68	10	3376339
2527	17418	552	68	10	3376349
2520	17418	588	68	10	3376369
2520	17430	618	68	10	3376379
2520	17441	634	68	10	3376389
2514	17453	651	68	10	3376399
2514	17468	660	68	10	3376409
2514	17485	669	68	10	3376419
2506	17504	676	68	10	3376429
2506	17529	682	68	10	3376439
2498	17555	695	68	10	3376449
2498	17582	699	68	10	3376459
2498	17610	701	68	7	3376469
2498	17638	703	68	7	3376479
2491	17664	704	67	7	3376489
2491	17687	710	67	7	3376499
2491	17708	711	66	4	3376509
2491	17726	716	66	4	3376519
2484	17739	720	66	4	3376529
2484	17751	722	66	4	3376539
2484	17762	720	66	2	3376549
2484	17776	716	66	2	3376559
2477	17792	716	66	2	3376569
2477	17807	717	66	2	3376579
2477	17817	717	66	2	3376589
2470	17817	723	64.1	1.8	3376789
2476	17824	734	64	0	3376799
2484	17824	733	65	0	3376809
2497	17824	738	65	0	3376819
2517	17824	740	66	0	3376829
2540	17824	740	66	0	3376839
2569	17824	743	66	0	3376849
2599	17824	745	66	0	3376859
2630	17824	747	66	0	3376869
2664	17824	748	66	0	3376879
2698	17835	748	66	0	3376889
2732	17842	748	66	0	3376899
2764	17848	749	66	0	3376909
2794	17848	749	66	0	3376919
2820	17859	749	66	0	3376929
2842	17859	751	66	0	3376939
2862	17859	753	66	0	3376949
2879	17859	750	66	0	3376959
2891	17859	751	66	0	3376969
2897	17859	695	66	0	3377019
2897	17866	423	66	0	3377029
2879	17876	25	66	0	3377049
37
2464	18512	30	63	346	3377541
2453	18512	43	63	346	3377551
2443	18519	75	63	346	3377571
2443	18528	73	63	346	3377591
2443	18536	67	63	346	3377611
2443	18543	57	63	346	3377631
2443	18552	47	63	346	3377641
2451	18552	43	63	346	3377651
2451	18565	42	63	346	3377661
2458	18571	56	63	346	3377681
2458	18579	83	63	346	3377691
2464	18579	152	63	346	3377721
2472	18579	271	63	346	3377741
2481	18579	334	63	346	3377751
2488	18579	382	63	344	3377761
2497	18579	425	63	344	3377771
2511	18570	453	63	344	3377781
2531	18570	478	63	344	3377791
2553	18560	484	63	346	3377801
2578	18560	495	63	346	3377811
2601	18553	512	63	346	3377821
2624	18553	534	63	346	3377831
2646	18553	532	63	346	3377841
2667	18553	547	63	346	3377851
2689	18553	558	63	346	3377861
2711	18553	565	63	346	3377871
2730	18553	566	62	346	3377881
2747	18553	574	62	346	3377891
2762	18553	579	62	346	3377901
2775	18546	580	62	346	3377911
2785	18546	591	63	346	3377921
2795	18546	602	63	346	3377931
2802	18546	607	63	346	3377941
2808	18546	619	63	346	3377961
2819	18546	681	63.6667	345.556	3378051
2825	18546	758	63.0938	347.5	3378371
2837	18546	5	61.5	349	3378391
37
2836	18659	11	59	348	3378553
2828	18678	59	59	346	3378563
2815	18678	123	59	346	3378573
2805	18685	160	59	346	3378583
2796	18685	229	59	346	3378593
2787	18685	278	59	346	3378603
2779	18685	340	59	346	3378623
2770	18685	406	59	346	3378633
2770	18691	481	59	346	3378653
2763	18691	550	59	346	3378683
2763	18685	573	59	345	3378693
2770	18676	583	59	346	3378703
2779	18661	592	59	346	3378713
2794	18635	616	59	346	3378723
2815	18602	633	59	346	3378733
2839	18566	646	59	346	3378743
2869	18526	659	59	346	3378753
2901	18486	667	59	346	3378763
2935	18442	675	60	348	3378773
2970	18396	679	60	348	3378783
3000	18347	685	61	347	3378793
3029	18294	690	62	349	3378803
3049	18238	697	62	349	3378813
3064	18179	702	62	349	3378823
3075	18122	714	62	351	3378833
3075	18065	721	62	351	3378843
3083	18012	729	62	353	3378853
3083	17964	731	62	353	3378863
3068	17915	739	62	354	3378873
3049	17870	755	63	354	3378883
3026	17831	757	63	356	3378893
2998	17799	764	64	356	3378903
2972	17776	771	64	358	3378913
2952	17762	771	64	358	3378923
2939	17754	741	64	0	3378943
2932	17754	620	64	0	3378963
2942	17762	185	64	2	3378983
27
2989	18577	73	60	350	3379205
2942	18605	105	60	350	3379215
2925	18619	229	60	350	3379225
2907	18633	289	60	350	3379235
2894	18644	396	59	348	3379245
2884	18652	483	59	348	3379265
2877	18652	542	59	348	3379285
2895	18631	589	59	346	3379295
2921	18605	619	59	346	3379305
2962	18562	644	59	346	3379315
3015	18506	658	60	348	3379325
3071	18440	668	60	348	3379335
3124	18369	674	61	347	3379345
3165	18296	679	61	347	3379355
3192	18219	688	62	349	3379365
3203	18141	695	62	349	3379375
3203	18063	712	62	349	3379385
3189	17989	716	62	351	3379395
3170	17928	733	62	351	3379405
3150	17881	731	63	352	3379415
3133	17846	731	63	354	3379425
3120	17824	726	64	354	3379435
3111	17810	710	64	356	3379445
3111	17803	656	64	357	3379465
3111	17816	527	64	358	3379475
3111	17841	372	64	0	3379485
3125	17876	0	64	0	3379505
43
3089	18583	167	62	351	3379673
3041	18605	166	62	349	3379683
3017	18617	258	62	349	3379693
2998	18627	328	62	349	3379703
2983	18637	392	61	347	3379713
2974	18643	466	61	346.333	3379743
2985	18643	543	61	345	3379753
3001	18643	567	61	345	3379763
3029	18643	605	61	345	3379773
3063	18643	629	61	345	3379783
3104	18643	646	61	345	3379793
3150	18643	663	61	345	3379803
3202	18635	669	61	345	3379813
3255	18635	674	61	345	3379823
3317	18625	686	61	343	3379833
3385	18614	689	61	345	3379843
3455	18599	689	62	345	3379853
3525	18575	698	62	345	3379863
3589	18547	702	63	344	3379873
3645	18513	704	63	344	3379883
3688	18475	716	63	344	3379893
3721	18435	727	63	344	3379903
3744	18392	732	64	343	3379913
3757	18347	741	64	345	3379923
3765	18302	747	65	345	3379933
3765	18254	752	65	345	3379943
3765	18204	756	65	345	3379953
3756	18155	764	65	347	3379963
3744	18103	764	65	347	3379973
3726	18055	765	66	349	3379983
3704	18011	765	66	349	3379993
3674	17967	761	66	351	3380003
3634	17930	776	66	351	3380013
3583	17894	772	66	351	3380023
3519	17860	773	66	353	3380033
3448	17829	776	66	353	3380043
3374	17801	778	66	353	3380053
3303	17780	781	65	356	3380063
3244	17763	783	65	356	3380073
3195	17752	763	64	358	3380083
3161	17745	739	64	358	3380093
3141	17745	620	64	358	3380103
3135	17745	243	64	358	3380123
88
3868	18197	6	59	346	3381049
3860	18197	39	59	346	3381069
3850	18197	68	59	346	3381089
3841	18197	108	59	346	3381109
3835	18197	168	59	346	3381129
3827	18197	252	59	346	3381149
3821	18197	325	59	346	3381179
3814	18197	455	59	345	3381269
3825	18197	534	59	345	3381289
3838	18197	552	59	345	3381299
3847	18191	562	59	345	3381309
3857	18191	570	59	345	3381319
3870	18191	583	60	344	3381329
3884	18191	587	60	344	3381339
3897	18191	598	61	343	3381349
3909	18191	605	61	343	3381359
3921	18191	613	61	343	3381369
3934	18197	633	61	343	3381379
3949	18197	637	61	343	3381389
3967	18197	637	61	343	3381399
3990	18197	645	61	343	3381409
4015	18197	646	61	343	3381419
4037	18197	644	61	343	3381429
4061	18197	650	61	343	3381439
4083	18197	652	61	343	3381449
4104	18197	657	61	343	3381459
4126	18197	659	61	343	3381469
4148	18197	660	61	343	3381479
4168	18197	664	61	343	3381489
4188	18197	664	61	343	3381499
4207	18197	665	61	343	3381509
4227	18197	667	61	343	3381519
4245	18197	672	61	343	3381529
4265	18197	671	61	343	3381539
4286	18197	672	61	343	3381549
4307	18197	676	61	343	3381559
4332	18197	679	62	343	3381569
4357	18204	681	62	343	3381579
4384	18204	680	63	342	3381589
4411	18204	681	63	342	3381599
4440	18204	679	63	342	3381609
4469	18211	681	63	342	3381619
4500	18211	681	63	342	3381629
4531	18211	681	63	342	3381639
4562	18211	684	63	342	3381649
4591	18211	684	63	342	3381659
4618	18218	686	63	342	3381669
4641	18218	686	64	341	3381679
4666	18218	686	64	341	3381689
4692	18218	686	65	340	3381699
4718	18218	686	65	340	3381709
4744	18218	686	65	340	3381719
4770	18218	686	65	340	3381729
4795	18218	686	65	340	3381739
4819	18218	687	65	340	3381749
4845	18218	689	65	340	3381759
4870	18218	686	65	340	3381769
4896	18218	688	65	340	3381779
4923	18218	690	65	340	3381789
4950	18218	691	65	340	3381799
4979	18224	689	65	340	3381809
5007	18224	689	65	340	3381819
5034	18224	690	65	340	3381829
5061	18224	689	65	340	3381839
5087	18231	690	65	340	3381849
5112	18231	689	65	340	3381859
5135	18231	689	65	340	3381869
5157	18231	690	66	340	3381879
5176	18231	688	66	340	3381889
5196	18231	694	67	339	3381899
5218	18231	694	67	339	3381909
5241	18231	693	67	339	3381919
5267	18231	693	66	336	3381929
5297	18238	693	66	336	3381939
5327	18238	695	66	336	3381949
5357	18238	695	66	336	3381959
5389	18245	689	66	336	3381969
5417	18245	689	66	336	3381979
5441	18245	689	66	336	3381989
5463	18245	688	66	336	3381999
5483	18245	691	66	336	3382009
5504	18245	692	66	336	3382019
5526	18245	690	66	336	3382029
5548	18245	691	66	336	3382039
5565	18253	691	66	336	3382049
5579	18253	693	66	336	3382059
5586	18253	688	67.3333	334.667	3382089
5593	18253	413	68	334	3382129
66
3640	16726	8	58	357	3382785
3619	16720	27	58	357	3382795
3612	16720	81	58	357	3382805
3603	16720	124	58.5	357	3382825
3593	16712	223	59.6667	357	3382855
3585	16712	299	60	357	3382865
3585	16705	482	60	357.556	3382955
3598	16705	598	60	358	3382965
3607	16705	606	60	358	3382975
3621	16705	614	60	358	3382985
3640	16713	622	60	358	3382995
3662	16713	633	60	358	3383005
3690	16713	647	60	358	3383015
3721	16713	661	60	358	3383025
3757	16721	667	60	358	3383035
3794	16721	674	60	358	3383045
3830	16727	678	60	358	3383055
3867	16727	680	60	358	3383065
3902	16741	684	60	358	3383075
3938	16751	688	60	358	3383085
3973	16758	695	60	358	3383095
4005	16758	695	60	357	3383105
4037	16765	700	60	357	3383115
4068	16765	702	60	357	3383125
4099	16765	701	60	357	3383135
4131	16765	705	60	357	3383145
4167	16765	704	61	356	3383155
4202	16765	706	61	356	3383165
4240	16765	705	62	356	3383175
4276	16765	706	62	356	3383185
4310	16773	705	62	356	3383195
4342	16773	706	62	356	3383205
4372	16773	709	62	356	3383215
4401	16773	710	62	356	3383225
4432	16773	711	62	356	3383235
4467	16773	715	62	356	3383245
4503	16780	717	63	356	3383255
4543	16780	716	63	356	3383265
4579	16788	715	64	356	3383275
4610	16788	716	64	356	3383285
4638	16788	716	64	356	3383295
4662	16788	718	65	356	3383305
4683	16788	718	65	356	3383315
4705	16796	724	66	356	3383325
4725	16796	721	66	356	3383335
4747	16796	724	66	356	3383345
4769	16805	726	66	356	3383355
4789	16805	727	67	355	3383365
4807	16805	728	67	355	3383375
4823	16805	728	68	355	3383385
4835	16805	728	68	355	3383395
4846	16811	728	68	355	3383405
4857	16811	729	68	355	3383415
4866	16811	730	68	355	3383425
4875	16811	732	68	355	3383435
4884	16820	730	68	355	3383445
4891	16820	731	68	355	3383465
4898	16820	799	68	355	3383575
4898	16826	886	68	356.5	3383615
4890	16835	882	68	358	3383625
4881	16842	883	68	358	3383635
4870	16851	882	68	358	3383645
4858	16858	883	68	358	3383655
4851	16858	883	68	358	3383665
4851	16865	881	66.375	0	3383745
4845	16865	727	64.0588	3.17647	3383915
25
4817	17712	66	59	346	3384819
4817	17719	149	59	346	3384829
4811	17719	206	59	346	3384839
4811	17729	264	59	346	3384849
4811	17736	339	59	346	3384869
4811	17746	468	59	346	3384919
4811	17733	542	59	346	3384929
4811	17703	563	59	346	3384939
4819	17650	581	59	346	3384949
4819	17578	599	59	346	3384959
4831	17494	602	59	348	3384969
4831	17406	617	60	348	3384979
4838	17321	633	60	348	3384989
4838	17235	642	62	349	3384999
4845	17156	647	62	349	3385009
4851	17084	645	62	349	3385019
4860	17021	650	62	351	3385029
4867	16972	649	62	351	3385039
4875	16933	648	62	353	3385049
4881	16906	646	62	354	3385059
4881	16890	643	62	354	3385069
4881	16884	634	62	356	3385079
4889	16884	510	62	119.333	3385139
4889	16894	165	62	1	3385159
4889	16909	7	62	2	3385179
45
4833	17743	9	59	346	3385453
4819	17760	26	59	346	3385463
4813	17771	44	59	346	3385473
4806	17782	69	59	346	3385483
4806	17789	101	59	346	3385493
4796	17796	167	59	346	3385513
4785	17802	265	59	346	3385533
4778	17802	331	59	346	3385543
4778	17809	498	59	345.125	3385623
4790	17809	579	59	345	3385633
4798	17809	585	59	345	3385643
4809	17809	604	59	345	3385653
4821	17809	607	59	345	3385663
4836	17809	621	60	344	3385673
4858	17801	633	60	344	3385683
4884	17801	646	61	343	3385693
4916	17801	652	61	343	3385703
4950	17801	658	61	343	3385713
4984	17801	660	61	343	3385723
5016	17801	665	61	343	3385733
5049	17801	671	61	343	3385743
5083	17801	673	61	343	3385753
5118	17801	674	61	343	3385763
5156	17801	674	61	343	3385773
5194	17801	675	61	343	3385783
5231	17808	678	61	343	3385793
5268	17808	679	61	343	3385803
5305	17816	679	61	343	3385813
5339	17816	678	61	343	3385823
5372	17816	679	61	343	3385833
5407	17816	682	62	343	3385843
5445	17816	687	62	343	3385853
5485	17816	688	63	342	3385863
5525	17825	688	63	342	3385873
5565	17825	689	63	342	3385883
5602	17835	688	63	342	3385893
5633	17835	693	63	342	3385903
5661	17835	690	63	342	3385913
5684	17842	691	63	342	3385923
5701	17842	693	63	342	3385933
5716	17842	694	63	342	3385943
5724	17842	699	63	342	3385963
5730	17842	797	64.5385	342.385	3386093
5730	17848	792	64.2727	346.364	3386203
5730	17858	118	63	348	3386223
27
5609	18405	26	58	337	3386577
5598	18436	113	58	337	3386587
5592	18453	183	58	337	3386597
5592	18470	268	58	337	3386607
5592	18488	349	58	337	3386617
5592	18505	405	58	337	3386627
5592	18521	489	58	337	3386637
5592	18531	550	58	335	3386647
5592	18537	612	58	334.667	3386677
5592	18525	628	58	334	3386687
5592	18500	646	59	333	3386697
5598	18458	657	59	333	3386707
5606	18396	669	59	333	3386717
5615	18311	681	59	333	3386727
5625	18216	688	60	335	3386737
5634	18117	695	60	335	3386747
5643	18026	709	60	335	3386757
5653	17951	717	60	337	3386767
5661	17892	717	60	337	3386777
5670	17849	720	60	338	3386787
5676	17819	718	60	340	3386797
5676	17800	718	60	340	3386807
5676	17789	718	61	342	3386817
5683	17789	713	61	343.333	3386847
5683	17783	642	61.625	348	3386927
5683	17792	364	62	349	3386937
5683	17808	64	62	349	3386957
51
5753	18411	55	58	340	3387101
5724	18430	69	58	338	3387111
5709	18437	108	58	338	3387121
5694	18444	157	58	338	3387131
5684	18444	209	58	337	3387141
5676	18452	424	58.3333	335.667	3387201
5685	18452	592	59	333	3387211
5698	18460	606	59	333	3387221
5716	18460	642	59	333	3387231
5745	18460	656	59	333	3387241
5779	18469	664	59	333	3387251
5821	18469	672	59	333	3387261
5875	18469	677	59	333	3387271
5934	18469	681	59	333	3387281
5998	18469	685	59	333	3387291
6063	18462	691	59	333	3387301
6127	18453	691	60	332	3387311
6188	18440	693	60	332	3387321
6244	18424	697	61	331	3387331
6292	18401	702	61	331	3387341
6331	18372	707	61	331	3387351
6364	18341	712	61	333	3387361
6388	18306	724	61	333	3387371
6408	18271	724	61	333	3387381
6423	18232	733	62	332	3387391
6434	18191	733	62	332	3387401
6441	18149	738	63	333	3387411
6441	18105	741	63	333	3387421
6441	18065	750	63	333	3387431
6434	18028	761	64	334	3387441
6420	17996	762	64	334	3387451
6400	17966	769	64	334	3387461
6374	17940	770	64	336	3387471
6339	17916	772	64	336	3387481
6300	17893	772	64	338	3387491
6257	17874	776	64	338	3387501
6216	17856	780	65	340	3387511
6175	17838	779	65	340	3387521
6132	17822	779	65	342	3387531
6085	17807	780	65	342	3387541
6032	17794	780	65	342	3387551
5971	17783	779	65	345	3387561
5909	17776	780	65	345	3387571
5848	17776	780	65	345	3387581
5792	17776	778	64	345	3387591
5745	17776	765	64	345	3387601
5709	17776	764	63	346	3387611
5685	17786	742	63	346	3387621
5670	17786	701	63	346	3387631
5670	17795	571	63	346	3387651
5670	17803	111	63	346	3387671
38
6405	18119	17	60	337	3388638
6386	18119	56	60	338	3388648
6377	18112	131	61	337	3388658
6369	18112	206	61.5	336.5	3388678
6360	18112	307	62	336	3388698
6360	18105	457	62	336.333	3388758
6371	18105	549	62	338	3388767
6380	18105	566	62	338	3388777
6394	18105	590	62	338	3388787
6413	18105	618	62	338	3388797
6436	18105	630	62	338	3388807
6463	18105	644	62	338	3388817
6494	18105	660	62	338	3388827
6529	18116	677	62	338	3388837
6569	18116	687	62	338	3388847
6612	18126	690	62	338	3388857
6657	18132	695	62	338	3388867
6702	18132	699	62	338	3388877
6745	18143	704	63	337	3388887
6791	18143	710	63	337	3388897
6836	18150	716	64	336	3388907
6882	18150	720	64	336	3388917
6928	18157	728	64	336	3388927
6970	18157	730	64	334	3388937
7007	18164	734	64	334	3388947
7041	18164	736	64	334	3388957
7071	18172	744	64	334	3388967
7104	18172	748	64	334	3388977
7138	18172	750	64	334	3388987
7171	18181	749	65	333	3388997
7205	18181	753	65	333	3389007
7237	18189	754	65	332	3389017
7266	18189	752	65	332	3389027
7292	18198	753	65	332	3389037
7314	18198	753	65	332	3389047
7329	18206	753	65	332	3389057
7337	18206	735	65	332	3389087
7337	18212	384	66.5	330.5	3389127
104
1913	15974	52	58	337	3391162
1906	15974	82	58	337	3391172
1892	15974	169	58	337	3391192
1885	15974	260	58	337.667	3391222
1891	15974	330	58	338	3391242
1902	15974	389	59	337	3391252
1909	15974	423	59	337	3391262
1917	15974	431	60	337	3391272
1924	15981	450	60	337	3391282
1934	15981	478	60	337	3391292
1944	15981	494	60	337	3391302
1958	15981	507	60	337	3391312
1977	15992	514	60	337	3391322
1999	15992	528	60	337	3391332
2025	16004	542	60	337	3391342
2053	16004	548	60	337	3391352
2085	16013	557	60	337	3391362
2118	16013	560	60	337	3391372
2155	16021	567	60	337	3391382
2192	16021	572	60	337	3391392
2232	16032	576	60	337	3391402
2272	16032	580	60	337	3391412
2314	16044	589	60	337	3391422
2357	16044	591	60	337	3391432
2401	16050	595	60	337	3391442
2447	16050	597	60	337	3391452
2493	16057	597	60	337	3391462
2537	16057	599	60	337	3391472
2581	16064	602	60	337	3391482
2624	16064	605	60	337	3391492
2664	16071	608	60	337	3391502
2702	16071	611	60	337	3391512
2740	16077	620	60	337	3391522
2778	16077	626	60	337	3391532
2818	16077	629	60	337	3391542
2860	16077	636	60	337	3391552
2904	16077	638	60	337	3391562
2951	16077	640	60	335	3391572
3000	16077	643	60	335	3391582
3050	16085	643	60	335	3391592
3101	16085	644	60	335	3391602
3150	16092	647	60	334	3391612
3197	16092	651	60	334	3391622
3245	16103	651	61	333	3391632
3294	16103	652	61	333	3391642
3342	16113	652	61	333	3391652
3390	16113	653	61	333	3391662
3439	16123	654	61	333	3391672
3491	16123	657	61	333	3391682
3542	16132	656	61	333	3391692
3592	16132	660	61	333	3391702
3640	16142	663	61	333	3391711
3684	16142	664	61	333	3391721
3726	16151	665	61	333	3391731
3767	16151	665	61	333	3391741
3809	16161	666	60	332	3391751
3850	16161	667	60	332	3391761
3893	16169	668	59	333	3391771
3936	16169	668	59	333	3391781
3979	16169	668	59	333	3391791
4023	16181	667	59	333	3391801
4065	16181	666	59	333	3391811
4105	16190	665	59	333	3391821
4146	16196	665	60	332	3391831
4186	16196	666	60	332	3391841
4228	16208	665	61	331	3391851
4270	16208	664	61	331	3391861
4314	16218	666	61	331	3391871
4361	16218	665	61	331	3391881
4409	16227	666	61	331	3391891
4457	16227	666	62	330	3391901
4503	16227	665	62	330	3391911
4547	16235	665	63	329	3391921
4586	16235	666	63	329	3391931
4622	16235	666	63	328	3391941
4658	16241	668	63	328	3391951
4695	16241	668	64	326	3391961
4733	16248	669	64	326	3391971
4772	16248	670	64	326	3391981
4813	16255	671	64	326	3391991
4851	16255	671	64	326	3392001
4891	16255	670	64	326	3392011
4931	16255	671	64	326	3392021
4971	16255	671	64	326	3392031
5013	16255	673	64	326	3392041
5055	16255	674	65	325	3392051
5097	16262	674	65	325	3392061
5141	16262	675	66	324	3392071
5185	16262	673	66	324	3392081
5232	16269	672	66	324	3392091
5280	16269	673	66	324	3392101
5329	16269	672	66	324	3392111
5379	16269	672	66	324	3392121
5429	16269	672	66	324	3392131
5476	16269	674	66	324	3392141
5520	16269	673	66	324	3392151
5561	16269	673	66	324	3392161
5598	16269	674	66	324	3392171
5636	16269	674	66	324	3392181
5670	16269	675	66	324	3392191
5699	16269	674	66	324	3392201
5720	16269	673	66	324	3392211
5732	16269	671	66	324	3392221
5739	16269	434	66	324	3392271
38
4838	16850	45	59	343	3392866
4819	16850	80	59	343	3392876
4808	16850	127	59	343	3392886
4797	16850	161	59	343	3392896
4787	16839	199	59	343	3392906
4787	16832	237	59	343	3392916
4779	16832	265	59	343	3392926
4779	16825	322	59	343	3392946
4786	16825	390	59	343	3392966
4795	16825	458	59	343	3392976
4802	16825	485	59	343	3392986
4811	16825	520	59	343	3392996
4825	16825	539	59	343	3393006
4846	16825	557	59	343	3393016
4874	16825	558	59	343	3393026
4909	16834	567	59	343	3393036
4947	16841	578	59	343	3393046
4987	16849	594	59	343	3393056
5024	16856	595	59	343	3393066
5057	16863	611	59	343	3393076
5089	16870	625	60	342	3393086
5119	16870	641	60	342	3393096
5154	16880	649	61	342	3393106
5189	16880	656	61	342	3393116
5223	16886	666	61	342	3393126
5255	16886	673	61	342	3393136
5285	16886	678	61	342	3393146
5315	16886	686	61	342	3393156
5343	16886	686	61	342	3393166
5365	16886	687	61	342	3393176
5382	16886	688	62	341	3393186
5393	16886	690	62	341	3393196
5400	16886	697	63	340	3393216
5409	16894	704	63	340	3393236
5415	16894	706	63	340	3393256
5424	16901	687	63	340	3393356
5416	16901	404	63	340	3393366
5416	16912	8	63	340	3393386
29
5497	16971	88	57	341	3394634
5468	16971	177	57	341	3394644
5455	16977	255	57	341	3394654
5445	16977	318	57	341	3394664
5436	16977	426	58.4	341.2	3394714
5450	16977	529	59	341	3394724
5468	16961	572	59	341	3394734
5495	16941	598	59	341	3394744
5530	16913	622	59	343	3394754
5572	16874	638	59	343	3394764
5620	16830	650	59	343	3394774
5668	16781	664	60	342	3394784
5716	16727	677	60	344	3394794
5761	16671	694	61	343	3394804
5797	16615	709	61	343	3394814
5822	16560	746	61	345	3394824
5835	16501	758	61	345	3394834
5835	16442	788	61	345	3394844
5821	16386	794	61	347	3394854
5798	16334	797	61	347	3394864
5766	16292	794	63	348	3394874
5731	16262	798	63	348	3394884
5699	16241	795	63	348	3394894
5670	16228	790	64	350	3394904
5648	16228	780	64	350	3394914
5634	16222	743	64	352	3394924
5625	16222	616	64	352	3394944
5625	16233	398	64	352	3394954
5639	16247	0	64	352	3394974
41
5689	16930	47	59	341	3395230
5661	16938	110	59	341	3395240
5645	16948	198	59	341	3395250
5630	16948	264	59	341	3395260
5618	16959	328	59	341	3395270
5610	16959	415	59	341	3395320
5630	16968	497	60	341	3395330
5651	16968	536	60	341	3395340
5677	16976	565	60	340	3395350
5708	16976	586	60	340	3395360
5745	16984	616	60	340	3395370
5793	16984	637	60	340	3395380
5851	16984	651	60	340	3395390
5922	16984	665	60	340	3395400
6001	16984	677	60	340	3395410
6086	16973	679	60	340	3395420
6166	16957	681	60	340	3395430
6240	16934	684	60	340	3395440
6305	16906	686	60	340	3395450
6359	16873	688	60	340	3395460
6400	16839	704	61	339	3395470
6428	16803	721	61	339	3395480
6444	16767	746	63	340	3395490
6444	16726	757	63	340	3395500
6444	16684	756	64	339	3395510
6437	16641	756	64	339	3395520
6419	16593	754	65	340	3395530
6388	16547	754	65	340	3395540
6346	16500	750	65	340	3395550
6295	16455	742	65	342	3395560
6236	16413	739	65	342	3395570
6170	16376	741	65	342	3395580
6102	16342	741	65	342	3395590
6031	16315	740	65	345	3395600
5964	16293	739	65	345	3395610
5906	16278	741	65	345	3395620
5860	16268	737	65	345	3395630
5829	16268	704	64	345	3395640
5814	16261	605	63.5	345.5	3395660
5814	16270	458	63	346	3395670
5828	16283	130	63	347	3395690
33
6676	16767	44	61	342	3395942
6684	16767	167	61	342	3395952
6684	16778	269	61	342	3395962
6684	16787	329	61	342	3395972
6684	16801	367	61	343	3395982
6676	16817	422	62	343	3395992
6676	16832	471	62	343	3396002
6663	16848	479	63	342	3396012
6653	16859	536	63	342	3396022
6640	16867	561	63	342	3396032
6623	16867	574	63	342	3396042
6604	16859	587	63	342	3396052
6585	16841	589	63	342	3396062
6566	16814	597	63	342	3396072
6550	16783	603	63	342	3396082
6541	16750	615	63	342	3396092
6541	16721	614	63	342	3396102
6550	16697	619	63	342	3396112
6568	16677	622	63	342	3396122
6591	16665	623	63	342	3396132
6619	16665	628	63	344	3396142
6648	16665	629	63	344	3396152
6675	16665	633	63	344	3396162
6698	16683	636	63	344	3396172
6712	16702	647	63	344	3396182
6712	16724	651	63	344	3396192
6712	16751	651	63	344	3396202
6699	16783	654	63	344	3396212
6679	16816	646	63	344	3396222
6654	16845	637	63	344	3396232
6630	16866	604	63	344	3396242
6613	16876	466	63	344	3396252
6598	16876	80	63	344	3396272
53
6826	16758	22	60	350	3397202
6818	16751	126	60	350	3397272
6811	16751	399	60	350	3397372
6811	16745	582	60.1	349.9	3397472
6822	16745	628	61	349	3397482
6832	16745	630	62	349	3397492
6847	16745	637	62	349	3397502
6867	16745	646	62	349	3397512
6894	16745	651	62	349	3397522
6925	16745	658	62	349	3397532
6960	16745	662	62	349	3397542
6995	16752	666	62	349	3397552
7030	16752	668	62	349	3397562
7062	16752	670	62	349	3397572
7091	16760	678	62	349	3397582
7119	16760	681	62	349	3397592
7144	16760	691	62	349	3397602
7169	16760	695	62	349	3397612
7192	16760	700	63	348	3397622
7213	16766	703	63	348	3397632
7231	16766	705	63	348	3397642
7248	16766	716	63	348	3397652
7265	16766	717	63	348	3397662
7281	16766	716	63	348	3397672
7297	16766	718	63	348	3397682
7313	16766	718	63	348	3397692
7332	16766	718	63	348	3397702
7354	16773	722	63	348	3397712
7380	16773	720	63	348	3397722
7404	16773	722	63	348	3397732
7425	16773	724	64	347	3397742
7443	16773	724	64	347	3397752
7457	16773	723	65	347	3397762
7467	16780	724	65	347	3397772
7473	16780	724	65	347	3397792
7485	16780	726	65	347	3397802
7491	16780	726	65	347	3397812
7498	16787	726	65	345	3397832
7505	16787	727	65	345	3397902
7512	16787	728	66	344	3397942
7518	16787	728	67	343	3398002
7525	16787	730	67	343	3398022
7531	16787	731	67	345	3398032
7539	16787	728	67	345	3398042
7549	16787	732	67	345	3398052
7560	16787	732	67	345	3398062
7570	16787	732	67	345	3398072
7578	16779	732	67	345	3398082
7585	16779	732	67	345	3398102
7594	16779	757	67.0625	345.188	3398262
7594	16785	833	66.3636	349.455	3398372
7601	16785	837	65.6667	352.667	3398432
7601	16792	676	63.0769	355.692	3398562
113
7285	18234	9	56	328	3399376
7285	18241	30	55.5	327	3399396
7285	18250	60	55	326	3399416
7296	18260	132	55	326	3399436
7304	18268	303	55	326	3399506
7304	18260	408	55	326	3399516
7304	18251	434	55	326	3399526
7311	18240	443	55	326	3399536
7311	18224	460	55	326	3399546
7311	18198	470	55	326	3399556
7320	18162	488	55	327	3399566
7320	18119	496	55	327	3399576
7331	18070	512	54	330	3399586
7337	18020	517	54	330	3399596
7345	17974	533	55	329	3399606
7352	17927	546	55	330	3399616
7360	17881	552	56	329	3399626
7366	17844	561	56	331	3399636
7366	17806	571	56	331	3399646
7376	17772	577	56	331	3399656
7376	17742	585	57	332	3399666
7376	17715	587	57	334	3399676
7376	17694	592	57	334	3399686
7376	17671	602	58	335	3399696
7376	17657	603	58	335	3399706
7383	17636	603	58	337	3399716
7383	17616	605	58	337	3399726
7383	17597	605	58	338	3399736
7383	17576	603	58	338	3399746
7390	17557	606	58	338	3399756
7390	17535	610	58	338	3399766
7390	17522	610	58	338	3399776
7390	17510	612	58	338	3399786
7396	17501	627	58	340	3399886
7396	17495	629	58	340	3399936
7403	17495	629	58	340	3400116
7403	17488	629	58	340	3400136
7403	17481	627	58	340	3400166
7403	17474	627	58	340	3400196
7403	17463	629	58	340	3400216
7403	17451	629	59	341	3400236
7403	17444	629	58.2	340.2	3400336
7403	17437	628	58	340	3400356
7403	17430	628	58	340	3400376
7403	17422	628	58	340	3400396
7403	17409	629	58	340	3400406
7403	17397	629	58	340	3400416
7403	17387	630	58	340	3400426
7403	17375	629	59	341	3400436
7403	17365	631	59	341	3400446
7403	17355	629	59	341	3400456
7403	17347	630	59	341	3400476
7403	17339	635	59	341	3400666
7410	17339	637	59	341	3400726
7418	17339	640	59	341	3400756
7425	17339	653	58.8889	340.889	3401475
7432	17339	671	59	341	3401515
7442	17339	674	59	341	3401535
7450	17346	675	59	341	3401575
7456	17346	675	58.875	340.875	3401735
7466	17346	678	58	340	3401755
7476	17346	678	58	340	3401765
7483	17346	679	58	340	3401775
7490	17346	680	59	339	3401785
7499	17346	681	59	339	3401795
7506	17346	682	60	338	3401805
7513	17346	682	60	339	3401825
7519	17346	682	60	340	3401915
7529	17346	684	60	340	3401935
7542	17346	685	60	340	3401945
7553	17346	683	60	340	3401955
7563	17346	684	60	340	3401965
7572	17346	686	60	340	3401975
7582	17346	687	60	340	3401985
7592	17346	691	60	340	3401995
7605	17346	693	60	340	3402005
7620	17346	696	60	340	3402015
7635	17346	696	60	340	3402025
7650	17346	697	60	340	3402035
7665	17346	700	60	340	3402045
7679	17346	700	60	340	3402055
7691	17354	701	60	340	3402065
7699	17354	701	60	340	3402075
7708	17354	701	60	340	3402085
7708	17361	703	60	340	3402095
7719	17361	703	60	340	3402115
7730	17361	703	60	340	3402125
7739	17361	704	60	340	3402135
7749	17361	705	60	340	3402145
7761	17361	706	60	340	3402155
7775	17367	705	60	340	3402165
7790	17367	705	60	340	3402175
7803	17367	705	60	340	3402185
7815	17367	707	60	340	3402195
7827	17367	708	60	340	3402205
7835	17374	710	60	340	3402215
7845	17374	712	60	340	3402225
7855	17374	711	60	340	3402235
7864	17381	711	60	340	3402245
7877	17381	712	60	340	3402255
7892	17387	715	60	340	3402265
7910	17387	715	60	340	3402275
7932	17387	716	60	340	3402285
7955	17387	713	61	339	3402295
7976	17394	715	61	339	3402305
7995	17394	715	62	338	3402315
8011	17394	715	62	338	3402325
8023	17394	715	62	338	3402335
8031	17394	715	62	338	3402355
8040	17394	714	62	338	3402365
8040	17386	713	62	338	3402405
8047	17386	621	61.2	338.8	3402505
8047	17380	8	60.5	341	3402525
35
7592	16809	60	60	350	3402934
7583	16809	72	60	350	3402944
7571	16809	101	60	351	3402964
7563	16800	111	60	351	3402994
7563	16794	189	60	351	3403024
7557	16794	316	60	351	3403104
7563	16794	450	61	351	3403124
7578	16794	480	62	351	3403134
7590	16794	480	62	351	3403144
7603	16794	489	62	351	3403154
7620	16794	494	62	351	3403164
7637	16794	504	62	351	3403174
7656	16794	512	62	351	3403184
7675	16794	515	62	351	3403194
7691	16794	525	62	351	3403204
7707	16800	537	62	351	3403214
7724	16800	546	62	351	3403224
7741	16800	561	62	351	3403234
7760	16807	560	62	351	3403244
7781	16807	566	62	351	3403254
7802	16807	572	62	351	3403264
7825	16816	577	62	351	3403274
7847	16816	575	62	351	3403284
7869	16816	575	62	351	3403294
7886	16816	574	62	351	3403304
7901	16816	576	62	351	3403314
7913	16816	576	62	351	3403324
7922	16816	579	62	351	3403334
7933	16825	581	63	350	3403344
7943	16825	583	63	350	3403354
7953	16825	586	64	350	3403364
7965	16825	587	64	350	3403374
7973	16825	583	64	350	3403384
7973	16831	576	64	350	3403394
7980	16831	314	64	350	3403454
37
8039	17525	40	58	340	3404186
8018	17525	92	58	340	3404196
8010	17525	141	58	340	3404206
7998	17531	190	58	340	3404216
7987	17531	235	58	340	3404226
7976	17539	298	58	340	3404236
7966	17539	340	58	340	3404246
7959	17539	411	58	340	3404266
7950	17539	469	58	340	3404276
7950	17532	501	58	340	3404296
7950	17523	525	58	340	3404306
7960	17508	550	58	340	3404316
7973	17489	568	58	340	3404326
7995	17457	604	58	340	3404336
8023	17418	611	59	341	3404346
8055	17373	632	60	341	3404356
8092	17322	642	60	341	3404366
8128	17271	656	60	340	3404376
8162	17215	668	60	340	3404386
8195	17158	672	61	342	3404396
8224	17103	681	61	342	3404406
8246	17049	696	61	342	3404416
8259	17001	711	61	343	3404426
8259	16955	720	61	343	3404436
8252	16912	723	61	345	3404446
8234	16874	725	61	345	3404456
8208	16843	731	61	347	3404466
8182	16824	734	61	347	3404476
8157	16812	734	63	348	3404486
8137	16812	733	63	348	3404496
8122	16812	727	64	350	3404506
8108	16812	709	64	350	3404516
8100	16812	682	64	350	3404526
8100	16819	629	64	350	3404536
8092	16819	567	64	352	3404546
8092	16829	484	64	352	3404556
8103	16840	143	63	352	3404576
61
8132	17496	56	61	342	3404790
8106	17507	76	61	342	3404800
8089	17514	152	61	342	3404810
8073	17522	217	61	342	3404820
8051	17531	296	60	341	3404830
8040	17537	366	60	341	3404840
8033	17537	408	59	341	3404850
8033	17546	445	59	341	3404860
8026	17546	494	58.5	340.5	3404900
8034	17546	518	58	340	3404910
8041	17546	534	58	340	3404920
8051	17546	564	58	340	3404930
8063	17546	585	58	340	3404940
8079	17546	599	58	340	3404950
8098	17539	607	58	340	3404960
8120	17539	623	58	340	3404970
8148	17531	641	58	340	3404980
8179	17531	650	58	340	3404990
8217	17522	664	59	339	3405000
8259	17522	685	59	339	3405010
8304	17522	695	60	338	3405020
8355	17515	698	60	338	3405030
8406	17505	704	60	338	3405040
8454	17494	708	60	338	3405050
8501	17478	710	60	338	3405060
8541	17461	712	60	338	3405070
8580	17443	714	61	337	3405080
8618	17426	716	61	339	3405090
8652	17409	722	62	338	3405100
8685	17390	730	62	338	3405110
8719	17370	735	62	338	3405120
8751	17349	739	62	338	3405130
8781	17329	742	62	338	3405140
8805	17307	743	62	338	3405150
8825	17287	748	62	338	3405160
8841	17263	748	64	339	3405170
8852	17237	752	64	339	3405180
8862	17209	755	64	338	3405190
8868	17177	756	64	338	3405200
8868	17147	757	64	338	3405210
8868	17117	760	65	340	3405220
8868	17087	761	65	340	3405230
8862	17060	762	65	340	3405240
8850	17034	762	65	340	3405250
8832	17007	765	65	342	3405260
8809	16984	763	65	342	3405270
8782	16959	756	65	342	3405280
8751	16932	765	65	345	3405290
8718	16907	763	65	345	3405300
8684	16881	764	65	345	3405310
8646	16859	758	65	345	3405320
8608	16839	757	65	345	3405330
8563	16819	756	65	347	3405340
8514	16802	757	65	347	3405350
8462	16786	748	65	347	3405360
8412	16771	745	65	347	3405370
8369	16762	728	65	347	3405380
8334	16762	696	65	347	3405390
8310	16754	644	66	349	3405400
8297	16754	545	66	349	3405410
8291	16754	164	66	349	3405440
84
8915	17255	214	63	342	3406002
8925	17248	282	63	342	3406012
8912	17248	412	63	342	3406022
8906	17248	489	63	342	3406032
8889	17248	616	63	342	3406062
8889	17255	713	63	342	3406072
8882	17255	811	63	342	3406192
8889	17255	833	63	343.2	3406242
8889	17261	752	61.3077	346.308	3406372
8882	17261	561	61	347	3406382
8876	17261	548	61	347	3406392
8867	17269	545	61	347	3406402
8857	17276	543	61	347	3406412
8849	17284	543	61	347	3406422
8842	17291	543	61	345	3406432
8835	17299	543	60	346	3406442
8827	17306	543	60	346	3406452
8817	17306	542	59	346	3406462
8805	17306	542	59	346	3406472
8791	17306	548	59	346	3406482
8783	17306	555	59	346	3406492
8776	17306	571	59	345.857	3406562
8784	17306	610	59	345	3406582
8798	17306	626	59	345	3406592
8810	17306	630	59	345	3406602
8825	17306	634	59	345	3406612
8843	17306	641	59	345	3406622
8861	17306	642	59	345	3406632
8880	17306	649	59	345	3406642
8901	17306	652	59	345	3406652
8920	17306	655	60	344	3406662
8940	17306	662	60	344	3406672
8961	17306	667	61	343	3406682
8981	17306	680	61	343	3406692
9003	17306	682	61	343	3406702
9027	17306	685	61	343	3406712
9048	17306	683	61	343	3406722
9069	17312	688	61	343	3406732
9090	17312	691	61	343	3406742
9110	17319	694	61	343	3406752
9132	17319	700	61	343	3406762
9156	17326	701	61	343	3406772
9180	17326	703	61	343	3406782
9203	17326	705	61	343	3406792
9227	17335	708	61	343	3406802
9249	17335	710	61	343	3406812
9272	17335	709	61	343	3406822
9294	17342	709	61	343	3406832
9316	17342	709	61	343	3406842
9337	17342	710	61	343	3406852
9359	17350	712	62	343	3406862
9384	17350	716	62	343	3406872
9410	17350	720	63	342	3406882
9438	17356	720	63	342	3406892
9466	17356	721	63	342	3406902
9494	17363	725	63	342	3406912
9519	17363	726	63	342	3406922
9544	17363	724	63	342	3406932
9570	17372	727	63	342	3406942
9596	17372	729	63	342	3406952
9622	17372	728	63	342	3406962
9651	17381	733	63	342	3406972
9681	17381	732	63	342	3406982
9710	17381	732	63	342	3406992
9737	17391	732	63	342	3407002
9765	17391	732	63	342	3407012
9793	17399	732	63	342	3407022
9820	17399	732	63	342	3407032
9847	17408	734	64	341	3407042
9873	17408	733	64	341	3407052
9897	17408	733	65	340	3407062
9917	17408	733	65	340	3407072
9936	17408	734	65	340	3407082
9953	17408	734	65	340	3407092
9970	17408	736	65	340	3407102
9985	17416	737	65	340	3407112
9997	17416	736	65	340	3407122
10006	17416	734	64.5	339	3407142
10013	17416	712	64	338	3407172
10013	17423	598	64	338	3407192
10005	17423	471	64	338	3407202
10005	17431	366	64	338	3407212
9991	17438	198	64	338	3407222
9983	17448	30	64	338	3407242
22
9927	17545	32	64	339	3407298
9927	17584	116	63	340	3407308
9927	17602	246	63	340	3407318
9920	17615	343	63	340	3407328
9920	17624	502	63	340	3407368
9920	17614	597	63	340	3407378
9920	17587	637	63	340	3407388
9930	17549	674	63	340	3407398
9939	17501	697	63	340	3407408
9948	17447	708	63	340	3407418
9958	17395	724	63	340	3407428
9965	17344	724	63	340	3407438
9975	17303	725	63	340	3407448
9982	17269	725	63	340	3407458
9982	17248	726	63	340	3407468
9990	17234	727	63	342	3407478
9990	17227	670	63	343	3407538
9990	17235	496	63	344	3407548
9990	17248	416	63	344	3407558
9990	17267	329	63	344	3407568
9996	17291	191	63	344	3407578
9996	17314	22	63	344	3407598
39
9967	17473	70	63	344	3407646
9933	17545	127	63	342	3407656
9915	17576	231	63	342	3407666
9902	17597	315	63	342	3407676
9893	17609	382	63	342	3407686
9893	17616	510	63	340.667	3407716
9905	17601	611	63	340	3407726
9925	17582	642	63	340	3407736
9953	17559	655	63	340	3407746
9990	17532	665	63	340	3407756
10031	17505	681	63	340	3407766
10078	17481	688	63	340	3407776
10126	17457	695	63	340	3407786
10174	17435	698	63	340	3407796
10217	17414	702	63	340	3407806
10255	17396	708	63	340	3407816
10282	17379	710	63	340	3407826
10303	17366	717	64	339	3407836
10314	17355	725	64	339	3407846
10320	17347	738	64	338	3407856
10320	17339	754	65	340	3407866
10320	17331	758	65	340	3407876
10320	17321	761	65	340	3407886
10308	17309	761	65	340	3407896
10288	17293	761	65	340	3407906
10260	17273	762	65	340	3407916
10222	17250	763	65	340	3407926
10179	17227	769	65	340	3407936
10133	17201	771	65	340	3407946
10088	17175	768	65	342	3407956
10045	17151	769	65	342	3407966
10008	17132	768	65	342	3407976
9979	17118	762	65	342	3407986
9958	17109	747	65	342	3407996
9945	17109	724	65	342	3408006
9939	17102	633	65	345	3408036
9939	17111	490	65	345	3408046
9950	17120	328	65	345	3408056
9962	17132	6	64.5	345	3408076
30
10460	17411	179	63	344	3408262
10467	17425	246	63	344	3408272
10467	17433	345	63	342	3408282
10467	17442	412	63	342	3408292
10456	17453	464	63	342	3408302
10449	17461	534	63	342	3408312
10440	17461	570	63	342	3408322
10428	17470	605	63	342	3408332
10413	17470	627	64	341	3408342
10395	17454	659	64	339	3408352
10377	17433	671	64	338	3408362
10362	17403	683	64	338	3408372
10355	17370	682	64	338	3408382
10355	17336	684	65	340	3408392
10376	17307	684	65	340	3408402
10397	17287	684	65	340	3408412
10425	17272	687	65	340	3408422
10455	17272	688	65	340	3408432
10483	17272	690	65	340	3408442
10507	17272	695	65	340	3408452
10524	17291	705	65	340	3408462
10532	17310	708	65	340	3408472
10532	17336	709	65	340	3408482
10525	17366	702	65	340	3408492
10510	17401	695	65	340	3408502
10489	17433	679	65	340	3408512
10466	17457	639	65	340	3408522
10445	17470	557	65	340	3408532
10427	17470	404	65	340	3408542
10415	17470	35	65	340	3408562
46
10648	17399	276	63	342	3408818
10636	17389	373	63	342	3408828
10627	17381	499	63.5	341.5	3408868
10634	17381	613	65	340	3408888
10643	17381	730	65	340.333	3408948
10650	17381	844	65	342	3408998
10650	17388	892	65	342	3409058
10650	17395	844	62.375	341.75	3409298
10637	17401	659	60	342	3409308
10625	17401	648	59	343	3409318
10612	17401	626	59	343	3409328
10601	17401	607	59	343	3409338
10593	17401	590	59	343	3409348
10593	17409	573	59	343	3409368
10593	17415	567	59	343	3409388
10587	17422	568	59	343	3409448
10580	17422	586	59	342.5	3409488
10572	17422	595	59	341	3409498
10572	17428	630	59	341	3409638
10587	17428	666	59	341	3409648
10600	17428	672	59	341	3409658
10619	17428	684	59	341	3409668
10641	17428	686	59	341	3409678
10667	17428	693	59	341	3409688
10697	17428	698	59	341	3409698
10730	17428	706	59	341	3409708
10766	17436	709	59	343	3409718
10804	17436	715	60	342	3409728
10846	17443	717	60	342	3409738
10888	17443	722	61	342	3409748
10928	17455	727	61	342	3409758
10968	17455	731	61	342	3409768
11004	17464	733	61	342	3409778
11037	17464	739	61	342	3409788
11070	17472	742	61	342	3409798
11101	17472	743	61	342	3409808
11134	17483	745	61	342	3409818
11172	17483	747	62	341	3409828
11210	17491	749	62	341	3409838
11250	17491	747	63	340	3409848
11285	17491	749	63	340	3409858
11315	17500	750	63	340	3409868
11335	17500	750	63	340	3409878
11346	17500	750	63	340	3409888
11353	17500	752	63	337	3409908
11353	17506	514	64	336	3409978
231
7324	16733	25	57	334	3411198
7324	16741	117	57	334	3411228
7318	16741	235	57	334	3411238
7318	16748	445	57	334	3411318
7318	16739	521	57	332	3411338
7318	16732	525	57	334	3411348
7318	16725	543	57	334	3411358
7325	16705	558	57	334	3411368
7325	16676	565	57	334	3411378
7325	16638	568	57	334	3411388
7335	16587	585	57	334	3411398
7335	16541	589	57	334	3411408
7346	16495	596	57	334	3411418
7346	16444	598	57	334	3411428
7356	16406	601	58	335	3411438
7356	16369	605	58	335	3411448
7365	16338	611	58	335	3411458
7365	16316	611	58	335	3411468
7365	16295	614	58	335	3411478
7365	16277	615	59	336	3411488
7365	16260	615	59	336	3411498
7365	16246	615	60	335	3411508
7365	16234	615	60	335	3411518
7365	16227	619	60	335	3411528
7372	16227	622	60	335	3411538
7372	16220	705	60	337.095	3411748
7379	16220	758	59.2195	342.39	3412158
7379	16226	750	59	343	3412168
7385	16226	743	59	344.657	3412518
7392	16226	738	59	345	3412538
7405	16226	735	59	345	3412548
7416	16226	736	59	345	3412558
7429	16226	737	59	345	3412568
7443	16226	738	59	345	3412578
7458	16235	737	59	345	3412588
7470	16235	735	59	345	3412598
7480	16235	738	59	345	3412608
7486	16241	740	59	345	3412628
7494	16241	740	59	345	3412658
7502	16241	742	59	345	3412678
7518	16241	742	59	345	3412688
7531	16248	744	59	345	3412698
7547	16248	747	59	345	3412708
7567	16257	747	59	345	3412718
7588	16257	747	59	345	3412728
7612	16266	747	59	345	3412738
7635	16266	747	59	345	3412748
7659	16273	747	59	345	3412758
7681	16273	749	59	345	3412768
7703	16273	749	59	345	3412778
7725	16273	748	59	345	3412788
7746	16281	748	59	345	3412798
7767	16281	747	59	345	3412808
7786	16281	750	59	345	3412818
7808	16289	749	59	343	3412828
7830	16289	748	60	342	3412838
7857	16297	749	60	342	3412848
7885	16297	748	61	342	3412858
7916	16303	750	61	342	3412868
7950	16303	750	61	342	3412878
7987	16313	749	61	342	3412888
8025	16313	749	61	342	3412898
8063	16321	748	61	342	3412908
8100	16321	749	61	342	3412918
8135	16328	748	61	342	3412928
8170	16328	748	61	342	3412938
8202	16335	750	61	342	3412948
8232	16335	749	61	342	3412958
8262	16335	750	61	343	3412968
8292	16344	750	61	343	3412978
8323	16344	750	61	343	3412988
8355	16344	750	61	343	3412998
8389	16344	747	61	342	3413008
8419	16344	749	61	342	3413018
8448	16344	749	61	342	3413028
8476	16344	749	61	342	3413038
8504	16350	750	61	342	3413048
8535	16350	753	61	342	3413058
8570	16359	751	62	341	3413068
8608	16365	753	62	341	3413078
8647	16365	750	63	340	3413088
8685	16373	752	63	340	3413098
8724	16373	752	63	340	3413108
8761	16373	752	63	340	3413118
8795	16379	753	63	340	3413128
8830	16379	752	63	340	3413138
8865	16379	754	63	340	3413148
8899	16389	754	63	340	3413158
8934	16389	752	63	340	3413168
8969	16400	754	63	340	3413178
9002	16400	753	63	340	3413188
9036	16400	754	63	340	3413198
9072	16406	752	63	340	3413208
9108	16406	754	63	340	3413218
9145	16406	756	63	340	3413228
9184	16406	755	63	340	3413238
9224	16406	755	64	339	3413248
9262	16406	755	64	339	3413258
9299	16413	754	64	338	3413268
9334	16413	754	64	338	3413278
9372	16413	754	64	338	3413288
9407	16413	755	64	338	3413298
9444	16413	754	64	338	3413308
9478	16421	755	64	338	3413318
9510	16421	755	64	338	3413328
9544	16430	755	64	338	3413338
9578	16430	755	64	338	3413348
9612	16430	756	64	338	3413358
9645	16437	756	64	338	3413368
9677	16437	755	64	338	3413378
9708	16444	757	64	336	3413388
9741	16444	757	64	336	3413398
9775	16444	757	64	336	3413408
9810	16444	755	64	336	3413418
9848	16444	754	65	335	3413428
9883	16451	757	65	335	3413438
9918	16451	755	66	334	3413448
9952	16451	756	66	334	3413458
9987	16451	755	66	334	3413468
10024	16457	755	66	334	3413478
10062	16457	755	66	334	3413488
10101	16457	752	66	334	3413498
10143	16467	751	66	334	3413508
10185	16467	751	66	334	3413518
10228	16477	749	66	334	3413528
10272	16477	749	66	334	3413538
10314	16477	748	65	332	3413548
10354	16477	747	65	332	3413558
10391	16484	748	65	332	3413568
10422	16484	749	65	332	3413578
10453	16484	750	65	332	3413588
10481	16491	748	65	332	3413598
10511	16491	749	65	332	3413608
10538	16491	749	65	332	3413618
10560	16491	748	65	332	3413628
10580	16491	750	65	332	3413638
10592	16497	749	65	332	3413648
10602	16497	749	66	331	3413658
10608	16497	749	66	331	3413668
10615	16497	751	66	331	3413678
10625	16497	751	66	331	3413688
10639	16497	750	66	331	3413698
10656	16504	749	65	332	3413708
10674	16504	750	65	332	3413718
10695	16511	749	65	332	3413728
10717	16511	748	65	332	3413738
10740	16511	747	65	332	3413748
10764	16511	748	65	332	3413758
10785	16511	748	65	332	3413768
10804	16511	747	65	332	3413778
10825	16511	747	66	331	3413788
10845	16511	745	66	331	3413798
10862	16511	746	67	330	3413808
10877	16511	745	67	330	3413818
10890	16511	746	67	330	3413828
10902	16511	745	67	330	3413838
10916	16511	745	67	330	3413848
10933	16511	745	67	330	3413858
10950	16511	745	67	330	3413868
10966	16511	743	67	330	3413878
10980	16511	746	67	330	3413888
10992	16511	745	67	330	3413898
11003	16511	746	67	330	3413908
11014	16511	747	67	330	3413918
11027	16511	746	67	330	3413928
11040	16511	746	67	330	3413938
11053	16511	747	67	330	3413948
11066	16511	747	67	330	3413958
11079	16511	747	67	330	3413968
11090	16511	747	67	330	3413978
11100	16511	747	67	330	3413988
11107	16511	747	67	330	3414008
11117	16511	748	68	331	3414028
11126	16511	749	69	329	3414048
11134	16511	822	69	329	3414178
11141	16511	931	69.3333	330	3414208
11141	16518	930	69.5	332.5	3414228
11147	16518	924	68.5	333.5	3414248
11147	16525	872	64.7391	344.304	3414478
11147	16531	818	62.5	348.5	3414498
11147	16538	815	62	349	3414508
11147	16553	801	62	349	3414518
11140	16576	799	62	349	3414528
11140	16608	795	62	349	3414538
11140	16646	794	61	347	3414548
11140	16681	791	61	347	3414558
11133	16714	791	61	347	3414568
11133	16743	792	61	347	3414578
11125	16770	791	61	347	3414588
11118	16796	791	61	347	3414598
11110	16822	790	61	347	3414608
11102	16848	790	61	345	3414618
11102	16874	787	61	345	3414628
11095	16896	788	61	345	3414638
11095	16916	787	61	345	3414648
11095	16931	788	61	345	3414658
11095	16944	784	60	344	3414668
11086	16957	784	60	344	3414678
11086	16967	784	59	345	3414688
11078	16977	784	59	345	3414698
11078	16984	784	59	343	3414708
11071	16991	780	59	343	3414728
11071	17004	779	59	343	3414738
11065	17011	778	59	341	3414748
11065	17018	775	59	341	3414768
11065	17027	766	58.5714	340.571	3414838
11065	17036	755	58	340	3414848
11065	17043	748	58	340	3414858
11065	17052	741	58	340	3414868
11065	17061	738	58	340	3414878
11065	17069	726	58	340	3414898
11065	17078	711	58	338.588	3415067
11065	17084	714	58	338	3415077
11077	17084	714	58	338	3415087
11089	17084	715	58	338	3415097
11106	17084	714	58	338	3415107
11130	17084	716	58	338	3415117
11161	17084	720	58	338	3415127
11201	17093	721	58	338	3415137
11247	17099	721	58	338	3415147
11297	17099	723	59	337	3415157
11347	17111	723	59	337	3415167
11394	17118	721	60	337	3415177
11436	17118	724	60	337	3415187
11471	17125	723	60	337	3415197
11500	17125	723	60	337	3415207
11521	17125	723	60	335	3415217
11534	17131	721	60	335	3415227
11540	17131	706	60	335	3415267
11540	17138	567	60	335	3415277
11534	17138	157	60	335	3415307
22
11368	17735	125	56	329	3416354
11368	17771	185	56	329	3416364
11368	17789	292	56	329	3416374
11368	17803	341	57	328	3416384
11368	17814	434	57.75	327.25	3416424
11374	17787	529	58	327	3416434
11382	17747	554	58	327	3416444
11392	17685	587	58	327	3416454
11404	17603	598	58	327	3416464
11415	17510	628	58	327	3416474
11426	17415	641	58	327	3416484
11435	17324	659	58	327	3416494
11442	17239	672	58	329	3416504
11442	17166	679	58	329	3416514
11454	17109	681	58	329	3416524
11454	17065	683	58	330	3416534
11463	17036	685	58	330	3416544
11463	17019	683	59	332	3416554
11463	17009	681	59	332	3416564
11470	17009	629	59.5	334	3416604
11470	17028	473	60	335	3416614
11470	17044	162	60	336	3416634
42
11469	17704	47	57	326	3417058
11440	17704	69	57	326	3417068
11425	17704	131	57	326	3417078
11411	17704	168	57	326	3417088
11400	17711	236	57	326	3417098
11394	17711	353	57	326	3417148
11400	17711	479	58	327	3417158
11411	17717	518	58	327	3417168
11428	17717	560	58	327	3417178
11452	17728	575	58	327	3417188
11482	17735	595	58	327	3417198
11520	17741	614	58	327	3417208
11565	17749	621	58	327	3417218
11615	17749	628	58	326	3417228
11670	17749	636	58	326	3417238
11728	17749	643	59	325	3417248
11782	17735	651	59	323	3417258
11834	17712	661	59	325	3417268
11881	17682	671	59	325	3417278
11925	17645	689	59	325	3417288
11963	17603	702	59	325	3417298
11997	17558	709	59	325	3417308
12027	17507	722	59	325	3417318
12052	17453	729	59	325	3417328
12072	17404	735	60	324	3417338
12084	17354	739	60	325	3417348
12084	17311	746	61	324	3417358
12076	17272	747	61	324	3417368
12054	17231	746	61	324	3417378
12018	17193	743	62	326	3417388
11972	17154	742	62	326	3417398
11915	17123	739	62	326	3417408
11850	17094	739	62	326	3417418
11781	17068	740	62	327	3417428
11713	17051	740	62	327	3417438
11652	17038	741	62	327	3417448
11603	17038	729	61	328	3417458
11568	17038	702	61	328	3417468
11546	17047	650	61	331	3417478
11534	17057	574	61	331	3417488
11534	17071	439	61	331	3417498
11534	17085	70	61	331	3417518
32
12268	17481	87	60	328	3417726
12278	17481	168	61	327	3417736
12285	17481	216	60	325	3417746
12291	17491	281	61	324	3417756
12291	17502	346	61	324	3417766
12291	17513	414	61	324	3417776
12285	17526	488	61	324	3417786
12270	17538	513	61	324	3417796
12248	17550	518	61	324	3417806
12223	17560	530	61	324	3417816
12193	17560	539	61	324	3417826
12163	17551	561	60	325	3417836
12132	17530	567	60	325	3417846
12105	17497	576	60	326	3417856
12089	17458	596	60	326	3417866
12089	17422	597	60	326	3417876
12097	17389	605	60	326	3417886
12123	17366	606	60	326	3417896
12161	17352	619	60	326	3417906
12203	17352	640	60	326	3417916
12245	17352	652	60	326	3417926
12282	17359	657	60	326	3417936
12313	17377	663	60	326	3417946
12335	17400	677	60	326	3417956
12348	17430	673	60	326	3417966
12348	17464	670	60	326	3417976
12348	17496	659	60	326	3417986
12326	17527	652	60	326	3417996
12299	17552	583	60	325	3418006
12270	17567	496	60	325	3418016
12244	17575	336	61	324	3418026
12228	17575	20	61	324	3418046
22
12393	17467	94	60	326	3418430
12371	17467	192	60	326	3418440
12358	17467	253	60	326	3418450
12346	17467	317	60	326	3418460
12338	17467	406	60	326	3418500
12347	17467	490	60	326	3418510
12365	17467	527	60	326	3418520
12390	17467	568	60	325	3418530
12423	17467	607	60	325	3418540
12467	17467	630	61	324	3418550
12520	17467	654	61	324	3418560
12578	17467	663	61	324	3418570
12640	17467	666	61	324	3418580
12700	17467	672	61	324	3418590
12756	17467	675	61	324	3418600
12808	17475	677	62	323	3418610
12849	17475	678	62	323	3418620
12879	17483	681	63	321	3418630
12896	17483	683	63	321	3418640
12903	17483	684	63	321	3418650
12903	17489	598	63	321	3418680
12897	17497	98	63	321	3418710
32
12921	17695	252	62	320	3418815
12930	17740	330	61	318	3418825
12930	17756	462	61	318	3418835
12930	17764	531	61	318	3418855
12930	17749	568	61	318	3418865
12938	17722	582	61	318	3418874
12953	17685	591	61	318	3418884
12974	17648	601	61	318	3418894
12999	17616	603	61	318	3418904
13030	17590	605	61	318	3418914
13061	17575	607	61	318	3418924
13090	17567	616	61	318	3418934
13117	17567	619	61	318	3418944
13141	17585	621	61	318	3418954
13163	17606	628	61	318	3418964
13185	17633	633	61	318	3418974
13203	17662	632	61	318	3418984
13216	17686	643	62	317	3418994
13226	17704	668	63	318	3419004
13226	17712	704	63	317	3419024
13226	17689	731	63	317	3419034
13213	17655	751	63	317	3419044
13200	17605	776	63	317	3419054
13187	17545	787	63	317	3419064
13172	17481	793	63	317	3419074
13157	17418	794	63	317	3419084
13144	17365	796	63	317	3419094
13132	17320	795	63	317	3419104
13125	17288	785	63	317	3419114
13125	17267	764	63	317	3419124
13125	17254	685	64	318	3419144
13125	17247	221	64	318	3419174
