52
34
1156	16000	65	60	357	3728617
1151	15964	193	60	357	3728627
1151	15947	319	60	357	3728637
1151	15932	409	60	358	3728647
1151	15921	479	60	358	3728657
1144	15914	587	58.4	143.2	3728707
1144	15933	661	58	0	3728717
1152	15963	671	58	0	3728727
1152	16002	681	58	0	3728737
1163	16051	693	58	0	3728747
1171	16106	694	58	0	3728757
1181	16163	696	58	0	3728767
1194	16218	697	58	0	3728777
1205	16266	698	58	0	3728787
1216	16305	698	58	0	3728797
1228	16334	698	58	0	3728807
1235	16360	697	57	0	3728817
1243	16378	693	57	0	3728827
1243	16390	695	57.5	0	3728846
1249	16390	697	58	0	3728856
1249	16374	705	58	0	3728866
1261	16350	712	58	0	3728876
1273	16320	718	58	0	3728886
1290	16282	724	58	0	3728896
1312	16237	725	58	0	3728906
1335	16185	732	58	0	3728916
1360	16130	731	58	0	3728926
1381	16076	733	58	0	3728936
1399	16030	731	58	0	3728946
1414	15994	730	58	0	3728956
1424	15969	724	58	0	3728966
1424	15953	715	58	0	3728976
1434	15944	565	59.6	0.8	3729026
1434	15956	21	60	0	3729046
12
1158	16122	307	58	354	3729189
1126	16116	404	58	354	3729199
1117	16116	494	58	354	3729209
1117	16106	571	58	354	3729229
1144	16106	642	58	354	3729239
1179	16106	664	58	354	3729249
1224	16113	672	58	354	3729259
1274	16120	683	58	354	3729269
1318	16127	682	58	355	3729279
1353	16127	673	58	355	3729289
1379	16134	646	58	355	3729299
1393	16134	322	58	355	3729329
116
1288	15667	32	60	2	3731533
1288	15679	67	60	2	3731543
1280	15679	118	60	2	3731553
1280	15688	383	58.6667	0.5	3731673
1280	15675	575	58	0	3731683
1280	15664	579	58	0	3731693
1280	15649	589	58	0	3731703
1280	15631	605	58	0	3731713
1280	15610	608	58	0	3731723
1280	15586	620	58	0	3731733
1280	15559	626	58	2	3731743
1280	15531	637	58	2	3731753
1289	15501	642	58	2	3731763
1289	15469	647	58	2	3731773
1289	15438	651	58	2	3731783
1289	15405	661	58	2	3731793
1289	15372	665	58	2	3731803
1289	15334	668	58	3	3731813
1289	15293	681	58	3	3731823
1289	15248	687	58	3	3731833
1280	15199	694	58	3	3731843
1280	15149	696	58	5	3731853
1271	15097	701	58	5	3731863
1271	15041	705	58	5	3731873
1262	14983	711	58	5	3731883
1262	14924	715	58	5	3731893
1262	14864	716	58	5	3731903
1262	14805	717	58	5	3731913
1262	14742	717	58	5	3731923
1262	14679	718	58	6	3731933
1262	14611	717	58	6	3731943
1254	14544	718	58	6	3731953
1254	14475	718	58	6	3731963
1247	14404	718	58	6	3731973
1247	14335	718	58	6	3731983
1237	14262	718	58	6	3731993
1237	14190	720	58	6	3732003
1227	14116	722	58	6	3732013
1227	14044	727	58	8	3732023
1215	13971	731	58	8	3732033
1215	13899	732	58	8	3732043
1202	13825	732	58	8	3732053
1202	13748	731	58	8	3732063
1195	13671	733	58	8	3732073
1195	13595	731	58	8	3732083
1195	13522	732	58	10	3732093
1195	13451	732	58	10	3732103
1195	13377	730	57	9	3732113
1188	13302	731	57	9	3732123
1188	13226	732	56	9	3732133
1188	13149	731	56	9	3732143
1188	13071	732	56	9	3732153
1181	12997	730	56	9	3732163
1181	12926	729	56	9	3732173
1181	12851	734	56	10	3732183
1181	12776	732	56	10	3732193
1181	12700	731	56	10	3732203
1181	12620	729	56	10	3732212
1181	12541	732	55	12	3732222
1181	12462	730	55	12	3732232
1181	12382	727	55	12	3732242
1181	12301	728	55	13	3732252
1181	12220	725	55	13	3732262
1181	12139	726	55	13	3732272
1181	12058	729	55	15	3732282
1174	11979	730	55	15	3732292
1174	11899	731	55	15	3732302
1174	11820	727	55	15	3732312
1174	11741	728	55	15	3732322
1174	11660	731	55	15	3732332
1174	11579	726	55	15	3732342
1174	11501	726	55	16	3732352
1174	11421	725	55	16	3732362
1174	11342	727	55	16	3732372
1174	11263	727	55	17	3732382
1174	11185	729	55	17	3732392
1174	11108	727	55	17	3732402
1174	11034	728	55	17	3732412
1174	10961	728	55	17	3732422
1174	10887	728	55	17	3732432
1174	10812	727	55	17	3732442
1174	10738	728	55	17	3732452
1174	10665	730	56	18	3732462
1181	10594	729	56	18	3732472
1181	10525	728	57	19	3732482
1181	10456	728	56	20	3732492
1181	10387	728	56	20	3732502
1188	10318	728	56	20	3732512
1188	10248	733	56	20	3732522
1196	10179	730	56	20	3732532
1196	10113	732	56	22	3732542
1196	10048	732	56	22	3732552
1205	9985	732	56	22	3732562
1205	9922	734	56	22	3732572
1213	9860	732	56	22	3732582
1213	9800	733	56	22	3732592
1221	9742	736	56	23	3732602
1221	9687	734	56	23	3732612
1228	9635	735	56	23	3732622
1228	9587	734	56	23	3732632
1235	9542	734	56	23	3732642
1235	9499	734	56	23	3732652
1235	9457	733	55	25	3732662
1242	9417	733	55	25	3732672
1242	9382	735	55	25	3732682
1242	9350	733	55	25	3732692
1248	9326	736	55	25	3732702
1248	9306	735	55	25	3732712
1248	9289	740	55	25	3732722
1248	9279	740	55	26	3732732
1248	9270	742	55	26	3732742
1248	9263	745	55	26	3732762
1248	9254	746	55	26.8571	3732832
1248	9248	744	55	26	3732862
1242	9239	741	55	26	3732952
1242	9233	714	55	26.2283	3733872
36
1335	15374	41	60	3	3736489
1323	15374	67	60	2	3736499
1313	15374	161	60	2	3736509
1303	15374	207	60	2	3736519
1286	15374	250	60	2	3736529
1279	15374	347	59.5	2	3736549
1272	15374	456	59	2	3736559
1272	15367	564	58	1.5	3736599
1284	15359	627	58	0	3736609
1304	15359	646	58	0	3736619
1333	15359	657	58	0	3736629
1369	15368	665	58	0	3736639
1412	15376	673	58	0	3736649
1458	15387	678	58	0	3736659
1506	15397	686	59	0	3736669
1555	15407	688	59	0	3736679
1601	15415	692	60	0	3736689
1642	15415	693	61	0	3736699
1676	15423	696	61	0	3736709
1699	15423	695	62	0	3736719
1713	15423	698	63	0	3736729
1720	15423	701	65	0	3736769
1720	15417	716	68	0	3736799
1720	15404	740	69	0	3736809
1711	15395	742	70	0	3736819
1705	15377	747	70	0	3736829
1696	15354	747	70	0	3736839
1689	15319	750	70	0	3736849
1681	15278	755	70	0	3736859
1681	15236	758	70	0	3736869
1681	15192	757	70	0	3736879
1675	15159	757	70	0	3736889
1675	15136	755	70	0	3736899
1675	15121	741	70	0	3736919
1675	15112	586	69.6	1.8	3736969
1675	15123	46	68	0	3736989
46
1493	15183	107	63	0	3737137
1464	15165	192	62	0	3737147
1455	15165	319	62	0	3737157
1455	15154	406	62	0	3737177
1455	15144	477	62	0	3737187
1478	15144	524	62	0	3737197
1507	15137	567	62	2	3737207
1547	15137	591	62	0	3737217
1595	15145	621	63	0	3737227
1645	15152	630	63	0	3737237
1693	15159	636	64	0	3737247
1734	15159	649	64	358	3737257
1770	15159	653	64	358	3737267
1798	15159	664	65	358	3737277
1822	15159	668	65	356	3737287
1841	15159	671	66	358	3737297
1852	15159	673	66	358	3737307
1860	15159	706	67.3333	358	3737337
1860	15151	761	68	358	3737357
1848	15139	772	68	358	3737367
1833	15123	772	68	358	3737377
1813	15100	770	68	358	3737387
1788	15071	775	68	358	3737397
1763	15038	776	68	358	3737407
1738	15003	776	68	0	3737417
1714	14967	774	68	0	3737427
1694	14931	775	68	0	3737437
1678	14904	777	68	0	3737447
1667	14883	777	68	0	3737457
1667	14872	777	68	0	3737467
1661	14872	777	68	0	3737477
1661	14863	767	68	3.28571	3737547
1661	14872	755	68	5	3737557
1652	14880	754	68	5	3737567
1644	14892	750	68	5	3737577
1632	14910	748	68	5	3737587
1615	14936	742	68	5	3737597
1593	14965	742	68	5	3737607
1569	14997	741	68	5	3737617
1544	15031	743	68	5	3737627
1520	15062	742	68	5	3737637
1499	15088	744	67	2	3737647
1482	15108	747	67	2	3737657
1471	15120	746	66	2	3737667
1464	15127	644	64.8	0	3737717
1471	15119	103	63.5	179	3737737
27
1691	14786	239	64	2	3737869
1681	14794	318	64	2	3737879
1674	14804	403	64	2	3737889
1665	14816	450	64	2	3737899
1654	14825	469	65	4	3737909
1642	14832	469	65	4	3737919
1628	14832	510	66	4	3737929
1610	14832	518	66	4	3737939
1591	14819	545	66	4	3737949
1574	14801	545	66	7	3737959
1559	14776	565	66	7	3737969
1559	14750	573	66	7	3737979
1559	14726	580	67	7	3737989
1571	14705	588	67	7	3737999
1596	14692	594	68	7	3738009
1628	14692	592	68	7	3738019
1660	14692	603	68	7	3738029
1687	14712	607	68	7	3738039
1706	14734	623	68	7	3738049
1716	14758	632	68	7	3738059
1716	14783	649	68	7	3738069
1716	14805	649	68	7	3738079
1702	14824	636	68	7	3738089
1686	14837	587	68	7	3738099
1667	14847	502	68	7	3738109
1649	14847	328	68	7	3738119
1631	14847	38	68	7	3738139
89
1680	14575	78	67	5	3738445
1668	14589	204	67.5	5	3738465
1660	14599	352	68	2	3738485
1660	14606	508	68	2	3738515
1660	14590	612	68	2	3738525
1660	14570	625	68	2	3738535
1660	14539	646	68	2	3738545
1660	14501	661	69	3	3738555
1660	14452	672	69	3	3738565
1660	14401	704	70	3	3738575
1660	14348	716	70	3	3738585
1660	14292	734	70	3	3738595
1669	14235	736	70	3	3738605
1669	14176	738	70	3	3738615
1669	14115	740	70	3	3738625
1669	14052	739	70	5	3738635
1669	13989	741	70	5	3738645
1669	13923	742	70	5	3738655
1676	13857	743	70	5	3738665
1676	13790	742	70	5	3738675
1676	13723	743	70	8	3738685
1682	13658	743	70	8	3738695
1682	13589	742	70	8	3738705
1682	13521	744	70	8	3738715
1682	13452	744	70	11	3738725
1682	13381	745	70	11	3738735
1682	13309	746	70	11	3738745
1682	13237	745	70	11	3738755
1682	13165	746	70	11	3738765
1682	13096	743	69	14	3738775
1682	13032	746	69	14	3738785
1682	12970	746	69	14	3738795
1682	12911	747	69	16	3738805
1682	12852	749	69	16	3738815
1682	12793	749	69	16	3738825
1682	12735	749	70	17	3738835
1682	12676	750	70	20	3738845
1682	12616	750	71	21	3738855
1676	12555	748	71	21	3738865
1676	12492	755	71	23	3738875
1676	12428	749	71	23	3738885
1669	12363	752	71	23	3738895
1669	12294	753	71	23	3738905
1669	12224	759	70	26	3738915
1669	12152	759	70	26	3738925
1669	12079	758	70	26	3738935
1669	12009	759	70	28	3738945
1669	11937	759	70	28	3738955
1669	11864	757	70	28	3738965
1662	11788	764	70	28	3738975
1662	11710	761	70	28	3738985
1662	11632	766	70	28	3738995
1662	11554	771	69	31	3739005
1662	11478	769	69	31	3739015
1655	11401	775	69	31	3739025
1655	11321	776	69	31	3739035
1655	11239	777	69	31	3739045
1655	11157	784	69	31	3739055
1655	11072	781	69	33	3739065
1655	10990	780	69	33	3739075
1655	10909	787	69	33	3739085
1655	10829	787	69	33	3739095
1655	10752	788	69	33	3739105
1655	10676	786	70	35	3739115
1655	10600	787	70	35	3739125
1649	10523	788	70	39	3739135
1649	10448	787	70	39	3739145
1642	10370	792	70	39	3739155
1642	10290	791	70	39	3739165
1642	10211	787	70	39	3739175
1642	10132	792	70	39	3739185
1642	10057	792	68	39	3739195
1642	9983	793	68	39	3739205
1642	9909	794	68	39	3739215
1642	9833	793	68	39	3739225
1635	9756	798	69	41	3739235
1635	9677	792	69	41	3739245
1635	9599	793	69	43	3739255
1635	9523	792	69	43	3739265
1635	9448	793	69	43	3739275
1635	9374	792	69	43	3739285
1635	9303	795	69	43	3739295
1635	9238	795	69	43	3739305
1643	9180	797	68	45	3739315
1643	9134	790	68	45	3739325
1650	9102	793	68	45	3739335
1650	9079	779	67	47	3739345
1650	9066	647	67	47	3739375
1650	9073	100	67	47	3739395
18
2201	16405	45	67	0	3740169
2191	16421	184	67	0	3740179
2191	16432	327	66	0	3740189
2191	16441	456	66	0	3740199
2191	16448	598	66	0	3740219
2191	16440	683	66	0	3740229
2191	16412	721	66	0	3740239
2191	16370	740	66	0	3740249
2191	16307	754	66	0	3740259
2191	16233	759	66	0	3740269
2191	16165	764	66	0	3740279
2201	16104	763	66	0	3740289
2201	16058	750	66	0	3740299
2213	16029	701	66	0	3740309
2213	16013	618	66	0	3740319
2222	16013	496	66	2	3740339
2232	16028	304	66	2	3740349
2232	16050	17	66	2	3740369
34
2276	16325	124	66	2	3740489
2247	16341	284	66	2	3740499
2226	16347	436	66	2	3740509
2208	16347	525	66	2	3740519
2194	16356	533	67	2	3740549
2215	16365	566	67	2	3740559
2245	16372	573	67	2	3740569
2280	16372	596	67	2	3740579
2313	16378	605	68	0	3740589
2339	16372	620	68	0	3740599
2351	16355	624	68	0	3740609
2351	16330	621	68	0	3740619
2340	16294	603	68	0	3740629
2325	16251	591	68	0	3740639
2313	16206	589	68	2	3740649
2313	16164	588	68	2	3740659
2322	16131	594	68	2	3740669
2345	16108	606	68	2	3740679
2375	16097	618	68	2	3740689
2403	16097	634	68	2	3740699
2424	16090	673	68	2	3740709
2430	16083	708	68	2	3740719
2421	16071	700	68	2	3740729
2396	16052	705	68	2	3740739
2360	16030	709	68	2	3740749
2318	16008	714	68	2	3740759
2277	15988	718	68	2	3740769
2245	15973	718	68	2	3740779
2225	15964	709	68	2	3740789
2217	15964	690	68	2	3740799
2223	15956	665	68	2	3740809
2241	15956	595	68	2	3740819
2266	15956	433	68	2	3740829
2298	15956	25	68	2	3740849
76
2305	15744	299	66	7	3741273
2315	15768	488	66	7	3741303
2315	15755	597	66	4	3741313
2315	15734	619	66	4	3741323
2315	15704	646	66	4	3741333
2315	15665	682	66	4	3741343
2325	15617	716	66	4	3741353
2325	15567	733	66	4	3741363
2335	15510	750	66	4	3741373
2335	15451	766	67	5	3741383
2344	15387	768	67	7	3741393
2344	15318	772	68	7	3741403
2352	15245	773	68	7	3741413
2352	15168	778	68	7	3741423
2352	15089	779	68	7	3741433
2358	15013	781	68	10	3741443
2358	14938	781	68	10	3741453
2358	14863	784	69	10	3741463
2365	14788	787	69	10	3741473
2365	14710	784	70	11	3741483
2365	14630	784	69	14	3741493
2365	14547	788	69	14	3741503
2365	14463	790	69	14	3741513
2357	14377	790	69	14	3741523
2357	14287	791	69	16	3741533
2357	14194	793	69	16	3741543
2357	14100	795	69	16	3741553
2357	14007	797	69	16	3741563
2350	13917	799	69	16	3741573
2350	13827	801	69	16	3741583
2350	13734	804	69	16	3741593
2340	13642	804	70	17	3741603
2340	13549	808	70	17	3741613
2334	13454	808	71	18	3741623
2334	13358	808	71	18	3741633
2334	13258	809	71	21	3741643
2334	13156	809	71	21	3741653
2334	13054	809	70	20	3741663
2334	12954	810	70	20	3741673
2325	12851	811	69	19	3741683
2325	12747	815	70	20	3741693
2316	12642	815	70	22	3741703
2316	12535	823	71	23	3741713
2307	12427	822	71	23	3741723
2300	12314	825	70	26	3741733
2300	12200	828	70	26	3741743
2288	12082	828	70	26	3741753
2280	11963	829	70	28	3741763
2274	11839	833	70	28	3741773
2265	11713	838	70	28	3741783
2257	11586	838	70	28	3741793
2250	11456	837	69	31	3741803
2242	11326	838	69	31	3741813
2242	11197	836	69	31	3741823
2233	11067	844	69	31	3741833
2233	10939	843	69	33	3741843
2224	10812	844	69	33	3741853
2224	10684	851	69	33	3741863
2218	10558	851	69	33	3741873
2218	10428	849	69	33	3741883
2210	10297	851	68	35	3741893
2210	10168	858	68	35	3741903
2210	10041	852	69	37	3741913
2210	9919	853	69	37	3741923
2210	9803	852	70	39	3741933
2210	9688	851	69	41	3741943
2217	9580	852	69	41	3741953
2217	9474	846	69	41	3741963
2217	9372	851	69	41	3741973
2217	9275	853	69	41	3741983
2217	9188	847	69	41	3741993
2225	9115	846	69	43	3742003
2225	9059	837	69	43	3742013
2225	9022	803	69	43	3742023
2225	9000	743	69	43	3742033
2232	8991	318	67.3333	41.6667	3742063
48
2593	15289	208	62	6	3742929
2580	15297	341	62	5	3742949
2570	15297	457	62	4	3742969
2570	15287	528	63	2	3742979
2586	15287	571	63	2	3742989
2604	15275	619	64	2	3742999
2629	15275	637	64	2	3743009
2659	15267	659	64	2	3743019
2694	15267	679	64	0	3743029
2732	15267	698	64	0	3743039
2774	15267	702	65	0	3743049
2814	15277	704	65	0	3743059
2851	15277	708	66	0	3743069
2882	15277	709	66	0	3743079
2905	15277	713	66	0	3743089
2919	15270	714	66	0	3743099
2926	15270	724	66	0	3743109
2926	15264	753	66	1.5	3743149
2926	15252	772	66	2	3743159
2916	15235	781	66	2	3743169
2908	15207	786	66	2	3743179
2895	15169	797	66	2	3743189
2880	15123	799	66	2	3743199
2863	15076	803	66	2	3743209
2846	15028	803	66	2	3743219
2829	14983	804	66	2	3743229
2815	14943	807	66	2	3743239
2803	14907	803	67	5	3743249
2792	14877	803	67	5	3743259
2783	14853	805	68	5	3743269
2783	14839	803	68	5	3743279
2774	14832	791	68	5.4	3743329
2774	14841	781	68	7	3743339
2774	14849	777	68	7	3743349
2774	14862	773	68	7	3743359
2774	14886	769	68	7	3743369
2765	14914	769	68	7	3743379
2758	14948	763	68	7	3743389
2747	14985	761	68	7	3743399
2732	15022	757	68	5	3743409
2711	15062	752	68	5	3743419
2686	15102	747	68	5	3743429
2663	15137	747	67	5	3743439
2643	15169	747	67	2	3743449
2630	15192	745	66	2	3743459
2623	15207	740	66	2	3743469
2623	15218	579	66	2	3743519
2636	15207	34	66	2	3743539
24
2790	14832	171	64	0	3743661
2782	14824	371	64	0	3743681
2770	14834	469	64	2	3743701
2762	14841	506	64	2	3743721
2751	14823	523	64	2	3743731
2744	14801	576	65	4	3743741
2735	14772	614	65	4	3743751
2735	14740	626	66	4	3743761
2735	14713	630	66	4	3743771
2743	14695	633	66	4	3743781
2761	14684	641	66	7	3743791
2786	14684	640	66	7	3743801
2811	14698	644	66	7	3743811
2835	14718	653	66	7	3743821
2853	14743	660	66	7	3743831
2863	14767	674	66	7	3743841
2863	14792	680	66	7	3743851
2850	14812	678	66	7	3743861
2833	14830	656	66	7	3743871
2808	14846	637	66	7	3743881
2786	14854	577	66	7	3743891
2763	14861	445	66	7	3743901
2747	14861	200	66	7	3743911
2739	14870	0	66	7	3743931
28
2363	15583	85	64	354	3744425
2353	15569	199	64	354	3744435
2340	15562	398	64	354	3744455
2331	15552	459	64	354	3744475
2343	15541	523	64	354	3744485
2362	15541	557	64	354	3744495
2390	15533	601	64	354	3744505
2428	15533	631	64	354	3744515
2473	15533	642	64	354	3744525
2520	15533	661	64	354	3744535
2571	15542	672	64	354	3744545
2617	15542	679	64	354	3744555
2659	15542	681	64	354	3744565
2695	15542	684	64	354	3744575
2720	15542	683	64	354	3744585
2737	15542	687	64	354	3744595
2745	15542	720	64.6667	354	3744625
2745	15535	755	66	353	3744645
2745	15515	765	66	353	3744655
2745	15492	772	65	354	3744665
2745	15459	779	65	356	3744675
2745	15413	787	64	356	3744685
2745	15362	791	64	356	3744695
2745	15310	788	64	356	3744705
2745	15269	788	65	358	3744715
2745	15245	779	65	358	3744725
2753	15232	721	66	358	3744745
2760	15232	247	66	0	3744775
28
3788	16316	101	59	348	3745429
3795	16293	277	59	348	3745449
3795	16301	417	60	348	3745459
3795	16313	464	60	346	3745469
3802	16329	500	61	345	3745479
3802	16346	561	61	345	3745489
3802	16366	588	61	345	3745499
3802	16382	637	61	345	3745509
3792	16396	645	61	345	3745519
3773	16406	651	61	345	3745529
3746	16406	653	61	345	3745539
3711	16392	677	62	345	3745549
3672	16368	670	62	345	3745559
3630	16332	679	63	344	3745569
3589	16288	683	63	344	3745579
3555	16239	694	63	342	3745589
3528	16184	702	62	343	3745599
3517	16132	713	62	343	3745609
3527	16080	716	61	345	3745619
3558	16038	720	61	345	3745629
3603	16009	727	61	345	3745639
3660	15991	730	61	345	3745649
3717	15991	735	61	347	3745659
3768	15991	730	61	347	3745669
3813	15999	718	61	347	3745679
3848	16010	673	61	347	3745689
3869	16019	602	61	347	3745699
3879	16026	201	61.6667	348.333	3745729
96
3635	15750	49	60	355	3746113
3645	15781	116	60	355	3746123
3645	15795	193	60	355	3746133
3645	15810	248	60	355	3746143
3645	15825	310	60	355	3746153
3645	15841	375	60	355	3746163
3645	15855	423	60	353	3746173
3645	15869	488	60	353	3746183
3645	15879	574	60	353	3746203
3645	15887	637	60	351.667	3746233
3645	15872	671	60	351	3746243
3645	15853	685	60	351	3746253
3652	15827	690	61	351	3746263
3652	15792	705	61	351	3746273
3652	15756	711	62	351	3746283
3660	15717	721	62	351	3746293
3660	15675	733	62	351	3746303
3660	15630	739	62	353	3746313
3666	15582	745	62	353	3746323
3666	15530	755	62	353	3746333
3675	15477	757	63	352	3746343
3675	15424	760	63	354	3746353
3675	15369	766	64	354	3746363
3675	15317	769	64	354	3746373
3675	15259	776	64	356	3746383
3675	15202	786	64	356	3746393
3675	15145	785	64	356	3746403
3675	15081	788	64	358	3746413
3675	15020	791	64	358	3746423
3675	14953	794	64	358	3746433
3675	14884	802	64	0	3746443
3675	14812	802	64	0	3746453
3675	14737	803	65	0	3746463
3675	14659	806	65	0	3746473
3675	14580	809	66	0	3746483
3675	14504	809	66	0	3746493
3675	14427	808	66	2	3746503
3675	14353	810	66	2	3746513
3675	14276	813	66	2	3746523
3675	14198	816	66	2	3746533
3675	14120	818	66	2	3746543
3675	14040	821	66	2	3746553
3675	13962	824	66	4	3746563
3675	13885	822	66	4	3746573
3675	13804	823	66	4	3746583
3675	13724	821	66	4	3746593
3675	13647	822	66	4	3746603
3675	13567	822	66	4	3746613
3675	13489	822	66	7	3746623
3675	13408	825	66	7	3746633
3675	13324	824	66	7	3746643
3675	13240	827	66	7	3746653
3682	13152	826	66	7	3746663
3682	13067	828	66	7	3746673
3682	12984	831	66	9	3746683
3682	12897	832	66	9	3746693
3682	12809	836	67	9	3746703
3682	12716	829	67	9	3746713
3675	12621	829	68	10	3746723
3675	12525	832	68	12	3746733
3666	12428	832	68	12	3746743
3666	12327	831	68	12	3746753
3666	12224	832	68	12	3746763
3659	12122	835	68	12	3746773
3659	12019	832	67	15	3746783
3659	11917	837	67	15	3746793
3659	11812	836	67	15	3746803
3659	11704	833	67	17	3746813
3659	11596	833	67	17	3746823
3659	11487	833	67	17	3746833
3652	11380	830	67	17	3746843
3652	11271	834	67	17	3746853
3652	11164	836	67	17	3746863
3644	11060	830	67	19	3746873
3644	10958	832	67	19	3746883
3644	10856	832	67	19	3746893
3644	10754	832	67	21	3746903
3644	10651	831	67	22	3746913
3644	10552	831	67	22	3746923
3644	10454	830	68	24	3746933
3644	10355	830	68	24	3746943
3644	10259	827	68	24	3746953
3644	10166	830	68	24	3746963
3644	10077	828	68	26	3746973
3644	9994	829	68	26	3746983
3644	9913	829	68	26	3746993
3644	9833	826	68	26	3747003
3644	9750	827	68	28	3747013
3637	9672	824	68	28	3747023
3637	9597	822	68	28	3747033
3630	9528	825	68	28	3747043
3630	9470	823	68	28	3747053
3630	9423	821	67	30	3747063
3630	9391	800	67	30	3747073
3630	9374	641	67	30.6667	3747103
3630	9396	131	67	32	3747123
78
2779	14620	142	61	347	3747757
2779	14629	255	61	347	3747777
2779	14637	431	62.5	344.75	3747817
2786	14628	549	63	344	3747827
2786	14616	591	63	344	3747837
2786	14593	636	63	344	3747847
2786	14562	667	63	344	3747857
2794	14514	694	63	344	3747867
2794	14452	703	63	344	3747877
2794	14378	720	63	344	3747887
2794	14293	732	64	345	3747897
2794	14202	753	64	345	3747907
2794	14112	764	65	345	3747917
2794	14026	765	65	345	3747927
2794	13941	772	65	347	3747937
2794	13857	777	65	347	3747947
2794	13772	779	65	347	3747957
2794	13688	779	66	349	3747967
2794	13603	783	66	349	3747977
2794	13519	784	66	351	3747987
2794	13435	786	66	351	3747997
2794	13349	788	66	353	3748007
2794	13263	788	66	353	3748017
2794	13180	788	66	356	3748027
2794	13098	790	67	358	3748037
2794	13017	789	67	358	3748047
2794	12940	791	68	0	3748057
2794	12860	790	68	0	3748067
2794	12777	794	68	0	3748077
2794	12689	801	68	2	3748087
2794	12602	793	68	2	3748097
2794	12516	795	68	5	3748107
2794	12433	796	68	5	3748117
2787	12353	795	68	7	3748127
2787	12271	797	68	7	3748137
2787	12190	799	68	7	3748147
2787	12106	802	68	10	3748157
2779	12026	801	68	10	3748167
2779	11942	802	68	10	3748177
2779	11855	804	68	12	3748187
2779	11770	803	68	12	3748197
2773	11679	813	68	12	3748207
2773	11590	810	67	15	3748217
2773	11502	806	67	15	3748227
2773	11410	810	67	15	3748237
2773	11317	804	67	17	3748247
2780	11222	807	67	17	3748257
2780	11128	806	67	17	3748267
2780	11037	809	68	20	3748277
2780	10946	807	68	20	3748287
2780	10855	808	69	21	3748297
2780	10765	809	69	21	3748307
2780	10675	810	69	21	3748317
2780	10586	808	68	24	3748327
2780	10496	807	68	24	3748337
2780	10405	808	68	24	3748347
2780	10314	807	68	24	3748357
2788	10224	809	68	24	3748367
2788	10136	809	68	26	3748377
2788	10052	810	68	26	3748387
2788	9971	813	68	26	3748397
2788	9890	807	68	28	3748407
2788	9810	817	68	28	3748417
2788	9733	810	68	28	3748427
2788	9658	814	68	28	3748437
2796	9586	813	68	28	3748447
2796	9516	808	67	30	3748457
2806	9447	809	67	30	3748467
2806	9377	808	67	30	3748477
2806	9311	807	67	32	3748487
2814	9251	808	67	32	3748497
2814	9202	809	67	32	3748507
2820	9166	804	67	32	3748517
2820	9143	794	66	34	3748527
2820	9131	707	66	34	3748547
2827	9131	583	66	34	3748557
2827	9139	428	66	34	3748567
2827	9162	9	66	36	3748587
38
3709	15487	153	59	346	3749325
3682	15487	207	59	346	3749335
3671	15478	287	59	346	3749345
3663	15478	357	59	345.5	3749365
3663	15470	399	59	345	3749375
3675	15470	439	59	345	3749385
3690	15461	464	59	345	3749395
3712	15461	525	59	345	3749405
3737	15453	565	59	345	3749415
3769	15453	596	59	345	3749425
3808	15453	622	60	344	3749435
3850	15462	632	60	344	3749445
3898	15472	636	61	343	3749455
3948	15481	642	61	343	3749465
3997	15489	642	61	345	3749475
4043	15489	642	61	345	3749485
4080	15489	641	61	345	3749495
4107	15489	643	61	345	3749505
4124	15489	649	61	345	3749515
4131	15489	686	61	345	3749575
4131	15481	712	61	345	3749585
4131	15470	728	62	345	3749595
4131	15451	738	62	345	3749605
4131	15420	746	63	344	3749615
4131	15379	764	63	344	3749625
4131	15332	765	63	344	3749635
4124	15280	771	63	344	3749645
4124	15224	770	63	346	3749655
4124	15171	777	63	346	3749665
4124	15128	778	63	346	3749675
4124	15093	777	63	346	3749685
4124	15070	777	63	348	3749695
4124	15053	777	63	348	3749705
4133	15040	770	63	348	3749715
4133	15031	764	63	348	3749725
4140	15031	754	62	351	3749735
4140	15025	671	62	351	3749775
4140	15032	138	62	351	3749805
47
4016	15079	179	60	350	3749929
3972	15096	220	60	350	3749939
3951	15096	345	60	350	3749949
3922	15104	421	60	350	3749959
3912	15104	485	60	350	3749989
3920	15104	565	60	350	3749999
3939	15098	606	60	350	3750009
3969	15098	634	60	350	3750019
4010	15091	657	60	350	3750029
4063	15091	673	60	350	3750039
4117	15091	679	60	350	3750049
4172	15091	681	60	351	3750059
4220	15091	679	60	351	3750069
4260	15098	681	60	351	3750079
4288	15098	683	60	351	3750089
4305	15098	688	60	351	3750099
4313	15098	709	60.6667	351	3750129
4313	15090	741	62	351	3750149
4313	15084	764	62	351	3750159
4306	15073	765	62	351	3750169
4296	15052	787	62	351	3750179
4282	15024	785	62	353	3750189
4262	14987	791	62	353	3750199
4240	14945	793	62	353	3750209
4215	14905	792	62	353	3750219
4191	14862	796	62	354	3750229
4170	14827	795	62	354	3750239
4154	14800	794	62	354	3750249
4144	14779	794	62	354	3750259
4144	14768	793	62	356	3750269
4136	14757	794	62	356	3750279
4136	14751	790	62	356.667	3750309
4128	14744	778	62	358	3750359
4128	14760	778	62	358	3750369
4121	14778	771	62	358	3750379
4111	14805	770	62	358	3750389
4098	14838	771	62	358	3750399
4081	14876	770	62	358	3750409
4062	14916	772	62	358	3750419
4040	14959	772	62	358	3750429
4020	15006	770	62	358	3750439
4000	15051	771	62	356	3750449
3983	15089	770	61	356	3750459
3971	15116	773	61	356	3750469
3962	15132	699	60	354	3750529
3962	15120	340	60	351	3750539
3975	15109	0	60	351	3750559
28
4106	14765	198	60	355	3750705
4116	14765	345	60	355	3750715
4116	14772	414	60	355	3750725
4116	14781	457	60	357	3750735
4116	14789	496	60	357	3750745
4116	14799	528	60	357	3750755
4106	14799	556	60	357	3750765
4090	14799	576	60	358	3750775
4067	14789	603	60	358	3750785
4043	14766	644	61	358	3750795
4020	14733	656	61	358	3750805
4009	14697	668	62	358	3750815
4009	14662	669	62	358	3750825
4023	14630	671	62	358	3750835
4048	14607	670	62	358	3750845
4080	14595	672	62	358	3750855
4113	14595	671	62	358	3750865
4143	14607	675	62	0	3750875
4167	14624	691	63	0	3750885
4180	14644	703	63	0	3750895
4180	14664	698	64	0	3750905
4180	14687	693	64	0	3750915
4180	14709	678	64	0	3750925
4158	14731	663	64	0	3750935
4139	14750	585	64	0	3750945
4117	14762	528	64	0	3750955
4098	14771	357	64	0	3750965
4086	14771	22	63	0	3750985
109
4117	14465	9	64	2	3751229
4128	14492	253	64	2	3751239
4122	14500	416	64	2	3751259
4101	14500	571	64	0	3751299
4101	14484	672	64	0	3751309
4101	14468	693	64	0	3751319
4101	14444	712	64	0	3751329
4101	14416	726	64	0	3751339
4101	14385	750	64	0	3751349
4108	14350	759	64	0	3751359
4108	14313	768	64	0	3751369
4115	14271	771	64	0	3751379
4115	14226	784	64	0	3751389
4122	14180	786	64	0	3751399
4122	14133	784	64	0	3751409
4122	14084	788	64	0	3751419
4122	14035	791	64	0	3751429
4122	13985	795	64	0	3751439
4122	13932	796	64	0	3751449
4122	13880	804	64	0	3751459
4122	13827	803	64	2	3751469
4122	13774	810	64	2	3751479
4115	13717	810	64	2	3751489
4115	13660	811	64	2	3751499
4115	13601	812	64	2	3751509
4109	13542	813	64	4	3751519
4109	13487	815	65	4	3751529
4109	13433	815	65	4	3751539
4109	13379	813	66	4	3751549
4109	13327	814	66	4	3751559
4109	13270	817	66	4	3751569
4109	13211	819	66	7	3751579
4100	13151	817	66	7	3751589
4100	13092	823	66	7	3751599
4090	13032	826	66	9	3751609
4083	12973	831	66	9	3751619
4083	12911	837	66	9	3751629
4074	12846	841	66	9	3751639
4074	12780	839	66	11	3751649
4065	12711	841	67	12	3751659
4065	12643	841	67	12	3751669
4055	12575	841	68	12	3751679
4055	12507	838	68	12	3751689
4045	12439	839	67	15	3751699
4045	12372	841	67	15	3751709
4035	12302	843	67	15	3751719
4035	12235	843	67	15	3751729
4035	12168	846	67	15	3751739
4035	12102	845	67	15	3751749
4027	12040	846	67	15	3751759
4027	11977	845	67	17	3751769
4027	11914	845	67	17	3751779
4027	11850	848	67	17	3751789
4027	11787	844	67	17	3751799
4020	11724	846	67	17	3751809
4020	11664	844	67	17	3751819
4013	11606	847	67	17	3751829
4013	11550	846	67	17	3751839
4013	11496	845	67	17	3751849
4013	11439	845	67	17	3751859
4013	11380	845	67	19	3751869
4013	11315	841	67	19	3751879
4013	11247	844	67	19	3751889
4013	11179	846	67	19	3751899
4013	11110	845	67	19	3751909
4013	11041	848	67	19	3751919
4013	10974	847	67	19	3751929
4013	10907	847	67	19	3751939
4013	10840	847	67	19	3751949
4013	10770	847	67	19	3751959
4013	10699	847	67	19	3751969
4013	10625	849	67	21	3751979
4013	10551	849	67	21	3751989
4013	10474	847	67	21	3751999
4013	10394	846	67	21	3752009
4013	10315	845	67	21	3752019
4013	10232	847	67	21	3752029
4013	10153	846	67	21	3752039
4013	10076	848	66	24	3752049
4013	9998	846	66	24	3752059
4013	9922	849	66	24	3752069
4020	9843	843	66	24	3752079
4020	9763	847	66	24	3752089
4020	9682	847	66	24	3752099
4020	9602	849	66	24	3752109
4020	9527	843	66	24	3752119
4020	9453	845	66	26	3752129
4020	9379	846	66	26	3752139
4020	9306	845	66	26	3752149
4020	9233	843	66	26	3752159
4020	9163	844	66	26	3752169
4020	9097	851	66	26	3752179
4026	9030	845	65	28	3752189
4026	8965	853	65	28	3752199
4026	8900	846	65	28	3752209
4026	8836	847	65	28	3752219
4026	8776	847	65	28	3752229
4026	8720	846	65	30	3752239
4026	8671	846	65	30	3752249
4033	8629	846	65	30	3752259
4033	8592	847	65	30	3752269
4033	8559	847	65	30	3752279
4033	8529	846	65	30	3752289
4039	8503	846	65	32	3752299
4039	8482	845	65	32	3752309
4039	8469	839	65	32	3752319
4046	8469	783	65	32	3752359
4046	8487	623	65	32	3752369
4046	8505	169	65	32	3752389
116
1147	14271	35	52	323	3772806
1131	14271	66	52	323	3772816
1131	14264	104	52	323	3772836
1138	14264	278	51.5	323.75	3772916
1144	14264	423	51	325	3772946
1151	14264	458	51	325	3772956
1158	14264	470	51	325	3772966
1167	14264	476	51	325	3772976
1178	14264	482	50	326	3772986
1190	14264	489	50	326	3772996
1202	14271	489	49	326	3773006
1217	14271	505	49	326	3773016
1232	14271	506	49	326	3773026
1248	14277	516	49	326	3773036
1266	14277	521	50	325	3773046
1285	14277	526	50	325	3773056
1305	14285	528	50	324	3773066
1328	14285	531	50	324	3773076
1350	14285	533	50	324	3773086
1374	14292	538	50	324	3773096
1398	14292	541	50	324	3773106
1424	14292	544	50	324	3773116
1450	14292	545	50	324	3773126
1482	14292	546	51	323	3773136
1515	14300	549	51	323	3773146
1552	14300	548	52	322	3773156
1587	14300	548	52	321	3773166
1619	14300	549	52	321	3773176
1649	14300	551	53	320	3773186
1674	14300	551	53	317	3773196
1698	14300	550	54	316	3773206
1721	14290	552	54	315	3773216
1743	14290	552	55	314	3773226
1767	14282	554	55	312	3773236
1793	14282	555	55	312	3773246
1823	14282	557	55	310	3773256
1855	14282	558	56	309	3773266
1888	14282	561	56	307	3773276
1923	14282	560	57	306	3773286
1958	14282	565	57	306	3773296
1997	14282	563	57	304	3773306
2039	14282	563	57	304	3773316
2078	14282	563	57	304	3773326
2119	14282	565	57	304	3773336
2158	14282	566	57	304	3773346
2196	14282	565	57	306	3773356
2234	14282	567	57	306	3773366
2270	14282	568	56	307	3773376
2306	14282	568	56	307	3773386
2340	14282	569	56	307	3773396
2374	14282	568	56	307	3773406
2407	14282	569	56	307	3773416
2439	14291	570	56	307	3773426
2469	14291	570	56	307	3773436
2497	14291	572	56	306	3773446
2526	14291	573	56	306	3773456
2553	14291	574	56	306	3773466
2580	14297	574	56	306	3773476
2607	14297	576	56	306	3773486
2632	14297	577	56	306	3773496
2658	14297	579	56	306	3773506
2686	14297	581	56	306	3773516
2715	14297	579	56	306	3773526
2745	14297	581	56	306	3773536
2775	14297	581	56	306	3773546
2808	14297	585	56	306	3773556
2843	14297	585	56	306	3773566
2880	14297	583	56	306	3773576
2918	14305	583	56	306	3773586
2957	14305	592	56	306	3773596
2999	14305	591	56	306	3773606
3040	14305	591	55	307	3773616
3082	14305	591	55	307	3773626
3125	14312	592	55	309	3773636
3168	14312	592	55	309	3773646
3212	14312	592	55	309	3773656
3258	14320	591	55	309	3773666
3303	14320	591	55	309	3773676
3348	14320	595	55	309	3773686
3397	14320	595	55	309	3773696
3444	14328	595	55	309	3773706
3493	14328	595	55	309	3773716
3542	14328	596	55	309	3773726
3589	14336	597	55	307	3773736
3634	14336	599	55	307	3773746
3679	14336	599	56	306	3773756
3724	14336	600	56	306	3773766
3766	14343	601	56	306	3773776
3809	14343	603	56	306	3773786
3849	14343	606	56	306	3773796
3892	14343	608	56	306	3773806
3939	14343	611	56	306	3773816
3991	14343	610	56	306	3773826
4044	14343	612	56	306	3773836
4096	14343	611	56	306	3773846
4149	14343	613	56	306	3773856
4199	14343	613	56	306	3773866
4249	14343	616	56	306	3773876
4297	14343	614	55	305	3773886
4348	14343	616	55	305	3773896
4397	14350	616	55	305	3773906
4449	14350	616	55	304	3773916
4500	14350	615	55	304	3773926
4550	14350	617	56	302	3773936
4599	14350	620	56	302	3773946
4645	14357	620	56	302	3773956
4689	14357	621	56	302	3773966
4730	14357	622	56	302	3773976
4768	14365	623	56	302	3773986
4802	14365	624	56	302	3773996
4834	14365	627	56	301	3774006
4861	14373	627	56	301	3774016
4886	14373	627	56	299	3774026
4903	14373	627	56	299	3774036
4915	14373	626	56	299	3774046
4921	14382	437	56	299	3774106
104
2316	14078	30	54	313	3775554
2309	14078	72	54	313	3775584
2302	14078	115	55	314	3775594
2302	14084	307	55	314	3775754
2312	14084	486	55	314	3775764
2323	14084	501	55	314	3775774
2338	14084	522	55	314	3775784
2356	14084	527	55	314	3775794
2377	14084	530	55	314	3775804
2401	14084	542	55	314	3775814
2427	14092	544	55	314	3775824
2455	14092	545	55	314	3775834
2483	14092	548	55	314	3775844
2510	14092	548	55	314	3775854
2535	14098	552	55	314	3775864
2562	14098	556	55	314	3775874
2588	14098	560	55	314	3775884
2614	14105	562	55	312	3775894
2640	14105	563	55	312	3775904
2662	14105	565	56	311	3775914
2685	14105	569	56	311	3775924
2708	14105	574	56	311	3775934
2730	14105	575	56	311	3775944
2752	14105	576	56	311	3775954
2775	14105	576	56	311	3775964
2797	14105	579	56	311	3775974
2820	14105	580	56	311	3775984
2848	14105	580	56	311	3775994
2880	14105	581	56	311	3776004
2911	14113	581	55	310	3776014
2944	14113	581	55	310	3776024
2978	14121	583	55	310	3776034
3009	14121	582	55	310	3776044
3040	14121	585	55	310	3776054
3069	14121	585	55	310	3776064
3098	14121	583	55	310	3776074
3125	14121	588	55	310	3776084
3153	14121	589	55	310	3776094
3184	14121	595	55	310	3776104
3217	14121	596	55	310	3776114
3251	14127	597	55	310	3776124
3284	14127	597	55	310	3776134
3315	14127	599	55	310	3776144
3342	14127	601	55	310	3776154
3369	14127	602	55	310	3776164
3395	14127	603	55	310	3776174
3421	14127	606	55	310	3776184
3450	14127	606	55	310	3776194
3478	14127	606	55	310	3776204
3506	14127	612	55	310	3776214
3536	14127	612	55	310	3776224
3566	14134	618	55	310	3776234
3599	14134	618	55	310	3776244
3629	14134	621	55	310	3776254
3659	14134	622	55	310	3776264
3688	14141	620	55	310	3776274
3714	14141	622	55	310	3776284
3741	14141	622	55	310	3776294
3765	14147	622	55	310	3776304
3788	14147	625	55	310	3776314
3814	14147	627	55	310	3776324
3840	14147	631	55	310	3776334
3868	14147	630	55	310	3776344
3895	14147	633	55	310	3776354
3921	14147	637	55	310	3776364
3948	14147	637	55	310	3776374
3971	14147	641	55	310	3776384
3993	14147	642	55	310	3776394
4015	14147	648	55	310	3776404
4040	14155	652	55	310	3776414
4066	14155	654	55	310	3776424
4093	14155	655	55	310	3776434
4120	14155	657	55	310	3776444
4144	14155	657	55	310	3776454
4169	14155	659	55	310	3776464
4196	14155	660	56	309	3776474
4222	14155	659	56	309	3776484
4245	14155	660	56	307	3776494
4269	14155	660	56	307	3776504
4292	14155	664	56	307	3776514
4318	14155	664	56	307	3776524
4343	14155	664	56	307	3776534
4372	14155	666	56	307	3776544
4406	14155	665	56	307	3776554
4442	14155	666	56	307	3776564
4484	14155	666	56	307	3776574
4523	14155	667	56	307	3776584
4560	14155	668	56	307	3776594
4592	14155	668	56	307	3776604
4618	14155	671	57	306	3776614
4645	14155	671	57	306	3776624
4672	14155	670	57	304	3776634
4698	14155	673	57	304	3776644
4727	14155	673	57	304	3776654
4755	14155	672	58	303	3776664
4784	14155	673	58	303	3776674
4816	14155	673	58	301	3776684
4847	14155	672	58	301	3776694
4869	14155	675	58	301	3776704
4887	14155	674	58	300	3776714
4894	14155	678	58.5	299	3776734
4903	14155	678	59	298	3776794
4903	14148	672	59	298	3776814
4909	14148	559	59	298	3776914
30
4935	14505	9	64	350	3777754
4935	14517	44	64	350	3777764
4935	14523	69	64	350	3777774
4924	14531	91	64	350	3777784
4924	14540	135	64	350	3777794
4924	14549	183	64	350	3777804
4924	14561	232	64	350	3777814
4924	14572	277	64	350	3777824
4924	14583	327	64	350	3777834
4924	14593	365	64	350	3777844
4924	14602	421	64	350	3777854
4917	14602	468	64	350	3777864
4917	14609	567	63.6667	349.333	3777894
4917	14600	647	63	348	3777904
4917	14584	668	63	348	3777914
4926	14551	691	63	348	3777924
4936	14511	707	63	348	3777934
4950	14460	728	64	350	3777944
4964	14405	732	65	349	3777954
4978	14352	737	65	349	3777964
4991	14293	741	66	349	3777974
5002	14236	745	66	351	3777984
5010	14190	746	66	351	3777994
5017	14152	747	66	351	3778004
5017	14124	748	66	353	3778014
5025	14107	747	66	353	3778024
5025	14097	743	66	355	3778054
5032	14097	656	66	356	3778084
5032	14105	446	66	356	3778094
5032	14120	24	66	356	3778114
49
4961	14576	40	63	348	3778378
4949	14576	104	63	348	3778388
4938	14576	250	63	348	3778398
4930	14576	317	63	348	3778408
4912	14576	387	63	348	3778428
4912	14583	491	63	348	3778458
4921	14583	574	63	348	3778468
4931	14583	616	63	348	3778478
4948	14583	628	63	348	3778488
4967	14583	642	63	348	3778498
4990	14583	659	63	348	3778508
5015	14583	665	63	348	3778518
5041	14583	665	63	348	3778528
5070	14577	670	63	348	3778538
5100	14577	671	63	348	3778548
5127	14577	672	63	348	3778558
5148	14577	684	64	347	3778568
5173	14568	694	64	347	3778578
5196	14558	696	65	347	3778588
5220	14544	703	65	347	3778598
5246	14527	706	65	347	3778608
5269	14508	709	66	349	3778618
5293	14485	708	66	349	3778628
5315	14462	710	66	349	3778638
5338	14443	711	66	349	3778648
5357	14425	717	67	348	3778658
5372	14412	720	67	348	3778668
5384	14398	724	68	350	3778678
5390	14382	733	68	350	3778688
5390	14363	739	68	350	3778698
5390	14337	743	68	350	3778708
5390	14310	747	68	353	3778718
5390	14283	749	68	353	3778728
5384	14255	749	69	352	3778738
5374	14228	750	69	355	3778748
5362	14199	751	70	355	3778758
5346	14174	753	70	355	3778768
5326	14153	756	70	355	3778778
5306	14138	762	70	355	3778788
5281	14129	758	70	355	3778798
5255	14119	756	70	355	3778808
5228	14110	756	70	357	3778818
5198	14101	753	69	357	3778828
5167	14089	749	69	357	3778838
5135	14080	750	68	358	3778848
5106	14071	748	68	358	3778858
5082	14065	748	68	358	3778868
5064	14065	732	68	358	3778878
5053	14065	403	68	357.25	3778918
163
3638	13747	1	58	329	3782518
3630	13736	45	58	329	3782528
3624	13736	94	58	329	3782548
3617	13736	364	59.5385	326.615	3782678
3628	13736	525	60	326	3782698
3640	13736	547	60	326	3782718
3651	13736	571	60	326	3782738
3660	13742	592	60	326	3782758
3671	13742	605	60	326	3782778
3684	13749	613	60	326	3782788
3691	13749	621	60	326	3782798
3700	13749	626	60	326	3782808
3709	13749	628	60	326	3782818
3719	13755	627	60	326	3782828
3725	13755	627	60	326	3782838
3733	13755	628	60	326	3782858
3744	13755	632	60	326	3782868
3751	13755	633	60	326	3782878
3759	13755	636	60	326	3782888
3768	13762	637	60	326	3782898
3780	13762	645	60	326	3782908
3793	13762	644	60	326	3782918
3807	13762	646	60	326	3782928
3821	13762	646	60	326	3782938
3835	13762	647	60	326	3782948
3847	13768	650	60	326	3782958
3859	13768	649	60	326	3782968
3871	13768	649	60	326	3782978
3881	13768	649	60	326	3782988
3890	13768	650	59	327	3782998
3897	13775	652	59	327	3783008
3904	13775	654	58	329	3783018
3915	13775	655	58	329	3783028
3928	13775	656	58	329	3783038
3945	13775	659	58	329	3783048
3962	13775	657	58	329	3783058
3980	13775	657	58	329	3783068
3997	13775	657	59	327	3783078
4014	13775	661	59	327	3783088
4029	13775	661	60	326	3783098
4043	13775	662	60	326	3783108
4055	13775	663	60	326	3783118
4065	13775	663	60	326	3783128
4075	13775	663	60	326	3783138
4082	13775	663	60	326	3783148
4090	13775	664	60	326	3783158
4096	13775	666	60	326	3783178
4110	13775	665	60	326	3783188
4122	13775	664	60	326	3783198
4133	13775	665	60	326	3783208
4146	13775	666	60	326	3783218
4162	13775	664	60	326	3783228
4181	13775	663	60	326	3783238
4200	13775	663	60	326	3783248
4221	13775	664	60	326	3783258
4241	13775	664	60	326	3783268
4259	13775	664	60	326	3783278
4275	13775	665	60	326	3783288
4292	13782	664	60	326	3783298
4308	13782	665	60	326	3783308
4325	13782	663	60	326	3783318
4345	13782	663	60	326	3783328
4362	13782	664	60	326	3783338
4380	13782	664	60	326	3783348
4399	13782	664	60	326	3783358
4419	13782	663	60	326	3783368
4440	13782	664	60	326	3783378
4460	13782	665	60	326	3783388
4480	13782	664	60	325	3783398
4499	13782	666	60	325	3783408
4518	13782	665	61	324	3783418
4537	13782	664	61	324	3783428
4555	13782	665	61	324	3783438
4574	13782	665	61	324	3783448
4588	13782	665	61	324	3783458
4602	13788	665	62	323	3783468
4617	13788	666	62	323	3783478
4632	13788	667	63	321	3783488
4650	13795	668	63	321	3783498
4671	13795	667	63	321	3783508
4691	13795	666	63	321	3783518
4713	13795	667	63	321	3783528
4736	13801	668	63	321	3783538
4758	13801	667	63	320	3783548
4780	13801	668	63	320	3783558
4800	13801	668	64	318	3783568
4818	13801	670	64	318	3783578
4837	13801	670	64	318	3783588
4860	13808	671	64	318	3783598
4883	13808	668	64	318	3783608
4905	13808	670	64	318	3783618
4925	13808	670	64	318	3783628
4944	13814	670	63	317	3783638
4960	13814	672	63	317	3783648
4978	13814	670	63	317	3783658
4993	13814	671	63	317	3783668
5010	13814	671	63	317	3783678
5029	13814	673	63	317	3783688
5050	13814	671	63	317	3783698
5072	13814	670	63	317	3783708
5092	13823	671	63	317	3783718
5110	13823	671	63	317	3783728
5127	13823	672	63	317	3783738
5145	13830	672	63	317	3783748
5165	13830	673	63	317	3783758
5185	13830	672	63	317	3783768
5205	13837	672	63	317	3783778
5226	13837	671	63	317	3783788
5246	13837	671	63	317	3783798
5265	13837	672	63	317	3783808
5285	13837	672	63	317	3783818
5304	13844	673	63	317	3783828
5325	13844	672	63	317	3783838
5344	13844	671	63	317	3783848
5361	13844	671	63	317	3783858
5377	13844	672	63	317	3783868
5392	13844	670	63	317	3783878
5407	13852	671	63	317	3783888
5424	13852	671	63	317	3783898
5442	13852	671	63	317	3783908
5459	13852	672	63	317	3783918
5478	13852	671	63	317	3783928
5497	13852	671	63	317	3783938
5511	13852	670	63	317	3783948
5525	13852	672	63	317	3783958
5538	13852	671	63	317	3783968
5551	13852	671	63	317	3783978
5569	13852	671	63	317	3783988
5587	13852	673	63	317	3783998
5606	13852	673	63	317	3784008
5625	13852	672	63	317	3784018
5640	13852	673	63	317	3784028
5653	13852	672	64	315	3784038
5663	13852	672	64.5	314	3784058
5673	13852	672	65	313	3784088
5682	13852	676	64.3333	314.333	3784178
5682	13862	680	63	317	3784188
5682	13872	681	63	317	3784198
5682	13887	680	63	317	3784208
5682	13902	683	63	317	3784218
5682	13914	684	63	317	3784228
5682	13929	686	63	317	3784238
5675	13942	684	63	317	3784248
5675	13957	684	63	317	3784258
5669	13973	685	63	317	3784268
5669	13988	686	63	317	3784278
5669	14004	686	63	317	3784288
5669	14018	687	63	317	3784298
5669	14033	687	63	317	3784308
5669	14052	686	63	317	3784318
5662	14073	687	63	317	3784328
5662	14093	685	63	317	3784338
5662	14114	686	63	315	3784348
5662	14130	684	63	315	3784358
5662	14143	686	63	315	3784368
5662	14157	683	63	315	3784378
5655	14172	684	63	315	3784388
5655	14187	682	63	315	3784398
5655	14202	682	63	315	3784408
5647	14213	683	62	313	3784418
5647	14222	681	62	313	3784438
5647	14233	633	61.5	312.5	3784478
5640	14233	144	60.6667	314.333	3784508
26
5370	14361	227	58	316	3785096
5377	14361	452	58	315	3785116
5386	14361	489	58	315	3785126
5398	14361	505	58	315	3785136
5414	14361	519	58	315	3785146
5435	14361	537	58	315	3785156
5459	14361	548	58	315	3785166
5486	14361	564	58	316	3785176
5516	14361	573	58	316	3785186
5547	14361	582	58	316	3785196
5580	14369	583	58	316	3785206
5608	14369	585	59	315	3785216
5631	14369	587	59	315	3785226
5651	14376	590	60	314	3785236
5667	14376	595	60	314	3785246
5683	14376	595	60	314	3785256
5697	14376	596	60	314	3785266
5710	14376	596	60	314	3785276
5723	14376	596	60	314	3785286
5734	14376	594	60	314	3785296
5747	14369	591	60	314	3785306
5761	14369	579	60	314	3785316
5774	14369	566	60	314	3785326
5788	14363	550	60	314	3785336
5799	14363	502	60	314	3785346
5806	14363	215	60	314	3785376
14
5653	14191	200	57	318	3785642
5643	14191	294	58	318	3785652
5634	14191	424	58	316.667	3785682
5647	14191	471	59	318	3785692
5664	14191	501	59	318	3785702
5690	14191	529	59	318	3785712
5717	14191	542	60	316	3785722
5745	14191	571	60	318	3785732
5774	14185	579	61	316	3785742
5795	14185	583	61	316	3785752
5812	14185	594	61	316	3785762
5826	14185	596	61	318	3785772
5833	14185	599	61	318	3785792
5839	14185	390	62.6667	316.667	3785852
29
5751	14460	40	60	338	3786482
5744	14478	174	60	338	3786492
5735	14485	299	60	338	3786502
5725	14485	361	60	338	3786512
5715	14493	433	60	338	3786522
5707	14493	479	60	337	3786542
5700	14493	512	60	337	3786562
5700	14484	554	60	337	3786572
5714	14472	595	60	337	3786582
5728	14455	626	60	337	3786592
5747	14434	653	61	336	3786602
5773	14408	678	61	336	3786612
5806	14381	683	62	335	3786622
5842	14349	694	62	335	3786632
5878	14316	696	62	335	3786642
5907	14283	709	62	335	3786652
5928	14247	722	62	336	3786662
5940	14215	739	62	336	3786672
5940	14184	745	62	336	3786682
5940	14157	755	62	338	3786692
5934	14132	764	62	338	3786702
5924	14111	765	62	338	3786712
5908	14091	768	62	338	3786722
5894	14075	765	64	339	3786732
5878	14065	769	64	339	3786742
5864	14056	766	64	338	3786752
5856	14056	763	64	338	3786762
5856	14050	621	65	340	3786802
5867	14059	41	65	340	3786822
59
5778	14461	42	60	337	3787158
5764	14461	119	60	337	3787178
5755	14461	375	60	337	3787248
5755	14468	541	60	337	3787258
5768	14468	569	61	336	3787268
5779	14468	582	60	334	3787278
5795	14468	597	61	333	3787288
5816	14468	608	61	333	3787298
5839	14474	622	61	333	3787308
5865	14474	628	61	333	3787318
5891	14474	636	61	333	3787328
5915	14474	641	61	333	3787338
5938	14474	650	62	335	3787348
5957	14474	656	62	335	3787358
5974	14465	661	62	335	3787368
5992	14465	667	62	335	3787378
6009	14457	680	62	335	3787388
6026	14457	681	62	335	3787398
6043	14451	688	62	335	3787408
6061	14451	695	63	334	3787418
6081	14442	695	63	334	3787428
6100	14442	695	63	333	3787438
6119	14431	700	63	333	3787448
6134	14422	702	63	333	3787458
6148	14413	703	63	333	3787468
6162	14400	703	63	333	3787478
6175	14389	705	63	333	3787488
6186	14378	707	63	333	3787498
6195	14366	707	63	333	3787508
6202	14352	711	63	333	3787518
6210	14338	710	63	333	3787528
6217	14322	711	63	333	3787538
6225	14307	710	64	334	3787548
6232	14291	710	65	333	3787558
6232	14275	711	65	333	3787568
6242	14260	711	65	332	3787578
6242	14246	714	65	332	3787588
6242	14232	715	66	334	3787598
6242	14215	718	66	334	3787608
6233	14198	718	66	334	3787618
6224	14179	722	66	334	3787628
6212	14162	727	66	334	3787638
6201	14148	725	66	334	3787648
6185	14136	726	66	336	3787658
6169	14124	726	66	336	3787668
6151	14111	731	66	336	3787678
6128	14100	728	66	336	3787688
6102	14088	731	66	336	3787698
6074	14077	730	66	336	3787708
6043	14067	732	66	336	3787718
6015	14056	728	66	340	3787728
5990	14048	727	66	340	3787738
5967	14041	727	65	340	3787748
5945	14035	717	65	340	3787758
5925	14035	705	65	340	3787768
5906	14026	683	65	340	3787778
5890	14026	644	65	340	3787788
5879	14026	567	65	340	3787798
5872	14026	164	65	340	3787828
71
6332	14320	151	64	336	3789223
6332	14333	242	64	336	3789233
6332	14341	377	64	336	3789243
6322	14351	425	64	336	3789253
6315	14360	460	64	334	3789263
6315	14368	488	64	334	3789273
6304	14376	536	64	334	3789292
6292	14384	576	64	334	3789302
6285	14384	592	64	334	3789312
6275	14384	605	63	333	3789322
6263	14384	619	63	333	3789332
6249	14384	637	63	333	3789342
6238	14371	647	63	333	3789352
6226	14363	650	63	333	3789362
6217	14350	654	63	333	3789372
6217	14337	653	63	333	3789382
6207	14322	655	63	333	3789392
6207	14307	653	63	333	3789402
6207	14300	653	63	333	3789412
6207	14293	653	63	333	3789422
6213	14293	658	63.5625	334.387	3791022
6225	14285	661	64	334	3791032
6232	14277	661	64	334	3791042
6240	14269	660	64	334	3791052
6246	14259	661	64	334	3791062
6246	14252	660	64	334	3791082
6246	14242	660	64	334	3791092
6253	14242	660	64	334	3791162
6253	14235	659	64	334	3791192
6261	14235	659	64	334	3791212
6269	14235	660	64	334	3791222
6275	14226	661	64	334	3791232
6283	14226	660	64	334	3791242
6289	14219	660	64	334	3791262
6299	14219	660	64	335	3791282
6306	14219	659	64	336	3791292
6306	14213	659	64	336	3791302
6313	14213	658	64	336	3791322
6322	14213	658	64	336	3791342
6335	14213	657	64	336	3791352
6342	14213	657	64	336	3791372
6349	14219	657	64.3333	335.667	3791402
6358	14219	658	65	335	3791412
6358	14226	658	66	334	3791422
6366	14226	657	66	334	3791432
6366	14233	656	66	334	3791442
6376	14233	655	66	334	3791452
6376	14244	656	66	334	3791462
6385	14244	657	66	334	3791472
6385	14251	656	66	334	3791482
6394	14251	656	66	334	3791492
6394	14258	656	66	334	3791502
6402	14258	656	66	334	3791522
6402	14264	656	65.5	333	3791542
6408	14264	656	65	332	3791572
6408	14271	657	65	332	3791632
6408	14278	658	65	332	3791652
6408	14285	659	65	332	3791672
6408	14292	662	65	332	3791692
6408	14298	663	65	332	3791712
6408	14307	664	65	332	3791722
6408	14314	663	65	332	3791732
6408	14322	666	65	332	3791742
6408	14331	667	65	332	3791752
6408	14338	674	65	332	3791762
6402	14346	683	65	332	3791782
6387	14357	684	65	332	3791792
6370	14357	688	65	332	3791802
6349	14367	671	65	332	3791812
6323	14373	637	65	332	3791822
6297	14380	253	65	332	3791842
45
6480	14345	22	61.5	330.5	3796385
6473	14345	200	63.3684	326.421	3796575
6473	14338	477	64	325	3797015
6482	14332	621	64	325	3797025
6491	14332	636	64	325	3797035
6501	14332	636	64	325	3797045
6513	14332	644	64	325	3797055
6526	14332	646	64	325	3797065
6540	14332	663	64	325	3797075
6555	14332	671	64	325	3797085
6571	14332	672	64	325	3797095
6590	14332	674	64	325	3797105
6606	14332	676	64	325	3797115
6623	14332	681	64	325	3797125
6644	14338	684	64	325	3797135
6666	14338	686	64	325	3797145
6693	14338	688	64	325	3797155
6720	14338	690	64	325	3797165
6747	14338	691	64	325	3797175
6773	14338	695	64	325	3797185
6800	14338	694	64	325	3797195
6828	14338	695	64	325	3797205
6860	14345	696	64	325	3797215
6895	14345	696	64	325	3797225
6931	14345	696	64	325	3797235
6972	14345	696	64	325	3797245
7011	14352	696	64	325	3797255
7051	14352	696	64	323	3797265
7089	14352	697	64	323	3797275
7125	14360	697	65	322	3797285
7161	14360	697	65	322	3797295
7197	14367	697	65	322	3797305
7235	14367	699	65	322	3797315
7272	14367	699	65	320	3797325
7309	14367	699	65	320	3797335
7346	14367	699	65	320	3797345
7379	14373	698	65	320	3797355
7409	14373	701	65	320	3797365
7435	14373	700	65	320	3797375
7457	14373	701	65	320	3797385
7474	14373	700	65	320	3797395
7487	14373	701	65	318	3797405
7487	14380	701	65	318	3797415
7496	14380	633	66	317	3797455
7482	14380	23	66	317	3797475
128
1677	13062	25	57	318	3800127
1660	13054	63	57	318	3800137
1651	13054	126	57	319	3800147
1644	13054	251	58	318	3800167
1636	13054	348	58	316	3800187
1636	13047	458	58	316	3800267
1647	13047	491	58	316	3800277
1657	13041	505	58	316	3800287
1669	13041	514	58	316	3800297
1685	13041	521	59	318	3800307
1702	13041	525	59	318	3800317
1719	13041	529	59	318	3800327
1737	13041	536	59	318	3800337
1756	13041	545	59	318	3800347
1777	13041	556	59	318	3800357
1800	13041	560	59	318	3800367
1825	13041	563	59	318	3800377
1850	13041	566	59	318	3800387
1876	13041	567	59	318	3800397
1904	13041	572	59	318	3800407
1932	13041	572	59	318	3800417
1959	13041	572	59	318	3800427
1989	13041	575	59	318	3800437
2019	13041	579	59	318	3800447
2050	13041	581	59	318	3800457
2081	13041	580	60	316	3800467
2113	13041	587	60	316	3800477
2145	13041	586	60	315	3800487
2175	13048	586	60	315	3800497
2205	13048	588	60	315	3800507
2232	13048	589	60	315	3800517
2258	13048	588	60	315	3800527
2284	13057	589	60	315	3800537
2311	13057	589	60	315	3800547
2340	13057	587	60	314	3800557
2370	13057	591	60	314	3800567
2399	13057	590	60	314	3800577
2427	13057	588	60	314	3800587
2455	13057	589	60	314	3800597
2482	13057	587	60	314	3800607
2510	13057	589	60	314	3800617
2538	13057	590	60	314	3800627
2566	13057	589	60	314	3800637
2595	13057	589	60	314	3800647
2626	13057	590	60	314	3800657
2657	13057	590	60	314	3800667
2688	13057	592	60	314	3800677
2719	13063	590	60	314	3800687
2749	13063	591	60	314	3800697
2781	13063	592	60	314	3800707
2813	13063	590	60	314	3800717
2846	13063	590	60	314	3800727
2878	13063	593	60	314	3800737
2910	13063	594	60	314	3800747
2943	13063	594	60	314	3800757
2975	13063	595	60	314	3800767
3006	13063	597	60	314	3800777
3035	13070	597	60	314	3800787
3064	13070	594	60	314	3800797
3092	13070	591	60	314	3800807
3120	13077	593	60	312	3800817
3146	13077	591	60	312	3800827
3172	13077	596	61	311	3800837
3199	13077	597	61	311	3800847
3227	13077	596	61	311	3800857
3255	13083	595	60	309	3800867
3283	13083	595	60	309	3800877
3308	13083	595	60	309	3800887
3333	13083	594	60	309	3800897
3358	13083	594	60	309	3800907
3382	13083	595	60	309	3800917
3408	13083	590	60	309	3800927
3436	13083	591	60	309	3800937
3465	13083	596	60	309	3800947
3497	13083	594	60	309	3800957
3527	13083	594	60	309	3800967
3556	13083	596	60	309	3800977
3585	13083	603	60	309	3800987
3614	13083	607	60	309	3800997
3641	13090	607	60	309	3801007
3669	13090	605	60	309	3801017
3696	13090	606	60	309	3801027
3721	13090	611	60	309	3801037
3748	13090	610	60	309	3801047
3774	13090	614	60	309	3801057
3801	13090	613	60	311	3801067
3827	13090	620	60	311	3801077
3855	13090	618	59	312	3801087
3881	13096	618	59	312	3801097
3907	13096	619	59	312	3801107
3937	13096	621	59	312	3801117
3968	13096	626	59	312	3801127
4002	13096	625	60	311	3801137
4037	13096	628	60	311	3801147
4072	13096	629	60	309	3801157
4107	13096	628	60	309	3801167
4140	13096	628	60	309	3801177
4174	13096	632	60	309	3801187
4208	13096	633	60	309	3801197
4244	13103	633	60	309	3801207
4280	13103	633	60	309	3801217
4320	13103	633	60	309	3801227
4360	13103	632	60	309	3801237
4403	13103	629	60	309	3801247
4447	13103	630	60	309	3801257
4492	13103	631	60	309	3801267
4536	13103	632	61	308	3801277
4580	13103	632	61	308	3801287
4623	13103	632	61	306	3801297
4667	13103	633	61	306	3801307
4711	13103	632	61	306	3801317
4756	13103	632	62	304	3801327
4801	13103	634	62	304	3801337
4849	13103	636	62	303	3801347
4900	13103	636	62	303	3801357
4952	13103	636	62	303	3801367
5007	13095	637	63	301	3801377
5056	13095	634	63	301	3801387
5104	13095	638	63	299	3801397
5151	13095	636	63	299	3801407
5196	13095	634	63	299	3801417
5241	13095	636	63	299	3801427
5283	13095	633	63	299	3801437
5322	13089	625	63	299	3801447
5354	13089	621	63	299	3801457
5376	13089	617	63	297	3801467
5391	13089	517	63.6667	296.333	3801497
5381	13089	24	64	296	3801517
75
4017	12899	25	57	319	3802111
4009	12899	123	57	319	3802141
4003	12899	215	57.5	318.5	3802181
4010	12899	352	58	316	3802191
4018	12899	367	58	316	3802201
4024	12899	391	58	316	3802211
4031	12893	424	58	316	3802231
4038	12893	465	58	316	3802251
4046	12893	500	58	316	3802271
4061	12893	522	58	316	3802281
4075	12893	536	58	316	3802291
4093	12899	543	58	316	3802301
4111	12899	548	58	316	3802311
4131	12899	549	58	316	3802321
4150	12899	555	58	316	3802331
4169	12908	564	58	316	3802341
4187	12908	566	58	316	3802351
4205	12908	572	58	316	3802361
4224	12908	573	58	316	3802371
4240	12908	572	58	316	3802381
4255	12908	574	58	316	3802391
4272	12908	580	58	316	3802401
4290	12914	583	58	316	3802411
4309	12914	586	58	316	3802421
4332	12921	588	58	316	3802431
4353	12921	588	58	316	3802441
4374	12921	588	58	316	3802451
4395	12921	589	58	316	3802461
4415	12921	589	58	316	3802471
4435	12921	590	58	316	3802481
4457	12921	591	58	316	3802491
4482	12921	591	59	315	3802501
4510	12921	592	59	315	3802511
4542	12921	596	60	314	3802521
4575	12921	597	60	314	3802531
4607	12914	599	60	314	3802541
4638	12914	598	60	312	3802551
4667	12914	601	60	312	3802561
4695	12914	604	61	311	3802571
4716	12907	603	61	311	3802581
4735	12907	604	61	311	3802591
4751	12907	605	61	311	3802601
4765	12907	611	61	309	3802611
4780	12907	610	61	309	3802621
4797	12907	611	62	307	3802631
4818	12907	611	62	307	3802641
4843	12907	613	62	307	3802651
4869	12907	613	62	307	3802661
4895	12907	614	62	307	3802671
4921	12907	615	62	307	3802681
4946	12907	614	62	307	3802691
4968	12907	618	62	307	3802701
4991	12907	618	62	307	3802711
5010	12907	618	62	307	3802721
5027	12907	619	62	307	3802731
5047	12907	619	62	307	3802741
5066	12907	620	61	306	3802751
5085	12907	620	62	304	3802761
5107	12907	621	62	304	3802771
5128	12907	622	62	303	3802781
5150	12907	621	62	303	3802791
5170	12907	621	62	303	3802801
5191	12907	622	62	303	3802811
5213	12907	622	62	303	3802821
5235	12913	621	62	303	3802831
5255	12913	621	62	303	3802841
5273	12913	622	62	303	3802851
5287	12921	622	62	303	3802861
5298	12921	621	62	303	3802871
5309	12921	620	62	303	3802881
5320	12921	621	62	303	3802891
5328	12921	621	62	303	3802901
5335	12927	621	62	303	3802911
5341	12927	620	62	303	3802931
5348	12927	486	62	303	3803011
23
5286	13242	14	65	347	3803775
5294	13252	108	65	347	3803785
5294	13263	220	65	345	3803805
5294	13276	319	65	345	3803815
5300	13285	383	65	345	3803825
5300	13292	476	65	342	3803845
5308	13299	542	65	342	3803855
5308	13292	568	65	342	3803865
5315	13273	592	65	342	3803875
5315	13242	605	65	342	3803885
5326	13201	620	65	342	3803895
5333	13149	628	65	345	3803905
5333	13095	634	65	345	3803915
5346	13044	653	65	345	3803925
5355	12994	661	65	347	3803935
5362	12952	663	65	347	3803945
5369	12919	663	65	347	3803955
5369	12893	664	67	348	3803965
5375	12876	664	67	348	3803975
5375	12866	664	68	348	3803985
5375	12859	603	68	352.75	3804065
5382	12859	275	68	355	3804075
5382	12867	33	68	355	3804095
46
5332	13307	157	64	343	3804403
5323	13317	245	65	342	3804413
5314	13317	335	65	345	3804423
5314	13325	374	65	345	3804433
5308	13325	498	65	342	3804493
5317	13325	614	65	342	3804503
5326	13325	625	65	340	3804513
5339	13332	630	65	340	3804523
5357	13332	641	65	340	3804533
5380	13340	654	65	340	3804543
5404	13340	653	65	340	3804553
5430	13340	659	65	340	3804563
5454	13340	667	65	340	3804573
5479	13340	675	65	340	3804583
5504	13333	680	65	340	3804593
5526	13324	682	66	340	3804603
5549	13313	690	66	342	3804613
5568	13302	693	67	341	3804623
5589	13291	700	67	341	3804633
5611	13278	707	67	341	3804643
5632	13263	707	67	341	3804653
5654	13244	709	67	341	3804663
5674	13222	709	67	341	3804673
5692	13197	711	67	343	3804683
5708	13170	712	67	343	3804693
5720	13150	715	67	343	3804703
5729	13128	720	67	343	3804713
5729	13110	725	68	345	3804723
5735	13094	729	68	345	3804733
5735	13074	734	69	344	3804743
5735	13053	740	69	346	3804753
5722	13033	740	69	346	3804763
5710	13010	741	69	346	3804773
5692	12987	748	69	346	3804783
5672	12965	749	70	349	3804793
5649	12945	748	70	349	3804803
5624	12927	748	70	349	3804813
5596	12915	749	70	349	3804823
5569	12905	754	70	352	3804833
5544	12897	757	70	352	3804843
5520	12889	756	70	352	3804853
5496	12882	755	70	352	3804863
5476	12875	747	70	352	3804873
5460	12875	738	70	352	3804883
5446	12867	698	69	352	3804903
5438	12867	333	68	353	3804933
83
5829	13142	48	64	2	3823400
5817	13142	73	64	2	3823410
5807	13142	118	64	4	3823420
5807	13150	197	64	4	3823450
5801	13150	420	64	4	3823530
5801	13143	565	64.6667	4	3823620
5810	13143	625	66	4	3823630
5820	13143	632	66	4	3823640
5832	13143	639	66	4	3823650
5848	13143	645	66	4	3823660
5865	13152	652	66	4	3823670
5888	13152	656	66	4	3823680
5912	13159	659	66	4	3823690
5939	13159	659	66	4	3823700
5965	13159	664	66	4	3823710
5992	13159	670	66	4	3823720
6020	13159	674	66	4	3823730
6047	13159	674	66	4	3823740
6074	13159	678	66	4	3823750
6098	13159	680	66	4	3823760
6122	13167	681	66	4	3823770
6146	13167	686	66	4	3823780
6169	13167	687	66	4	3823790
6191	13167	686	66	4	3823800
6211	13167	690	66	4	3823810
6232	13167	691	67	5	3823820
6253	13167	696	67	5	3823830
6275	13174	696	68	5	3823840
6300	13174	696	68	5	3823850
6327	13181	697	68	5	3823860
6356	13181	698	68	5	3823870
6387	13181	697	68	5	3823880
6419	13181	698	68	2	3823890
6452	13181	700	68	2	3823900
6485	13181	700	68	2	3823910
6518	13181	697	68	2	3823920
6550	13181	700	68	2	3823930
6581	13188	701	68	2	3823940
6610	13188	700	68	2	3823950
6639	13200	702	68	2	3823960
6664	13207	700	68	2	3823970
6688	13207	700	68	2	3823980
6709	13207	700	68	2	3823990
6731	13214	701	68	2	3823999
6756	13214	702	68	2	3824009
6783	13214	703	68	2	3824019
6815	13214	704	68	2	3824029
6847	13221	704	68	2	3824039
6879	13221	707	68	0	3824049
6909	13221	707	68	0	3824059
6936	13221	705	68	0	3824069
6962	13221	707	68	0	3824079
6984	13221	708	68	0	3824089
7007	13221	711	68	0	3824099
7030	13228	711	68	0	3824109
7050	13228	711	68	0	3824119
7070	13228	713	68	0	3824129
7087	13228	711	68	0	3824139
7102	13228	717	68	2	3824149
7119	13228	721	68	2	3824159
7140	13228	717	68	2	3824169
7163	13235	718	68	2	3824179
7187	13235	720	68	2	3824189
7215	13235	720	68	2	3824199
7240	13235	722	68	2	3824209
7267	13235	721	68	5	3824219
7293	13235	721	68	5	3824229
7317	13235	720	68	5	3824239
7335	13235	721	68	5	3824249
7352	13235	725	68	5	3824259
7371	13235	724	68	5	3824269
7386	13235	725	68	5	3824279
7403	13235	728	68	5	3824289
7425	13235	727	68	5	3824299
7445	13243	727	68	5	3824309
7471	13243	729	69	5	3824319
7498	13243	728	69	5	3824329
7519	13243	728	70	5	3824339
7536	13243	729	70	5	3824349
7548	13243	728	70	5	3824359
7557	13243	728	69.5	5	3824379
7564	13243	685	68.125	5	3824459
7558	13252	156	68	5	3824479
70
7478	14397	110	58	352	3825096
7478	14417	252	58	352	3825116
7478	14428	412	58	352	3825126
7470	14428	558	59.2	350.4	3825176
7470	14415	657	60	350	3825186
7481	14396	674	60	350	3825196
7487	14363	682	60	350	3825206
7494	14322	693	61	349	3825216
7501	14269	701	61	349	3825226
7501	14211	705	62	349	3825236
7509	14156	716	62	349	3825246
7509	14097	724	62	351	3825256
7515	14049	735	62	351	3825266
7515	14007	741	62	351	3825276
7522	13969	746	62	353	3825286
7522	13935	748	62	353	3825296
7522	13907	750	62	353	3825306
7522	13876	754	62	354	3825316
7530	13850	756	62	354	3825326
7530	13827	757	62	354	3825336
7530	13803	757	63	356	3825346
7530	13781	758	63	356	3825356
7530	13758	761	64	358	3825366
7530	13735	762	64	358	3825376
7530	13712	762	64	0	3825386
7530	13696	764	64	0	3825396
7530	13685	764	64	0	3825406
7530	13675	763	64	0	3825416
7530	13662	765	64	0	3825426
7530	13648	764	64	0	3825436
7530	13633	764	64	2	3825446
7530	13619	764	64	2	3825456
7530	13609	764	64	2	3825466
7530	13600	766	64	2	3825476
7530	13592	766	64	2	3825496
7523	13585	764	64	2.8	3825546
7523	13577	765	64	4	3825566
7523	13570	765	64	4	3825606
7523	13563	766	64	4	3825626
7523	13555	766	64	4	3825646
7523	13544	765	64	4	3825666
7523	13530	765	64	4	3825676
7523	13523	765	64	4	3825686
7523	13515	765	64	4	3825706
7523	13507	764	64	4	3825846
7530	13507	762	64	4	3825876
7537	13507	764	64	4	3825886
7545	13507	765	64	4	3825896
7554	13507	765	64	4	3825906
7565	13507	765	64	4	3825916
7577	13507	765	64	4	3825926
7589	13507	764	64	4	3825936
7600	13507	765	64	4	3825946
7611	13507	765	64	4	3825956
7623	13507	766	64	4	3825965
7636	13513	767	64	4	3825975
7650	13513	768	64	4	3825985
7666	13513	768	64	4	3825995
7684	13513	768	64	4	3826005
7702	13513	769	64	4	3826015
7721	13513	770	64	4	3826025
7740	13513	769	64	4	3826035
7757	13513	769	64	4	3826045
7772	13513	769	64	4	3826055
7785	13513	769	64	4	3826065
7795	13513	771	65	4	3826075
7805	13513	770	65	4	3826085
7815	13513	770	66	4	3826095
7823	13513	768	66	4	3826115
7830	13513	576	66	2.75	3826195
40
7506	13241	45	60	14	3826544
7506	13234	156	60.75	14.75	3826584
7513	13242	278	61	13	3826604
7522	13242	326	61	13	3826614
7522	13248	367	61	13	3826624
7529	13248	425	61	13	3826654
7535	13248	464	61	13	3826674
7542	13248	477	61	13	3826694
7551	13248	495	61	13	3826714
7562	13248	502	61	13	3826724
7562	13242	506	61	13	3826734
7571	13242	517	61	13	3826744
7577	13242	529	62	14	3826754
7586	13242	539	62	14	3826764
7595	13242	544	63	14	3826774
7605	13242	546	63	12	3826784
7614	13242	551	63	12	3826794
7625	13242	565	63	12	3826804
7635	13242	568	63	12	3826814
7647	13242	569	63	12	3826824
7657	13242	572	63	12	3826834
7667	13249	576	63	12	3826844
7676	13249	583	63	12	3826854
7686	13249	596	64	10	3826864
7697	13249	599	64	10	3826874
7708	13249	601	64	10	3826884
7719	13249	603	65	11	3826894
7729	13257	612	65	11	3826904
7740	13257	619	66	11	3826914
7753	13257	626	66	11	3826924
7764	13257	628	66	11	3826934
7773	13263	629	66	11	3826944
7782	13263	632	66	11	3826954
7788	13263	637	66	11	3826964
7796	13263	644	66	11	3826974
7806	13263	647	66	11	3826984
7816	13263	649	66	11	3826994
7829	13263	649	66	11	3827004
7838	13263	650	66	11	3827014
7845	13263	529	66	11	3827144
28
7838	13557	13	62	2	3827972
7827	13576	75	62	2	3827982
7816	13587	155	62	2	3827992
7795	13595	241	62	2	3828002
7785	13604	277	62	2	3828012
7776	13614	352	62	2	3828022
7770	13622	404	62	2	3828032
7770	13630	461	62	2	3828042
7763	13630	554	62	2	3828082
7763	13623	615	62	0	3828092
7777	13606	642	62	0	3828102
7796	13579	660	62	0	3828112
7820	13541	666	62	0	3828122
7847	13496	681	62	0	3828132
7875	13447	698	62	2	3828142
7898	13397	702	62	2	3828152
7915	13347	720	63	2	3828162
7915	13292	731	63	2	3828172
7915	13242	739	64	2	3828182
7899	13192	747	64	2	3828192
7878	13149	746	64	4	3828202
7856	13120	747	64	4	3828212
7837	13100	748	64	4	3828222
7826	13091	740	64	6	3828232
7819	13091	702	64	6	3828252
7819	13102	634	64	8	3828262
7830	13117	512	64	8	3828272
7845	13138	84	64	8	3828292
23
7936	13621	43	62	2	3828508
7918	13647	150	62	0	3828518
7906	13657	249	62	0	3828528
7894	13664	348	62	0	3828538
7885	13664	434	62	0	3828558
7876	13664	532	62	0	3828568
7876	13655	587	62	0	3828578
7887	13640	628	62	0	3828588
7904	13618	662	62	0	3828598
7931	13587	685	62	0	3828608
7965	13551	698	62	0	3828618
8004	13509	714	63	0	3828628
8040	13463	725	63	0	3828638
8069	13413	737	64	0	3828648
8089	13361	742	64	0	3828658
8089	13304	752	64	0	3828668
8089	13248	759	64	2	3828678
8076	13197	762	64	2	3828688
8059	13156	766	64	2	3828698
8045	13127	765	64	4	3828708
8033	13110	765	64	4	3828718
8025	13104	655	65.5	6	3828758
8025	13116	161	66	9	3828778
88
7955	13573	81	62	0	3829160
7947	13573	140	62	0	3829170
7938	13573	208	62	0	3829180
7920	13573	308	62	0	3829210
7914	13573	423	62	0	3829240
7920	13573	502	62	0	3829260
7929	13582	521	62	0	3829280
7935	13582	564	62.6667	0	3829340
7942	13582	603	64	179	3829380
7949	13582	640	64	358	3829400
7958	13582	662	64	358	3829410
7966	13582	668	64	358	3829420
7974	13582	668	64	0	3829430
7980	13582	668	64	0	3829450
7988	13582	675	64	0	3829500
7998	13582	688	64	0	3829510
8006	13588	689	64	0	3829520
8014	13588	691	64	0	3829530
8024	13588	694	64	0	3829540
8035	13588	704	64	0	3829550
8046	13588	705	64	0	3829560
8057	13588	708	64	0	3829570
8070	13588	711	64	0	3829580
8080	13588	712	64	0	3829590
8090	13588	717	64	0	3829600
8104	13596	718	64	0	3829610
8117	13596	721	64	0	3829620
8131	13596	726	64	0	3829630
8146	13596	725	64	358	3829640
8161	13596	728	64	358	3829650
8177	13596	727	64	358	3829660
8192	13596	728	64	358	3829670
8205	13589	732	65	358	3829680
8217	13589	731	65	358	3829690
8226	13581	732	66	358	3829700
8238	13574	735	66	358	3829710
8249	13574	735	66	358	3829720
8260	13564	738	66	358	3829730
8274	13557	738	66	358	3829740
8283	13550	737	66	358	3829750
8294	13550	738	66	358	3829760
8307	13538	741	66	0	3829770
8318	13538	740	66	0	3829780
8330	13529	740	66	0	3829790
8343	13529	743	67	0	3829800
8354	13519	746	67	0	3829810
8363	13519	745	68	0	3829820
8373	13506	748	68	0	3829830
8385	13495	747	68	0	3829840
8395	13485	746	68	0	3829850
8406	13474	748	68	0	3829860
8419	13461	748	68	0	3829870
8428	13450	748	68	0	3829880
8437	13438	750	68	0	3829890
8446	13426	750	68	0	3829900
8456	13415	751	68	0	3829910
8464	13404	752	68	0	3829920
8474	13391	753	68	0	3829930
8474	13379	754	68	2	3829940
8484	13368	758	68	2	3829950
8484	13358	764	68	2	3829960
8484	13347	768	68	2	3829970
8484	13336	776	69	3	3829980
8484	13324	798	69	3	3829990
8484	13311	803	70	5	3830000
8474	13296	807	70	5	3830010
8464	13280	808	70	5	3830020
8451	13263	807	70	5	3830030
8433	13242	817	70	5	3830040
8416	13227	817	70	8	3830050
8398	13210	822	70	8	3830060
8378	13196	820	70	8	3830070
8361	13186	823	70	8	3830080
8341	13177	825	70	8	3830090
8320	13169	824	69	8	3830100
8296	13160	829	69	8	3830110
8270	13151	824	68	7	3830120
8242	13141	830	68	7	3830130
8212	13130	831	68	7	3830140
8184	13120	830	68	7	3830150
8154	13110	831	68	7	3830160
8129	13102	833	68	7	3830170
8112	13102	828	68	7	3830180
8100	13102	785	68	7	3830200
8092	13102	705	68	7	3830210
8092	13110	639	67	7	3830220
8085	13118	528	67	7	3830230
8085	13125	153	66	7	3830250
38
8528	13370	25	66	2	3830866
8521	13370	122	66	2	3830926
8521	13363	274	66	2	3830946
8515	13363	619	67.9649	2	3831516
8521	13363	717	68	2	3831626
8529	13363	719	68	2	3831646
8536	13363	743	68	2	3831656
8548	13363	746	68	2	3831666
8563	13363	749	68	2	3831676
8583	13363	750	68	2	3831686
8605	13372	751	68	2	3831696
8626	13372	751	68	2	3831706
8645	13372	750	68	2	3831716
8658	13372	752	68	2	3831726
8665	13372	754	68	2	3831756
8671	13372	756	68	2	3831766
8679	13372	759	68	2	3831776
8690	13372	759	68	2	3831786
8709	13372	758	68	2	3831796
8732	13379	758	68	2	3831806
8757	13379	757	68	2	3831816
8781	13379	757	68	2	3831826
8803	13379	761	68	2	3831836
8822	13379	760	68	2	3831846
8839	13379	762	68	2	3831856
8856	13379	762	69	3	3831866
8872	13386	762	69	3	3831876
8885	13386	762	70	3	3831886
8895	13386	763	70	3	3831896
8904	13394	762	70	3	3831906
8912	13394	763	70	3	3831916
8921	13394	763	70	3	3831926
8928	13394	763	70	3	3831936
8935	13394	764	70	3	3831956
8943	13394	764	70	3	3831976
8952	13401	763	70	0	3831996
8959	13401	763	70	0	3832026
8966	13401	572	70	0	3832116
217
2225	12320	70	60	330	3835568
2216	12303	139	60	330	3835578
2216	12297	217	60	328	3835588
2206	12297	328	60	328	3835608
2216	12289	429	60	328	3835618
2222	12289	454	60	328	3835628
2231	12289	477	60	328	3835638
2239	12289	497	60	328	3835648
2247	12289	509	60	328	3835658
2255	12289	528	60	328	3835668
2265	12289	534	60	328	3835678
2276	12296	557	60	328	3835688
2288	12296	557	60	328	3835698
2302	12296	580	60	326	3835708
2319	12296	582	60	326	3835718
2337	12304	588	60	326	3835728
2355	12304	592	60	326	3835738
2371	12304	602	60	326	3835748
2387	12304	619	60	325	3835758
2403	12311	618	60	325	3835768
2416	12311	620	61	324	3835778
2428	12311	625	61	324	3835788
2437	12311	636	61	324	3835798
2447	12311	650	61	324	3835808
2462	12311	657	61	324	3835818
2482	12304	664	61	324	3835828
2506	12304	665	61	324	3835838
2534	12304	666	61	324	3835848
2560	12304	666	61	324	3835858
2587	12304	668	61	324	3835868
2612	12304	672	61	324	3835878
2636	12304	672	61	324	3835888
2659	12304	677	61	324	3835898
2683	12304	680	61	324	3835908
2706	12304	681	61	324	3835918
2731	12304	688	61	324	3835928
2758	12304	688	61	324	3835938
2783	12304	690	61	324	3835948
2810	12304	694	60	325	3835958
2836	12304	695	60	325	3835968
2864	12304	699	60	326	3835978
2895	12304	702	60	326	3835988
2926	12304	701	60	326	3835998
2960	12304	702	60	326	3836008
2995	12304	703	60	328	3836018
3028	12304	705	60	328	3836028
3060	12304	707	60	328	3836038
3093	12304	708	60	328	3836048
3125	12304	710	60	328	3836058
3155	12304	710	60	328	3836068
3185	12304	712	61	327	3836078
3215	12304	717	61	327	3836088
3246	12304	714	62	326	3836098
3276	12304	711	62	326	3836108
3305	12304	717	62	326	3836118
3335	12304	720	62	326	3836128
3363	12304	721	62	326	3836138
3391	12304	718	62	326	3836148
3420	12304	718	62	326	3836158
3452	12304	722	62	326	3836168
3484	12304	722	62	326	3836178
3519	12304	721	62	326	3836188
3554	12311	721	62	326	3836198
3586	12311	722	61	324	3836208
3620	12311	721	61	324	3836218
3653	12318	725	61	324	3836228
3688	12318	723	61	324	3836238
3723	12326	724	61	324	3836248
3764	12326	724	62	323	3836258
3805	12336	726	62	323	3836268
3849	12336	724	63	321	3836278
3895	12348	726	63	321	3836288
3945	12348	728	63	321	3836298
3994	12358	727	63	321	3836308
4048	12358	727	63	321	3836318
4098	12367	727	63	321	3836328
4145	12367	726	63	321	3836338
4191	12367	726	63	321	3836348
4236	12367	727	63	321	3836358
4283	12367	727	63	321	3836368
4331	12374	726	63	321	3836378
4380	12374	726	63	321	3836388
4429	12381	726	63	321	3836398
4480	12381	725	63	321	3836408
4529	12388	727	63	321	3836418
4576	12388	726	63	321	3836428
4621	12395	726	63	321	3836438
4663	12395	727	62	320	3836448
4703	12395	728	63	318	3836458
4742	12395	728	63	318	3836468
4783	12395	728	63	317	3836478
4825	12395	727	63	317	3836488
4868	12395	729	63	317	3836498
4912	12402	729	63	317	3836508
4955	12402	728	63	317	3836518
4997	12402	730	63	317	3836528
5037	12402	729	63	317	3836538
5073	12402	728	63	317	3836548
5109	12402	729	63	317	3836558
5143	12402	728	63	317	3836568
5176	12402	728	63	317	3836578
5211	12409	730	63	317	3836588
5245	12409	731	63	317	3836598
5275	12409	729	63	317	3836608
5306	12409	731	63	317	3836618
5336	12416	729	63	317	3836628
5366	12416	728	63	317	3836638
5398	12416	728	63	317	3836648
5430	12416	728	63	317	3836658
5463	12423	731	63	317	3836668
5499	12423	731	63	317	3836678
5535	12423	730	63	317	3836688
5572	12430	732	63	317	3836698
5609	12430	732	63	315	3836708
5645	12430	732	63	315	3836718
5682	12430	731	63	315	3836728
5719	12430	732	63	315	3836738
5758	12430	731	63	315	3836748
5795	12430	733	63	315	3836758
5832	12430	733	63	315	3836768
5871	12430	732	63	315	3836778
5909	12430	733	63	315	3836788
5947	12423	732	63	315	3836798
5986	12423	733	63	315	3836808
6023	12423	733	63	315	3836818
6060	12423	733	63	315	3836828
6095	12423	733	63	315	3836838
6129	12423	731	63	315	3836848
6163	12423	731	63	315	3836858
6195	12423	731	63	315	3836868
6231	12423	731	63	315	3836878
6270	12423	731	63	315	3836888
6311	12423	731	63	315	3836898
6355	12423	730	63	315	3836908
6399	12423	730	63	315	3836918
6444	12423	730	63	315	3836928
6487	12423	732	63	315	3836938
6530	12423	731	63	315	3836948
6571	12423	731	63	315	3836958
6608	12423	732	63	315	3836968
6646	12423	731	63	315	3836978
6684	12423	732	63	315	3836988
6721	12430	732	63	315	3836998
6760	12430	732	63	315	3837008
6795	12430	733	63	315	3837018
6833	12437	734	63	315	3837028
6867	12437	732	63	315	3837038
6900	12437	733	63	315	3837048
6934	12437	731	63	315	3837058
6963	12437	734	63	315	3837068
6994	12445	733	63	315	3837078
7025	12445	733	63	315	3837088
7052	12445	733	63	315	3837098
7080	12452	734	63	315	3837108
7105	12452	733	63	315	3837118
7128	12452	734	63	315	3837128
7153	12459	734	63	315	3837138
7176	12459	734	63	315	3837148
7200	12459	734	63	315	3837158
7225	12466	733	62	313	3837168
7249	12466	733	62	313	3837178
7276	12466	733	62	313	3837188
7304	12466	733	62	313	3837198
7332	12466	733	62	313	3837208
7361	12473	733	62	313	3837218
7391	12473	733	62	313	3837228
7420	12473	733	62	313	3837238
7451	12473	733	62	313	3837248
7483	12473	733	62	313	3837258
7516	12473	734	62	313	3837268
7551	12473	735	63	312	3837278
7588	12479	734	63	312	3837288
7625	12479	735	63	310	3837298
7660	12479	735	63	310	3837308
7695	12479	735	63	310	3837318
7726	12479	736	63	310	3837328
7756	12479	739	63	310	3837338
7787	12479	738	63	310	3837348
7818	12479	738	63	310	3837358
7847	12479	738	63	310	3837368
7876	12479	735	63	310	3837378
7906	12479	738	63	309	3837388
7939	12479	738	63	309	3837398
7971	12479	738	63	309	3837408
8005	12479	738	63	309	3837418
8037	12479	737	63	309	3837428
8065	12479	738	63	309	3837438
8091	12479	737	63	309	3837448
8115	12479	737	63	309	3837458
8140	12479	737	63	309	3837468
8165	12486	735	63	309	3837478
8191	12486	736	63	309	3837488
8217	12486	736	63	309	3837498
8240	12486	735	63	309	3837508
8262	12486	736	63	309	3837518
8279	12486	734	63	309	3837528
8295	12486	736	63	309	3837538
8315	12486	735	63	309	3837548
8335	12486	735	63	309	3837558
8356	12486	736	63	309	3837568
8382	12486	735	63	309	3837578
8404	12486	734	62	306	3837588
8426	12486	733	62	306	3837598
8447	12486	736	63	304	3837608
8469	12486	734	63	304	3837618
8491	12486	736	63	304	3837628
8516	12486	736	63	304	3837638
8537	12486	735	63	304	3837648
8552	12486	735	63	304	3837658
8565	12492	735	63	304	3837668
8573	12492	735	63	304	3837688
8580	12492	736	63.6	300.8	3837738
8588	12492	737	64	300	3837758
8596	12492	736	64	300	3837768
8604	12492	735	64	300	3837788
8614	12492	711	64	300	3838058
8605	12492	4	64	300	3838078
187
3695	12103	31	58	330	3841012
3695	12110	223	58	330	3841352
3689	12110	286	58	330	3841382
3689	12102	283	58	330	3841442
3682	12102	281	58	330	3841452
3682	12096	277	58	330	3841552
3682	12089	399	58.1364	330.273	3841772
3682	12083	603	59	332	3841852
3689	12083	635	59	332	3841872
3701	12083	654	59	332	3841882
3712	12083	656	60	331	3841892
3726	12075	656	60	331	3841902
3744	12075	661	60	330	3841912
3763	12075	662	60	330	3841922
3779	12075	664	60	330	3841932
3795	12075	665	60	328	3841942
3808	12075	671	60	328	3841952
3821	12075	677	60	328	3841962
3833	12075	680	60	330	3841972
3845	12082	679	60	330	3841982
3857	12082	684	60	330	3841992
3870	12082	689	60	330	3842002
3885	12082	693	60	330	3842012
3904	12082	694	60	330	3842022
3926	12089	693	60	330	3842032
3949	12089	696	60	330	3842042
3977	12089	704	60	330	3842052
4005	12089	706	60	330	3842062
4035	12089	704	60	330	3842072
4065	12089	705	60	330	3842082
4092	12089	705	60	330	3842092
4119	12089	709	60	330	3842102
4149	12089	709	60	330	3842112
4176	12089	709	60	330	3842122
4204	12089	709	60	330	3842132
4230	12089	710	60	330	3842142
4255	12089	710	60	330	3842152
4281	12089	712	61	327	3842162
4306	12089	711	61	327	3842172
4333	12098	712	62	326	3842182
4357	12098	712	62	326	3842192
4381	12098	712	62	327	3842202
4407	12104	710	62	327	3842212
4432	12104	711	62	327	3842222
4459	12104	711	62	327	3842232
4487	12104	711	62	327	3842242
4518	12104	712	62	327	3842252
4554	12111	713	63	326	3842262
4590	12111	714	63	326	3842272
4625	12111	718	64	325	3842282
4661	12111	717	64	325	3842292
4695	12111	718	64	325	3842302
4730	12111	716	64	325	3842312
4767	12111	718	64	325	3842322
4803	12111	716	64	323	3842332
4841	12111	717	64	323	3842342
4879	12111	717	65	322	3842352
4917	12111	720	65	322	3842362
4957	12111	717	65	322	3842372
4999	12111	717	65	322	3842382
5040	12111	718	65	322	3842392
5080	12119	716	65	322	3842402
5116	12119	717	65	322	3842412
5153	12119	717	65	322	3842422
5187	12119	717	65	322	3842432
5223	12128	717	65	322	3842442
5259	12128	717	65	322	3842452
5295	12128	717	65	322	3842462
5329	12135	717	65	322	3842472
5363	12135	716	65	322	3842482
5399	12135	717	65	322	3842492
5432	12142	717	65	322	3842502
5468	12142	717	65	322	3842512
5505	12142	715	65	322	3842522
5539	12148	715	65	322	3842532
5575	12148	716	65	322	3842542
5610	12148	717	65	322	3842552
5648	12158	716	65	322	3842562
5685	12158	717	65	320	3842572
5725	12166	718	65	320	3842582
5764	12166	716	65	320	3842592
5804	12166	718	65	320	3842602
5846	12166	717	65	320	3842612
5889	12174	718	65	320	3842622
5932	12174	718	65	320	3842632
5975	12174	720	65	320	3842642
6021	12181	716	65	320	3842652
6068	12181	717	65	320	3842662
6114	12181	716	65	320	3842672
6160	12181	717	65	320	3842682
6203	12181	717	65	320	3842692
6243	12181	716	65	320	3842702
6283	12181	717	65	320	3842712
6323	12181	716	65	320	3842722
6362	12181	717	65	320	3842732
6404	12181	714	65	320	3842742
6446	12181	717	65	320	3842752
6486	12181	716	65	320	3842762
6525	12181	717	65	320	3842772
6561	12181	716	65	320	3842782
6595	12181	716	65	320	3842792
6628	12181	717	65	320	3842802
6656	12181	718	65	320	3842812
6682	12181	716	65	320	3842822
6706	12175	716	65	320	3842832
6731	12175	717	65	320	3842842
6756	12175	718	65	320	3842852
6783	12175	718	65	320	3842862
6809	12175	720	65	320	3842872
6832	12175	718	65	320	3842882
6855	12175	718	65	320	3842892
6877	12175	718	65	320	3842902
6900	12175	718	65	320	3842912
6927	12175	720	65	320	3842922
6953	12175	720	65	320	3842932
6980	12175	718	65	320	3842942
7008	12175	720	65	320	3842952
7036	12175	720	65	320	3842962
7068	12181	718	65	320	3842972
7098	12181	718	64	318	3842982
7128	12181	716	64	318	3842992
7158	12181	716	64	318	3843002
7187	12181	718	64	318	3843012
7217	12181	718	64	318	3843022
7248	12188	717	64	318	3843032
7277	12188	717	64	318	3843042
7309	12188	716	64	318	3843052
7343	12188	717	64	318	3843062
7379	12188	716	64	318	3843072
7415	12188	716	64	318	3843082
7449	12188	717	64	318	3843092
7482	12194	717	64	318	3843102
7514	12194	717	64	318	3843112
7545	12194	717	64	318	3843122
7575	12194	717	64	318	3843132
7604	12194	716	64	318	3843142
7633	12201	716	64	318	3843152
7661	12201	717	64	318	3843162
7689	12201	717	63	317	3843172
7715	12201	717	63	317	3843182
7740	12207	716	63	317	3843192
7763	12207	716	63	317	3843202
7787	12207	716	63	317	3843212
7811	12215	716	63	317	3843222
7833	12215	716	63	317	3843232
7857	12215	717	63	317	3843242
7881	12215	716	63	317	3843252
7907	12222	716	63	317	3843262
7934	12222	716	63	317	3843272
7964	12222	716	63	317	3843282
7995	12229	717	63	317	3843292
8030	12229	716	63	317	3843302
8066	12229	716	63	315	3843312
8100	12229	716	63	313	3843322
8134	12229	717	63	313	3843332
8169	12229	717	64	312	3843342
8205	12229	716	64	312	3843352
8244	12229	716	64	312	3843362
8280	12229	715	64	312	3843372
8314	12229	716	64	312	3843382
8349	12229	715	64	312	3843392
8380	12229	716	64	312	3843402
8409	12229	716	64	312	3843412
8432	12229	716	64	312	3843422
8452	12229	717	64	312	3843432
8471	12229	717	63	310	3843442
8488	12229	716	63	310	3843452
8505	12236	717	63	310	3843462
8525	12236	717	63	310	3843472
8544	12236	717	63	310	3843482
8565	12243	717	64	309	3843492
8587	12243	716	64	309	3843502
8609	12243	717	64	305	3843512
8628	12250	717	64	305	3843522
8645	12250	716	64	305	3843532
8663	12250	717	64	305	3843542
8684	12257	717	64	305	3843552
8702	12257	717	64	305	3843562
8723	12257	716	64	305	3843572
8742	12265	717	64	305	3843582
8758	12265	716	64	305	3843592
8774	12265	716	64	305	3843602
8790	12265	716	64	305	3843612
8803	12265	717	64	305	3843622
8812	12265	716	64	305	3843642
8820	12265	698	64	305	3843772
8814	12265	261	64	305	3843802
34
8537	12505	17	60	315	3844452
8528	12505	42	60	315	3844472
8521	12505	97	60	315	3844512
8513	12505	199	60	314.667	3844542
8506	12505	263	60	314	3844572
8506	12498	332	60	314	3844592
8518	12498	392	60	314	3844602
8527	12498	419	60	314	3844612
8539	12498	439	60	314	3844622
8552	12498	456	60	314	3844632
8565	12498	477	60	314	3844642
8580	12498	501	60	314	3844652
8594	12498	515	60	314	3844662
8609	12498	517	60	314	3844672
8624	12498	519	60	314	3844682
8640	12506	528	60	312	3844692
8658	12506	537	60	312	3844702
8679	12506	545	61	311	3844712
8702	12513	555	61	311	3844722
8727	12513	558	61	311	3844732
8756	12513	567	61	311	3844742
8788	12513	571	61	311	3844752
8822	12520	575	61	311	3844762
8861	12520	578	61	311	3844772
8899	12520	583	61	311	3844782
8939	12520	587	61	311	3844792
8976	12520	590	61	311	3844802
9011	12520	589	61	309	3844812
9040	12520	591	61	309	3844822
9063	12520	590	62	307	3844832
9081	12520	592	62	307	3844842
9096	12520	590	62	307	3844852
9107	12520	590	62	307	3844862
9114	12520	382	62	307	3844932
11
8815	12315	142	62	313	3845156
8808	12315	255	62	313	3845176
8801	12315	315	62	313	3845186
8801	12307	348	62	313	3845206
8816	12296	370	62	313	3845216
8834	12296	380	62	313	3845226
8861	12296	386	62	313	3845236
8894	12296	390	62	313	3845246
8929	12302	388	62	313	3845256
8961	12309	357	62	313	3845266
8985	12315	129	62	313	3845286
58
8823	13338	174	58.6667	325.333	3845860
8807	13348	324	59	325	3845880
8807	13357	585	59	323.4	3845980
8807	13344	704	59	323	3845990
8807	13324	712	59	323	3846000
8817	13292	727	59	323	3846010
8825	13251	733	59	323	3846020
8835	13207	743	59	323	3846030
8846	13158	747	59	325	3846040
8854	13113	750	59	325	3846050
8861	13068	752	59	325	3846060
8861	13028	761	60	326	3846070
8867	12991	765	60	326	3846080
8867	12956	771	60	326	3846090
8867	12924	772	60	328	3846100
8867	12894	776	60	328	3846110
8867	12869	777	60	330	3846120
8874	12851	779	60	330	3846130
8874	12836	780	61	331	3846140
8874	12827	781	62	330	3846150
8880	12821	784	62.5	330.5	3846170
8880	12814	782	63	331.667	3846200
8880	12806	780	63	333	3846210
8880	12797	780	63	333	3846220
8880	12786	779	63	333	3846230
8880	12773	779	63	333	3846240
8874	12760	780	63	333	3846250
8874	12750	779	63	333	3846260
8874	12744	778	63	333	3846270
8874	12737	779	63	333	3846290
8874	12727	779	63	333	3846300
8867	12720	780	64	334	3846310
8867	12714	780	64	334	3846320
8867	12707	779	64	334	3846340
8867	12700	774	64	334	3846430
8875	12700	769	64	334	3846450
8884	12700	771	64	334	3846460
8895	12700	774	64	334	3846470
8911	12706	775	64	334	3846480
8930	12706	775	64	334	3846490
8955	12706	776	64	334	3846500
8978	12706	778	64	334	3846510
9004	12706	778	64	334	3846520
9034	12706	779	64	334	3846530
9062	12713	779	64	334	3846540
9090	12713	780	64	334	3846550
9117	12720	784	64	334	3846560
9139	12720	783	64	334	3846570
9156	12720	783	65	333	3846580
9171	12728	783	65	333	3846590
9181	12728	783	65	332	3846600
9190	12728	783	65	332	3846610
9198	12728	783	65	332	3846630
9208	12728	782	65	332	3846650
9216	12734	782	65	332	3846670
9227	12734	782	65	332	3846690
9237	12734	781	65	332	3846730
9243	12734	611	65	332	3846820
32
8884	12296	14	65	340	3847408
8876	12296	74	65	340	3847478
8869	12296	253	64	338	3847508
8861	12296	451	64	338	3847608
8868	12296	558	64	338	3847618
8877	12296	572	64	338	3847628
8889	12296	579	64	338	3847638
8904	12296	583	64	338	3847648
8919	12296	591	64	338	3847658
8933	12296	596	64	338	3847668
8946	12296	602	64	338	3847678
8957	12296	608	64	338	3847688
8966	12289	615	64	338	3847698
8975	12289	627	64	338	3847708
8985	12289	636	64	338	3847718
8998	12289	644	64	338	3847728
9013	12289	646	65	337	3847738
9030	12289	653	65	337	3847748
9050	12289	653	66	336	3847758
9072	12289	659	66	336	3847768
9095	12289	660	66	336	3847778
9119	12289	660	66	336	3847788
9139	12289	663	66	336	3847798
9161	12289	667	66	336	3847808
9181	12289	671	66	336	3847818
9198	12289	672	66	336	3847828
9213	12289	677	66	336	3847838
9224	12289	682	66	336	3847848
9230	12289	687	66	336	3847868
9237	12289	686	66	336	3847898
9243	12289	686	66	336	3847928
9250	12289	465	67.1667	335.333	3847988
28
9118	12913	115	64	338	3849156
9096	12913	189	64	338	3849166
9084	12913	299	64	338	3849176
9075	12906	386	64	338	3849196
9066	12898	489	64	338	3849216
9066	12884	546	65	340	3849226
9079	12870	578	65	340	3849236
9093	12851	597	65	340	3849246
9115	12822	613	65	340	3849256
9143	12788	622	66	340	3849266
9178	12748	633	66	342	3849276
9218	12702	638	67	341	3849286
9256	12652	641	67	341	3849296
9292	12600	651	67	341	3849306
9322	12546	660	67	343	3849316
9342	12491	689	67	343	3849326
9350	12436	704	68	342	3849336
9350	12382	712	68	345	3849346
9335	12331	731	69	346	3849356
9319	12286	738	69	346	3849366
9300	12249	738	70	349	3849376
9282	12222	742	70	349	3849386
9266	12202	743	70	352	3849396
9251	12191	732	70	352	3849406
9240	12191	716	71	351	3849416
9234	12182	663	71.5	352.5	3849436
9234	12191	515	72	354	3849446
9240	12205	60	72	354	3849466
86
9184	12783	13	66	340	3849780
9184	12792	67	67	339	3849790
9184	12800	164	67	339	3849810
9184	12807	359	67	339	3849860
9193	12807	506	67	339	3849880
9199	12807	548	67	339	3849890
9206	12807	567	67	339	3849900
9214	12807	576	67	339	3849910
9225	12807	588	67	339	3849920
9238	12813	593	67	339	3849930
9251	12813	622	67	339	3849940
9265	12813	625	67	339	3849950
9281	12813	643	67	339	3849960
9300	12820	649	67	339	3849970
9318	12820	656	66	336	3849980
9340	12820	667	66	336	3849990
9362	12829	672	66	336	3850000
9385	12829	680	66	336	3850010
9408	12829	683	67	335	3850020
9431	12829	688	67	335	3850030
9451	12822	693	68	334	3850040
9474	12822	695	68	334	3850050
9496	12816	698	68	334	3850060
9521	12816	702	68	336	3850070
9547	12816	708	68	336	3850080
9570	12816	709	68	336	3850090
9595	12806	714	68	336	3850100
9617	12806	716	68	336	3850110
9638	12797	717	68	336	3850120
9660	12797	720	68	336	3850130
9681	12790	724	68	336	3850140
9702	12790	726	68	336	3850150
9721	12777	727	68	336	3850160
9741	12770	728	69	335	3850170
9759	12762	730	69	335	3850180
9778	12755	731	70	334	3850190
9795	12747	734	70	334	3850200
9810	12737	734	70	334	3850210
9824	12728	734	70	334	3850220
9837	12717	733	70	334	3850230
9849	12706	735	71	337	3850240
9863	12695	738	71	337	3850250
9876	12683	738	71	337	3850260
9889	12671	739	71	337	3850270
9904	12658	742	71	337	3850280
9917	12645	743	71	337	3850290
9930	12630	741	71	335	3850300
9941	12614	742	72	338	3850310
9949	12599	740	73	337	3850320
9949	12583	743	73	337	3850330
9960	12570	742	73	337	3850340
9960	12556	743	73	337	3850350
9971	12542	746	73	337	3850360
9971	12528	747	73	337	3850370
9978	12513	749	73	340	3850380
9978	12497	753	73	340	3850390
9978	12478	757	73	340	3850400
9978	12460	761	73	340	3850410
9978	12438	764	73	340	3850420
9978	12417	766	73	340	3850430
9971	12397	766	73	343	3850440
9961	12378	768	73	343	3850450
9953	12362	769	73	343	3850460
9941	12347	769	73	343	3850470
9927	12333	769	73	343	3850480
9911	12319	772	73	343	3850490
9891	12306	770	74	346	3850500
9870	12291	766	74	346	3850510
9844	12277	761	74	346	3850520
9816	12262	764	74	346	3850530
9786	12247	769	74	346	3850540
9753	12233	767	74	346	3850550
9720	12219	766	74	346	3850560
9686	12207	761	74	346	3850570
9650	12193	763	74	346	3850580
9612	12181	763	74	346	3850590
9571	12173	761	74	346	3850600
9529	12163	762	74	346	3850610
9482	12157	758	74	346	3850620
9435	12157	763	74	346	3850630
9390	12157	758	73	347	3850640
9350	12157	748	73	347	3850650
9318	12157	731	72	348	3850660
9295	12157	673	72	348	3850670
9280	12167	582	72	348	3850680
9270	12174	154	72	348	3850700
18
10005	12502	159	69	341	3851705
9984	12502	238	69	341	3851715
9975	12495	407	69	341	3851735
9966	12495	544	69	341	3851765
9980	12495	607	69	341	3851775
10004	12495	634	69	341	3851785
10038	12495	653	70	340	3851795
10082	12495	674	70	340	3851805
10134	12495	685	71	339	3851815
10186	12495	691	71	339	3851825
10232	12503	695	71	339	3851835
10273	12503	701	71	342	3851845
10303	12503	708	71	342	3851855
10321	12503	718	72	341	3851865
10335	12503	727	72	341	3851874
10342	12503	788	74.2308	338.231	3852004
10349	12503	791	73.1538	339.154	3852134
10349	12509	251	70.5	339.5	3852174
51
10330	12755	69	63	340	3852657
10323	12762	159	63.5	339.5	3852677
10317	12770	594	66.25	335.771	3853156
10323	12770	685	68	336	3853176
10331	12755	694	68	336	3853186
10338	12741	695	68	336	3853196
10349	12722	700	68	336	3853206
10358	12703	700	68	336	3853216
10367	12684	705	68	336	3853226
10378	12664	704	68	336	3853236
10386	12647	704	68	336	3853246
10395	12628	704	68	336	3853256
10406	12613	708	69	339	3853266
10420	12600	709	69	339	3853276
10436	12585	711	69	339	3853286
10455	12572	712	69	339	3853296
10475	12562	711	69	339	3853306
10493	12555	708	69	339	3853316
10509	12555	710	69	339	3853326
10527	12555	712	69	341	3853336
10542	12555	710	69	341	3853346
10555	12564	710	69	341	3853356
10568	12564	711	69	341	3853366
10578	12579	711	69	341	3853376
10588	12591	710	69	341	3853386
10597	12605	709	69	341	3853396
10605	12622	710	70	340	3853406
10605	12637	711	70	340	3853416
10616	12654	710	71	339	3853426
10616	12670	710	71	339	3853436
10624	12685	709	71	339	3853446
10624	12697	709	71	339	3853456
10624	12704	710	71	339	3853466
10624	12712	711	71	339	3853486
10624	12721	713	71	337.667	3853516
10624	12728	731	71	337	3853606
10624	12716	749	71	337	3853616
10624	12696	756	71	337	3853626
10616	12664	760	71	337	3853636
10607	12621	775	71	337	3853646
10598	12567	790	71	337	3853656
10586	12509	803	71	337	3853666
10575	12450	820	71	339	3853676
10564	12393	825	71	339	3853686
10554	12344	824	71	339	3853696
10546	12305	830	71	339	3853706
10546	12276	831	71	342	3853716
10539	12258	830	71	342	3853726
10539	12249	819	71	344.6	3853876
10539	12255	766	71	345	3853956
10545	12268	151	71	345	3853976
