52
31
1704	18635	243	61	349	3211888
1704	18595	305	61	349	3211898
1704	18580	381	62	349	3211908
1704	18570	440	62.5	350.5	3211928
1704	18561	511	63.6667	350	3211958
1711	18573	568	65	351	3211968
1711	18591	589	65	351	3211978
1724	18622	604	66	351	3211988
1733	18663	613	66	351	3211998
1743	18711	616	66	351	3212008
1756	18765	619	66	351	3212018
1768	18815	619	66	351	3212028
1777	18854	620	66	349	3212038
1785	18883	620	66	349	3212048
1785	18898	619	66	349	3212058
1792	18898	621	65	347	3212068
1792	18906	625	65	347	3212078
1800	18906	642	65	347	3212088
1809	18889	650	65	345	3212098
1822	18862	667	65	345	3212108
1840	18823	672	65	345	3212118
1859	18774	675	64	345	3212128
1877	18717	683	64	343	3212138
1893	18664	686	64	345	3212148
1908	18617	684	65	345	3212158
1920	18579	683	65	345	3212168
1928	18551	675	65	345	3212178
1935	18536	654	65	347	3212188
1935	18526	613	65	347	3212198
1942	18526	476	66.5	347	3212218
1942	18543	46	68	348	3212238
10
1745	18706	304	64	350	3212344
1716	18685	401	63	350	3212354
1708	18675	473	62.5	348.5	3212374
1717	18675	506	62	349	3212384
1741	18675	518	62	349	3212394
1772	18675	519	62	349	3212404
1807	18687	512	62	349	3212414
1840	18697	474	62	349	3212424
1865	18706	374	62	349	3212434
1883	18714	39	63	348	3212454
20
1757	18888	52	61	343	3212948
1764	18888	108	61	343	3212968
1764	18881	151	61	343	3212978
1764	18872	194	61	343	3212988
1764	18856	216	61	343	3212998
1764	18834	252	61	343	3213008
1756	18806	285	61	345	3213018
1756	18775	318	61	345	3213028
1745	18742	349	61	345	3213038
1739	18710	365	61	345	3213048
1739	18680	366	61	347	3213058
1725	18649	373	61	347	3213068
1718	18620	377	62	346	3213078
1710	18593	386	63	348	3213088
1704	18568	390	63	348	3213098
1704	18550	393	63	348	3213108
1694	18534	398	64	350	3213118
1694	18521	397	64	350	3213128
1694	18513	393	64	350	3213138
1687	18513	218	65.4286	352	3213208
105
2161	18701	8	63	348	3213868
2161	18693	25	63.5	347.5	3213888
2155	18693	134	64.8	347	3213938
2148	18693	424	65	347	3214148
2156	18693	547	65	345.3	3214348
2162	18693	558	65	345	3214408
2174	18693	569	65	345	3214418
2181	18693	569	65	345	3214428
2188	18700	570	65	345	3214438
2195	18700	569	65	345	3214458
2205	18700	572	65	345	3214478
2218	18706	573	65	345	3214498
2230	18706	574	65	345	3214508
2237	18706	574	65	345	3214518
2246	18706	574	65	345	3214528
2255	18706	574	65	345	3214538
2264	18713	575	65	345	3214548
2272	18713	579	65	345	3214558
2281	18713	580	65	345	3214568
2291	18713	579	65	345	3214578
2302	18713	580	65	345	3214588
2313	18713	580	65	345	3214598
2325	18713	581	66	344	3214608
2338	18719	581	66	344	3214618
2354	18719	581	67	343	3214628
2370	18719	582	67	343	3214638
2385	18719	581	67	343	3214648
2398	18719	579	67	341	3214658
2411	18726	580	67	341	3214668
2423	18726	580	67	341	3214678
2437	18726	579	67	341	3214688
2451	18732	580	67	341	3214698
2465	18732	581	67	341	3214708
2479	18732	580	67	341	3214718
2496	18732	580	67	341	3214728
2513	18732	581	67	341	3214738
2531	18732	581	67	341	3214748
2548	18739	579	67	341	3214758
2565	18739	581	67	341	3214768
2584	18739	581	67	341	3214778
2605	18739	581	67	341	3214788
2627	18746	580	67	341	3214798
2648	18746	582	67	341	3214808
2667	18746	581	67	341	3214818
2685	18746	582	67	341	3214828
2705	18746	581	67	341	3214838
2724	18746	580	67	341	3214848
2741	18746	582	67	341	3214858
2759	18746	581	67	341	3214868
2777	18746	582	67	341	3214878
2798	18746	582	67	341	3214888
2821	18746	582	67	341	3214898
2845	18746	581	67	341	3214908
2869	18746	581	67	341	3214918
2893	18746	585	67	341	3214928
2919	18746	582	67	341	3214938
2944	18746	582	67	341	3214948
2970	18746	582	67	341	3214958
2994	18746	581	67	341	3214968
3015	18746	581	67	341	3214978
3037	18746	583	67	341	3214988
3062	18753	585	68	340	3214998
3090	18753	582	68	340	3215008
3117	18753	583	69	339	3215018
3146	18761	581	69	339	3215028
3174	18761	581	69	339	3215038
3202	18761	581	69	339	3215048
3228	18769	581	69	339	3215058
3252	18769	580	69	339	3215068
3272	18769	581	69	339	3215078
3293	18776	581	69	339	3215088
3315	18776	581	69	339	3215098
3339	18776	582	69	339	3215108
3362	18776	582	69	339	3215118
3388	18783	581	69	339	3215128
3412	18783	582	70	338	3215138
3438	18783	581	69	335	3215148
3466	18783	581	70	334	3215158
3496	18792	581	70	334	3215168
3526	18792	581	70	334	3215178
3558	18792	581	70	334	3215188
3589	18800	581	70	334	3215198
3618	18800	582	69	335	3215208
3645	18800	582	69	335	3215218
3667	18800	581	68	336	3215228
3690	18806	583	68	336	3215238
3715	18806	585	68	336	3215248
3747	18814	583	68	336	3215258
3782	18814	583	68	336	3215268
3823	18822	585	68	336	3215278
3862	18822	585	68	336	3215288
3899	18822	583	68	336	3215298
3934	18830	583	68	336	3215308
3965	18830	583	68	336	3215318
3993	18830	585	68	336	3215328
4017	18830	583	68	336	3215338
4037	18836	587	68	336	3215348
4057	18836	586	68	336	3215358
4078	18836	587	68	336	3215368
4099	18836	587	68	336	3215378
4118	18836	587	68	336	3215388
4132	18836	586	68	336	3215398
4140	18836	587	68	336	3215418
4147	18836	495	68	336	3215458
4140	18836	25	68	336	3215478
16
1705	17468	107	62	351	3217312
1712	17496	171	62	349	3217322
1712	17509	287	62	349	3217332
1720	17519	375	63	348	3217342
1720	17526	464	63	348	3217362
1726	17526	529	63	348	3217372
1726	17518	565	63	348	3217382
1742	17494	587	64	347	3217392
1754	17455	605	64	347	3217402
1766	17399	626	65	347	3217412
1777	17338	639	65	347	3217422
1785	17281	644	66	349	3217432
1792	17231	643	66	349	3217442
1792	17192	644	66	349	3217452
1800	17167	640	66	351	3217462
1800	17152	417	66	352.2	3217512
31
1809	17465	13	63	352	3217656
1769	17465	300	63	352	3217666
1747	17457	361	62	353	3217676
1729	17457	421	63	351	3217696
1737	17466	429	64	350	3217706
1769	17483	429	64	350	3217716
1816	17502	431	64	350	3217726
1871	17521	437	64	350	3217736
1917	17530	443	64	350	3217746
1949	17530	477	64	347	3217756
1962	17513	505	64	347	3217766
1962	17486	538	65	347	3217776
1939	17451	553	65	347	3217786
1913	17410	566	65	347	3217796
1888	17367	565	65	347	3217806
1874	17329	563	66	349	3217816
1874	17293	564	66	349	3217826
1900	17263	564	66	349	3217836
1935	17238	566	66	349	3217846
1976	17217	567	66	351	3217856
2008	17201	576	67	351	3217866
2026	17186	608	67	351	3217876
2026	17168	630	68	350	3217886
2003	17146	648	68	353	3217896
1966	17123	648	68	353	3217906
1921	17101	650	67	353	3217916
1873	17089	646	67	353	3217926
1830	17089	645	66	353	3217936
1796	17089	622	66	353	3217946
1771	17098	573	66	353	3217956
1760	17110	232	66	353	3217976
28
1977	15915	75	62	351	3218648
2006	15870	173	62	353	3218658
2006	15857	256	62	353	3218668
2016	15857	339	62	353	3218678
2008	15857	397	62	353	3218688
2008	15869	433	62	354	3218698
2014	15886	479	62	354	3218708
2014	15908	520	62	354	3218718
2007	15930	544	62	354	3218728
1993	15948	612	62	354	3218738
1971	15958	622	62	356	3218748
1943	15958	628	62	356	3218758
1913	15928	627	62	356	3218768
1883	15884	632	63	356	3218778
1860	15826	637	63	356	3218788
1846	15760	638	64	356	3218798
1846	15696	640	64	358	3218808
1862	15645	643	64	358	3218818
1889	15609	651	64	358	3218828
1924	15591	659	64	358	3218838
1964	15591	663	64	358	3218848
2001	15591	663	64	358	3218858
2036	15605	665	65	0	3218868
2064	15620	663	65	0	3218878
2086	15637	646	66	0	3218888
2104	15652	616	66	0	3218898
2116	15664	513	66	0	3218908
2127	15673	96	66	0	3218928
15
1883	14169	217	62	349	3219524
1873	14192	432	62	349	3219554
1873	14170	556	62	351	3219564
1888	14127	598	63	350	3219574
1905	14066	633	63	350	3219584
1922	13988	670	64	352	3219594
1937	13906	686	64	352	3219604
1950	13828	694	64	352	3219614
1960	13763	700	64	354	3219624
1967	13710	695	65	354	3219634
1967	13677	674	65	356	3219644
1979	13659	590	66	357	3219664
1990	13677	481	66	358	3219674
1990	13713	324	66	0	3219684
1998	13766	45	66	0	3219704
24
1931	14094	129	66	0	3219760
1886	14144	201	66	0	3219770
1863	14153	352	66	0	3219780
1845	14153	403	66	0	3219790
1837	14153	442	65	0	3219800
1837	14140	489	65	358	3219810
1863	14128	525	64	358	3219820
1905	14113	555	64	358	3219830
1965	14095	589	64	356	3219840
2038	14068	615	64	356	3219850
2109	14035	645	64	356	3219860
2171	13996	681	64	356	3219870
2212	13953	704	65	356	3219880
2235	13909	727	65	356	3219890
2235	13864	740	66	358	3219900
2225	13814	753	66	358	3219910
2195	13766	752	66	358	3219920
2153	13720	751	66	0	3219930
2105	13684	745	66	0	3219940
2059	13663	718	67	0	3219950
2022	13654	705	67	0	3219960
1999	13654	642	68	0	3219970
1986	13662	495	68	2	3219980
1986	13678	49	68	2	3220000
64
2341	17492	13	61	347	3221192
2323	17485	58	62	346	3221202
2316	17485	154	62.8	346	3221252
2316	17478	250	63	346	3221262
2325	17478	273	63	346	3221272
2333	17478	295	63	346	3221282
2345	17471	328	63	346	3221292
2364	17471	353	63	346	3221302
2388	17471	363	63	346	3221312
2418	17471	381	63	346	3221322
2453	17477	390	63	346	3221332
2493	17477	404	63	346	3221342
2538	17477	417	63	346	3221352
2586	17486	428	63	346	3221362
2637	17486	435	63	346	3221372
2687	17493	447	63	346	3221382
2738	17493	456	63	346	3221392
2789	17501	464	63	346	3221402
2840	17501	466	63	346	3221412
2892	17510	468	63	346	3221422
2942	17510	468	63	346	3221432
2991	17516	470	62	346	3221442
3038	17516	472	62	346	3221452
3083	17516	476	61	347	3221462
3127	17516	473	61	347	3221472
3171	17516	476	61	347	3221482
3213	17516	478	61	347	3221492
3255	17516	474	61	347	3221502
3298	17516	476	61	347	3221512
3340	17516	478	61	347	3221522
3385	17516	480	61	347	3221532
3430	17516	477	61	347	3221542
3476	17516	480	61	347	3221552
3521	17516	482	61	347	3221562
3563	17516	479	62	346	3221572
3601	17523	481	62	346	3221582
3636	17523	479	63	346	3221592
3666	17523	484	63	346	3221602
3693	17523	488	63	346	3221612
3718	17531	489	63	346	3221622
3739	17531	484	63	346	3221632
3759	17531	489	63	346	3221642
3779	17539	489	63	346	3221652
3795	17539	486	63	346	3221662
3810	17539	486	63	346	3221672
3824	17539	485	63	346	3221682
3837	17539	489	63	346	3221692
3852	17539	488	63	346	3221702
3869	17539	489	63	346	3221712
3886	17539	493	63	346	3221722
3903	17546	496	63	346	3221732
3918	17546	493	63	346	3221742
3934	17546	495	63	346	3221752
3947	17546	493	63	346	3221762
3959	17553	494	63	346	3221772
3968	17553	493	63	346	3221782
3975	17553	494	63	346	3221802
3986	17553	494	63	346	3221842
3992	17553	620	63	346.6	3222142
3992	17560	753	63.6	349.2	3222192
3999	17560	673	62.8	353.2	3222692
4018	17560	399	61.75	353	3222732
4003	17560	339	61	353	3222742
4003	17566	152	60	353	3222802
24
3976	17757	24	56	351	3223524
3983	17781	71	56	351	3223534
3983	17794	135	56	351	3223544
3983	17807	210	56	351	3223554
3975	17817	275	57	351	3223564
3975	17827	363	57.5	350.5	3223584
3975	17835	444	58	350	3223594
3982	17835	490	58	350	3223614
3982	17813	554	58	350	3223624
3993	17785	594	58	350	3223634
4003	17741	615	58	349	3223644
4013	17685	626	58	350	3223654
4024	17621	650	58	350	3223664
4034	17552	653	58	350	3223674
4040	17487	659	58	350	3223684
4040	17432	663	58	350	3223694
4049	17391	665	58	350	3223704
4049	17366	666	59	352	3223714
4055	17350	667	59	352	3223724
4055	17343	643	60	351.667	3223754
4063	17343	562	60	353	3223774
4063	17350	443	60	353	3223784
4063	17361	309	60	353	3223794
4063	17375	24	60	353	3223814
39
4043	17766	38	58	350	3223988
4021	17774	42	57	351	3223998
4011	17784	117	57	351	3224008
4004	17784	189	56	350	3224018
4004	17792	247	56	350	3224028
3995	17792	437	56.1667	349.833	3224088
4005	17782	561	57	349	3224098
4021	17769	579	58	350	3224108
4050	17752	594	58	350	3224118
4090	17731	602	58	350	3224128
4140	17713	614	58	350	3224138
4196	17695	621	58	350	3224148
4255	17678	623	58	350	3224158
4315	17664	626	58	350	3224168
4370	17649	626	58	350	3224178
4416	17636	626	58	352	3224188
4451	17623	626	59	352	3224198
4475	17613	632	59	352	3224208
4491	17606	641	60	351	3224218
4499	17606	653	61	351	3224228
4499	17598	671	61.75	353	3224268
4499	17589	680	62	353	3224278
4487	17576	680	63	352	3224288
4468	17556	683	63	352	3224298
4439	17525	683	64	354	3224308
4403	17489	686	64	354	3224318
4362	17450	684	64	354	3224328
4320	17413	693	64	354	3224338
4277	17380	695	64	354	3224348
4235	17349	695	64	354	3224358
4200	17324	695	64	354	3224368
4170	17303	693	64	354	3224378
4143	17283	697	63	356	3224388
4126	17269	695	63	356	3224398
4113	17259	693	62	356	3224408
4107	17251	640	62	357.6	3224458
4107	17261	531	62	0	3224468
4118	17270	433	61	0	3224478
4125	17280	88	60.5	0	3224498
36
4709	17616	132	61	353	3224784
4709	17623	209	61	353	3224794
4709	17631	301	62	353	3224804
4709	17639	363	62	353	3224814
4697	17648	418	62	353	3224824
4690	17656	449	62	353	3224834
4680	17656	515	62	353	3224844
4669	17664	528	63	352	3224854
4655	17664	551	63	352	3224864
4637	17664	571	64	352	3224874
4618	17655	590	64	352	3224884
4598	17644	605	64	352	3224894
4579	17626	605	64	352	3224904
4561	17603	613	64	352	3224914
4547	17576	614	64	352	3224924
4538	17544	612	64	352	3224934
4538	17516	613	64	352	3224944
4538	17491	612	64	352	3224954
4555	17471	615	64	352	3224964
4575	17458	615	64	352	3224974
4601	17451	620	64	352	3224984
4631	17451	622	64	352	3224994
4661	17451	625	64	352	3225004
4688	17462	627	64	352	3225014
4711	17475	630	64	354	3225024
4727	17491	637	64	354	3225034
4736	17514	643	64	354	3225044
4736	17539	652	64	354	3225054
4736	17565	653	64	354	3225064
4726	17593	652	64	354	3225074
4711	17619	646	64	354	3225084
4694	17640	645	64	354	3225094
4674	17655	627	64	352	3225104
4655	17665	612	64	352	3225114
4641	17665	558	64	352	3225124
4632	17665	165	64	352	3225154
35
4824	17599	9	62	7	3228668
4811	17599	48	62	7	3228678
4811	17591	51	62	7	3228688
4803	17591	112	62	7	3228728
4803	17585	334	62.5	7.375	3228808
4813	17585	470	64	8	3228828
4821	17585	510	64	8	3228848
4836	17585	541	64	8	3228858
4850	17585	548	64	8	3228868
4868	17585	558	64	10	3228878
4888	17585	574	64	10	3228888
4910	17593	582	64	10	3228898
4933	17593	589	64	10	3228908
4956	17601	598	64	10	3228918
4980	17601	605	64	10	3228928
5006	17607	616	64	10	3228938
5031	17607	621	64	10	3228948
5058	17619	627	64	10	3228958
5086	17619	634	64	10	3228968
5114	17625	638	65	11	3228978
5142	17625	651	65	11	3228988
5171	17625	653	66	11	3228998
5199	17625	653	66	11	3229008
5231	17625	660	66	11	3229018
5263	17634	665	66	11	3229028
5295	17634	666	66	11	3229038
5327	17634	670	66	11	3229048
5357	17642	671	66	11	3229058
5384	17642	671	66	11	3229068
5405	17642	672	66	9	3229078
5422	17650	672	66	9	3229088
5433	17650	671	66	9	3229098
5440	17650	665	67	9	3229118
5440	17656	572	68	10	3229138
5426	17666	125	68	10	3229158
130
4108	18795	2	56	350	3229968
4100	18802	17	56	351	3229988
4094	18802	32	56	351	3230028
4094	18811	36	56	351	3230038
4087	18811	43	56	351	3230048
4087	18819	53	56	351	3230068
4079	18819	71	56	351	3230088
4072	18819	96	56	351	3230098
4072	18812	123	56	351	3230108
4065	18812	134	56	351	3230118
4065	18806	218	56	351	3230208
4075	18806	314	56	351	3230228
4087	18806	345	56	351	3230238
4096	18806	357	56	351	3230248
4109	18806	372	56	351	3230258
4124	18806	383	56	351	3230268
4140	18816	390	56	351	3230278
4156	18816	395	56	351	3230288
4173	18816	406	56	351	3230298
4189	18822	409	56	351	3230308
4206	18822	409	56	351	3230318
4222	18822	416	56	351	3230328
4237	18822	416	56	351	3230338
4250	18816	417	56	351	3230348
4262	18816	419	56	351	3230358
4275	18816	423	56	351	3230368
4288	18816	424	56	351	3230378
4301	18816	425	56	351	3230388
4314	18816	431	56	351	3230398
4328	18816	433	56	351	3230408
4344	18816	436	56	351	3230418
4363	18809	437	56	351	3230428
4383	18809	440	56	351	3230438
4407	18809	445	56	351	3230448
4430	18809	446	56	351	3230458
4455	18809	447	57	351	3230468
4482	18809	453	57	351	3230478
4508	18809	450	58	350	3230488
4532	18809	453	58	350	3230498
4557	18809	454	58	350	3230508
4580	18809	454	58	350	3230518
4603	18809	456	58	350	3230528
4627	18809	457	59	350	3230538
4652	18809	460	59	350	3230548
4678	18809	458	60	350	3230558
4702	18809	461	60	350	3230568
4727	18816	461	60	350	3230578
4753	18816	462	60	350	3230588
4778	18816	464	60	350	3230598
4804	18816	464	60	350	3230608
4830	18816	465	61	349	3230618
4855	18816	466	61	349	3230628
4879	18816	466	62	349	3230638
4904	18816	468	62	349	3230648
4925	18816	467	62	349	3230658
4945	18816	467	62	349	3230668
4963	18816	468	62	349	3230678
4979	18822	466	62	349	3230688
4993	18822	467	62	349	3230698
5006	18822	468	62	349	3230708
5018	18822	470	62	349	3230718
5028	18822	479	62	349	3230728
5037	18822	485	62	349	3230738
5043	18822	488	62	349	3230748
5050	18822	490	62	349	3230768
5058	18822	546	61.3	347.6	3230868
5066	18814	589	61	347	3230878
5066	18802	594	62	349	3230888
5074	18784	602	62	349	3230898
5074	18759	612	62	349	3230908
5083	18729	623	62	349	3230918
5083	18699	626	62	349	3230928
5089	18662	632	62	349	3230938
5089	18629	638	62	349	3230948
5089	18594	644	62	351	3230958
5089	18555	644	62	351	3230968
5089	18520	651	62	351	3230978
5099	18481	652	62	351	3230988
5099	18441	655	62	353	3230998
5099	18404	656	62	353	3231008
5106	18372	657	62	353	3231018
5106	18345	658	62	354	3231028
5106	18328	660	62	354	3231038
5106	18311	664	62	354	3231048
5106	18300	663	62	356	3231058
5106	18289	663	62	356	3231068
5106	18275	662	62	356	3231078
5106	18266	662	62	356	3231088
5113	18257	663	62	358	3231098
5113	18246	663	62	358	3231108
5113	18236	664	62	358	3231118
5113	18223	664	62	358	3231128
5113	18209	663	62	358	3231138
5113	18199	664	62	358	3231148
5113	18191	663	62	179	3231168
5113	18185	663	62	0	3231208
5113	18178	663	62	0	3231228
5113	18169	659	62	0	3231238
5113	18161	659	62	0	3231248
5113	18153	659	62	0	3231258
5113	18146	657	62	0	3231288
5113	18139	656	62	0	3231298
5121	18139	654	62.5	0	3231318
5128	18132	651	63.5	1	3231338
5137	18132	651	64	2	3231348
5145	18132	652	64	2	3231358
5153	18132	651	64	2	3231368
5163	18132	652	64	2	3231378
5176	18132	653	64	2	3231388
5193	18132	653	64	2	3231398
5215	18132	656	64	2	3231408
5241	18132	658	64	2	3231418
5272	18132	659	64	2	3231428
5306	18139	661	64	2	3231438
5345	18139	660	64	2	3231448
5388	18150	658	64	2	3231458
5430	18150	660	64	2	3231468
5467	18157	661	64	2	3231478
5500	18157	662	64	2	3231488
5526	18157	666	65	2	3231498
5549	18157	665	65	2	3231508
5566	18157	672	66	2	3231518
5585	18157	683	66	2	3231528
5603	18157	684	66	2	3231538
5620	18157	687	66	2	3231548
5638	18157	697	66	2	3231558
5651	18157	700	66	2	3231568
5658	18157	718	66	2	3231588
5666	18157	764	66.4	2	3231638
5666	18163	635	64.3846	172.692	3232158
41
5692	18341	55	60	358	3232696
5692	18371	101	60	358	3232706
5692	18382	160	60	357	3232716
5692	18391	225	60	357	3232726
5680	18399	316	60	356	3232746
5680	18407	460	60	354.333	3232776
5680	18397	528	60	353	3232786
5689	18376	553	61	353	3232796
5700	18341	592	61	353	3232806
5713	18290	612	62	353	3232816
5727	18228	638	62	353	3232826
5740	18160	649	62	354	3232836
5750	18092	657	62	354	3232846
5760	18026	665	62	354	3232856
5766	17966	677	62	356	3232866
5774	17917	680	62	356	3232876
5780	17869	686	62	358	3232886
5780	17829	694	62	358	3232896
5788	17797	695	62	0	3232906
5788	17768	697	62	0	3232916
5788	17751	698	62	0	3232926
5788	17742	697	62	2	3232946
5788	17736	689	62	5	3232986
5788	17722	681	62	6	3232996
5788	17710	679	62	7	3233006
5788	17695	677	62	7	3233016
5788	17681	677	62	7	3233026
5788	17671	659	62	8.5	3233066
5794	17671	584	62	9	3233116
5794	17664	500	62	9	3233206
5794	17650	429	62	9	3233216
5794	17638	431	62	9	3233226
5794	17624	437	62	9	3233236
5794	17610	439	62	9	3233246
5788	17596	447	62	9	3233256
5788	17583	454	62	9	3233266
5788	17572	456	62	9	3233276
5788	17561	462	62	9	3233296
5788	17554	433	62	9	3233356
5788	17562	254	62	9	3233366
5788	17574	9	62	11	3233386
76
5699	18315	110	60	357	3233657
5678	18323	150	60	357	3233666
5667	18323	223	60	357	3233676
5656	18323	316	60	355	3233696
5648	18323	394	60	353.667	3233726
5648	18330	469	60	353	3233736
5657	18330	502	60	353	3233746
5665	18330	514	60	353	3233756
5674	18340	553	61	353	3233766
5685	18340	562	61	353	3233776
5701	18351	579	62	353	3233786
5722	18351	592	62	353	3233796
5748	18360	604	62	353	3233806
5779	18360	614	62	351	3233816
5814	18360	618	62	351	3233826
5853	18367	625	62	351	3233836
5895	18367	640	62	351	3233846
5940	18367	645	62	351	3233856
5985	18367	651	62	351	3233866
6028	18367	658	62	351	3233876
6068	18367	660	62	351	3233886
6107	18367	667	62	353	3233896
6144	18356	672	63	352	3233906
6178	18347	674	63	352	3233916
6209	18336	681	64	352	3233926
6238	18326	682	64	352	3233936
6264	18315	683	64	352	3233946
6290	18304	686	64	352	3233956
6317	18292	687	64	352	3233966
6345	18278	688	64	352	3233976
6375	18262	688	64	352	3233986
6404	18246	691	65	351	3233996
6432	18228	695	65	351	3234006
6460	18206	696	66	353	3234016
6483	18185	697	66	353	3234026
6507	18160	697	66	353	3234036
6525	18132	697	66	356	3234046
6541	18102	699	66	356	3234056
6555	18071	699	66	356	3234066
6567	18042	697	66	356	3234076
6574	18013	700	66	358	3234086
6574	17987	702	66	358	3234096
6574	17963	700	66	358	3234106
6574	17934	706	67	0	3234116
6568	17909	706	67	0	3234126
6558	17884	706	68	0	3234136
6546	17855	708	68	0	3234146
6534	17830	708	68	0	3234156
6522	17801	708	68	2	3234166
6508	17775	709	68	2	3234176
6491	17751	706	68	2	3234186
6472	17725	706	67	5	3234196
6450	17698	704	67	5	3234206
6427	17673	704	67	5	3234216
6403	17647	705	67	5	3234226
6378	17621	707	68	7	3234236
6353	17598	707	68	7	3234246
6327	17575	708	68	7	3234256
6299	17553	711	68	7	3234266
6269	17534	709	67	9	3234276
6234	17515	714	67	9	3234286
6196	17498	711	66	9	3234296
6156	17484	711	66	9	3234306
6114	17471	716	66	11	3234316
6073	17461	711	66	11	3234326
6033	17455	718	66	11	3234336
5993	17455	709	66	11	3234346
5956	17455	711	66	11	3234356
5924	17462	708	66	11	3234366
5895	17469	701	66	11	3234376
5873	17469	687	66	11	3234386
5855	17479	672	66	11	3234396
5843	17479	630	65	13	3234406
5834	17490	535	64.5	13	3234426
5825	17501	319	63.5	12.5	3234446
5825	17507	21	63	12	3234466
38
5434	17622	16	62	6	3234869
5417	17616	40	62	6	3234879
5409	17616	69	62	6	3234889
5402	17616	87	62	6	3234909
5392	17616	111	62	7	3234919
5392	17608	127	62	7	3234929
5385	17608	166	62	7	3234949
5385	17602	208	62	7	3234969
5379	17594	232	62	7	3234989
5379	17586	260	62	7	3234999
5372	17586	314	62	7	3235049
5379	17586	390	62	7	3235069
5392	17586	425	62	7	3235078
5402	17586	433	62	7	3235088
5414	17586	454	62	7	3235098
5430	17592	472	62	7	3235108
5448	17592	483	62	7	3235118
5471	17602	493	62	7	3235128
5496	17602	497	62	7	3235138
5520	17612	501	62	7	3235148
5540	17612	504	62	7	3235158
5558	17619	505	62	7	3235168
5574	17619	509	62	7	3235178
5589	17619	510	62	7	3235188
5604	17619	514	62	7	3235198
5620	17619	520	62	7	3235208
5637	17626	519	62	7	3235218
5655	17626	521	62	7	3235228
5675	17635	526	63	8	3235238
5695	17635	529	63	8	3235248
5715	17643	529	64	8	3235258
5735	17643	537	64	8	3235268
5754	17651	543	64	8	3235278
5770	17651	550	64	8	3235288
5782	17660	552	64	8	3235298
5791	17660	553	64	8	3235318
5798	17660	555	64	8	3235328
5798	17666	391	64	7.11111	3235418
68
2450	15813	160	62	353	3244345
2430	15803	165	62	353	3244355
2415	15792	168	62	353	3244365
2407	15792	207	62	354	3244375
2400	15792	247	62	354	3244405
2415	15792	298	62	354	3244415
2428	15792	336	62	354	3244425
2445	15792	362	62	354	3244435
2467	15792	391	62	354	3244445
2493	15799	406	62	356	3244455
2522	15799	428	62	356	3244465
2558	15807	447	62	356	3244475
2597	15807	456	62	356	3244485
2640	15814	468	62	356	3244495
2685	15814	478	62	356	3244505
2731	15822	491	62	356	3244515
2782	15829	505	62	356	3244525
2836	15837	514	62	356	3244535
2894	15843	527	62	356	3244545
2949	15851	532	62	356	3244555
3002	15857	537	62	356	3244565
3050	15857	541	62	356	3244575
3094	15864	545	62	356	3244585
3137	15864	555	62	356	3244595
3179	15864	560	62	356	3244605
3223	15864	566	62	356	3244615
3268	15872	569	62	356	3244625
3316	15872	575	63	356	3244635
3365	15879	581	63	356	3244645
3412	15879	585	64	356	3244655
3458	15879	599	64	356	3244665
3502	15879	604	64	356	3244675
3541	15879	608	64	356	3244685
3581	15879	614	64	356	3244695
3617	15879	615	64	356	3244705
3653	15886	618	63	356	3244715
3688	15886	620	63	354	3244725
3722	15886	619	62	354	3244735
3756	15893	621	62	354	3244745
3788	15893	625	62	354	3244755
3818	15893	625	62	354	3244765
3845	15893	627	62	354	3244775
3870	15893	628	62	354	3244785
3894	15893	627	62	354	3244795
3919	15893	631	62	354	3244805
3946	15899	629	62	354	3244815
3973	15899	632	62	354	3244825
4000	15899	634	62	354	3244835
4026	15899	634	63	354	3244845
4051	15899	634	63	356	3244855
4077	15899	637	64	356	3244865
4099	15899	636	64	356	3244875
4115	15899	634	64	356	3244885
4127	15899	634	64	356	3244895
4136	15899	638	64	356	3244905
4144	15899	639	64	356	3244915
4153	15899	643	64	356	3244925
4161	15899	659	64	356	3244935
4168	15899	719	64	356	3244985
4168	15906	774	64	356	3245045
4174	15906	768	64	356	3245105
4181	15906	739	62.5	356	3245145
4173	15906	701	62	356	3245155
4159	15906	674	61	356	3245165
4140	15906	641	61	356	3245175
4118	15906	568	60	357	3245185
4102	15906	460	60	357	3245195
4094	15906	100	60	357	3245225
23
4190	16127	52	55	348	3245417
4190	16144	112	55	348	3245427
4190	16154	191	56	350	3245437
4190	16166	264	56	350	3245447
4183	16175	339	56	350	3245457
4183	16182	420	57	349	3245477
4190	16182	496	58	349	3245487
4190	16165	537	58	350	3245497
4199	16130	561	58	350	3245507
4199	16078	593	58	350	3245517
4213	16012	616	58	352	3245527
4222	15942	625	58	352	3245537
4230	15877	629	58	354	3245547
4239	15817	650	58	354	3245557
4246	15769	651	58	354	3245567
4246	15733	651	58	355	3245577
4257	15708	649	58	355	3245587
4257	15694	641	58	355	3245597
4257	15687	583	58	357.5	3245637
4257	15698	455	58	0	3245647
4257	15715	339	58	0	3245657
4257	15737	173	58	0	3245667
4257	15764	5	58	0	3245687
44
4180	16123	161	56	353	3245825
4149	16142	170	56	353	3245835
4133	16151	236	56	353	3245845
4119	16158	292	56	351	3245855
4111	16165	423	56.5714	349.857	3245925
4123	16165	553	58	349	3245935
4136	16151	568	58	349	3245945
4157	16141	598	58	350	3245955
4187	16129	614	58	350	3245965
4226	16116	617	58	350	3245975
4271	16102	622	58	350	3245985
4321	16088	629	58	350	3245995
4376	16075	639	58	350	3246005
4433	16061	647	58	350	3246015
4488	16047	650	59	350	3246025
4541	16032	653	59	350	3246035
4588	16017	661	60	351	3246045
4626	16002	664	60	351	3246055
4658	15989	673	60	351	3246065
4684	15978	676	61	351	3246075
4703	15970	680	61	351	3246085
4717	15963	683	62	353	3246095
4725	15963	688	62.5	352.5	3246115
4725	15957	702	63	352	3246125
4732	15957	720	64.3333	353.333	3246155
4725	15948	724	65	354	3246165
4714	15934	725	66	353	3246175
4695	15912	727	66	353	3246185
4670	15883	727	66	356	3246195
4637	15852	728	66	356	3246205
4602	15824	730	66	356	3246215
4561	15796	733	66	356	3246225
4517	15769	733	66	356	3246235
4473	15742	734	66	358	3246245
4430	15715	735	65	358	3246255
4390	15687	732	65	358	3246265
4355	15663	734	64	358	3246275
4330	15644	731	64	358	3246285
4311	15631	731	64	358	3246295
4300	15625	708	63.5	0	3246315
4293	15625	619	62.3333	0	3246345
4303	15633	485	62	0	3246355
4310	15642	335	62	0	3246365
4320	15656	21	61.5	0	3246385
32
4906	15985	127	60	351	3247501
4923	16017	193	60	351	3247511
4911	16032	250	61	351	3247521
4897	16048	324	61	351	3247531
4867	16061	363	62	353	3247541
4847	16072	386	62	353	3247551
4826	16072	439	62	353	3247561
4801	16072	459	62	353	3247571
4776	16072	471	62	353	3247581
4754	16046	492	62	353	3247591
4734	16015	530	62	353	3247601
4721	15974	533	62	353	3247611
4714	15938	536	62	354	3247621
4714	15903	556	62	354	3247631
4731	15874	560	62	354	3247641
4753	15856	567	62	354	3247651
4785	15843	567	62	354	3247661
4822	15843	569	62	356	3247671
4860	15843	569	62	356	3247681
4895	15858	577	62	356	3247691
4925	15880	583	62	356	3247701
4945	15907	590	62	356	3247711
4953	15939	602	62	358	3247721
4953	15971	604	62	358	3247731
4937	16004	607	62	358	3247741
4918	16039	612	62	358	3247751
4892	16068	611	62	358	3247761
4865	16091	598	62	358	3247771
4840	16103	575	62	356	3247781
4819	16103	530	62	356	3247791
4805	16103	405	62	356	3247801
4805	16093	86	62	355	3247821
56
5013	15952	82	62	353	3249137
5006	15952	143	62	353	3249157
4987	15952	362	62	354.75	3249277
4995	15952	510	62.5	356	3249297
5007	15952	543	63	356	3249307
5017	15952	543	64	356	3249317
5027	15952	556	64	356	3249327
5040	15952	568	64	356	3249337
5053	15952	568	64	356	3249347
5065	15952	574	64	356	3249357
5081	15952	583	64	356	3249367
5097	15952	595	64	356	3249377
5115	15952	601	64	356	3249387
5137	15959	606	64	356	3249397
5159	15959	611	64	356	3249407
5179	15959	612	64	356	3249417
5202	15966	613	64	356	3249427
5221	15966	615	64	354	3249437
5242	15966	614	64	354	3249447
5263	15966	619	64	354	3249457
5281	15966	618	64	354	3249467
5302	15966	619	64	354	3249477
5323	15966	622	64	354	3249487
5345	15966	625	64	354	3249497
5369	15966	623	64	354	3249507
5393	15966	623	64	354	3249517
5418	15966	623	64	354	3249527
5442	15966	622	65	354	3249537
5465	15966	623	65	354	3249547
5487	15966	622	66	353	3249557
5505	15966	623	66	353	3249567
5525	15966	622	66	353	3249577
5542	15966	622	66	353	3249587
5559	15966	623	66	351	3249597
5578	15973	623	66	351	3249607
5597	15973	624	66	351	3249617
5620	15973	625	66	351	3249627
5643	15981	626	66	351	3249637
5668	15981	625	66	351	3249647
5694	15981	626	66	351	3249657
5721	15989	627	66	351	3249667
5750	15989	626	66	351	3249677
5781	15997	626	66	351	3249687
5813	15997	625	66	351	3249697
5847	16006	627	66	351	3249707
5880	16006	627	66	351	3249717
5912	16016	625	66	351	3249727
5940	16016	626	66	351	3249737
5965	16016	627	66	349	3249747
5986	16016	625	66	349	3249757
6002	16024	626	66	349	3249767
6017	16024	624	67	348	3249777
6030	16024	624	67	348	3249787
6039	16033	622	68	348	3249797
6045	16033	614	68	348	3249817
6053	16033	310	68	348	3249897
144
2950	17415	24	54	340	3251397
2942	17427	62	54	340	3251417
2942	17441	110	54	340	3251427
2936	17450	165	54	340	3251437
2936	17459	217	54	340	3251447
2936	17469	287	54	340	3251457
2936	17478	345	54	340	3251467
2936	17486	389	54	338	3251477
2936	17492	438	54	338	3251497
2936	17500	487	54	338	3251517
2929	17500	520	54	338	3251537
2929	17486	541	54	338	3251547
2939	17464	565	54	338	3251557
2946	17430	580	54	338	3251567
2955	17382	604	54	338	3251577
2963	17323	613	54	338	3251587
2971	17257	633	54	340	3251597
2979	17183	636	54	340	3251607
2986	17107	643	54	340	3251617
2995	17031	654	55	341	3251627
3002	16958	661	55	341	3251637
3002	16890	663	56	342	3251647
3010	16830	668	56	342	3251657
3010	16777	671	57	343	3251667
3010	16732	671	57	343	3251677
3010	16691	675	57	344	3251687
3010	16655	674	57	344	3251697
3010	16631	675	57	346	3251707
3010	16613	674	57	347	3251717
3010	16604	672	57.8	349	3251767
3010	16598	667	57.4	352.2	3251867
3010	16588	665	57	352	3251887
3010	16577	666	58	352	3251897
3018	16577	665	58	352	3251957
3018	16571	661	58	352	3251987
3027	16571	659	58	352	3252007
3035	16571	660	58	352	3252017
3043	16571	665	58	352	3252027
3055	16571	668	58	352	3252037
3072	16571	669	58	352	3252047
3091	16571	673	58	352	3252057
3114	16571	675	58	352	3252067
3138	16577	674	58	352	3252077
3164	16577	677	58	352	3252087
3191	16577	677	58	352	3252097
3220	16577	681	58	352	3252107
3250	16577	679	58	352	3252117
3280	16585	680	58	352	3252127
3312	16585	682	58	352	3252137
3342	16585	683	58	352	3252147
3375	16585	681	58	352	3252157
3407	16585	683	58	352	3252167
3443	16585	682	58	352	3252177
3478	16585	684	58	352	3252187
3513	16585	683	58	352	3252197
3550	16585	688	58	352	3252207
3587	16585	688	58	352	3252217
3625	16591	689	58	352	3252227
3662	16591	688	58	352	3252237
3700	16599	688	59	352	3252247
3739	16599	689	59	352	3252257
3780	16606	689	60	351	3252267
3823	16606	690	60	351	3252277
3867	16606	690	60	351	3252287
3914	16606	691	60	351	3252297
3960	16606	690	60	351	3252307
4003	16613	690	60	351	3252317
4044	16613	690	60	351	3252327
4083	16613	692	60	351	3252337
4122	16606	689	60	351	3252347
4161	16606	691	60	351	3252357
4202	16606	690	60	351	3252367
4245	16606	690	60	351	3252377
4289	16606	691	60	351	3252387
4333	16606	689	61	351	3252397
4376	16613	689	61	351	3252407
4419	16613	689	62	351	3252417
4463	16613	690	62	351	3252427
4504	16613	690	62	351	3252437
4546	16613	690	62	351	3252447
4590	16613	687	62	351	3252457
4635	16613	689	62	351	3252467
4681	16619	688	62	351	3252477
4726	16619	687	62	351	3252487
4771	16627	689	62	351	3252497
4814	16627	688	62	351	3252507
4855	16627	690	63	350	3252517
4895	16627	689	63	350	3252527
4934	16633	688	63	348	3252537
4973	16633	690	63	348	3252547
5012	16641	689	63	348	3252557
5051	16641	687	63	348	3252567
5090	16641	689	63	348	3252577
5130	16647	687	63	348	3252587
5167	16647	688	63	348	3252597
5205	16655	687	63	348	3252607
5242	16655	688	63	348	3252617
5279	16655	687	64	347	3252627
5316	16661	688	64	347	3252637
5351	16661	686	65	347	3252647
5384	16661	686	65	347	3252657
5414	16661	685	65	347	3252667
5435	16661	687	65	347	3252677
5456	16661	687	65	347	3252687
5476	16661	687	65	345	3252697
5499	16668	686	65	345	3252707
5524	16668	686	65	345	3252717
5551	16668	687	65	345	3252727
5578	16668	688	65	345	3252737
5603	16668	688	65	345	3252747
5629	16668	687	65	345	3252757
5653	16668	689	66	344	3252767
5672	16668	689	66	344	3252777
5689	16668	690	67	343	3252787
5703	16668	690	67	343	3252797
5715	16668	691	67	343	3252807
5725	16676	690	67	343	3252817
5733	16676	691	67	343	3252827
5740	16676	690	67	343	3252837
5740	16683	691	67	343	3252847
5748	16683	695	67	343	3252887
5757	16683	706	67	343	3252917
5763	16683	727	67	343	3252987
5763	16690	750	67	344.231	3253117
5770	16690	748	65.8571	346.143	3253187
5778	16690	752	66	346	3253197
5788	16690	752	66	346	3253207
5799	16690	752	67	345	3253217
5809	16690	754	67	345	3253227
5819	16690	752	67	345	3253247
5830	16690	752	67	345	3253257
5837	16690	752	67	345	3253267
5844	16690	751	67	345	3253277
5850	16690	753	67	345	3253297
5859	16690	751	67	345	3253337
5859	16696	750	67	345	3253357
5867	16696	749	67	345	3253377
5874	16696	748	67	345	3253387
5874	16703	750	67	345	3253397
5880	16703	761	67	345	3253557
5888	16709	766	66.3333	345.667	3253587
5895	16709	762	64.1111	347.333	3253677
5889	16709	582	62.2857	348.714	3253747
5889	16717	32	62	349	3253767
38
5906	16924	19	57	343	3254185
5906	16943	49	57	343	3254195
5899	16950	74	58	342	3254205
5899	16957	137	58.5	341.5	3254225
5899	16964	257	59	341	3254255
5906	16964	405	59	341.667	3254285
5906	16947	490	59	343	3254295
5906	16920	528	59	343	3254305
5917	16878	543	59	343	3254315
5925	16825	550	59	343	3254325
5931	16767	580	59	343	3254335
5938	16706	596	59	345	3254345
5944	16646	608	59	345	3254355
5952	16582	621	59	345	3254365
5958	16517	627	59	346	3254375
5967	16455	645	59	346	3254385
5975	16393	651	59	346	3254395
5985	16336	653	59	348	3254405
5995	16281	657	59	348	3254415
5995	16231	658	59	348	3254425
6007	16183	667	60	350	3254435
6007	16140	675	60	350	3254445
6014	16098	681	60	351	3254455
6014	16062	684	61	351	3254465
6014	16033	686	61	353	3254475
6022	16006	688	62	353	3254485
6022	15987	688	62	354	3254495
6022	15963	690	62	354	3254505
6031	15943	691	62	356	3254515
6031	15924	692	62	356	3254525
6031	15904	693	62	358	3254535
6040	15888	693	62	358	3254545
6040	15873	694	62	358	3254555
6040	15863	693	62	358	3254565
6040	15856	694	62	179	3254585
6040	15850	624	62	0.25	3254665
6040	15861	349	62	2	3254675
6047	15874	52	62	1	3254695
70
5890	16828	82	57	346	3254929
5872	16836	128	57	346	3254939
5851	16836	193	57	346	3254949
5845	16836	269	57	344	3254959
5845	16844	355	57	344	3255009
5858	16844	439	57	344	3255019
5871	16844	470	57	344	3255029
5890	16844	509	57	344	3255039
5915	16844	514	58	344	3255049
5945	16844	519	58	344	3255059
5978	16844	525	59	343	3255069
6014	16855	537	59	343	3255079
6050	16855	545	59	343	3255089
6088	16863	553	59	343	3255099
6124	16863	560	59	343	3255109
6160	16863	564	59	343	3255119
6195	16863	579	59	343	3255129
6228	16863	583	59	343	3255139
6265	16863	590	59	343	3255149
6300	16863	599	59	343	3255159
6335	16851	605	59	343	3255169
6372	16843	612	60	342	3255179
6408	16833	615	60	342	3255189
6445	16820	620	61	342	3255199
6478	16806	626	61	342	3255209
6509	16790	628	61	342	3255219
6537	16775	636	61	342	3255229
6565	16756	638	61	342	3255239
6592	16734	641	61	343	3255249
6615	16708	644	61	343	3255259
6637	16679	646	61	343	3255269
6654	16651	650	61	343	3255279
6669	16621	664	61	343	3255289
6684	16592	663	62	343	3255299
6695	16564	666	62	345	3255309
6705	16535	672	63	344	3255319
6714	16506	672	63	344	3255329
6720	16476	679	63	344	3255339
6727	16444	681	63	346	3255349
6734	16412	688	63	346	3255359
6734	16381	694	63	346	3255369
6740	16349	699	63	346	3255379
6740	16322	698	63	346	3255389
6740	16291	703	63	348	3255399
6740	16264	705	63	348	3255409
6730	16238	711	63	348	3255419
6721	16211	711	64	350	3255429
6712	16185	722	64	350	3255439
6702	16160	721	64	350	3255449
6690	16137	725	64	352	3255459
6675	16113	736	64	352	3255469
6658	16093	736	64	352	3255479
6638	16074	740	64	352	3255489
6617	16055	742	64	354	3255499
6595	16039	742	64	354	3255509
6570	16024	738	64	354	3255519
6540	16009	740	64	354	3255529
6504	15994	739	64	356	3255539
6465	15978	746	64	356	3255549
6422	15961	746	64	356	3255559
6378	15947	747	64	356	3255569
6336	15934	748	64	356	3255579
6293	15922	746	64	356	3255589
6250	15912	746	64	356	3255599
6210	15903	747	64	356	3255609
6175	15895	743	64	356	3255619
6144	15887	741	64	358	3255629
6120	15881	734	64	358	3255639
6104	15881	697	64	358	3255649
6095	15874	300	63	358	3255689
5
2367	13975	27	60	351	3257001
2359	13968	62	60	351	3257011
2350	13968	84	60	351	3257031
2343	13968	307	60	351	3257391
2350	13968	74	60	351	3257411
56
2396	13947	220	57	347	3257737
2381	13947	232	59	346	3257747
2367	13940	257	59	348	3257757
2359	13940	336	59	348	3257767
2353	13940	357	59	348	3257777
2353	13933	385	60	350	3257797
2370	13933	409	60	350	3257807
2388	13933	455	60	350	3257817
2410	13933	491	60	350	3257827
2437	13933	536	60	351	3257837
2468	13933	561	60	351	3257847
2502	13942	585	60	351	3257857
2540	13942	599	60	351	3257867
2580	13949	614	60	351	3257877
2622	13949	625	60	351	3257887
2664	13958	629	60	351	3257897
2710	13958	645	60	351	3257907
2757	13966	652	60	351	3257917
2810	13966	664	60	351	3257927
2868	13974	665	60	351	3257937
2931	13974	671	61	351	3257947
2995	13983	673	61	351	3257957
3058	13983	676	62	351	3257967
3118	13992	677	62	351	3257977
3175	13992	682	62	351	3257987
3233	14003	688	62	351	3257997
3290	14009	687	62	351	3258007
3347	14009	689	62	351	3258017
3405	14022	695	62	351	3258027
3465	14028	698	62	351	3258037
3525	14028	705	62	351	3258047
3583	14037	707	62	351	3258057
3639	14037	712	62	351	3258067
3691	14045	718	62	351	3258077
3744	14045	724	62	351	3258087
3796	14054	731	63	350	3258097
3850	14061	735	63	348	3258107
3902	14067	735	63	348	3258117
3948	14074	738	63	348	3258127
3990	14074	742	63	348	3258137
4024	14082	742	63	348	3258147
4053	14082	747	63	348	3258157
4080	14082	749	63	348	3258167
4104	14082	748	63	348	3258177
4129	14082	752	63	348	3258187
4153	14082	750	63	348	3258197
4170	14082	753	63	348	3258207
4180	14082	755	63	348	3258217
4186	14082	759	63.5	347.5	3258237
4186	14076	766	64	347	3258247
4195	14076	838	65	347	3258387
4202	14076	848	64	347	3258407
4202	14082	805	62.625	348.375	3258487
4194	14082	594	61	349	3258497
4194	14089	414	61	349	3258507
4185	14097	38	60	350	3258527
21
4221	14316	223	58	350	3258649
4212	14348	275	58	350	3258659
4201	14357	357	58	350	3258669
4192	14365	392	58	350	3258679
4178	14365	452	58	350	3258719
4189	14343	539	58	350	3258729
4198	14311	572	59	350	3258739
4208	14262	606	59	350	3258749
4219	14200	624	59	348	3258759
4232	14129	648	59	348	3258769
4244	14059	656	59	350	3258779
4254	13994	665	59	350	3258789
4261	13938	670	58	350	3258799
4261	13894	671	58	352	3258809
4269	13865	669	58	352	3258819
4269	13849	666	58	352	3258829
4269	13841	616	58	354	3258859
4269	13850	513	58	355	3258869
4269	13869	407	58	355	3258879
4269	13895	239	58	355	3258889
4269	13931	9	58	357	3258909
37
4217	14303	271	58	350	3259017
4195	14331	296	58	350	3259027
4184	14338	388	58	350	3259037
4173	14338	428	58	349	3259067
4181	14338	477	58	349	3259077
4195	14326	506	57	347	3259087
4215	14313	544	57	347	3259097
4237	14298	574	57	347	3259107
4267	14284	597	58	348	3259117
4308	14273	623	58	348	3259127
4363	14262	644	59	348	3259137
4434	14253	654	59	348	3259147
4510	14238	663	59	346	3259157
4581	14220	664	59	348	3259167
4643	14201	666	59	348	3259177
4689	14182	666	60	348	3259187
4720	14165	667	60	348	3259197
4740	14152	678	61	347	3259207
4751	14143	691	61	347	3259217
4751	14137	723	62	349	3259237
4751	14125	734	63	348	3259247
4744	14111	743	63	348	3259257
4731	14088	745	64	350	3259267
4711	14059	751	64	350	3259277
4684	14024	750	64	350	3259287
4650	13988	763	64	350	3259297
4607	13950	758	64	352	3259307
4554	13913	763	64	352	3259317
4497	13879	763	64	352	3259327
4438	13850	762	64	354	3259337
4381	13827	763	64	354	3259347
4335	13810	763	64	354	3259357
4298	13797	757	63	354	3259367
4271	13786	733	63	354	3259377
4255	13779	695	62	354	3259387
4248	13779	498	61.6667	356	3259417
4266	13792	11	60.5	356.5	3259437
32
4962	14160	134	59	341	3259661
4975	14168	183	60	341	3259671
4961	14177	261	60	342	3259681
4950	14189	310	61	342	3259691
4920	14203	364	61	343	3259701
4906	14214	412	61	343	3259711
4891	14220	464	61	343	3259721
4875	14220	495	61	345	3259731
4860	14211	521	61	345	3259741
4845	14195	550	61	345	3259751
4830	14174	563	61	347	3259761
4814	14147	590	61	347	3259771
4801	14119	595	61	347	3259781
4794	14087	605	62	349	3259791
4794	14056	607	62	349	3259801
4808	14026	612	62	349	3259811
4831	14000	613	62	349	3259821
4866	13984	615	63	350	3259831
4907	13976	620	63	350	3259841
4948	13976	627	64	350	3259851
4983	13990	637	64	350	3259861
5010	14005	650	64	352	3259871
5028	14026	655	64	352	3259881
5038	14050	658	64	352	3259891
5038	14079	653	64	352	3259901
5038	14114	653	64	352	3259911
5018	14150	645	64	352	3259921
4995	14185	630	64	352	3259931
4968	14214	604	64	352	3259941
4940	14230	534	64	352	3259951
4916	14236	406	64	352	3259961
4896	14236	50	64	350	3259981
42
5102	14195	129	60	0	3261633
5113	14186	195	60	358	3261653
5103	14178	294	60	358	3261663
5088	14178	338	60	358	3261683
5088	14170	409	60.3333	356.667	3261713
5101	14170	488	61	355	3261723
5112	14170	516	62	354	3261733
5126	14170	529	62	354	3261743
5143	14170	547	62	354	3261753
5161	14170	561	62	354	3261763
5181	14170	573	62	354	3261773
5207	14170	592	62	354	3261783
5236	14170	601	62	354	3261793
5272	14170	606	62	354	3261803
5313	14170	611	62	354	3261813
5356	14170	620	62	354	3261823
5401	14179	625	62	356	3261833
5449	14179	628	62	356	3261843
5495	14179	640	63	356	3261853
5541	14187	643	63	356	3261863
5583	14187	656	64	356	3261873
5621	14187	663	64	356	3261883
5657	14187	663	64	356	3261893
5692	14187	666	64	356	3261903
5727	14193	669	64	356	3261913
5760	14193	672	64	356	3261923
5796	14200	672	64	356	3261933
5832	14200	674	64	356	3261943
5867	14210	672	64	356	3261953
5904	14210	675	64	356	3261963
5941	14221	679	64	356	3261973
5979	14221	678	64	356	3261983
6015	14221	680	64	356	3261993
6047	14230	679	65	356	3262003
6077	14230	680	65	356	3262013
6104	14230	681	66	356	3262023
6127	14230	682	66	356	3262033
6145	14230	680	66	358	3262043
6157	14230	681	66	358	3262053
6165	14230	681	66	358	3262073
6171	14236	680	66	358	3262113
6178	14236	455	66	306.857	3262183
152
3060	15732	8	54	340	3263721
3060	15739	19	54	340	3263731
3060	15747	25	54	340	3263741
3060	15753	28	55	339	3263751
3060	15762	34	55	339	3263761
3060	15773	58	56	338	3263771
3060	15782	92	56	338	3263781
3060	15790	139	56	338	3263791
3060	15796	220	56	338	3263811
3060	15805	305	56	338	3263831
3060	15814	382	56	338	3263851
3060	15824	433	56	338	3263871
3060	15835	476	56	338	3263891
3060	15841	519	56	338	3263921
3060	15830	539	56	338	3263931
3067	15820	551	56	338	3263941
3067	15799	553	56	338	3263951
3067	15765	565	55	339	3263961
3067	15718	579	55	339	3263971
3076	15657	587	55	339	3263981
3076	15593	594	56	338	3263991
3085	15529	603	56	338	3264001
3092	15466	614	56	340	3264011
3099	15405	621	56	340	3264021
3099	15349	627	56	340	3264031
3110	15296	634	56	340	3264041
3110	15241	640	57	341	3264051
3110	15194	643	57	341	3264061
3118	15146	648	57	341	3264071
3118	15102	652	57	343	3264081
3118	15066	654	57	343	3264091
3118	15032	657	57	344	3264101
3118	15007	657	57	344	3264111
3118	14987	658	57	346	3264121
3118	14973	658	57	346	3264131
3118	14964	658	57	346	3264141
3118	14951	659	57	347	3264151
3118	14936	659	57	347	3264161
3118	14915	657	58	349	3264171
3118	14890	658	58	349	3264181
3118	14863	658	58	349	3264191
3118	14838	658	58	350	3264201
3118	14817	658	58	350	3264211
3118	14800	658	58	350	3264221
3118	14787	657	58	352	3264231
3125	14778	658	58	352	3264241
3125	14771	658	58	352	3264261
3125	14761	656	58	352	3264291
3125	14754	648	58	353.636	3264401
3125	14746	644	58	354	3264411
3125	14740	642	58	354	3264421
3133	14732	641	58	354	3264431
3133	14723	641	58	354	3264441
3133	14712	640	58	354	3264451
3133	14705	638	58	354	3264471
3133	14695	638	58	354	3264481
3139	14695	634	58	354.444	3264571
3148	14695	634	58	355	3264591
3159	14695	634	58	355	3264601
3166	14695	636	58	355	3264611
3175	14695	637	58	355	3264621
3185	14686	637	58	355	3264631
3196	14686	638	58	355	3264641
3211	14680	638	58	355	3264651
3229	14680	644	58	355	3264661
3250	14671	646	58	355	3264671
3272	14671	651	58	355	3264681
3297	14671	649	58	355	3264691
3320	14671	652	58	355	3264701
3346	14671	665	58	355	3264711
3375	14681	664	58	355	3264721
3401	14681	665	58	355	3264731
3428	14681	665	58	355	3264741
3452	14687	665	58	355	3264751
3477	14687	666	59	355	3264761
3504	14687	670	59	355	3264771
3533	14687	675	60	355	3264781
3563	14696	675	60	355	3264791
3594	14696	678	60	355	3264801
3622	14703	677	59	355	3264811
3650	14703	680	59	355	3264821
3681	14712	681	58	355	3264831
3713	14712	683	58	355	3264841
3744	14723	683	58	355	3264851
3778	14723	687	58	355	3264861
3810	14731	692	58	355	3264871
3848	14731	692	58	355	3264881
3891	14739	694	58	355	3264891
3939	14739	694	58	355	3264901
3989	14745	694	58	355	3264911
4041	14745	695	58	355	3264921
4093	14745	696	58	355	3264931
4144	14754	695	58	355	3264941
4196	14754	695	58	355	3264951
4245	14763	696	58	355	3264961
4297	14763	695	58	355	3264971
4349	14775	695	58	355	3264981
4399	14775	696	58	355	3264991
4450	14782	696	59	355	3265001
4498	14782	696	59	355	3265011
4543	14782	695	60	355	3265021
4587	14789	696	60	355	3265031
4628	14789	696	60	355	3265041
4669	14789	696	60	355	3265051
4710	14789	698	61	355	3265061
4752	14789	696	61	355	3265071
4796	14789	696	62	354	3265081
4840	14797	696	62	354	3265091
4885	14797	695	62	354	3265101
4929	14797	695	62	354	3265111
4972	14797	695	62	354	3265121
5017	14797	696	62	354	3265131
5061	14797	696	63	354	3265141
5105	14797	695	63	354	3265151
5146	14797	696	64	354	3265161
5188	14803	693	64	354	3265171
5225	14803	693	64	354	3265181
5261	14803	693	64	354	3265191
5296	14803	693	64	354	3265201
5332	14803	694	64	354	3265211
5370	14803	694	64	354	3265221
5411	14803	693	64	354	3265231
5453	14803	694	64	354	3265241
5496	14803	694	64	354	3265251
5538	14803	694	64	354	3265261
5578	14803	695	64	354	3265271
5616	14803	694	64	354	3265281
5652	14803	694	64	354	3265291
5687	14803	695	64	354	3265301
5722	14803	696	64	354	3265311
5756	14803	695	64	354	3265321
5788	14803	695	64	354	3265331
5820	14803	695	64	354	3265341
5851	14803	695	64	354	3265351
5881	14803	696	64	354	3265361
5911	14803	696	64	354	3265371
5936	14803	695	64	354	3265381
5955	14803	696	64	354	3265391
5968	14803	697	64	354	3265411
5975	14803	700	64	352.4	3265461
5985	14803	701	64	352	3265471
5997	14803	700	64	352	3265481
6010	14803	701	64	352	3265491
6027	14803	700	64	352	3265501
6044	14810	701	64	352	3265511
6059	14810	700	64	352	3265521
6075	14810	700	64	352	3265531
6095	14810	701	64	352	3265541
6114	14810	701	64	352	3265551
6130	14817	700	64	352	3265561
6140	14817	700	64	352	3265581
6147	14817	552	64	353.846	3265711
36
6118	15072	107	61	343	3265894
6111	15096	228	61	343	3265904
6111	15102	301	61	343	3265914
6101	15102	412	61	343	3265934
6093	15102	483	61	344	3265954
6093	15089	536	61	345	3265964
6093	15066	586	61	345	3265974
6102	15028	615	61	345	3265984
6109	14979	661	61	347	3265994
6118	14923	675	61	347	3266004
6128	14862	692	61	347	3266014
6137	14799	699	62	349	3266024
6147	14736	711	62	349	3266034
6156	14669	725	62	351	3266044
6156	14607	727	62	351	3266054
6166	14547	739	63	352	3266064
6166	14489	746	63	352	3266074
6166	14435	744	64	354	3266084
6166	14388	747	64	354	3266094
6166	14342	747	64	356	3266104
6166	14299	750	64	356	3266114
6166	14267	755	64	358	3266124
6166	14241	754	64	0	3266134
6173	14223	756	64	0	3266144
6173	14215	756	64	0	3266153
6173	14208	757	64	0	3266163
6180	14197	757	64	0	3266173
6180	14184	756	64	2	3266183
6180	14169	760	64	2	3266193
6180	14152	759	64	2	3266203
6170	14133	755	64	4	3266213
6170	14117	756	64	4	3266223
6170	14105	750	64	4	3266233
6170	14097	670	64	4	3266273
6170	14112	428	64	4	3266283
6170	14135	85	64	4	3266303
62
6046	14895	88	62	353	3266498
6032	14917	110	62	351	3266508
6019	14924	185	62	351	3266518
6009	14924	247	62	351	3266528
5990	14934	336	60.6667	349.333	3266558
5990	14941	425	61	349	3266578
5997	14941	482	62	349	3266588
6005	14941	509	62	349	3266598
6017	14949	544	62	349	3266608
6036	14949	568	62	349	3266618
6060	14949	590	62	349	3266628
6090	14949	596	62	349	3266638
6122	14949	611	62	349	3266648
6157	14949	619	62	349	3266658
6193	14949	623	62	349	3266668
6229	14949	638	62	349	3266678
6266	14949	646	62	349	3266688
6303	14937	659	62	349	3266698
6340	14927	680	62	349	3266708
6381	14916	686	63	348	3266718
6424	14904	694	63	350	3266728
6467	14890	707	64	350	3266738
6510	14875	711	64	350	3266748
6548	14856	738	64	350	3266758
6587	14834	742	64	350	3266768
6624	14809	748	64	350	3266778
6661	14781	752	65	349	3266788
6692	14752	757	65	351	3266798
6720	14720	762	66	351	3266808
6745	14687	768	66	351	3266818
6765	14654	772	66	351	3266828
6780	14622	776	66	353	3266838
6794	14592	787	66	353	3266847
6801	14561	790	66	353	3266857
6808	14526	796	66	353	3266867
6808	14493	800	66	356	3266877
6808	14462	814	66	356	3266887
6808	14433	810	66	356	3266897
6795	14405	817	66	358	3266907
6784	14379	825	66	358	3266917
6769	14352	817	67	0	3266927
6748	14327	824	67	0	3266937
6724	14303	825	68	0	3266947
6696	14277	824	68	0	3266957
6664	14250	825	68	0	3266967
6630	14225	823	68	2	3266977
6592	14200	817	68	2	3266987
6550	14174	817	68	2	3266997
6507	14155	822	68	2	3267007
6465	14139	817	68	2	3267017
6425	14128	821	68	5	3267027
6389	14121	810	68	5	3267037
6356	14121	804	67	5	3267047
6325	14111	805	67	5	3267057
6295	14111	796	66	4	3267067
6269	14104	792	66	4	3267077
6247	14104	788	66	4	3267087
6231	14104	770	66	4	3267097
6220	14104	757	66	4	3267107
6213	14104	709	66	4	3267127
6207	14104	540	66	4	3267147
6207	14112	70	65	4	3267167
60
6823	16421	48	59	5	3270242
6815	16415	56	60	5	3270262
6798	16415	108	60	4.2	3270312
6805	16415	513	60	3	3271211
6793	16415	502	60	3	3271221
6783	16421	494	60	3	3271231
6775	16421	496	60	3	3271241
6768	16421	495	60	3	3271261
6760	16428	497	60	3	3271321
6753	16428	503	60	3	3271371
6746	16428	504	60	3	3271391
6736	16428	502	60	3	3271401
6729	16428	498	60	3	3271411
6721	16428	505	60	3	3271421
6714	16428	504	60	3	3271431
6714	16421	505	60	3	3271441
6706	16421	512	60	3	3271561
6713	16421	519	60	3	3271581
6720	16421	533	60	3	3271591
6730	16415	537	60	3	3271601
6743	16415	538	60	3	3271611
6764	16415	549	60	3	3271621
6786	16415	551	60	3	3271631
6811	16415	552	60	3	3271641
6840	16415	557	60	3	3271651
6869	16415	557	60	3	3271661
6898	16415	560	60	3	3271671
6925	16415	560	60	3	3271681
6951	16415	560	60	3	3271691
6976	16415	563	60	3	3271701
7001	16415	564	60	3	3271711
7024	16415	566	60	3	3271721
7050	16415	572	61	4	3271731
7075	16424	575	61	4	3271741
7103	16424	588	62	4	3271751
7134	16424	597	62	4	3271761
7163	16433	599	62	4	3271771
7194	16433	604	62	4	3271781
7224	16433	605	62	4	3271791
7255	16433	604	62	4	3271801
7286	16425	605	62	4	3271811
7316	16425	606	62	4	3271821
7344	16425	606	62	4	3271831
7370	16425	608	62	4	3271841
7395	16425	608	62	4	3271851
7415	16425	607	62	4	3271861
7431	16425	612	62	4	3271871
7444	16425	612	62	4	3271881
7454	16425	613	63	4	3271891
7465	16425	613	63	4	3271901
7477	16419	618	64	4	3271911
7492	16419	624	64	4	3271921
7510	16419	626	64	4	3271931
7531	16419	625	64	4	3271941
7551	16419	626	64	6	3271951
7566	16419	625	64	6	3271961
7577	16425	626	64	6	3271971
7584	16425	628	64	6	3271991
7590	16425	571	64	6	3272091
7582	16435	27	64	6	3272111
216
6526	17989	1	54	338	3272850
6518	17989	138	55.8333	338	3272970
6518	17981	314	56	338	3273000
6518	17974	347	56	338	3273010
6525	17974	360	56	339.333	3273040
6531	17974	389	56	340	3273060
6540	17967	404	56	340	3273080
6549	17967	408	56	340	3273110
6556	17967	417	56	340	3273140
6565	17967	426	56	340	3273170
6571	17967	433	56	340	3273190
6579	17967	445	56	340	3273200
6585	17960	449	56	340	3273210
6593	17960	454	56	340	3273220
6602	17960	456	56	340	3273230
6613	17960	455	56	340	3273240
6623	17960	457	56	340	3273250
6631	17960	458	56	340	3273260
6640	17960	462	56	340	3273270
6646	17960	465	56	340	3273290
6655	17960	471	56	340	3273330
6662	17960	638	56.9474	338.561	3273900
6670	17960	675	56	338	3273930
6678	17953	677	56	338	3273940
6688	17953	680	56	338	3273950
6699	17947	678	56	338	3273960
6712	17947	675	56	338	3273970
6722	17947	674	56	338	3273980
6732	17940	676	56	338	3273990
6741	17940	674	56	338	3274000
6750	17940	675	56	338	3274010
6757	17940	675	56	338	3274020
6764	17940	675	56	338	3274030
6764	17934	676	56	338	3274040
6771	17934	675	56	338	3274060
6778	17934	675	56	338	3274080
6784	17934	675	56	338	3274100
6802	17934	676	56	338	3274120
6811	17934	678	56	338	3274130
6819	17934	677	56	338	3274150
6828	17934	678	56	338	3274160
6838	17927	678	56	338	3274170
6846	17927	677	56	338	3274180
6855	17927	680	56	338	3274190
6866	17927	678	56	338	3274200
6879	17927	679	56	338	3274210
6893	17927	679	56	338	3274219
6906	17927	677	56	338	3274229
6919	17927	677	56	338	3274239
6932	17927	678	56	338	3274249
6945	17927	679	56	338	3274259
6958	17927	678	56	338	3274269
6969	17927	679	56	338	3274279
6978	17927	678	56	338	3274289
6985	17927	678	56	338	3274309
6995	17927	679	56	338	3274349
7002	17927	678	56.3333	337.667	3274379
7009	17927	678	57	337	3274389
7017	17927	679	57	337	3274399
7029	17927	679	57	337	3274409
7043	17927	679	57	337	3274419
7060	17927	678	56	338	3274429
7079	17927	678	56	338	3274439
7097	17927	679	56	338	3274449
7117	17927	677	56	338	3274459
7134	17934	677	56	338	3274469
7148	17934	677	56	338	3274479
7160	17934	679	56	338	3274489
7170	17934	677	56	338	3274499
7177	17934	678	56	338	3274509
7184	17934	677	56	338	3274529
7191	17934	677	56	338	3274539
7191	17927	678	56	338	3274549
7204	17927	678	56	338	3274559
7217	17927	680	56	338	3274569
7233	17927	677	56	338	3274579
7251	17927	678	56	338	3274589
7267	17927	678	56	338	3274599
7281	17921	677	56	338	3274609
7293	17921	675	56	338	3274619
7303	17921	676	57	338	3274639
7311	17921	676	58	338	3274679
7322	17921	675	58	338	3274689
7331	17914	675	58	338	3274699
7344	17914	678	58	338	3274709
7362	17914	676	58	338	3274719
7384	17914	677	58	338	3274729
7409	17914	674	58	338	3274739
7435	17914	676	58	338	3274749
7458	17914	675	58	338	3274759
7477	17914	676	58	338	3274769
7494	17914	678	58	338	3274779
7507	17907	678	58	338	3274789
7517	17907	677	58	338	3274799
7527	17907	678	58	338	3274809
7535	17907	678	58	338	3274819
7543	17907	678	58	338	3274829
7549	17907	677	58	337	3274849
7560	17907	678	58	337	3274869
7567	17907	677	58	337	3274899
7576	17907	678	58	337	3274909
7583	17907	678	58	337	3274919
7590	17907	677	58	338	3274929
7600	17901	675	58	338	3274939
7607	17901	675	58	338	3274959
7617	17901	675	58	338	3274979
7624	17901	677	58	338	3274999
7632	17901	675	58	338	3275019
7640	17901	674	58	338	3275039
7648	17901	675	58	338	3275059
7657	17901	674	58	338	3275079
7665	17894	672	58	338	3275099
7677	17894	671	58	338	3275109
7686	17894	671	58	338	3275119
7696	17894	671	58	338	3275129
7706	17894	667	58	338	3275139
7712	17894	665	58	338	3275169
7719	17894	663	58	338	3275189
7719	17888	661	58	338	3275229
7725	17888	656	58	338	3275279
7733	17888	655	58	338	3275299
7743	17881	655	58	338	3275319
7750	17881	649	58	338	3275619
7757	17881	633	58	338	3275639
7774	17881	629	58	338	3275649
7785	17890	628	58	338	3275659
7799	17890	627	58	338	3275669
7809	17897	626	58	338	3275679
7815	17897	627	58	338	3275699
7823	17897	630	58	338	3275929
7823	17889	641	58	338	3275939
7823	17877	642	58	340	3275949
7823	17865	646	58	340	3275959
7823	17851	647	58	340	3275969
7823	17831	650	58	340	3275979
7823	17810	651	58	340	3275989
7823	17781	655	58	340	3275999
7823	17748	658	58	340	3276009
7823	17711	661	58	340	3276019
7823	17676	663	59	341	3276029
7830	17643	664	59	341	3276039
7830	17612	666	59	341	3276049
7830	17585	666	59	341	3276059
7837	17561	668	59	343	3276069
7837	17537	668	59	343	3276079
7846	17515	668	59	343	3276089
7846	17492	671	60	344	3276099
7854	17469	672	60	344	3276109
7854	17446	672	61	343	3276119
7860	17426	672	61	343	3276129
7860	17406	674	61	345	3276139
7860	17386	674	61	345	3276149
7868	17367	674	61	345	3276159
7868	17348	675	61	345	3276169
7868	17331	675	61	345	3276179
7868	17313	677	61	347	3276189
7875	17293	678	61	347	3276199
7875	17276	678	61	347	3276209
7875	17258	679	61	347	3276219
7875	17243	678	61	347	3276229
7875	17233	679	61	347	3276239
7881	17225	680	61.5	348	3276259
7881	17212	680	62	349	3276269
7881	17199	679	62	349	3276279
7881	17185	679	62	349	3276289
7881	17168	680	62	349	3276299
7881	17151	680	62	349	3276309
7881	17136	679	62	349	3276319
7881	17121	680	62	349	3276329
7881	17108	680	62	349	3276339
7881	17098	680	62	349	3276349
7881	17089	679	62	349	3276359
7881	17081	679	62	349	3276379
7881	17071	680	62	350	3276399
7881	17058	681	62	351	3276409
7881	17049	680	62	351	3276419
7881	17038	681	62	351	3276429
7881	17027	681	62	351	3276439
7881	17018	681	62	351	3276449
7881	17009	681	62	351	3276469
7881	17001	677	62	353	3276569
7881	16994	674	62	353	3276579
7889	16994	672	62	354	3276599
7899	16994	672	62	354	3276609
7906	16986	673	62	354	3276619
7915	16986	673	62	354	3276629
7927	16986	671	62	354	3276639
7941	16979	671	62	354	3276649
7963	16979	671	62	354	3276659
7988	16979	671	62	354	3276669
8015	16979	670	62	354	3276679
8044	16979	671	62	354	3276689
8072	16979	671	62	354	3276699
8101	16979	670	62	354	3276709
8131	16979	670	63	354	3276719
8163	16988	672	63	354	3276729
8196	16988	671	64	354	3276739
8232	16988	667	64	354	3276749
8266	16988	667	64	354	3276759
8302	16988	668	64	354	3276769
8339	16988	668	64	354	3276779
8375	16988	668	64	354	3276789
8411	16988	668	64	354	3276799
8445	16988	668	64	354	3276809
8476	16988	668	64	354	3276819
8505	16988	668	64	354	3276829
8531	16988	668	64	354	3276839
8558	16988	667	65	354	3276849
8586	16988	667	65	354	3276859
8614	16988	668	66	353	3276869
8640	16988	668	66	353	3276879
8664	16988	667	66	353	3276889
8684	16988	666	66	353	3276899
8699	16988	665	66	353	3276909
8710	16988	665	66	353	3276919
8716	16988	461	66	353	3277019
89
7563	16430	5	58	2	3278026
7555	16430	162	58.0769	2	3278156
7561	16430	340	59.6667	2	3278186
7571	16430	385	60	2	3278206
7580	16430	394	60	2	3278226
7589	16430	400	60	1	3278246
7597	16430	411	60	0	3278266
7611	16430	423	60	0	3278276
7620	16436	424	60	0	3278286
7629	16436	428	60	0	3278296
7638	16436	428	60	0	3278306
7647	16436	432	60	0	3278316
7656	16443	443	60	0	3278326
7665	16443	447	60	0	3278336
7676	16443	447	60	2	3278346
7686	16443	449	60	2	3278356
7695	16443	457	60	2	3278366
7706	16443	466	60	2	3278376
7717	16443	468	60	2	3278386
7729	16443	469	60	2	3278396
7740	16443	470	60	2	3278406
7750	16443	471	60	2	3278416
7760	16443	492	60	2	3278426
7772	16451	493	60	2	3278436
7785	16451	497	60	2	3278446
7797	16451	497	60	2	3278456
7809	16451	497	60	2	3278466
7820	16451	502	60	2	3278476
7834	16451	505	60	2	3278486
7849	16451	506	60	2	3278496
7862	16451	507	60	2	3278506
7875	16451	506	60	2	3278516
7885	16451	506	60	2	3278526
7894	16444	518	61	2	3278536
7905	16444	528	61	2	3278546
7919	16444	529	62	2	3278556
7933	16444	527	62	2	3278566
7950	16436	531	62	2	3278576
7966	16436	530	62	2	3278586
7982	16436	536	62	2	3278596
8002	16436	540	62	2	3278606
8021	16436	538	62	2	3278616
8039	16436	542	62	2	3278626
8055	16436	543	62	2	3278636
8072	16436	548	62	2	3278646
8089	16436	552	62	2	3278656
8107	16443	552	62	2	3278666
8127	16443	554	62	0	3278676
8146	16443	556	62	0	3278686
8166	16443	564	62	0	3278696
8190	16443	570	62	0	3278706
8214	16443	573	62	2	3278716
8237	16443	575	62	2	3278726
8261	16443	574	63	2	3278736
8285	16443	575	63	2	3278746
8310	16443	577	64	2	3278756
8335	16443	581	64	2	3278766
8360	16443	586	64	2	3278776
8384	16443	586	64	2	3278786
8406	16443	587	64	2	3278796
8428	16443	587	64	2	3278806
8447	16443	587	64	2	3278816
8466	16450	590	64	2	3278826
8487	16450	591	64	2	3278836
8506	16450	593	64	2	3278846
8529	16450	594	65	2	3278856
8550	16450	596	65	2	3278866
8570	16450	595	66	2	3278876
8589	16450	597	66	2	3278886
8604	16450	597	66	2	3278896
8618	16450	601	66	2	3278906
8633	16450	603	66	2	3278916
8647	16450	607	66	2	3278926
8663	16450	607	66	2	3278936
8680	16450	611	66	2	3278946
8695	16450	610	66	2	3278956
8707	16450	612	66	2	3278966
8715	16450	612	66	2	3278996
8723	16450	612	66	2	3279016
8735	16450	614	66	2	3279026
8747	16450	613	66	2	3279036
8760	16450	614	66	2	3279046
8775	16450	615	66	2	3279056
8787	16450	615	66	2	3279066
8795	16450	617	66	2	3279086
8804	16450	651	66	2.8	3279236
8804	16460	525	66	4	3279246
8788	16470	350	66	2	3279256
8776	16484	27	66	2	3279276
55
8630	17210	59	58	352	3279594
8624	17222	71	59	353	3279604
8614	17222	94	59	353	3279614
8614	17232	103	60	352	3279634
8614	17241	126	60	350.5	3279654
8614	17248	315	59.5	349	3279694
8614	17255	534	59.5	348	3279714
8607	17255	623	60.6667	346	3279744
8600	17255	591	60.84	343.72	3279994
8594	17255	216	59	343	3280004
8586	17255	198	59	343	3280014
8577	17247	191	59	343	3280024
8566	17247	192	59	343	3280034
8556	17241	200	59	343	3280044
8545	17241	217	59	343	3280054
8535	17241	245	59	343	3280064
8522	17241	255	59	343	3280074
8511	17241	294	59	343	3280084
8502	17241	324	59	345	3280094
8493	17247	356	59	345	3280114
8485	17247	432	58.4286	345	3280184
8496	17238	473	59	345	3280194
8512	17227	494	59	345	3280204
8534	17212	509	59	345	3280214
8561	17193	521	59	345	3280224
8591	17174	529	59	345	3280234
8625	17152	542	59	345	3280244
8661	17128	544	59	345	3280254
8700	17102	550	59	346	3280264
8737	17073	560	59	346	3280274
8773	17045	568	59	346	3280284
8805	17012	581	59	348	3280294
8836	16977	591	59	348	3280304
8866	16934	599	59	348	3280314
8895	16891	603	60	350	3280324
8924	16844	616	61	349	3280334
8948	16794	632	61	349	3280344
8971	16746	644	62	351	3280354
8991	16694	652	62	351	3280364
9003	16644	666	62	353	3280374
9012	16598	670	62	354	3280384
9012	16556	686	62	354	3280394
9012	16521	697	62	356	3280404
8992	16487	701	63	356	3280414
8970	16455	704	63	358	3280424
8941	16426	715	64	358	3280434
8907	16397	708	64	0	3280444
8872	16374	710	64	0	3280454
8836	16354	709	64	0	3280464
8805	16339	709	64	0	3280474
8777	16328	705	64	2	3280484
8758	16319	702	64	2	3280494
8745	16319	564	63.2	3.6	3280544
8760	16339	144	62	4	3280554
8773	16358	5	62	4	3280574
74
8769	17081	51	59	346	3280834
8730	17088	61	59	346	3280844
8710	17088	133	59	346	3280854
8692	17095	166	59	346	3280864
8675	17095	234	59	346	3280874
8662	17095	284	59	346	3280884
8654	17102	364	59	347.5	3280924
8654	17109	418	59	348	3280934
8662	17109	453	59	348	3280944
8674	17109	465	59	348	3280954
8690	17109	474	59	348	3280964
8711	17109	502	59	348	3280974
8735	17117	509	59	348	3280984
8763	17117	519	59	346	3280994
8799	17126	536	59	346	3281004
8837	17126	540	59	346	3281014
8879	17126	553	59	346	3281024
8923	17138	560	59	346	3281034
8967	17138	563	59	346	3281044
9015	17138	574	59	346	3281054
9066	17138	581	59	346	3281064
9117	17130	587	59	346	3281074
9170	17122	595	60	346	3281084
9223	17114	597	60	346	3281094
9275	17106	599	61	345	3281104
9327	17096	601	61	345	3281114
9375	17087	605	61	345	3281124
9416	17076	612	61	345	3281134
9450	17064	615	61	345	3281144
9480	17053	616	61	345	3281154
9506	17040	622	61	345	3281164
9528	17023	626	62	345	3281174
9548	17007	628	62	345	3281184
9566	16989	632	63	346	3281194
9585	16968	637	63	346	3281204
9601	16949	639	63	346	3281214
9616	16927	639	63	346	3281224
9629	16906	640	63	348	3281234
9639	16886	644	63	348	3281244
9647	16864	650	63	348	3281254
9656	16841	649	63	348	3281264
9656	16819	650	64	350	3281274
9665	16796	657	64	350	3281284
9665	16771	658	65	349	3281294
9665	16747	663	65	351	3281304
9665	16720	665	66	351	3281314
9665	16690	667	66	351	3281324
9665	16663	667	66	351	3281334
9665	16639	667	66	353	3281344
9658	16615	669	66	353	3281354
9651	16593	671	66	353	3281364
9642	16571	670	66	353	3281374
9628	16549	667	66	356	3281384
9611	16527	670	66	356	3281394
9591	16509	671	66	356	3281404
9568	16487	670	66	356	3281414
9538	16466	671	66	356	3281424
9509	16446	671	66	358	3281434
9475	16426	671	66	358	3281444
9436	16407	672	66	358	3281454
9395	16393	671	66	358	3281464
9347	16376	670	66	358	3281474
9297	16359	675	66	358	3281484
9245	16342	673	66	0	3281494
9191	16323	674	66	0	3281504
9135	16306	678	66	0	3281514
9079	16290	675	66	0	3281524
9023	16273	674	66	0	3281534
8970	16258	666	66	0	3281544
8923	16246	666	66	0	3281554
8880	16235	657	66	0	3281564
8849	16235	597	66	0	3281574
8829	16227	467	66	0	3281584
8821	16227	96	65	2	3281604
92
6930	14422	43	60	2	3284178
6922	14429	60	60	2	3284188
6902	14429	126	60	2	3284218
6895	14429	415	60	0	3284348
6903	14429	545	60	0	3284368
6912	14429	555	60	0	3284388
6918	14429	570	60	0	3284398
6926	14429	579	60	0	3284408
6935	14429	592	60	0	3284418
6949	14438	603	60	0	3284428
6966	14438	605	60	0	3284438
6984	14446	611	60	0	3284448
7002	14446	613	60	0	3284458
7018	14454	614	60	0	3284468
7033	14454	614	60	0	3284478
7049	14454	623	60	0	3284488
7065	14461	621	60	0	3284498
7081	14461	621	60	0	3284508
7100	14461	624	61	0	3284518
7119	14469	629	61	0	3284528
7140	14469	633	62	0	3284538
7164	14469	639	62	0	3284548
7189	14478	641	62	0	3284558
7217	14478	643	62	0	3284568
7246	14486	646	62	0	3284578
7276	14486	643	62	0	3284588
7308	14492	642	62	0	3284598
7341	14492	645	62	0	3284608
7379	14492	646	62	358	3284618
7415	14492	646	62	358	3284628
7451	14492	649	62	358	3284638
7485	14492	649	62	358	3284648
7515	14492	648	62	358	3284658
7546	14492	650	62	358	3284668
7575	14492	649	62	356	3284678
7603	14492	650	62	356	3284688
7632	14499	652	62	356	3284698
7664	14499	653	62	356	3284708
7698	14499	653	62	356	3284718
7735	14499	653	62	356	3284728
7771	14499	654	62	356	3284738
7810	14499	655	62	356	3284748
7847	14499	656	63	356	3284758
7885	14499	654	63	354	3284768
7921	14499	655	64	354	3284778
7958	14499	656	64	354	3284788
7997	14506	657	64	356	3284798
8036	14506	658	64	356	3284808
8073	14506	656	64	356	3284818
8108	14514	656	64	356	3284828
8141	14514	657	64	356	3284838
8174	14514	659	64	356	3284848
8205	14514	657	64	356	3284858
8237	14522	657	64	356	3284868
8270	14522	657	64	356	3284878
8303	14532	656	64	356	3284888
8339	14532	657	65	356	3284898
8374	14540	656	65	356	3284908
8413	14540	657	66	356	3284918
8452	14547	658	66	356	3284928
8490	14547	658	66	356	3284938
8528	14553	657	66	356	3284948
8565	14553	657	66	356	3284958
8601	14562	658	66	356	3284968
8639	14562	659	66	356	3284978
8673	14562	658	66	356	3284988
8706	14569	658	66	356	3284998
8733	14569	659	66	356	3285008
8754	14569	661	66	353	3285018
8771	14569	663	66	353	3285028
8785	14569	660	66	353	3285038
8800	14577	662	66	353	3285048
8815	14577	663	66	353	3285058
8834	14584	665	66	353	3285068
8855	14584	665	67	353	3285078
8880	14593	666	67	353	3285088
8907	14593	666	68	353	3285098
8930	14593	665	68	353	3285108
8949	14600	665	68	353	3285118
8963	14600	664	68	353	3285128
8971	14600	665	68	353	3285148
8979	14600	665	68	353	3285168
8988	14600	666	68	353	3285178
8998	14600	666	68	353	3285188
9010	14600	666	68	353	3285198
9023	14600	666	68	353	3285208
9036	14600	666	68	353	3285218
9046	14600	665	68	353	3285228
9055	14600	665	68	353	3285258
9061	14600	644	68	355	3285298
9054	14600	379	68	355	3285308
9042	14607	12	68	355	3285328
128
7598	16381	10	58	350	3286490
7598	16389	65	58	350	3286530
7598	16395	362	58.1538	349	3286660
7598	16385	491	59	348	3286670
7606	16375	504	59	348	3286680
7606	16360	513	59	348	3286690
7613	16342	520	60	350	3286700
7613	16316	527	60	350	3286710
7613	16288	539	60	350	3286720
7620	16260	543	60	350	3286730
7620	16229	553	60	350	3286740
7620	16203	560	60	350	3286750
7628	16175	566	60	350	3286760
7628	16151	569	60	350	3286770
7628	16129	575	60	350	3286780
7628	16110	576	60	350	3286790
7628	16092	582	60	351	3286800
7628	16075	590	60	351	3286810
7628	16056	595	60	351	3286820
7628	16035	597	60	351	3286830
7628	16017	598	60	353	3286840
7628	15996	604	60	353	3286850
7628	15974	613	60	353	3286860
7628	15955	614	60	353	3286870
7635	15934	616	60	355	3286880
7635	15915	619	60	355	3286890
7635	15899	619	60	355	3286900
7635	15880	620	60	357	3286910
7635	15860	624	60	357	3286920
7644	15839	624	60	357	3286930
7644	15816	622	60	358	3286940
7644	15792	630	60	358	3286950
7644	15769	639	60	358	3286960
7644	15745	642	60	358	3286970
7644	15719	645	60	0	3286980
7652	15699	646	60	0	3286990
7652	15678	644	60	0	3287000
7652	15658	647	60	0	3287010
7652	15638	650	60	0	3287020
7652	15616	649	60	0	3287030
7652	15596	651	60	0	3287040
7652	15575	651	60	0	3287050
7652	15554	653	60	2	3287060
7652	15532	653	60	2	3287070
7652	15511	656	60	2	3287080
7652	15492	657	60	2	3287090
7652	15475	657	60	3	3287100
7652	15459	655	60	3	3287110
7652	15442	657	60	3	3287120
7652	15425	656	60	3	3287130
7652	15404	658	60	3	3287140
7652	15384	659	60	5	3287150
7652	15367	657	60	5	3287160
7652	15352	657	60	5	3287170
7652	15339	658	60	5	3287180
7652	15327	658	60	5	3287190
7652	15316	658	60	7	3287200
7652	15306	657	60	7	3287220
7652	15294	657	60	7	3287230
7652	15283	659	60	9	3287240
7652	15275	657	60	9	3287250
7652	15266	657	60	9	3287260
7652	15258	656	60	9	3287280
7652	15245	658	60	9	3287290
7652	15234	658	60	9	3287300
7652	15220	657	60	10	3287310
7652	15204	657	60	10	3287320
7652	15188	657	61	11	3287330
7652	15170	657	61	11	3287340
7652	15155	656	62	11	3287350
7652	15145	656	62	11	3287360
7652	15138	656	61.3333	12.3333	3287420
7652	15130	655	61	13	3287430
7660	15123	653	61	13	3287440
7660	15117	654	61	13	3287450
7671	15108	651	61	13	3287470
7682	15098	652	62	11	3287480
7690	15098	654	62	11	3287490
7701	15087	657	62	11	3287500
7714	15080	659	62	11	3287510
7728	15080	658	62	11	3287520
7746	15072	663	62	11	3287530
7765	15072	663	62	11	3287540
7787	15072	679	62	11	3287550
7816	15072	680	62	11	3287560
7846	15072	682	62	11	3287570
7876	15072	688	62	11	3287580
7906	15072	687	62	11	3287590
7935	15072	693	62	11	3287600
7965	15072	693	61	13	3287610
7995	15072	696	61	13	3287620
8025	15072	697	62	14	3287630
8056	15072	702	62	14	3287640
8088	15072	701	63	14	3287650
8122	15072	703	63	14	3287660
8157	15072	705	63	14	3287670
8190	15072	708	63	14	3287680
8222	15063	707	63	14	3287690
8254	15063	710	63	14	3287700
8286	15055	717	63	12	3287710
8317	15055	717	63	12	3287720
8353	15055	721	63	12	3287730
8389	15055	725	64	13	3287740
8425	15055	726	64	13	3287750
8463	15064	731	65	13	3287760
8498	15064	729	65	13	3287770
8532	15072	731	65	13	3287780
8564	15072	731	65	13	3287790
8593	15072	735	65	13	3287800
8625	15079	738	65	13	3287810
8656	15079	739	65	13	3287820
8690	15088	740	66	11	3287830
8727	15088	740	67	12	3287840
8760	15096	741	67	12	3287850
8794	15096	741	68	12	3287860
8824	15096	740	68	12	3287870
8851	15096	741	68	12	3287880
8876	15102	742	68	10	3287890
8901	15102	742	68	10	3287900
8924	15102	742	68	10	3287910
8946	15102	743	68	10	3287920
8968	15102	741	68	10	3287930
8983	15102	742	68	7	3287940
8995	15102	743	68	7	3287950
9002	15102	766	69.75	8	3288030
9009	15102	814	70	5	3288080
9015	15102	813	69	5	3288120
9023	15102	647	65.0667	3.33333	3288270
31
8940	15283	80	60	3	3288442
8911	15292	119	60	5	3288452
8883	15292	193	60	5	3288462
8868	15292	266	60	3	3288472
8857	15292	300	60	3	3288482
8857	15282	346	60	3	3288502
8857	15269	399	60	2	3288512
8873	15255	443	60	2	3288522
8900	15235	495	60	2	3288532
8936	15209	523	60	2	3288542
8985	15177	560	60	2	3288552
9041	15134	576	60	2	3288562
9093	15090	602	60	2	3288572
9148	15038	619	60	2	3288582
9192	14984	623	60	2	3288592
9226	14935	633	61	2	3288602
9257	14883	641	61	4	3288612
9271	14837	665	62	4	3288622
9271	14789	689	62	4	3288632
9271	14742	697	62	4	3288642
9250	14697	708	62	4	3288652
9222	14653	724	62	6	3288662
9185	14615	724	62	6	3288672
9142	14580	731	62	6	3288682
9098	14551	728	62	6	3288692
9057	14526	731	62	7	3288702
9021	14507	728	63	8	3288712
8998	14494	726	63	8	3288722
8984	14487	641	64	9.33333	3288752
8991	14487	442	63	10	3288762
9008	14502	103	62.5	10.5	3288782
47
9018	15287	126	60	357	3289038
8975	15287	155	60	357	3289048
8953	15287	276	60	358	3289058
8925	15287	334	60	358	3289068
8914	15287	355	60	358	3289098
8927	15287	404	60	358	3289108
8947	15295	453	60	358	3289118
8972	15295	484	60	358	3289128
9003	15295	520	60	357	3289138
9040	15295	546	60	357	3289148
9080	15295	566	60	357	3289158
9129	15285	592	60	357	3289168
9188	15279	612	60	357	3289178
9255	15271	631	61	356	3289188
9331	15259	645	61	356	3289198
9408	15243	656	62	356	3289208
9484	15220	664	62	356	3289218
9554	15190	667	62	358	3289228
9614	15152	676	62	358	3289238
9668	15115	683	62	358	3289248
9716	15073	690	62	358	3289258
9760	15034	694	63	358	3289268
9801	15000	700	63	0	3289278
9839	14963	708	64	0	3289288
9872	14927	711	64	0	3289298
9901	14893	716	64	0	3289308
9925	14860	720	64	0	3289318
9939	14831	735	65	0	3289328
9939	14807	735	65	0	3289338
9939	14778	747	66	0	3289348
9923	14744	756	66	0	3289358
9899	14712	768	66	0	3289368
9861	14675	762	66	2	3289378
9812	14641	758	66	2	3289388
9755	14608	759	66	2	3289398
9690	14576	758	66	4	3289408
9621	14542	756	66	4	3289418
9551	14512	759	66	4	3289428
9480	14482	755	66	7	3289438
9407	14457	750	66	7	3289448
9338	14438	742	66	7	3289458
9274	14425	723	66	7	3289468
9219	14417	716	66	7	3289478
9172	14410	693	66	9	3289488
9136	14410	657	65	9	3289498
9112	14403	580	65	9	3289508
9097	14403	178	64	8.66667	3289538
63
10003	14895	81	64	0	3291086
9988	14895	97	64	0	3291096
9980	14895	197	64	0	3291106
9964	14895	267	64	2	3291126
9958	14895	404	64	2	3291186
9965	14895	489	64	2	3291206
9977	14895	515	64	2	3291216
9990	14895	527	64	2	3291226
10005	14895	536	64	2	3291236
10021	14902	541	64	2	3291246
10040	14902	551	64	2	3291256
10060	14902	558	64	2	3291266
10080	14902	565	64	2	3291276
10103	14902	587	64	2	3291286
10129	14902	598	64	2	3291296
10157	14902	605	64	2	3291306
10189	14902	612	64	2	3291316
10223	14911	615	64	2	3291326
10260	14921	622	64	2	3291336
10296	14930	625	65	2	3291346
10333	14930	627	65	2	3291356
10366	14940	627	66	2	3291366
10396	14940	633	66	2	3291376
10421	14940	636	66	2	3291386
10443	14940	640	66	2	3291396
10464	14930	643	66	2	3291406
10483	14930	652	66	2	3291416
10500	14930	655	66	2	3291426
10515	14930	657	66	2	3291436
10530	14930	657	66	2	3291446
10538	14930	658	66	2	3291456
10545	14930	668	66.4615	2	3291586
10545	14937	700	68	2	3291606
10545	14947	701	68	2	3291616
10538	14962	703	68	2	3291626
10538	14983	704	68	2	3291636
10526	15012	703	68	2	3291646
10516	15048	704	68	2	3291656
10516	15090	704	67	2	3291666
10507	15138	705	67	0	3291676
10507	15190	707	66	0	3291686
10507	15239	708	66	0	3291696
10499	15289	708	66	0	3291706
10499	15341	710	66	0	3291716
10491	15391	709	66	0	3291726
10491	15444	710	66	0	3291736
10481	15495	710	66	358	3291746
10481	15540	709	66	358	3291756
10470	15584	711	66	358	3291766
10470	15617	711	66	356	3291776
10470	15641	714	66	356	3291786
10462	15663	711	66	356	3291796
10462	15686	711	66	353	3291806
10462	15711	712	66	353	3291816
10462	15737	711	66	353	3291826
10455	15762	711	66	351	3291836
10455	15785	711	66	351	3291846
10449	15810	710	66	351	3291856
10449	15834	709	66	349	3291866
10449	15852	709	66	349	3291876
10442	15864	698	65.3333	347.667	3291906
10442	15871	574	65	347	3291936
10442	15879	88	65	345	3291956
70
9661	16814	223	57	334	3292484
9669	16814	349	57	334	3292504
9678	16814	394	57	334	3292514
9686	16814	439	57	334	3292524
9697	16814	461	57	334	3292534
9711	16814	472	58	333	3292544
9728	16814	486	58	333	3292554
9752	16814	505	59	332	3292564
9780	16814	510	59	332	3292574
9814	16814	512	59	332	3292584
9854	16822	512	59	332	3292594
9894	16822	518	59	332	3292604
9936	16822	519	59	332	3292614
9980	16822	521	59	332	3292624
10022	16828	521	59	332	3292634
10063	16828	524	59	332	3292644
10099	16828	526	59	332	3292654
10130	16828	527	59	332	3292664
10159	16828	529	59	332	3292674
10184	16828	528	59	333	3292684
10205	16828	529	59	333	3292694
10225	16820	541	59	333	3292704
10241	16820	544	59	333	3292714
10254	16820	543	59	333	3292724
10262	16813	545	59	333	3292764
10270	16813	560	59	333	3292784
10270	16803	598	59	333	3292794
10277	16791	612	59	333	3292804
10277	16767	633	59	333	3292814
10286	16727	636	59	333	3292824
10292	16673	643	60	332	3292834
10292	16605	646	60	332	3292844
10305	16533	650	61	333	3292854
10305	16461	658	61	333	3292864
10312	16393	659	61	333	3292874
10312	16332	665	62	335	3292884
10312	16278	668	62	335	3292894
10312	16233	675	62	335	3292904
10304	16195	677	62	336	3292914
10304	16168	680	62	336	3292924
10304	16150	680	62	336	3292934
10304	16139	679	62	338	3292954
10304	16132	679	62.8571	340.286	3293024
10310	16132	676	63	342	3293044
10327	16132	677	63	342	3293054
10344	16138	680	63	342	3293064
10368	16138	680	63	342	3293074
10395	16146	680	63	342	3293084
10427	16146	681	63	342	3293094
10464	16146	681	63	342	3293104
10502	16146	681	63	342	3293114
10545	16153	681	63	342	3293124
10588	16153	682	63	342	3293134
10629	16161	684	63	342	3293144
10670	16161	683	63	342	3293154
10712	16161	685	63	342	3293164
10756	16161	683	63	342	3293174
10801	16161	689	63	342	3293184
10850	16161	688	63	342	3293194
10901	16171	690	63	342	3293204
10949	16171	690	63	342	3293214
10993	16171	690	63	342	3293224
11033	16178	688	63	342	3293234
11066	16178	689	63	342	3293244
11095	16178	687	64	341	3293254
11118	16184	687	64	341	3293264
11135	16184	686	65	340	3293274
11145	16184	642	65	340	3293324
11134	16184	354	65	340	3293334
11122	16177	32	65	340	3293354
30
10455	15845	33	59	348	3293626
10437	15845	74	59	348	3293636
10429	15845	125	60	350	3293646
10422	15845	194	61	349	3293666
10422	15838	334	62	349	3293706
10433	15838	454	62	349	3293716
10442	15838	488	62	349	3293726
10455	15838	505	62	349	3293736
10470	15838	530	62	349	3293746
10490	15838	551	62	349	3293756
10515	15838	560	62	349	3293766
10546	15845	578	62	349	3293776
10584	15845	595	62	349	3293786
10627	15853	606	62	349	3293796
10673	15853	618	62	349	3293806
10724	15863	625	62	351	3293816
10775	15863	637	63	350	3293826
10827	15869	644	63	350	3293836
10880	15869	658	64	350	3293846
10931	15869	663	64	350	3293856
10978	15880	666	64	350	3293866
11016	15880	665	64	350	3293876
11046	15888	669	64	350	3293886
11069	15888	671	64	350	3293896
11083	15888	672	65	349	3293906
11094	15888	676	65.5	349	3293926
11101	15888	725	66	349	3293976
11101	15895	789	66	349	3294036
11109	15895	767	65.7778	349	3294126
11100	15901	241	64	350	3294156
40
11003	16413	1	58	340	3294458
10994	16421	19	58	340	3294468
10981	16421	48	58	340	3294478
10974	16421	100	58	340	3294488
10965	16421	143	58	340	3294498
10954	16429	177	58	340	3294508
10944	16429	216	58	340	3294518
10935	16436	282	58	340	3294528
10925	16436	347	58	340	3294538
10917	16436	375	58	340	3294548
10909	16436	396	58	340	3294558
10903	16436	443	58	340	3294578
10893	16436	471	58	340	3294608
10893	16429	489	58	340	3294628
10907	16415	526	58	340	3294638
10925	16401	528	58	340	3294648
10952	16381	549	58	340	3294658
10985	16357	554	58	340	3294668
11021	16328	565	58	340	3294678
11055	16294	575	59	341	3294688
11089	16255	592	60	341	3294698
11119	16212	598	60	341	3294708
11147	16167	622	61	342	3294718
11172	16120	634	61	342	3294728
11191	16073	639	61	342	3294738
11205	16024	660	61	343	3294748
11213	15977	667	61	343	3294758
11213	15935	687	61	343	3294768
11213	15897	702	61	345	3294778
11206	15862	718	61	345	3294788
11195	15828	722	61	347	3294798
11181	15796	726	61	347	3294808
11168	15771	727	62	349	3294818
11156	15749	728	62	349	3294828
11146	15735	729	63	350	3294838
11146	15728	729	63	350	3294848
11136	15728	728	64	352	3294858
11136	15720	637	64	353.333	3294918
11143	15727	287	63	354	3294928
11151	15739	22	62.5	354	3294948
27
11150	16396	8	60	340	3295303
11143	16421	61	60	340	3295313
11143	16432	97	60	340	3295323
11130	16443	150	60	340	3295333
11124	16451	210	60	340	3295342
11116	16451	270	60	338	3295352
11116	16460	326	60	338	3295362
11108	16460	376	59.3333	338.667	3295392
11108	16453	424	58	340	3295402
11116	16440	456	58	340	3295412
11134	16415	481	58	340	3295422
11163	16378	509	59	339	3295432
11200	16331	540	59	339	3295442
11239	16279	561	60	338	3295452
11277	16223	575	60	340	3295462
11310	16167	595	60	340	3295472
11338	16115	602	60	340	3295482
11358	16068	615	61	342	3295492
11370	16025	640	61	342	3295502
11370	15986	661	61	342	3295512
11370	15949	665	61	343	3295522
11349	15916	667	61	343	3295532
11332	15894	670	61	345	3295542
11320	15878	674	61	345	3295552
11310	15869	666	62.3333	346	3295582
11304	15869	537	63	348	3295612
11304	15879	85	62	350	3295632
48
11245	16466	19	57	344	3295811
11201	16475	105	57	343	3295821
11180	16486	115	58	342	3295831
11163	16486	183	58	342	3295841
11151	16496	224	59	341	3295851
11144	16496	268	59	341	3295861
11144	16506	341	58.3333	340.333	3295891
11150	16506	416	59	339	3295901
11161	16506	454	59	339	3295911
11179	16506	481	60	338	3295920
11202	16506	504	60	338	3295930
11230	16506	548	60	338	3295940
11265	16506	560	60	338	3295950
11307	16506	576	60	338	3295960
11357	16506	595	60	338	3295970
11415	16506	604	60	338	3295980
11478	16496	619	60	338	3295990
11547	16486	627	60	338	3296000
11618	16472	633	61	337	3296010
11694	16456	638	61	337	3296020
11770	16436	644	62	336	3296030
11843	16416	645	62	336	3296040
11908	16392	646	62	336	3296050
11964	16365	647	62	336	3296060
12007	16338	653	62	336	3296070
12041	16310	664	62	336	3296080
12067	16276	682	63	335	3296090
12087	16242	690	63	335	3296100
12101	16206	705	64	336	3296110
12110	16168	715	64	336	3296120
12110	16134	735	64	336	3296130
12110	16098	744	64	338	3296140
12102	16064	750	64	338	3296150
12084	16032	752	64	338	3296160
12057	15998	750	65	340	3296170
12019	15968	750	65	340	3296180
11971	15940	748	65	340	3296190
11910	15914	741	65	342	3296200
11836	15891	744	65	342	3296210
11753	15867	748	65	342	3296220
11665	15846	749	65	345	3296230
11579	15826	743	65	345	3296240
11502	15811	745	65	345	3296250
11436	15802	739	65	345	3296260
11385	15802	733	65	347	3296270
11352	15802	687	65	347	3296280
11334	15802	508	64.5	347	3296300
11342	15810	24	63.5	347.5	3296320
16
12170	16162	124	62	349	3297871
12144	16162	227	62	349	3297881
12136	16171	340	62	351	3297901
12130	16171	407	62	353	3297911
12130	16178	440	62	353	3297921
12140	16178	504	62	354	3297931
12157	16178	555	62	354	3297941
12184	16178	587	62	354	3297951
12221	16178	617	62	356	3297961
12266	16178	634	62	356	3297971
12311	16188	652	62	356	3297981
12350	16196	660	63	356	3297991
12383	16204	663	63	356	3298001
12405	16204	662	64	358	3298011
12415	16211	657	64	358	3298031
12422	16211	334	64	358	3298081
32
12541	16429	175	60	358	3298251
12529	16457	355	60	357	3298261
12529	16465	405	60	357	3298271
12519	16465	473	60	357	3298281
12519	16458	502	61	355	3298291
12519	16436	537	61	355	3298301
12535	16407	543	62	354	3298311
12552	16374	551	62	353	3298321
12573	16343	563	62	353	3298331
12598	16321	567	63	352	3298341
12623	16311	574	63	350	3298351
12649	16311	582	64	350	3298361
12675	16319	587	64	350	3298371
12702	16337	589	64	350	3298381
12726	16361	589	65	349	3298391
12749	16391	590	65	349	3298401
12766	16423	589	66	349	3298411
12777	16452	591	66	349	3298421
12777	16477	597	66	349	3298431
12777	16493	660	66	349	3298461
12777	16457	733	66	349	3298471
12766	16412	752	66	349	3298481
12757	16346	772	66	349	3298491
12741	16266	789	66	349	3298501
12725	16189	810	66	349	3298511
12710	16111	816	66	351	3298521
12697	16047	817	66	351	3298531
12690	16003	817	66	351	3298541
12690	15975	814	66	351	3298551
12690	15962	750	66	353.75	3298591
12690	15974	538	66	356	3298601
12690	15994	32	66	356	3298621
