52
41
4695	17738	341	51	355	27921744
4682	17727	390	51	355	27921754
4665	17727	437	52	355	27921764
4653	17719	491	53	355	27921774
4643	17719	538	54.6	355.8	27921824
4653	17719	548	56	356	27921834
4666	17719	553	57	355	27921844
4684	17719	567	57	355	27921854
4709	17719	568	58	355	27921864
4738	17730	572	58	355	27921874
4771	17737	583	58	355	27921884
4813	17743	588	58	355	27921894
4864	17743	594	58	355	27921904
4925	17743	603	58	355	27921914
4997	17743	614	59	355	27921924
5077	17743	618	59	353	27921934
5164	17743	621	60	353	27921944
5257	17756	640	60	353	27921954
5361	17756	652	60	353	27921964
5475	17766	657	60	353	27921974
5596	17766	666	60	353	27921984
5731	17773	666	60	353	27921994
5872	17784	670	60	353	27922004
6021	17798	673	60	351	27922014
6179	17816	675	60	351	27922024
6341	17837	675	60	351	27922034
6501	17861	680	60	351	27922044
6661	17878	684	60	351	27922054
6817	17891	684	60	351	27922064
6961	17902	688	60	351	27922074
7098	17902	688	60	351	27922084
7225	17910	687	60	351	27922094
7338	17910	688	60	351	27922104
7439	17910	691	60	351	27922114
7522	17919	689	60	351	27922124
7587	17919	690	60	351	27922134
7635	17919	691	60	351	27922144
7666	17919	687	60	351	27922154
7686	17919	668	60	351	27922164
7694	17909	575	60	351	27922184
7686	17909	56	60	351	27922204
44
4794	16994	319	56	351	27923172
4766	16980	372	57	351	27923182
4755	16973	449	57	352	27923192
4744	16966	517	58	352	27923202
4736	16966	592	58.2857	354.571	27923272
4742	16966	603	60	356	27923292
4755	16966	617	60	357	27923312
4765	16966	626	60	357	27923332
4775	16966	652	60	357	27923342
4784	16966	664	60	357	27923352
4794	16966	664	60	357	27923362
4808	16966	671	60	357	27923372
4825	16966	674	60	355	27923382
4845	16966	674	60	355	27923392
4874	16966	673	60	355	27923402
4907	16974	674	60	355	27923412
4943	16974	673	60	355	27923422
4984	16984	674	60	355	27923432
5031	16991	679	60	355	27923442
5081	17000	683	60	355	27923452
5140	17006	685	60	355	27923462
5204	17014	690	60	355	27923472
5273	17014	690	60	355	27923482
5352	17026	692	60	355	27923492
5435	17034	694	60	355	27923502
5525	17034	696	60	355	27923512
5616	17044	696	60	355	27923522
5710	17054	696	60	355	27923532
5806	17066	697	60	355	27923542
5908	17075	697	60	355	27923552
6009	17075	697	60	355	27923562
6109	17084	698	60	355	27923572
6207	17084	696	60	355	27923582
6301	17096	696	60	355	27923592
6393	17096	698	60	355	27923602
6479	17111	698	61	353	27923612
6555	17111	697	61	353	27923622
6617	17118	700	61	353	27923632
6669	17118	700	61	353	27923642
6709	17118	701	60	353	27923652
6737	17118	700	60	353	27923662
6756	17125	702	60	353	27923672
6765	17125	755	60	353	27923762
6758	17125	499	60	353	27923842
22
6768	17336	21	58	358	27924204
6775	17344	207	58	357	27924224
6775	17351	316	58	357	27924234
6766	17351	391	58	355	27924244
6766	17359	490	58	355	27924264
6766	17368	672	59.3333	352.167	27924324
6766	17354	761	60	351	27924334
6766	17331	778	60	351	27924344
6766	17291	793	60	351	27924354
6766	17241	800	60	350	27924364
6766	17180	807	60	350	27924374
6766	17116	815	60	350	27924384
6766	17054	820	60	350	27924394
6766	16993	832	60	351	27924404
6766	16946	831	60	351	27924414
6766	16905	833	60	351	27924424
6776	16873	831	60	353	27924434
6776	16854	832	60	353	27924444
6782	16837	824	60	353	27924464
6789	16837	755	60	355.5	27924504
6789	16846	574	60	357	27924514
6789	16857	183	60	358	27924534
39
6793	17369	263	58	355	27924888
6783	17369	362	58	355	27924898
6777	17369	514	58	354	27924918
6766	17369	588	58	354	27924938
6775	17369	604	59	352	27924948
6796	17360	614	59	352	27924958
6833	17342	620	60	351	27924968
6884	17320	625	60	351	27924978
6946	17293	626	60	351	27924988
7013	17265	630	60	350	27924998
7077	17240	629	60	350	27925008
7138	17220	628	61	349	27925018
7189	17204	627	61	349	27925028
7234	17196	629	62	349	27925038
7271	17196	627	62	349	27925048
7300	17185	628	62	349	27925058
7321	17185	629	62	349	27925068
7335	17172	633	62	349	27925078
7343	17162	636	62	349	27925088
7343	17153	656	62.75	348.25	27925128
7334	17153	673	63	348	27925138
7324	17153	677	63	348	27925148
7307	17141	681	63	348	27925158
7284	17128	698	63	348	27925168
7253	17112	712	64	350	27925178
7214	17090	721	64	350	27925188
7165	17059	729	64	350	27925198
7108	17021	733	64	350	27925208
7042	16973	736	64	350	27925218
6969	16920	750	64	350	27925228
6896	16871	752	64	352	27925238
6830	16826	755	64	352	27925248
6775	16792	758	63	352	27925258
6735	16769	758	63	352	27925268
6708	16753	755	62	353	27925278
6693	16746	709	62	354	27925318
6705	16754	625	62	356	27925328
6717	16764	546	62	356	27925338
6729	16775	179	62	356	27925358
29
7484	17302	336	60	358	27925848
7465	17302	471	60	357	27925858
7447	17288	551	60	357	27925868
7427	17275	576	60	355	27925878
7404	17253	612	61	355	27925888
7382	17223	634	61	355	27925898
7364	17187	647	62	353	27925908
7351	17150	658	62	353	27925918
7351	17119	659	62	353	27925928
7351	17095	664	62	353	27925938
7366	17078	663	62	353	27925948
7386	17070	663	62	353	27925958
7412	17070	664	62	353	27925968
7442	17070	663	62	353	27925978
7474	17089	663	62	353	27925988
7504	17121	663	62	353	27925998
7527	17163	665	62	353	27926008
7541	17204	678	62	353	27926018
7547	17238	698	62	353	27926028
7547	17261	717	63	352	27926038
7537	17275	728	63	352	27926048
7521	17282	726	63	352	27926058
7502	17282	729	63	352	27926068
7479	17282	702	62	353	27926078
7452	17282	694	62	353	27926088
7425	17273	647	62	353	27926098
7398	17259	583	62	353	27926108
7378	17246	467	62	351	27926118
7368	17246	60	62	351	27926138
24
7710	17923	158	58	349	27927544
7702	17914	241	58	349	27927554
7702	17907	358	58	349	27927564
7692	17907	433	58	349	27927574
7692	17901	496	58	349	27927604
7692	17908	542	58	348	27927614
7710	17908	564	58	348	27927624
7732	17908	578	59	348	27927634
7763	17908	589	59	348	27927644
7805	17908	603	59	348	27927654
7860	17908	614	59	348	27927664
7923	17908	619	59	348	27927674
7993	17922	626	59	348	27927684
8063	17932	629	59	348	27927694
8130	17942	633	59	348	27927704
8193	17952	634	59	348	27927714
8248	17952	641	60	348	27927724
8294	17952	650	60	348	27927734
8331	17952	665	61	347	27927744
8361	17952	678	61	347	27927754
8384	17952	682	61	347	27927764
8399	17952	699	61	347	27927774
8406	17952	723	61	346.5	27927854
8399	17952	227	61	345	27927874
29
7593	17246	329	60	358	27928438
7593	17239	455	60	358	27928448
7579	17239	515	60	358	27928458
7570	17239	579	60	357.5	27928478
7560	17239	596	60	357	27928488
7560	17231	601	60	355	27928498
7567	17231	623	60	355	27928508
7586	17218	641	60	355	27928518
7618	17218	649	60	353	27928528
7665	17218	660	60	353	27928538
7731	17218	671	61	353	27928548
7810	17237	680	61	351	27928558
7899	17255	687	62	351	27928568
7995	17277	689	62	351	27928578
8089	17297	696	62	351	27928588
8175	17314	697	62	351	27928598
8249	17328	705	62	351	27928608
8311	17335	736	62	351	27928618
8364	17341	771	62	351	27928628
8413	17348	781	63	350	27928638
8460	17357	789	63	350	27928648
8504	17368	797	64	350	27928658
8545	17380	798	64	350	27928668
8579	17390	806	64	350	27928678
8604	17396	808	64	350	27928688
8624	17396	808	64	350	27928698
8637	17396	809	64	350	27928708
8644	17403	798	64	350	27928758
8644	17396	363	64	352	27928788
17
8380	17962	200	56	346	27929588
8380	17953	263	57	346	27929598
8380	17947	388	57	346	27929618
8373	17947	499	57.25	346.75	27929658
8383	17947	529	58	347	27929668
8395	17947	534	59	346	27929678
8414	17947	536	59	346	27929688
8438	17947	538	59	346	27929698
8463	17962	541	59	346	27929708
8491	17974	543	59	346	27929718
8518	17986	543	60	346	27929728
8539	17995	546	60	346	27929738
8559	17995	548	61	345	27929748
8573	17995	552	61	345	27929758
8583	17995	556	61	345	27929768
8590	17995	572	61	345	27929858
8596	17995	412	61	345	27929928
47
8612	18221	236	57	344	27930172
8612	18211	286	57	344	27930182
8605	18204	397	58	344	27930192
8605	18196	476	58	344	27930202
8598	18189	532	59	342	27930222
8598	18175	581	59	341	27930232
8598	18157	610	59	341	27930242
8598	18129	637	59	341	27930252
8598	18091	665	59	341	27930262
8598	18050	690	60	341	27930272
8598	18009	717	60	341	27930282
8598	17966	731	60	340	27930292
8598	17921	747	61	342	27930302
8598	17876	759	61	342	27930312
8598	17831	776	61	342	27930322
8598	17788	786	61	343	27930332
8598	17755	787	61	343	27930342
8598	17717	796	61	345	27930352
8598	17679	806	61	345	27930362
8598	17644	809	61	345	27930372
8598	17610	815	61	347	27930382
8598	17573	822	61	347	27930392
8598	17540	824	62	349	27930402
8598	17509	829	62	349	27930412
8605	17478	831	62	351	27930422
8605	17450	838	62	351	27930432
8605	17422	840	62	353	27930442
8605	17396	840	62	353	27930452
8605	17363	847	62	353	27930462
8605	17336	848	62	354	27930472
8611	17318	848	62	354	27930482
8611	17295	850	62	354	27930492
8611	17278	854	62	356	27930502
8611	17259	856	62	356	27930512
8619	17234	860	62	356	27930522
8619	17210	858	62	356	27930532
8619	17194	859	62	358	27930542
8628	17180	858	62	358	27930552
8628	17168	859	62	358	27930562
8635	17168	859	62	358	27930572
8635	17155	859	62	179	27930592
8635	17147	860	63.75	0	27930672
8641	17147	855	64	0	27930822
8641	17154	849	64	0	27930852
8641	17160	822	64	0	27930872
8641	17167	696	64	0	27930892
8641	17178	184	64	0	27930912
105
8626	18217	112	60	341	27931720
8619	18209	201	60	341	27931730
8609	18209	294	60	340	27931740
8602	18198	417	60	340	27931760
8595	18190	552	60	340	27931800
8605	18196	630	60	338	27931810
8614	18196	648	60	338	27931820
8629	18196	672	60	338	27931830
8649	18196	705	60	338	27931840
8675	18196	720	60	338	27931850
8709	18196	731	60	338	27931860
8751	18196	745	60	338	27931870
8805	18196	763	60	338	27931880
8866	18196	768	60	338	27931890
8936	18196	781	61	337	27931900
9009	18196	780	61	337	27931910
9082	18196	787	62	336	27931920
9151	18196	791	62	336	27931930
9219	18185	793	62	336	27931940
9283	18176	792	62	336	27931950
9345	18162	794	62	336	27931960
9402	18143	794	63	335	27931970
9451	18116	797	63	335	27931980
9494	18086	797	64	334	27931990
9528	18056	798	64	334	27932000
9556	18024	801	64	336	27932010
9577	17995	803	64	336	27932020
9595	17969	808	65	335	27932030
9609	17944	813	65	337	27932040
9619	17922	816	66	336	27932050
9630	17902	825	66	336	27932060
9637	17878	827	66	336	27932070
9644	17852	832	67	339	27932080
9644	17829	838	67	339	27932090
9652	17810	841	67	339	27932100
9652	17793	846	67	341	27932110
9652	17779	852	67	341	27932120
9652	17763	858	67	341	27932130
9652	17747	864	67	343	27932140
9652	17731	867	67	343	27932150
9652	17715	870	67	343	27932160
9644	17698	875	67	343	27932170
9644	17683	875	67	343	27932180
9632	17666	880	67	343	27932190
9624	17650	881	67	345	27932200
9615	17633	884	67	345	27932210
9605	17615	890	67	345	27932220
9593	17597	891	67	345	27932230
9580	17578	892	67	345	27932240
9564	17559	897	67	345	27932250
9547	17540	897	67	345	27932260
9530	17519	897	67	345	27932270
9512	17502	898	68	348	27932280
9496	17485	898	68	348	27932290
9480	17468	899	68	348	27932300
9461	17451	898	68	348	27932310
9442	17435	900	68	348	27932320
9420	17421	899	68	348	27932330
9396	17405	901	68	348	27932340
9371	17390	902	68	348	27932350
9347	17376	902	68	348	27932360
9323	17363	901	68	348	27932370
9300	17351	902	68	348	27932380
9277	17336	900	68	350	27932390
9254	17323	901	68	350	27932400
9232	17310	899	68	350	27932410
9211	17298	899	68	350	27932420
9190	17287	899	68	350	27932430
9171	17278	899	68	350	27932440
9150	17267	902	68	350	27932450
9130	17257	901	68	350	27932460
9110	17246	901	68	350	27932470
9090	17236	902	68	350	27932480
9069	17227	903	68	353	27932490
9047	17217	903	68	353	27932500
9025	17208	903	68	353	27932510
9003	17199	902	68	353	27932520
8982	17189	903	68	353	27932530
8961	17180	902	68	353	27932540
8940	17170	901	68	355	27932550
8918	17159	902	68	355	27932560
8895	17151	902	68	355	27932570
8873	17141	901	68	355	27932580
8851	17132	904	68	355	27932590
8832	17125	902	68	355	27932600
8814	17116	905	68	355	27932610
8798	17109	904	68	355	27932620
8782	17102	904	68	355	27932630
8766	17095	903	68	355	27932640
8749	17088	903	68	355	27932650
8732	17081	901	68	355	27932660
8715	17081	901	68	355	27932670
8700	17069	904	68	355	27932680
8685	17069	904	67	355	27932690
8674	17069	903	67	353	27932700
8664	17069	906	66	353	27932710
8657	17069	908	66	353	27932730
8648	17069	909	66	353	27932750
8639	17069	909	66	353	27932770
8629	17069	910	66	353	27932790
8621	17069	911	66	353	27932820
8614	17069	913	66	353	27932840
8614	17076	902	66	353	27933120
8614	17086	650	66	353	27933130
8614	17096	137	66	353	27933150
7
9701	17954	174	54	337	27934768
9641	17937	171	54	337	27934778
9620	17937	145	54	337	27934788
9602	17937	129	55	336	27934798
9591	17937	127	54	335	27934808
9591	17945	118	55	334.5	27934828
9591	17954	20	55	335	27934848
137
9712	17861	274	53	340	27935312
9704	17847	302	53	340	27935322
9690	17847	454	54	340	27935332
9662	17836	520	54	340	27935342
9648	17828	585	54.5	340.5	27935362
9641	17818	620	55	341	27935382
9647	17818	636	55	341	27935392
9658	17810	642	55	340	27935402
9674	17810	656	55	340	27935412
9698	17810	688	56	340	27935422
9735	17818	703	56	340	27935432
9786	17829	713	56	340	27935442
9848	17841	717	56	340	27935452
9916	17856	725	56	340	27935462
9989	17871	728	56	340	27935472
10061	17886	732	56	340	27935482
10134	17901	737	56	340	27935492
10204	17913	750	56	340	27935502
10275	17925	753	56	340	27935512
10344	17935	758	56	340	27935522
10410	17943	763	56	340	27935532
10475	17951	767	57	339	27935542
10532	17958	769	57	339	27935552
10586	17965	772	58	338	27935562
10632	17965	771	58	338	27935572
10668	17971	773	58	337	27935582
10697	17971	775	58	337	27935592
10716	17971	777	58	337	27935602
10729	17971	786	58	337	27935612
10738	17963	793	58	337	27935642
10744	17956	803	58	337	27935672
10744	17942	809	58	337	27935682
10744	17930	811	58	337	27935692
10744	17912	813	58	337	27935702
10737	17884	814	58	337	27935712
10737	17848	816	58	337	27935722
10737	17802	815	58	337	27935732
10729	17749	821	58	337	27935742
10729	17696	821	58	337	27935752
10729	17636	829	58	337	27935762
10723	17574	833	58	337	27935772
10723	17509	837	58	338	27935782
10716	17437	837	58	338	27935792
10716	17364	840	58	338	27935802
10710	17289	838	58	338	27935812
10710	17206	839	58	338	27935822
10710	17127	841	58	340	27935832
10710	17053	840	58	340	27935842
10716	16981	841	58	340	27935852
10716	16916	842	59	341	27935862
10725	16852	842	59	341	27935872
10725	16793	843	59	341	27935882
10734	16738	845	59	343	27935892
10734	16685	844	59	343	27935902
10742	16638	844	59	345	27935912
10742	16593	843	59	345	27935922
10742	16552	844	58	345	27935932
10742	16520	844	58	347	27935942
10742	16489	843	57	347	27935952
10742	16462	843	57	347	27935962
10742	16435	844	58	349	27935972
10742	16406	843	58	349	27935982
10733	16378	843	58	349	27935992
10733	16349	844	58	349	27936002
10724	16323	842	58	349	27936012
10724	16297	843	58	349	27936022
10717	16273	843	58	349	27936032
10717	16251	843	58	349	27936042
10717	16232	841	58	349	27936052
10717	16219	841	58	349	27936062
10717	16209	840	58	349	27936072
10717	16202	839	58	349	27936102
10717	16196	843	58	349	27936242
10710	16196	844	58	349	27936252
10710	16180	845	58	349	27936262
10702	16163	845	58	349	27936272
10702	16145	846	58	349	27936282
10692	16124	847	58	349	27936292
10692	16111	845	58	350	27936302
10692	16101	846	58	350	27936312
10692	16092	846	58	350	27936332
10684	16086	847	58	351.333	27936362
10684	16076	848	58	352	27936372
10677	16066	848	58	352	27936382
10677	16054	847	58	354	27936392
10665	16039	847	58	354	27936402
10665	16028	847	58	354	27936412
10656	16020	846	58	354	27936452
10656	16009	845	58	354	27936462
10647	15990	845	58	354	27936472
10637	15963	846	58	355	27936482
10626	15927	847	58	355	27936492
10614	15890	846	58	355	27936502
10605	15859	847	58	355	27936512
10605	15837	846	58	355	27936522
10597	15821	846	58	355	27936532
10597	15807	847	58	355	27936542
10597	15797	845	58	355	27936552
10597	15787	847	58	357	27936562
10597	15777	846	58	357	27936572
10597	15769	846	58	357	27936582
10597	15762	846	58	357	27936592
10597	15754	846	58	357	27936602
10597	15747	846	58	357	27936622
10590	15735	846	58	357	27936642
10590	15727	846	58	357	27936882
10590	15719	845	58	357	27936902
10583	15709	845	58	357	27936912
10583	15701	845	58	357	27936922
10583	15689	845	58	357	27936932
10576	15682	845	58	357	27936952
10576	15673	840	58	357	27936982
10586	15673	839	58	357	27936992
10595	15681	841	58	357	27937002
10612	15687	840	58	357	27937012
10637	15697	843	58	357	27937022
10670	15707	844	58	357	27937032
10713	15707	843	58	357	27937042
10765	15720	843	58	357	27937052
10824	15728	843	58	357	27937062
10893	15736	842	58	357	27937072
10970	15749	841	58	357	27937082
11051	15762	841	59	357	27937092
11140	15777	840	59	357	27937102
11232	15792	839	60	357	27937112
11325	15805	842	60	357	27937122
11414	15817	844	60	357	27937132
11490	15827	843	60	357	27937142
11552	15827	845	60	357	27937152
11598	15835	850	60	357	27937162
11629	15835	854	60	357	27937172
11648	15835	865	60	357	27937182
11655	15835	868	60	357	27937212
11655	15828	806	60	357	27937222
11640	15828	711	60	357	27937232
11629	15821	457	59	358	27937242
11617	15821	4	58.5	358	27937262
36
11415	16025	235	54	353	27937524
11415	16045	335	54	353	27937534
11409	16052	465	54	353	27937544
11409	16061	574	55	353	27937554
11399	16067	691	55.75	354	27937594
11420	16055	777	56	354	27937604
11448	16033	801	57	354	27937614
11487	16003	821	57	354	27937624
11535	15968	826	58	354	27937634
11586	15933	834	58	355	27937644
11637	15893	838	58	355	27937654
11685	15851	838	58	355	27937664
11723	15807	841	58	355	27937674
11752	15759	844	58	355	27937684
11771	15710	846	58	355	27937694
11771	15658	865	58	355	27937704
11771	15609	881	58	357	27937714
11751	15560	888	58	357	27937724
11724	15510	899	58	357	27937734
11694	15467	906	58	358	27937744
11665	15428	907	58	358	27937754
11637	15390	910	58	358	27937764
11613	15365	913	58	0	27937774
11594	15345	910	58	0	27937784
11574	15327	910	58	0	27937794
11559	15315	910	58	0	27937804
11545	15303	911	58	0	27937814
11532	15290	911	58	0	27937824
11520	15277	910	58	0	27937834
11505	15263	912	58	2	27937844
11487	15246	911	58	2	27937854
11468	15233	910	58	2	27937864
11449	15219	907	58	2	27937874
11434	15207	908	58	3	27937884
11424	15198	892	58	3	27937894
11417	15192	443	58	3.4	27937944
133
11571	16099	316	56	353	27938336
11525	16109	408	56	353	27938346
11502	16109	513	56	353	27938356
11473	16117	573	56	353	27938366
11457	16117	633	56	353	27938376
11449	16117	678	56	353	27938406
11449	16123	710	56	353	27938426
11458	16123	731	56	353	27938436
11470	16123	743	56	353	27938446
11490	16123	756	56	353	27938456
11516	16117	769	57	352	27938466
11548	16117	783	57	352	27938476
11586	16106	791	58	352	27938486
11628	16099	801	58	352	27938496
11679	16091	814	58	352	27938506
11732	16084	821	58	352	27938516
11787	16076	828	58	352	27938526
11841	16068	837	58	352	27938536
11892	16068	841	58	352	27938546
11945	16057	848	58	352	27938556
11998	16057	858	58	352	27938566
12053	16048	859	58	352	27938576
12108	16048	860	58	352	27938586
12164	16048	860	58	352	27938596
12217	16040	861	59	352	27938606
12266	16040	861	59	352	27938616
12311	16030	864	60	351	27938626
12347	16030	865	60	351	27938636
12378	16018	866	60	351	27938646
12403	16018	867	60	351	27938656
12422	16009	866	60	351	27938666
12437	16009	867	60	351	27938676
12452	15999	869	60	351	27938686
12466	15999	868	60	351	27938696
12482	15987	869	60	351	27938706
12500	15981	870	61	351	27938716
12518	15981	871	61	351	27938726
12536	15971	871	62	351	27938736
12554	15971	871	62	351	27938746
12571	15964	870	62	351	27938756
12590	15964	873	62	351	27938766
12610	15957	871	62	351	27938776
12630	15957	874	62	351	27938786
12650	15945	874	62	353	27938796
12671	15945	873	62	353	27938806
12690	15932	874	62	353	27938816
12711	15924	874	62	353	27938826
12728	15916	873	62	353	27938836
12745	15905	875	62	353	27938846
12763	15893	873	62	353	27938856
12779	15880	874	62	353	27938866
12795	15866	874	62	353	27938876
12809	15853	874	62	353	27938886
12821	15840	874	62	353	27938896
12832	15826	875	62	354	27938906
12840	15815	873	62	354	27938916
12848	15803	874	62	354	27938926
12848	15793	874	62	354	27938936
12857	15793	874	62	354	27938946
12857	15780	874	62	354	27938956
12857	15774	876	62	354	27938966
12867	15766	873	62	354	27938976
12867	15758	873	63	354	27938986
12877	15750	874	63.5	354	27939006
12884	15744	873	64	354.667	27939036
12890	15733	874	64	356	27939046
12890	15724	874	64	356	27939056
12890	15710	874	64	356	27939066
12890	15695	874	64	356	27939076
12897	15680	873	64	356	27939086
12897	15664	873	64	356	27939096
12897	15649	874	64	356	27939106
12887	15634	873	64	356	27939116
12881	15618	874	64	356	27939126
12870	15603	874	64	356	27939136
12858	15590	875	64	356	27939146
12843	15575	875	64	356	27939156
12824	15560	876	64	356	27939166
12803	15546	875	64	356	27939176
12778	15531	876	64	356	27939186
12749	15518	875	64	358	27939196
12715	15502	874	64	358	27939206
12676	15483	875	64	358	27939216
12636	15465	875	63	358	27939226
12593	15443	875	63	358	27939236
12549	15423	874	62	358	27939246
12504	15404	875	63	358	27939256
12458	15384	876	63	358	27939266
12411	15365	876	64	358	27939276
12363	15348	876	64	358	27939286
12316	15332	875	64	358	27939296
12269	15317	876	64	358	27939306
12223	15302	878	63	358	27939316
12178	15284	880	63	358	27939326
12136	15267	880	62	0	27939336
12097	15251	881	62	0	27939346
12060	15235	881	62	0	27939356
12025	15223	880	62	0	27939366
11993	15213	882	62	0	27939376
11964	15206	882	62	0	27939386
11935	15198	884	62	0	27939396
11908	15191	884	62	0	27939406
11880	15183	882	62	0	27939416
11851	15176	885	62	2	27939426
11824	15167	885	62	2	27939436
11794	15159	883	62	2	27939446
11761	15149	883	62	2	27939456
11728	15141	884	62	0	27939466
11697	15133	884	62	0	27939476
11669	15127	887	62	0	27939486
11644	15127	886	62	0	27939496
11621	15116	884	62	0	27939506
11597	15116	886	62	0	27939516
11577	15116	888	62	0	27939526
11559	15108	889	62	0	27939536
11544	15108	888	62	0	27939546
11529	15108	889	61	358	27939556
11512	15108	889	61	358	27939566
11495	15108	889	60	358	27939576
11478	15108	890	60	358	27939586
11462	15100	888	60	357	27939596
11447	15100	889	60	357	27939606
11434	15093	890	60	357	27939616
11423	15093	890	60	357	27939626
11415	15093	890	60	357	27939636
11408	15093	889	60	357	27939656
11397	15093	890	60	357	27939676
11387	15087	888	60	358	27939776
11381	15094	883	60	358	27939796
11372	15101	882	60	358	27939816
11364	15109	862	60	358	27939846
11355	15117	641	60	358	27939866
11341	15125	15	60	358	27939886
23
10583	15328	510	57	0	27941640
10556	15315	513	57	0	27941650
10545	15315	550	58	358	27941670
10560	15315	625	58	357	27941680
10591	15315	673	58	357	27941690
10638	15315	708	59	355	27941700
10699	15327	740	59	355	27941710
10772	15339	764	60	353	27941720
10855	15353	784	60	353	27941730
10940	15372	794	61	351	27941740
11025	15394	800	61	351	27941750
11109	15413	809	62	351	27941760
11191	15429	815	62	349	27941770
11273	15443	824	63	348	27941780
11350	15459	833	63	348	27941790
11421	15476	837	63	346	27941800
11485	15494	838	63	346	27941810
11537	15507	844	63	346	27941820
11580	15516	846	63	346	27941830
11611	15524	847	63	346	27941840
11631	15532	852	63	346	27941850
11642	15538	880	63	344.5	27941890
11642	15531	761	63	344.769	27942020
26
4175	17639	636	54	359	27944844
4185	17606	659	54	359	27944854
4170	17598	678	54	359	27944864
4145	17609	713	54	359	27944874
4132	17634	732	54	359	27944884
4132	17676	741	54	359	27944894
4143	17741	763	54	359	27944904
4170	17815	776	54	359	27944914
4202	17893	786	54	359	27944924
4241	17973	794	54	359	27944934
4275	18042	808	55	359	27944944
4302	18095	830	55	357	27944954
4321	18132	845	56	357	27944964
4333	18150	857	56	357	27944974
4339	18150	875	56	356	27944984
4339	18140	889	56	356	27944994
4350	18103	900	56	356	27945004
4350	18050	909	56	356	27945014
4365	17986	907	57	354	27945024
4376	17921	908	57	354	27945034
4388	17861	901	58	354	27945044
4402	17812	878	58	352	27945054
4417	17768	836	58	352	27945064
4430	17730	763	58	354	27945074
4442	17706	645	58	354	27945084
4450	17691	212	58	354.667	27945114
11
4217	17781	119	56	359	27945180
4167	17788	439	56	359	27945190
4145	17788	553	56	359	27945200
4131	17781	620	56	359	27945210
4114	17781	667	56	359	27945220
4114	17788	717	56	359	27945230
4140	17800	721	56	359	27945240
4170	17816	717	56	359	27945250
4206	17833	682	56	357	27945260
4247	17853	565	56	357	27945270
4288	17869	83	56	357	27945290
12
4181	17111	594	56	357	27945668
4169	17117	661	56	356	27945678
4161	17097	756	56	357	27945688
4151	17066	804	56	357	27945698
4140	17022	828	56	357	27945708
4140	16973	836	56	357	27945718
4140	16921	837	56	359	27945728
4147	16871	834	56	359	27945738
4155	16827	791	56	359	27945748
4166	16792	731	56	0	27945758
4179	16760	587	56	0	27945768
4190	16744	172	56	0.5	27945788
41
4133	16929	521	56	3	27945856
4142	16984	574	56	3	27945866
4131	16998	686	56	3	27945876
4119	17015	746	56	3	27945886
4095	17034	777	56	3	27945896
4095	17059	806	56	3	27945906
4106	17092	813	56	3	27945916
4134	17125	822	56	1	27945926
4171	17156	818	56	1	27945936
4215	17182	820	56	1	27945946
4258	17195	817	56	1	27945956
4294	17195	817	57	2	27945966
4321	17176	817	57	2	27945976
4336	17149	821	58	2	27945986
4336	17111	823	58	2	27945996
4329	17070	822	58	2	27946006
4312	17031	824	58	0	27946016
4291	16997	824	58	0	27946026
4271	16973	825	58	0	27946036
4252	16955	830	58	0	27946046
4240	16946	827	58	0	27946066
4233	16946	822	58	0	27946076
4233	16954	818	58	0	27946086
4249	16954	820	58	0	27946096
4267	16964	817	58	0	27946106
4290	16964	815	58	0	27946116
4319	16972	813	58	0	27946126
4346	16972	813	58	0	27946136
4367	16956	814	57	0	27946146
4382	16934	821	57	0	27946156
4389	16907	821	56	0	27946166
4389	16876	846	57	0	27946176
4366	16845	851	57	0	27946186
4337	16815	868	57	0	27946196
4301	16788	899	57	0	27946206
4260	16767	901	57	0	27946216
4217	16753	908	56	0	27946226
4178	16753	911	56	1	27946236
4146	16753	898	56	1	27946246
4123	16753	860	56	1	27946256
4110	16760	416	56	1.66667	27946286
179
5754	17063	202	54	357	27947616
5763	17078	340	54	357	27947626
5763	17084	523	54	357	27947646
5763	17094	820	55.25	357	27947726
5763	17087	912	56	357	27947746
5763	17079	918	56	357	27947756
5763	17072	926	57	357	27947766
5763	17064	934	57	357	27947776
5763	17057	938	58	357	27947786
5763	17051	966	58	357	27948026
5763	17042	986	58	355	27948036
5763	17036	991	58	355	27948046
5763	17020	992	58	355	27948056
5763	17001	991	58	355	27948066
5763	16974	996	58	355	27948076
5770	16947	995	58	357	27948086
5770	16927	998	58	357	27948096
5778	16899	998	58	357	27948106
5778	16874	997	58	357	27948116
5778	16850	1000	58	357	27948126
5778	16822	1000	58	357	27948136
5778	16804	1001	58	357	27948146
5778	16790	1001	58	357	27948156
5787	16768	1001	58	358	27948166
5787	16751	1001	58	358	27948176
5787	16730	1002	58	358	27948186
5787	16711	1002	58	358	27948196
5787	16695	1003	58	358	27948206
5787	16682	1002	58	0	27948216
5787	16667	1002	58	0	27948226
5787	16650	1002	58	0	27948236
5787	16637	1004	58	0	27948246
5787	16626	1003	58	0	27948256
5787	16618	1004	58	0	27948286
5787	16612	1003	58	0	27948326
5787	16599	1007	58	0	27948336
5787	16589	1007	58	0	27948346
5795	16577	1007	58	0	27948356
5795	16566	1006	58	0	27948376
5803	16556	1005	58	0	27949196
5803	16548	1002	58	0	27949206
5803	16541	1002	58	0	27949216
5803	16529	1003	58	0	27949226
5803	16511	1003	58	0	27949236
5803	16493	1002	58	0	27949246
5796	16476	1002	58	0	27949256
5796	16462	1000	58	0	27949266
5796	16447	1000	58	0	27949276
5789	16433	998	58	0	27949286
5789	16421	998	58	2	27949296
5789	16412	994	58	2	27949306
5789	16399	994	58	2	27949316
5780	16382	993	58	2	27949326
5780	16361	992	58	2	27949336
5780	16338	990	58	2	27949346
5772	16314	991	58	2	27949356
5772	16291	988	58	2	27949366
5772	16266	988	58	2	27949376
5772	16237	986	58	2	27949386
5772	16217	987	58	2	27949396
5772	16197	984	58	2	27949406
5772	16181	982	58	3	27949416
5772	16163	981	58	3	27949426
5772	16143	982	58	3	27949436
5772	16126	982	58	3	27949446
5780	16105	981	58	3	27949456
5780	16080	982	58	5	27949466
5780	16056	982	58	5	27949476
5780	16028	980	58	5	27949486
5787	16004	979	58	6	27949496
5787	15983	981	58	6	27949506
5787	15961	979	58	6	27949516
5787	15939	979	58	8	27949526
5787	15912	979	58	8	27949536
5787	15891	979	58	8	27949546
5787	15867	980	58	8	27949556
5787	15845	977	58	8	27949566
5787	15819	976	58	10	27949576
5787	15792	977	58	10	27949586
5787	15770	974	58	10	27949596
5787	15742	974	58	10	27949606
5787	15718	972	58	10	27949616
5787	15695	972	58	10	27949626
5787	15668	972	58	10	27949636
5794	15647	972	58	10	27949646
5794	15627	973	58	10	27949656
5794	15603	972	58	10	27949666
5794	15582	971	58	10	27949676
5794	15559	970	58	10	27949686
5794	15537	970	58	10	27949696
5794	15520	970	58	10	27949706
5794	15498	970	58	10	27949716
5794	15478	968	58	10	27949726
5801	15459	968	58	10	27949736
5801	15439	969	58	10	27949746
5801	15424	968	58	10	27949756
5801	15408	966	58	10	27949766
5801	15387	966	58	10	27949776
5801	15370	965	58	11	27949786
5801	15352	965	58	11	27949796
5801	15329	964	58	11	27949806
5801	15307	964	58	11	27949816
5801	15282	964	58	11	27949826
5801	15254	965	58	11	27949836
5801	15237	964	58	11	27949846
5801	15228	963	57	13	27949856
5801	15218	964	57	13	27949866
5801	15200	964	57	13	27949876
5807	15182	963	58	13	27949886
5807	15154	963	58	13	27949896
5807	15119	962	59	14	27949906
5807	15089	962	59	14	27949916
5807	15056	960	59	15	27949926
5799	15025	958	59	15	27949936
5799	14998	957	59	15	27949946
5791	14979	956	59	15	27949956
5791	14962	957	59	15	27949966
5791	14951	950	59	17	27949986
5791	14941	947	59	17	27949996
5798	14941	942	59	17	27950036
5808	14941	939	59	17	27950046
5817	14941	939	59	17	27950056
5830	14949	939	59	17	27950066
5845	14949	936	59	17	27950076
5862	14959	938	59	17	27950086
5881	14959	936	59	17	27950096
5903	14967	938	59	17	27950106
5930	14967	939	59	17	27950116
5963	14967	939	59	17	27950126
6000	14967	938	59	17	27950136
6041	14959	938	59	17	27950146
6088	14959	938	59	17	27950156
6140	14947	939	59	17	27950166
6195	14938	936	59	15	27950176
6256	14938	935	59	15	27950186
6322	14931	935	59	15	27950196
6392	14931	936	59	15	27950206
6469	14921	936	59	15	27950216
6547	14913	939	59	15	27950226
6626	14907	938	59	15	27950236
6705	14907	939	59	15	27950246
6786	14895	939	59	15	27950256
6869	14888	939	59	15	27950266
6953	14878	938	59	15	27950276
7035	14870	939	59	15	27950286
7117	14870	939	59	15	27950296
7199	14859	936	59	15	27950306
7281	14851	935	59	14	27950316
7366	14843	937	59	14	27950326
7451	14834	938	59	14	27950336
7534	14834	938	59	14	27950346
7615	14834	939	59	14	27950356
7694	14834	938	59	14	27950366
7772	14834	938	59	14	27950376
7852	14834	941	59	14	27950386
7931	14845	941	59	14	27950396
8007	14852	937	59	14	27950406
8077	14852	936	59	14	27950416
8144	14865	937	59	12	27950426
8208	14873	936	59	12	27950436
8270	14882	936	59	12	27950446
8331	14897	936	60	12	27950456
8389	14908	938	60	12	27950466
8445	14917	937	61	13	27950476
8497	14926	937	61	13	27950486
8545	14936	939	61	13	27950496
8591	14947	939	61	13	27950506
8633	14958	940	61	13	27950516
8672	14966	939	61	13	27950526
8708	14976	938	61	15	27950536
8739	14986	940	61	15	27950546
8770	14994	940	61	15	27950556
8795	14994	939	61	15	27950566
8819	15000	939	61	15	27950576
8836	15000	939	61	15	27950586
8848	15000	939	61	15	27950596
8855	15000	940	61	15	27950616
8863	15000	942	61	15	27950686
8863	15007	835	61	15	27950856
32
10581	15310	25	61	345	27956753
10581	15316	305	61	344.067	27956903
10581	15309	614	61	342.333	27956963
10574	15309	664	61	342	27956983
10563	15309	671	61	342	27956993
10556	15309	683	61	342	27957003
10546	15309	693	61	342	27957013
10537	15309	705	61	342	27957023
10529	15309	716	61	342	27957033
10522	15309	720	61	342	27957043
10515	15309	729	60	340	27957053
10507	15309	730	60	340	27957063
10498	15309	731	60	340	27957073
10488	15309	740	60	340	27957083
10479	15315	743	60	340	27957093
10470	15315	748	60	340	27957103
10461	15315	759	60	340	27957113
10454	15323	765	60	340	27957123
10447	15323	768	60	340	27957133
10440	15323	766	60	340	27957143
10433	15323	769	60	340	27957153
10426	15323	770	60	340	27957173
10416	15323	775	60	340	27957193
10408	15323	776	60	340	27957203
10408	15315	779	60	340	27957213
10395	15315	788	60	340	27957233
10386	15315	793	60	340	27957253
10378	15309	796	60	340	27957273
10367	15309	798	60	340	27957283
10367	15302	798	60	340	27957293
10357	15302	799	60	340	27957313
10348	15294	823	60	338.627	27959162
22
8889	15146	52	60	351	27965557
8895	15185	167	60	351	27965567
8895	15205	302	60	351	27965577
8902	15220	414	60	351	27965587
8902	15231	529	60	351	27965597
8909	15239	637	60	350.5	27965617
8909	15247	742	60	350	27965637
8916	15234	785	60	350	27965647
8916	15198	801	60	350	27965657
8916	15140	817	59	348	27965667
8916	15060	830	60	350	27965677
8916	14967	843	60	350	27965687
8916	14876	850	60	350	27965697
8908	14789	854	60	350	27965707
8908	14714	854	60	351	27965717
8908	14653	853	60	351	27965727
8920	14608	852	60	351	27965737
8928	14578	848	60	353	27965747
8935	14561	840	60	353	27965757
8935	14548	777	60	354.5	27965797
8928	14555	564	60	357	27965807
8928	14569	154	60	357.5	27965827
85
8925	15142	367	58	348	27966081
8918	15162	417	59	348	27966091
8918	15171	527	59	348	27966101
8906	15177	618	59	348	27966121
8899	15189	663	59	348	27966131
8899	15196	692	59	348	27966141
8909	15205	710	59	348	27966151
8923	15216	717	59	348	27966161
8940	15225	733	59	348	27966171
8968	15236	745	59	348	27966181
9002	15236	755	59	348	27966191
9043	15249	762	59	348	27966201
9090	15256	768	59	348	27966211
9141	15256	774	60	348	27966221
9193	15256	785	60	348	27966231
9245	15240	785	61	347	27966241
9298	15221	787	61	345	27966251
9345	15197	792	61	345	27966261
9388	15169	794	61	345	27966271
9423	15140	796	61	345	27966281
9451	15107	801	62	345	27966291
9477	15072	807	62	345	27966301
9498	15040	808	63	344	27966311
9518	15007	810	63	346	27966321
9534	14974	815	63	346	27966331
9546	14947	818	63	346	27966341
9554	14920	823	63	346	27966351
9554	14892	829	63	348	27966361
9561	14868	829	64	347	27966371
9561	14839	833	64	347	27966381
9561	14812	839	65	347	27966391
9551	14789	848	66	349	27966401
9542	14762	857	66	349	27966411
9534	14742	864	66	349	27966421
9523	14720	869	66	349	27966431
9510	14697	877	66	351	27966441
9494	14679	884	66	351	27966451
9476	14658	890	66	351	27966461
9452	14639	892	66	351	27966471
9429	14622	904	66	351	27966481
9405	14606	909	66	351	27966491
9379	14591	918	66	351	27966501
9355	14577	920	66	351	27966511
9332	14564	924	66	351	27966521
9310	14554	925	66	351	27966531
9285	14543	935	65	351	27966541
9263	14532	937	65	354	27966551
9240	14520	941	64	354	27966561
9220	14511	941	64	354	27966571
9199	14502	947	64	354	27966581
9180	14502	955	64	354	27966591
9162	14491	955	64	354	27966601
9141	14491	955	64	354	27966611
9121	14483	957	64	354	27966621
9102	14483	964	64	354	27966631
9084	14473	966	64	354	27966641
9070	14473	965	63	352	27966651
9058	14465	966	63	352	27966661
9049	14465	969	62	353	27966671
9041	14458	968	62	353	27966681
9034	14458	966	62	353	27966691
9028	14458	967	62	353	27966701
9020	14458	969	62	354	27966711
9013	14451	970	62	354	27966731
9004	14451	970	62	354	27966751
8996	14451	968	62	354	27966761
8989	14451	971	62	354	27966771
8982	14451	971	62	354	27966791
8972	14451	970	62	354	27966841
8972	14444	970	62	354	27966871
8964	14444	969	62	354	27966891
8955	14444	969	62	354	27966901
8949	14444	969	62	354	27966911
8942	14444	968	62	354	27966931
8935	14444	968	62	354	27966971
8926	14444	956	62	354	27967051
8926	14457	947	62	354	27967061
8926	14476	946	62	354	27967071
8926	14498	946	62	354	27967081
8926	14524	947	62	356	27967091
8926	14556	933	62	356	27967101
8926	14590	902	62	356	27967111
8919	14625	837	62	356	27967121
8919	14658	638	62	356	27967131
8908	14682	26	62	356	27967151
155
8848	14626	81	69	344	27969361
8856	14616	157	69.3333	343.667	27969391
8856	14608	243	70.6667	341.333	27969421
8850	14608	263	71	339	27969431
8850	14602	266	71	339	27969451
8842	14602	536	71	339	27969571
8832	14602	796	71	339	27969591
8822	14602	819	71	339	27969611
8811	14602	829	71	339	27969621
8804	14594	832	71	339	27969631
8793	14594	838	71	339	27969641
8781	14588	853	71	339	27969651
8769	14588	857	71	339	27969661
8754	14581	859	71	339	27969671
8737	14581	868	71	339	27969681
8717	14571	878	71	339	27969691
8695	14571	884	71	339	27969701
8672	14558	890	71	339	27969711
8651	14558	890	71	339	27969721
8627	14547	893	71	339	27969731
8602	14547	901	71	339	27969741
8578	14540	904	71	339	27969751
8553	14540	904	71	339	27969761
8530	14533	905	71	339	27969771
8506	14533	906	71	339	27969781
8481	14525	908	71	339	27969791
8457	14525	909	71	339	27969801
8433	14516	911	71	339	27969811
8410	14516	911	71	339	27969821
8388	14516	912	71	339	27969831
8365	14508	912	71	339	27969841
8344	14508	914	71	339	27969851
8326	14508	917	71	339	27969861
8310	14500	916	71	339	27969871
8295	14500	918	71	339	27969881
8281	14500	917	71	339	27969891
8267	14500	919	71	339	27969901
8256	14493	919	71	339	27969911
8244	14493	921	71	339	27969921
8234	14493	920	71	339	27969931
8221	14487	919	71	339	27969941
8206	14487	919	71	339	27969951
8194	14487	921	71	339	27969961
8181	14487	922	71	339	27969971
8172	14487	921	71	339	27969981
8160	14479	921	71	339	27969991
8147	14479	925	71	339	27970001
8133	14472	926	71	339	27970011
8120	14472	925	71	339	27970021
8107	14466	925	71	339	27970031
8096	14466	927	71	339	27970041
8084	14466	928	71	339	27970051
8072	14466	927	71	339	27970061
8062	14466	927	71	339	27970071
8052	14459	929	71	339	27970081
8042	14459	929	70	340	27970091
8032	14459	929	70	340	27970101
8023	14459	929	69	341	27970111
8013	14451	928	69	341	27970121
8001	14451	932	69	341	27970131
7989	14451	932	69	341	27970141
7976	14443	931	69	341	27970151
7963	14443	933	69	341	27970161
7950	14443	933	69	341	27970171
7937	14443	933	69	341	27970181
7924	14443	935	69	341	27970191
7911	14436	936	69	341	27970201
7897	14436	936	69	341	27970211
7884	14426	937	69	341	27970221
7869	14426	937	69	341	27970231
7852	14416	938	69	341	27970241
7834	14416	943	69	341	27970251
7817	14410	943	69	341	27970261
7800	14410	941	69	341	27970271
7782	14410	944	69	341	27970281
7761	14399	943	69	341	27970291
7739	14399	944	69	341	27970301
7715	14390	948	69	341	27970311
7694	14390	949	69	341	27970321
7674	14383	949	69	341	27970331
7654	14383	948	69	341	27970341
7635	14383	947	69	341	27970351
7614	14383	949	69	341	27970361
7592	14383	950	69	341	27970371
7574	14377	949	69	344	27970381
7556	14377	949	69	344	27970391
7539	14377	951	69	344	27970401
7524	14377	951	69	344	27970411
7506	14377	950	69	344	27970421
7487	14369	950	69	344	27970431
7470	14369	951	69	344	27970441
7452	14369	951	69	344	27970451
7436	14369	952	69	344	27970461
7421	14369	951	69	344	27970471
7406	14369	951	69	344	27970481
7390	14369	952	69	344	27970491
7377	14369	952	69	344	27970501
7365	14369	953	69	344	27970511
7354	14363	951	69	344	27970521
7343	14363	952	69	344	27970531
7329	14363	954	69	344	27970541
7316	14363	953	69	344	27970551
7304	14363	954	69	344	27970561
7293	14363	955	69	344	27970571
7286	14356	954	69	344	27970581
7279	14356	955	69	344	27970601
7269	14356	955	69	341	27970621
7269	14350	955	69	341	27970631
7259	14350	954	69	341	27970651
7249	14350	955	69	341	27970661
7249	14342	955	69	341	27970671
7236	14342	954	69	341	27970681
7227	14342	954	69	341	27970691
7213	14342	955	69	341	27970701
7198	14333	956	69	341	27970711
7181	14333	955	69	341	27970721
7162	14323	956	69	341	27970731
7141	14323	956	69	341	27970741
7119	14315	957	69	341	27970751
7095	14315	957	69	341	27970761
7072	14307	956	69	341	27970771
7050	14307	958	69	341	27970781
7029	14307	957	69	341	27970791
7007	14307	957	69	341	27970801
6984	14307	958	69	341	27970811
6962	14307	956	69	341	27970821
6937	14307	958	69	341	27970831
6911	14307	959	69	341	27970841
6887	14307	956	69	341	27970851
6861	14307	959	69	341	27970861
6837	14307	958	69	341	27970871
6813	14307	959	69	341	27970881
6787	14307	959	69	341	27970891
6761	14307	958	69	341	27970901
6733	14307	958	69	341	27970911
6704	14307	959	69	341	27970921
6675	14307	963	69	341	27970931
6646	14307	964	69	341	27970941
6622	14307	961	69	341	27970951
6596	14307	961	69	341	27970961
6569	14307	962	69	341	27970971
6541	14318	960	69	341	27970981
6511	14318	961	69	341	27970991
6483	14318	958	69	341	27971001
6454	14318	960	69	341	27971011
6423	14318	959	69	341	27971021
6393	14318	961	69	341	27971031
6364	14318	963	69	341	27971041
6341	14318	964	69	341	27971051
6321	14318	963	68	342	27971061
6303	14311	963	68	342	27971071
6287	14311	964	67	343	27971081
6275	14311	964	67	343	27971091
6268	14311	924	67	343	27971261
6274	14311	113	67	343	27971281
41
6202	14379	129	64	350	27971841
6195	14390	232	64	350	27971851
6186	14397	334	64	350	27971861
6179	14397	422	64	350	27971871
6170	14397	481	64	350	27971881
6162	14397	562	64	350	27971891
6153	14404	632	63	348	27971901
6146	14404	675	63	348	27971911
6137	14404	704	63	348	27971921
6128	14404	723	63	348	27971931
6116	14393	742	63	348	27971941
6103	14379	752	63	348	27971951
6090	14356	761	63	348	27971961
6078	14331	772	63	348	27971971
6072	14297	781	63	346	27971981
6072	14260	789	63	346	27971991
6072	14226	790	63	346	27972001
6072	14194	794	63	348	27972011
6090	14170	791	63	348	27972021
6105	14157	792	63	348	27972031
6127	14150	788	63	348	27972041
6151	14150	788	63	348	27972051
6179	14150	789	64	350	27972061
6205	14168	786	64	350	27972071
6230	14187	787	64	350	27972081
6252	14217	790	64	350	27972091
6271	14253	792	64	350	27972101
6285	14292	808	64	350	27972111
6285	14322	824	64	350	27972121
6285	14349	850	64	350	27972131
6275	14368	864	64	350	27972141
6256	14385	876	64	350	27972151
6235	14407	882	64	350	27972161
6211	14418	888	64	350	27972171
6187	14418	888	64	350	27972181
6164	14418	888	63	348	27972191
6145	14407	882	63	348	27972201
6130	14398	864	63	348	27972211
6119	14398	817	63	348	27972221
6111	14385	711	63	348	27972231
6111	14376	242	63	346	27972251
75
6017	14294	171	64	356	27973001
6024	14294	245	65	354	27973011
6031	14294	390	65.5	353.5	27973031
6038	14294	496	66	353	27973041
6038	14303	550	66	351	27973051
6045	14303	652	66	351	27973071
6045	14309	795	66	349.667	27973101
6037	14318	851	66	349	27973111
6029	14325	870	65	347	27973121
6016	14335	892	65	347	27973131
5999	14345	903	65	347	27973141
5974	14358	917	65	347	27973151
5945	14371	941	65	345	27973161
5911	14391	943	65	345	27973171
5871	14416	950	65	345	27973181
5828	14439	954	65	345	27973191
5789	14463	957	65	345	27973201
5745	14485	959	65	345	27973211
5706	14507	965	65	345	27973221
5672	14531	965	65	342	27973231
5643	14547	965	65	342	27973241
5621	14563	968	65	342	27973251
5605	14573	969	65	342	27973261
5593	14579	968	65	342	27973271
5582	14589	969	65	342	27973291
5573	14589	965	65	340.8	27973391
5573	14575	959	65	340	27973401
5573	14554	959	65	340	27973411
5581	14528	959	65	340	27973421
5581	14491	958	65	340	27973431
5592	14442	958	65	340	27973441
5592	14400	959	65	340	27973451
5599	14352	958	65	340	27973461
5599	14298	957	65	340	27973471
5599	14248	957	65	342	27973481
5599	14190	958	64	343	27973491
5599	14133	959	64	343	27973501
5599	14083	958	63	346	27973511
5599	14038	958	63	346	27973521
5599	14001	957	63	346	27973531
5599	13974	958	64	347	27973541
5606	13949	958	64	347	27973551
5606	13929	957	65	347	27973561
5606	13917	957	66	349	27973571
5613	13905	953	66	351	27973621
5620	13905	947	66	353	27973641
5634	13917	949	66	353	27973651
5646	13927	948	66	353	27973661
5665	13942	948	66	353	27973671
5688	13962	948	66	353	27973681
5718	13984	947	66	353	27973691
5753	14012	946	66	353	27973701
5792	14043	945	66	353	27973711
5834	14076	944	66	353	27973721
5875	14112	943	66	353	27973731
5910	14142	944	66	353	27973741
5940	14162	944	66	353	27973751
5962	14178	945	66	353	27973761
5979	14192	945	66	353	27973771
5992	14206	945	66	353	27973781
6000	14218	944	66	351	27973791
6007	14229	944	66	351	27973801
6007	14239	945	66	351	27973811
6015	14247	945	66	351	27973821
6015	14255	942	66	349.5	27973861
6015	14248	941	65.3333	347.667	27973921
6024	14255	940	65	347	27973931
6024	14262	941	65	347	27973941
6030	14262	940	65	347	27973951
6030	14273	938	65	347	27973961
6037	14273	930	65	347	27973971
6037	14281	903	65	347	27973981
6046	14281	848	65	347	27973991
6046	14294	715	65	347	27974001
6054	14294	186	65	347	27974021
32
5540	14261	225	62	356	27974629
5540	14254	374	62.5	356	27974649
5532	14247	543	63.5	354	27974669
5523	14247	768	64.5	348.625	27974749
5517	14247	931	65	343.714	27974819
5510	14247	943	65	341.217	27975049
5501	14247	958	65	342	27975059
5487	14247	958	65	342	27975069
5462	14240	961	65	342	27975079
5430	14240	967	65	342	27975089
5390	14232	972	65	342	27975099
5345	14232	979	65	342	27975109
5301	14232	979	65	342	27975119
5250	14232	987	65	340	27975129
5192	14232	988	65	340	27975139
5134	14232	991	65	340	27975149
5072	14232	994	64	341	27975159
5010	14232	995	64	341	27975169
4947	14232	1000	63	342	27975179
4884	14232	1000	63	342	27975189
4825	14232	1003	63	342	27975199
4776	14232	1000	63	342	27975209
4735	14232	1001	63	342	27975219
4701	14232	1002	63	342	27975229
4675	14226	1002	62	341	27975239
4656	14219	1003	62	341	27975249
4642	14206	1002	61	342	27975259
4634	14195	1002	61	342	27975269
4626	14195	1002	61	342	27975279
4618	14187	1003	61	342	27975289
4611	14187	1002	61	342	27975309
4603	14187	900	61	342.955	27975529
18
5469	14260	403	61	18	27976997
5460	14252	432	61	18	27977007
5453	14252	572	62	19	27977017
5445	14252	645	62	17	27977027
5435	14246	771	63.4	17.2	27977077
5449	14246	833	65	15	27977087
5462	14246	853	65	15	27977097
5483	14246	847	66	16	27977107
5504	14253	850	66	14	27977117
5526	14253	851	67	15	27977127
5548	14261	851	67	15	27977137
5565	14261	854	67	15	27977147
5587	14272	850	67	15	27977157
5603	14280	844	67	15	27977167
5617	14288	834	68	12	27977177
5625	14288	816	68	12	27977187
5625	14294	756	68	12	27977207
5631	14294	349	68	12	27977237
25
4203	14359	309	61	15	27978317
4226	14369	407	61	13	27978327
4226	14383	515	61	13	27978337
4226	14393	575	62	14	27978347
4226	14409	627	63	12	27978357
4226	14427	661	63	12	27978367
4226	14446	712	63	12	27978377
4213	14463	770	64	10	27978387
4200	14474	817	64	10	27978397
4179	14482	848	64	10	27978407
4151	14482	877	64	8	27978417
4114	14474	887	64	8	27978427
4072	14451	901	64	8	27978437
4030	14409	909	64	8	27978447
3993	14350	920	64	8	27978457
3968	14278	929	64	8	27978467
3956	14206	935	64	8	27978477
3956	14139	940	64	8	27978487
3970	14081	942	64	8	27978497
3992	14037	941	64	8	27978507
4025	14003	941	64	8	27978517
4065	13981	931	64	8	27978527
4108	13972	907	63	8	27978537
4155	13972	837	63	8	27978547
4200	13992	307	62	9	27978567
110
5005	14231	419	63	14.2222	27979549
5005	14237	965	65.8762	9.2	27980599
5005	14231	1009	66	9	27980619
4998	14221	1009	66	9	27980629
4998	14206	1009	66	9	27980639
4989	14181	1010	66	9	27980649
4982	14149	1010	66	9	27980659
4982	14113	1011	66	9	27980669
4970	14081	1012	66	9	27980679
4970	14049	1012	66	9	27980689
4964	14022	1010	66	9	27980699
4964	13991	1013	66	9	27980709
4964	13950	1013	66	9	27980719
4964	13914	1012	66	11	27980729
4964	13873	1012	66	11	27980739
4964	13827	1013	66	11	27980749
4964	13783	1012	66	11	27980759
4964	13738	1013	66	11	27980769
4964	13689	1012	66	11	27980779
4964	13642	1014	66	11	27980789
4964	13592	1012	65	13	27980799
4971	13539	1012	65	13	27980809
4971	13487	1013	65	13	27980819
4971	13437	1012	65	13	27980829
4971	13391	1013	65	15	27980839
4971	13341	1011	65	15	27980849
4971	13291	1009	65	15	27980859
4971	13242	1010	65	15	27980869
4971	13196	1011	65	15	27980879
4971	13152	1010	65	18	27980889
4971	13105	1012	65	18	27980899
4971	13055	1011	65	18	27980909
4971	13002	1010	65	20	27980919
4978	12949	1010	65	20	27980929
4978	12897	1009	65	20	27980939
4978	12847	1010	64	22	27980949
4978	12798	1010	64	22	27980959
4978	12747	1010	64	22	27980969
4978	12700	1010	64	24	27980979
4978	12660	1008	64	24	27980989
4978	12618	1006	65	25	27980999
4978	12576	1008	65	25	27981009
4978	12542	1006	65	28	27981019
4987	12507	1005	65	28	27981029
4987	12480	1004	65	28	27981039
4994	12466	1003	65	28	27981049
4994	12456	995	65	28	27981119
4994	12463	989	65	28	27981139
5001	12463	988	65	28	27981149
5010	12463	988	65	28	27981159
5026	12471	988	65	28	27981169
5051	12471	988	65	28	27981179
5085	12471	988	65	28	27981189
5125	12471	989	65	28	27981199
5171	12471	987	65	28	27981209
5222	12471	987	65	28	27981219
5280	12462	985	65	28	27981229
5347	12462	984	65	28	27981239
5426	12454	983	65	28	27981249
5508	12454	986	65	28	27981259
5597	12454	987	65	28	27981269
5692	12445	987	65	28	27981279
5789	12445	987	65	28	27981289
5895	12445	987	65	28	27981299
6006	12445	985	65	28	27981309
6120	12445	984	65	28	27981319
6232	12457	984	65	28	27981329
6348	12464	984	65	28	27981339
6464	12475	986	65	28	27981349
6576	12483	986	65	28	27981359
6687	12494	986	65	28	27981369
6789	12508	986	65	28	27981379
6886	12522	986	65	28	27981389
6979	12537	986	65	30	27981399
7066	12551	985	65	30	27981409
7150	12561	985	65	30	27981419
7230	12572	984	65	30	27981429
7308	12585	984	65	30	27981439
7381	12601	984	65	30	27981449
7446	12614	985	65	30	27981459
7504	12624	987	65	30	27981469
7557	12624	987	65	30	27981479
7604	12632	987	65	30	27981489
7649	12632	987	65	30	27981499
7689	12632	988	65	30	27981509
7725	12632	990	65	30	27981519
7757	12632	990	65	30	27981529
7788	12625	991	65	30	27981539
7817	12625	992	65	30	27981549
7845	12625	991	65	30	27981559
7872	12625	992	65	30	27981569
7894	12631	991	65	30	27981579
7919	12631	992	65	32	27981589
7946	12631	994	65	32	27981599
7974	12631	993	65	32	27981609
8003	12631	994	65	32	27981619
8036	12631	994	65	32	27981629
8070	12631	992	65	32	27981639
8103	12640	992	65	32	27981649
8142	12640	992	65	32	27981659
8179	12649	992	65	32	27981669
8220	12657	993	65	32	27981679
8262	12668	991	65	32	27981689
8305	12678	991	65	32	27981699
8347	12690	990	65	32	27981709
8387	12699	988	65	32	27981719
8421	12706	972	65	32	27981729
8448	12714	906	65	32	27981739
8469	12714	753	65	32	27981749
8480	12714	158	65	32	27981769
24
8550	12926	231	56	9	27982534
8538	12933	348	56	9	27982544
8529	12940	495	57	9	27982564
8520	12940	751	58.1667	10	27982624
8527	12940	906	59	10	27982634
8527	12932	925	60	10	27982644
8527	12918	943	60	10	27982654
8527	12896	953	60	9	27982664
8527	12857	958	60	9	27982674
8535	12804	963	60	9	27982684
8535	12733	973	60	9	27982694
8535	12652	982	60	9	27982704
8543	12569	984	60	9	27982714
8543	12490	984	60	9	27982724
8554	12422	986	60	9	27982734
8564	12370	984	60	9	27982744
8573	12327	985	60	9	27982754
8581	12297	983	60	10	27982764
8588	12276	984	60	10	27982774
8588	12260	984	60	10	27982784
8588	12252	937	59.25	12	27982824
8577	12252	759	59	14	27982834
8567	12268	537	59	14	27982844
8559	12285	36	59	15	27982864
73
8584	12927	335	56	6	27983190
8567	12927	489	56	6	27983200
8552	12927	617	56	6	27983210
8538	12927	711	56	6	27983220
8526	12927	780	57.3333	6	27983250
8535	12933	831	58	6	27983260
8558	12940	839	58	6	27983270
8594	12946	851	59	7	27983280
8642	12953	866	59	7	27983290
8701	12953	872	60	7	27983300
8768	12953	882	60	5	27983310
8844	12953	889	61	5	27983320
8924	12941	894	61	5	27983330
9003	12926	902	62	6	27983340
9080	12905	905	62	4	27983350
9150	12882	907	62	4	27983360
9212	12852	907	62	4	27983370
9268	12818	915	62	4	27983380
9317	12779	918	63	4	27983390
9357	12748	924	63	2	27983400
9391	12714	929	64	2	27983410
9417	12684	935	64	2	27983420
9433	12656	938	65	2	27983430
9447	12617	942	65	2	27983440
9447	12582	944	66	2	27983450
9447	12548	950	66	2	27983460
9447	12516	949	66	2	27983470
9447	12481	953	66	2	27983480
9437	12447	955	66	4	27983490
9428	12414	957	66	4	27983500
9416	12377	961	66	4	27983510
9401	12347	964	66	4	27983520
9382	12319	964	66	7	27983530
9359	12287	970	66	7	27983540
9334	12261	973	66	7	27983550
9306	12233	978	66	7	27983560
9277	12208	979	66	7	27983569
9247	12190	980	66	9	27983579
9213	12172	988	66	9	27983589
9178	12155	994	66	9	27983599
9139	12142	994	66	9	27983609
9095	12131	995	66	11	27983619
9049	12117	998	66	11	27983629
8996	12106	997	66	11	27983639
8941	12096	998	66	11	27983649
8885	12085	998	66	11	27983659
8830	12075	1000	66	11	27983669
8782	12067	998	64	13	27983679
8739	12058	999	64	13	27983689
8702	12049	1000	63	12	27983699
8670	12042	999	63	12	27983709
8637	12033	998	63	12	27983719
8611	12023	999	63	12	27983729
8592	12014	998	63	12	27983739
8579	12008	998	63	13	27983759
8570	12008	997	63	14	27983769
8570	12001	989	63	13.2308	27983899
8570	12008	975	63	12	27983929
8570	12018	972	63	14	27983939
8570	12031	972	63	14	27983949
8570	12051	973	63	14	27983959
8578	12078	972	63	14	27983969
8578	12109	972	63	14	27983979
8578	12142	973	63	14	27983989
8584	12173	970	63	14	27983999
8584	12204	970	63	14	27984009
8578	12231	971	63	14	27984019
8578	12255	972	63	14	27984029
8578	12282	972	63	14	27984039
8578	12304	970	63	14	27984049
8578	12327	969	63	14	27984059
8578	12342	966	63	14	27984069
8578	12351	694	62.25	12.5	27984149
13
4002	11757	281	47	316	27988122
4012	11757	469	47	316	27988152
3986	11733	571	47	316	27988162
3978	11693	606	47	315	27988172
3978	11644	621	47	315	27988182
3971	11589	641	48	314	27988192
3971	11532	645	48	314	27988202
3971	11482	643	48	314	27988212
3980	11434	642	48	314	27988222
3987	11396	629	48	314	27988232
3995	11367	562	48	314	27988242
4005	11349	390	48	314	27988252
4018	11349	8	48	313	27988272
26
3975	11676	268	48	314	27988362
3946	11720	348	48	314	27988372
3932	11739	468	48	314	27988382
3920	11758	519	48	314	27988392
3914	11772	541	48	314	27988402
3914	11785	546	48	314	27988412
3937	11791	555	48	314	27988422
3968	11791	557	48	314	27988432
4012	11774	565	48	314	27988442
4065	11751	568	48	314	27988452
4119	11715	588	48	314	27988462
4172	11675	590	48	314	27988472
4216	11631	598	48	314	27988482
4252	11585	601	48	312	27988492
4275	11540	614	48	312	27988502
4282	11498	640	48	311	27988512
4282	11458	653	48	311	27988522
4253	11417	681	48	311	27988532
4208	11380	685	48	311	27988542
4150	11345	692	49	312	27988552
4080	11314	690	49	312	27988562
4009	11291	689	49	312	27988572
3947	11274	680	49	312	27988582
3899	11262	651	48	313	27988592
3869	11256	485	49	314	27988602
3860	11256	57	49	315	27988622
25
4588	11626	129	50	309	27989306
4545	11609	299	50	309	27989316
4514	11602	448	50	309	27989326
4482	11602	543	50	309	27989336
4454	11602	579	50	309	27989346
4441	11602	592	49	308	27989356
4449	11594	621	49	308	27989366
4491	11594	652	49	308	27989376
4569	11605	659	49	308	27989386
4684	11617	668	49	308	27989396
4830	11631	678	49	308	27989406
4986	11646	691	49	308	27989416
5149	11658	706	49	308	27989426
5318	11672	715	50	307	27989436
5476	11685	722	50	307	27989446
5618	11697	732	50	306	27989456
5738	11710	742	50	306	27989466
5824	11718	747	50	306	27989476
5882	11718	754	51	305	27989486
5916	11726	768	51	305	27989496
5930	11726	796	52	303.667	27989526
5918	11726	784	52	303	27989536
5911	11726	709	53	302	27989546
5904	11726	542	53	302	27989556
5897	11726	53	53	302	27989576
18
5835	11967	339	50	305	27989770
5828	11976	398	50	306	27989780
5820	11976	439	50	306	27989790
5820	11967	472	50	306	27989800
5813	11945	512	50	306	27989810
5813	11907	565	51	305	27989820
5823	11851	623	51	305	27989830
5835	11787	657	51	303	27989840
5848	11716	678	51	303	27989850
5861	11651	684	52	304	27989860
5874	11591	689	52	304	27989870
5887	11538	693	52	304	27989880
5900	11494	690	52	303	27989890
5910	11461	690	52	303	27989900
5919	11441	683	53	302	27989910
5919	11429	629	53	302	27989930
5919	11436	430	53	302	27989940
5919	11451	42	53	302.5	27989960
40
5893	11903	204	51	305	27990354
5873	11912	296	52	304	27990364
5862	11912	448	52	304	27990374
5849	11922	534	52	304	27990384
5834	11922	625	52	304	27990394
5824	11931	649	52	304	27990414
5818	11931	653	52	304	27990424
5827	11931	653	52	304	27990434
5854	11913	660	52	304	27990444
5904	11892	667	52	304	27990454
5973	11864	665	52	304	27990464
6055	11832	672	52	303	27990474
6139	11802	670	52	303	27990484
6221	11775	671	53	302	27990494
6296	11751	671	53	302	27990504
6360	11733	672	53	302	27990514
6412	11719	679	53	302	27990524
6445	11710	677	53	302	27990534
6461	11710	693	53	302	27990544
6461	11702	721	53	301.667	27990574
6449	11702	742	53	301	27990584
6434	11702	742	53	299	27990594
6412	11702	740	53	299	27990604
6386	11693	742	53	299	27990614
6356	11682	743	53	299	27990624
6322	11664	742	53	299	27990634
6282	11641	746	53	299	27990644
6235	11614	749	53	299	27990654
6186	11586	749	53	299	27990664
6135	11556	755	53	299	27990674
6086	11529	755	53	299	27990684
6040	11504	756	53	301	27990694
5997	11480	756	53	301	27990704
5959	11459	754	53	302	27990714
5929	11441	755	53	302	27990724
5908	11423	752	53	302	27990734
5892	11411	751	53	302	27990744
5885	11401	717	53	302	27990764
5885	11395	524	53	302	27990784
5903	11408	35	53	302	27990804
34
6584	11773	58	53	303	27991178
6590	11783	253	53	303	27991188
6575	11792	364	53	303	27991198
6562	11792	454	53	303	27991208
6542	11792	494	53	303	27991218
6520	11792	556	53	302	27991228
6496	11782	586	53	302	27991238
6472	11769	603	53	302	27991248
6455	11754	612	53	302	27991258
6443	11734	629	53	302	27991268
6436	11715	636	53	302	27991278
6436	11697	636	53	302	27991288
6443	11678	637	53	302	27991298
6455	11661	642	53	302	27991308
6477	11647	643	53	302	27991318
6501	11635	648	53	302	27991328
6526	11635	649	53	302	27991338
6553	11635	661	53	302	27991348
6576	11635	678	53	302	27991358
6599	11652	677	53	302	27991368
6619	11675	682	53	302	27991378
6634	11700	684	53	302	27991388
6645	11728	688	53	301	27991398
6645	11757	693	53	301	27991408
6645	11781	701	53	299	27991418
6635	11802	702	53	299	27991428
6619	11817	701	53	299	27991438
6599	11827	702	53	299	27991448
6572	11827	700	53	299	27991458
6547	11833	693	53	299	27991468
6525	11833	679	53	299	27991478
6508	11823	630	53	299	27991488
6498	11813	531	53	299	27991498
6498	11802	153	53	299	27991518
66
6675	11789	64	51	303	27992070
6661	11783	190	51	303	27992080
6652	11783	326	51	303	27992090
6642	11776	458	51	303	27992100
6631	11776	560	51	303	27992110
6625	11776	676	51.1667	302.333	27992170
6633	11776	738	52	301	27992180
6645	11776	755	52	301	27992190
6666	11776	786	52	301	27992200
6697	11776	811	52	301	27992210
6739	11776	824	52	301	27992220
6788	11787	833	52	301	27992230
6838	11795	838	52	301	27992240
6886	11802	847	51	300	27992250
6939	11813	855	51	300	27992260
6994	11822	857	51	300	27992270
7051	11833	861	51	300	27992280
7110	11847	865	51	300	27992290
7165	11860	868	51	300	27992300
7225	11876	868	51	300	27992310
7290	11892	869	51	300	27992320
7360	11908	870	51	300	27992330
7432	11924	873	51	300	27992340
7500	11937	873	51	300	27992350
7565	11948	873	51	300	27992360
7624	11960	875	51	300	27992370
7680	11971	876	51	300	27992380
7735	11982	876	51	300	27992390
7789	11993	876	51	300	27992400
7844	12005	877	51	300	27992410
7899	12015	877	51	300	27992420
7949	12026	877	51	299	27992430
7993	12033	877	51	299	27992440
8032	12041	876	52	297	27992450
8069	12048	876	53	298	27992460
8104	12057	875	53	298	27992470
8140	12065	876	53	298	27992480
8174	12072	877	53	298	27992490
8203	12080	876	53	298	27992500
8230	12080	877	53	298	27992510
8253	12090	876	53	298	27992520
8274	12090	876	53	298	27992530
8288	12090	876	53	298	27992540
8295	12090	876	53	298	27992550
8295	12097	876	53	298	27992560
8302	12097	876	53	298	27992600
8309	12097	876	53	298	27992610
8316	12097	876	53	298	27992620
8330	12104	876	53	298	27992630
8349	12104	876	53	298	27992640
8370	12111	876	53	298	27992650
8391	12111	874	53	298	27992660
8408	12111	876	53	298	27992670
8425	12118	875	53	298	27992680
8441	12118	876	53	298	27992690
8457	12126	876	53	298	27992700
8472	12126	876	53	297	27992710
8484	12132	875	53	297	27992720
8493	12132	875	53	296	27992730
8501	12132	876	53	296	27992740
8510	12132	878	53	296	27992750
8520	12132	878	53	296	27992760
8528	12132	878	53	296	27992770
8535	12132	877	53	295	27992790
8543	12132	877	53.6667	293.333	27992820
8551	12139	622	54	293	27992920
74
9630	14882	227	59	343	27997890
9624	14873	345	59	343	27997910
9605	14873	495	59	343	27997930
9596	14873	648	60.7143	342	27998000
9605	14866	735	61	342	27998010
9616	14866	747	61	342	27998020
9634	14866	754	61	342	27998030
9660	14858	770	61	342	27998040
9691	14858	778	60	340	27998050
9730	14858	788	60	340	27998060
9776	14850	792	60	340	27998070
9826	14850	796	60	340	27998080
9883	14850	804	60	340	27998090
9942	14850	809	60	340	27998100
10001	14858	810	60	340	27998110
10059	14858	815	60	340	27998120
10115	14858	816	60	340	27998130
10168	14858	818	61	339	27998140
10217	14858	822	61	339	27998150
10262	14858	823	62	338	27998160
10304	14858	826	62	338	27998170
10342	14851	828	62	338	27998180
10376	14851	830	62	336	27998190
10404	14851	832	62	336	27998200
10428	14851	833	62	336	27998210
10447	14851	833	62	336	27998220
10460	14851	834	62	336	27998230
10469	14851	837	62	336	27998260
10476	14851	852	62	336	27998380
10476	14859	876	62	336	27998410
10470	14867	882	62	336	27998440
10470	14878	883	62	336	27998450
10462	14888	883	62	336	27998460
10462	14899	884	62	336	27998470
10452	14912	883	62	336	27998480
10445	14925	882	62	336	27998490
10445	14937	885	62	336	27998500
10434	14947	888	62	336	27998510
10434	14958	887	62	336	27998520
10423	14967	887	62	336	27998530
10423	14979	886	62	336	27998540
10413	14991	886	62	336	27998550
10413	15003	886	62	336	27998560
10413	15016	886	62	336	27998570
10406	15029	886	62	336	27998580
10406	15042	884	62	336	27998590
10406	15056	887	62	336	27998600
10397	15067	889	62	336	27998610
10397	15076	888	62	336	27998620
10397	15087	889	62	336	27998630
10389	15094	889	62	336	27998640
10389	15103	887	62	336	27998650
10389	15114	887	61	337	27998660
10389	15123	886	61	337	27998670
10389	15132	887	60	337.5	27998690
10389	15147	887	60	337	27998700
10389	15154	888	60	337	27998710
10389	15162	888	60	337	27998720
10389	15168	889	60	337	27998740
10389	15183	884	60	337	27998750
10389	15195	886	60	337	27998760
10389	15207	887	60	337	27998770
10389	15218	887	60	337	27998790
10389	15229	890	60	337	27998800
10389	15236	888	60	335	27998810
10389	15245	889	60	335	27998820
10382	15255	888	60	335	27998830
10382	15269	887	60	335	27998840
10382	15285	888	60	335	27998850
10373	15297	889	60	335	27998860
10373	15309	888	60	335	27998870
10373	15316	889	59.5	334	27998890
10365	15326	889	59	333	27998910
10365	15332	716	59	333	27999000
157
11268	13605	320	52	0	28002090
11275	13614	446	52	0	28002110
11266	13620	589	53	0	28002120
11259	13620	703	53.8	0	28002170
11266	13620	771	54	0	28002180
11280	13607	787	55	0	28002190
11299	13596	800	55	359	28002200
11325	13579	806	56	359	28002210
11354	13555	815	56	359	28002220
11381	13527	817	56	359	28002230
11408	13494	827	56	357	28002240
11433	13456	836	56	357	28002250
11457	13418	840	56	357	28002260
11479	13375	844	57	357	28002270
11498	13332	853	57	357	28002280
11513	13283	865	58	357	28002290
11523	13232	869	58	357	28002300
11523	13180	871	58	358	28002310
11523	13124	874	58	358	28002320
11523	13073	881	58	358	28002330
11517	13022	882	58	0	28002340
11505	12972	884	58	0	28002350
11495	12925	888	58	0	28002360
11485	12880	886	58	0	28002370
11472	12838	887	58	2	28002380
11458	12803	884	58	2	28002390
11445	12772	887	58	3	28002400
11431	12745	887	58	3	28002410
11421	12724	887	58	3	28002420
11415	12708	892	58	5	28002430
11408	12699	887	59	5	28002450
11408	12689	881	60	6.66667	28002510
11408	12696	878	60	7	28002520
11417	12696	877	60	7	28002530
11429	12708	877	60	7	28002540
11445	12715	877	60	7	28002550
11468	12722	875	60	7	28002560
11496	12732	878	60	7	28002570
11529	12745	878	60	7	28002580
11565	12759	878	60	7	28002590
11605	12776	877	60	7	28002600
11658	12792	877	60	7	28002610
11700	12806	880	60	7	28002620
11741	12820	880	60	7	28002630
11781	12832	881	60	7	28002640
11805	12844	881	60	7	28002650
11838	12854	883	60	7	28002660
11867	12863	883	60	7	28002670
11891	12870	883	60	7	28002680
11910	12877	884	60	7	28002690
11928	12884	882	60	7	28002700
11947	12892	883	60	7	28002710
11967	12900	884	60	7	28002720
11986	12909	882	60	7	28002730
12004	12916	880	60	7	28002740
12018	12916	881	60	7	28002750
12029	12926	880	60	7	28002760
12036	12926	882	60	7	28002770
12045	12932	880	60	7	28002780
12054	12932	882	60	7	28002790
12064	12940	880	60	7	28002800
12075	12940	881	60	7	28002810
12084	12947	882	60	7	28002820
12094	12947	882	60	7	28002830
12105	12960	883	60	7	28002840
12116	12969	883	60	7	28002850
12128	12978	884	60	7	28002860
12138	12986	882	60	7	28002870
12148	12993	881	60	7	28002880
12155	12993	881	60	7	28002890
12164	13004	881	60	5	28002900
12173	13015	883	60	5	28002910
12186	13026	881	60	5	28002920
12203	13039	881	60	5	28002930
12222	13052	880	60	5	28002940
12243	13065	879	60	3	28002950
12265	13079	881	61	4	28002960
12290	13092	880	61	4	28002970
12315	13106	880	62	4	28002980
12338	13117	874	62	4	28002990
12359	13127	877	62	4	28003000
12375	13136	878	62	4	28003010
12391	13143	880	62	4	28003020
12407	13152	877	62	4	28003030
12420	13161	879	62	4	28003040
12433	13169	877	62	2	28003050
12442	13179	881	62	2	28003060
12450	13188	878	63	2	28003070
12457	13196	877	63	2	28003080
12465	13206	879	64	2	28003090
12471	13214	880	64	2	28003100
12479	13224	883	64	2	28003110
12487	13236	883	64	2	28003120
12496	13249	882	64	2	28003130
12506	13263	884	64	2	28003140
12515	13275	884	64	2	28003150
12523	13285	881	64	2	28003160
12523	13292	880	64	0	28003170
12530	13292	885	64	0	28003180
12530	13302	884	64	0	28003190
12530	13308	885	64	0	28003200
12530	13320	885	64	0	28003210
12530	13333	887	64	0	28003220
12523	13350	886	64	0	28003230
12523	13368	889	64	0	28003240
12510	13385	891	64	0	28003250
12498	13403	891	64	0	28003260
12487	13417	895	64	0	28003270
12474	13430	895	64	358	28003280
12458	13443	897	64	358	28003290
12443	13454	901	64	358	28003300
12427	13467	908	64	358	28003310
12408	13480	908	64	358	28003320
12388	13490	923	64	358	28003330
12362	13501	921	64	358	28003340
12332	13512	929	64	358	28003350
12297	13518	929	64	358	28003360
12255	13527	933	64	356	28003370
12215	13527	938	64	356	28003380
12175	13535	940	63	356	28003390
12136	13535	940	63	356	28003400
12101	13535	940	62	356	28003410
12065	13535	942	62	356	28003420
12031	13535	944	62	356	28003430
11998	13535	948	62	356	28003440
11966	13542	948	62	356	28003450
11932	13542	949	62	356	28003460
11896	13542	949	62	356	28003470
11860	13553	949	62	356	28003480
11820	13553	949	62	356	28003490
11780	13564	951	61	356	28003500
11740	13571	952	61	356	28003510
11702	13571	961	60	357	28003520
11664	13583	958	60	357	28003530
11627	13589	962	60	357	28003540
11592	13589	964	60	357	28003550
11555	13600	971	60	357	28003560
11523	13600	970	60	357	28003570
11492	13610	968	60	357	28003580
11460	13610	971	60	357	28003590
11430	13621	971	60	357	28003600
11400	13621	973	60	357	28003610
11370	13631	973	60	357	28003620
11346	13631	976	60	357	28003630
11327	13637	972	60	357	28003640
11314	13637	973	60	357	28003650
11306	13637	971	60	357	28003660
11297	13637	971	60	357	28003670
11291	13637	970	60	357	28003700
11281	13637	966	60	357	28003710
11274	13630	956	60	357	28003720
11261	13630	954	60	357	28003730
11245	13630	928	60	357	28003740
11227	13620	863	60	357	28003750
11212	13620	756	60	357	28003760
11201	13610	489	60	357	28003770
11192	13600	4	59	358	28003790
172
10498	14839	132	57.6667	352	28005870
10490	14839	372	58	352	28005880
10490	14846	457	58	352	28005890
10484	14846	539	58	352	28005910
10476	14846	625	58	352	28005930
10470	14846	685	58	352	28005950
10470	14836	721	58	352	28005960
10470	14820	739	58	352	28005970
10470	14795	759	58	352	28005980
10470	14762	772	58	352	28005990
10470	14727	796	58	352	28006000
10470	14690	803	58	352	28006010
10470	14653	815	59	352	28006020
10470	14616	824	59	352	28006030
10476	14576	837	60	351	28006040
10476	14533	845	60	351	28006050
10476	14489	859	60	351	28006060
10476	14445	870	60	353	28006070
10476	14404	875	60	353	28006080
10483	14362	881	60	353	28006090
10483	14322	878	60	353	28006100
10483	14284	884	60	353	28006110
10490	14245	892	60	355	28006120
10490	14210	893	60	355	28006130
10490	14177	900	60	355	28006140
10500	14147	905	60	355	28006150
10500	14119	906	60	357	28006160
10506	14092	906	60	357	28006170
10506	14064	909	60	357	28006180
10506	14036	914	60	357	28006190
10506	14008	914	60	358	28006200
10515	13978	919	60	358	28006210
10515	13950	920	60	358	28006220
10515	13924	921	60	358	28006230
10525	13899	924	60	0	28006240
10525	13872	924	60	0	28006250
10534	13843	928	60	0	28006260
10534	13812	930	60	0	28006270
10541	13782	929	60	0	28006280
10541	13754	933	60	0	28006290
10549	13728	931	60	0	28006300
10556	13704	932	60	0	28006310
10556	13679	933	60	0	28006320
10568	13657	933	60	0	28006330
10575	13633	934	60	2	28006340
10575	13611	934	60	2	28006350
10584	13590	933	60	2	28006360
10584	13571	934	60	2	28006370
10592	13552	935	60	2	28006380
10592	13536	937	60	2	28006390
10600	13520	935	60	2	28006400
10600	13506	935	60	3	28006410
10600	13494	938	60	3	28006420
10600	13483	936	60	3	28006430
10607	13476	936	60	3	28006440
10607	13469	939	60	3	28006450
10607	13462	938	60	3	28006460
10607	13453	938	60	3	28006470
10615	13444	938	60	3	28006480
10615	13437	938	60	5	28006500
10615	13431	938	60	5	28006510
10621	13431	938	60	5	28006530
10621	13424	938	60	5	28006550
10621	13415	938	60	5	28006570
10621	13405	938	60	5	28006590
10621	13397	938	60	5	28006610
10621	13391	940	60	5	28006630
10628	13391	940	60	5	28006730
10628	13384	941	60	5	28006870
10628	13374	942	60	5	28006880
10628	13366	941	60	5	28006890
10628	13357	942	60	5	28006900
10628	13347	942	60	5	28006920
10628	13338	942	60	5	28006940
10635	13338	941	60	5	28006970
10635	13331	942	60	6	28007030
10635	13324	942	60	7	28007060
10635	13317	941	60	7	28007090
10635	13310	942	60	7	28007120
10635	13303	942	60	7	28007310
10635	13297	941	60	7	28007340
10635	13286	943	60	7	28007350
10635	13276	942	60	7	28007360
10635	13265	942	60	7	28007370
10635	13254	942	60	7	28007380
10635	13246	942	60	7	28007400
10635	13237	942	60	9	28007470
10635	13230	942	60	9	28007600
10635	13224	942	60	9	28007810
10635	13217	941	60	9.6	28007910
10635	13208	941	60	10	28007930
10635	13196	941	60	10	28007940
10635	13187	941	60	10	28007950
10635	13179	940	60	10	28007960
10635	13172	939	60	10	28007980
10635	13166	938	60	10	28008040
10635	13158	938	60	10	28008060
10635	13150	939	60	10	28008080
10635	13142	939	60	10	28008100
10635	13136	935	60	10	28008320
10642	13136	932	60	10	28008340
10653	13136	933	60	10	28008350
10664	13136	933	60	10	28008360
10677	13136	933	60	10	28008370
10691	13136	933	60	10	28008380
10705	13136	935	60	10	28008390
10719	13129	934	61	11	28008400
10733	13129	935	61	11	28008410
10748	13129	935	62	11	28008420
10763	13129	938	62	11	28008430
10781	13129	941	62	11	28008440
10800	13137	940	62	11	28008450
10819	13137	942	62	11	28008460
10840	13143	943	62	11	28008470
10860	13143	942	62	11	28008480
10881	13143	941	62	11	28008490
10902	13151	942	62	11	28008500
10920	13151	944	62	11	28008510
10932	13151	943	62	11	28008520
10945	13151	944	62	11	28008530
10958	13151	945	62	11	28008540
10971	13158	946	62	11	28008550
10986	13158	947	62	11	28008560
11001	13158	948	62	11	28008570
11016	13165	948	62	11	28008580
11029	13165	949	62	11	28008590
11044	13171	951	62	9	28008600
11057	13171	950	62	9	28008610
11070	13180	951	62	9	28008620
11081	13180	951	62	9	28008630
11090	13188	950	62	9	28008640
11099	13188	951	62	9	28008650
11106	13188	950	62	7	28008660
11114	13196	951	62	7	28008670
11121	13196	950	62	7	28008690
11130	13196	949	62	6.33333	28008720
11137	13196	949	62	6	28008730
11145	13196	950	62	6	28008740
11155	13203	949	62	6	28008750
11169	13203	950	62	6	28008760
11186	13211	949	63	6	28008770
11201	13211	950	63	6	28008780
11216	13217	951	64	6	28008790
11231	13217	949	64	6	28008800
11243	13225	950	64	6	28008810
11252	13225	949	64	6	28008820
11259	13225	949	64	6	28008840
11269	13231	950	64	6	28008850
11280	13231	951	64	6	28008860
11294	13231	951	64	6	28008870
11309	13239	950	64	6	28008880
11322	13239	951	64	6	28008890
11337	13246	950	64	6	28008900
11348	13246	949	64	6	28008910
11358	13246	951	64	6	28008920
11366	13254	951	65	6.25	28008960
11374	13254	952	66	7	28008970
11374	13260	952	66	7	28008980
11387	13260	954	66	7	28008990
11397	13267	954	66	7	28009000
11405	13267	954	66	7	28009010
11412	13267	953	66	7	28009020
11412	13273	953	66	7	28009030
11420	13273	952	66	7	28009090
11427	13273	950	66	7	28009150
11434	13273	949	66	7	28009160
11441	13273	949	66	7	28009170
11451	13281	949	66	7	28009180
11462	13281	950	66	7	28009190
11473	13289	948	66	7	28009200
11480	13289	938	66	7	28009220
11488	13289	407	66	7	28009270
104
9465	12532	482	54	11	28010058
9457	12532	518	54.5	11.5	28010078
9446	12524	658	56	10.75	28010118
9463	12524	712	57	11	28010128
9482	12524	747	58	11	28010138
9509	12524	765	58	10	28010148
9542	12524	780	58	10	28010158
9585	12524	799	58	10	28010168
9633	12524	807	59	10	28010178
9687	12533	816	59	10	28010188
9745	12533	826	60	9	28010198
9805	12540	831	60	9	28010208
9867	12540	838	60	9	28010218
9930	12540	851	60	9	28010228
9992	12540	852	60	9	28010238
10056	12540	859	60	9	28010248
10119	12540	865	60	9	28010258
10180	12547	869	60	9	28010268
10238	12547	874	60	9	28010278
10291	12547	875	61	9	28010288
10341	12547	884	61	9	28010298
10385	12547	891	62	9	28010308
10423	12553	892	62	9	28010318
10457	12553	903	62	9	28010328
10489	12553	910	62	9	28010338
10519	12562	914	63	10	28010348
10550	12562	920	63	10	28010358
10581	12572	921	64	10	28010368
10613	12572	925	64	10	28010378
10645	12581	925	64	10	28010388
10677	12581	929	64	10	28010398
10710	12587	929	64	10	28010408
10740	12587	932	64	10	28010418
10770	12587	933	64	10	28010428
10800	12596	939	64	10	28010438
10828	12596	937	64	10	28010448
10853	12602	937	64	10	28010458
10877	12602	938	64	10	28010468
10898	12602	938	64	10	28010478
10914	12610	940	64	10	28010488
10926	12610	941	64	8	28010498
10933	12610	943	64	8	28010578
10933	12621	945	64	8	28010588
10933	12629	947	64	8	28010598
10925	12643	948	64	8	28010608
10925	12657	946	64	8	28010618
10912	12676	944	64	8	28010628
10912	12692	949	64	8	28010638
10900	12712	949	64	8	28010648
10891	12736	949	64	8	28010658
10885	12756	949	64	8	28010668
10874	12778	949	64	8	28010678
10862	12800	946	64	8	28010688
10852	12819	948	64	8	28010698
10844	12837	949	64	8	28010708
10844	12854	949	64	8	28010718
10834	12867	949	64	8	28010728
10834	12878	950	64	8	28010738
10834	12889	947	64	8	28010748
10834	12901	949	64	6	28010758
10834	12911	948	64	6	28010768
10828	12920	949	64	6	28010798
10828	12927	948	64	6	28010868
10834	12927	948	64	6	28010878
10843	12934	947	64	6	28010888
10857	12934	948	64	6	28010898
10877	12944	948	64	6	28010908
10905	12944	950	64	6	28010918
10937	12957	949	64	6	28010928
10973	12957	949	64	6	28010938
11009	12969	951	64	6	28010948
11041	12976	952	64	6	28010958
11072	12985	955	64	6	28010968
11100	12991	959	64	4	28010978
11122	12991	962	64	4	28010988
11143	13000	967	64	4	28010998
11161	13000	977	64	4	28011008
11180	13000	978	64	4	28011018
11200	13000	982	64	4	28011028
11222	13000	985	64	4	28011038
11247	13000	989	64	4	28011048
11273	13000	988	64	4	28011058
11298	13000	991	65	2	28011068
11323	13009	995	65	2	28011078
11344	13009	994	66	2	28011088
11361	13017	1001	66	2	28011098
11377	13017	1001	66	2	28011108
11390	13026	1003	66	2	28011118
11400	13026	1003	66	2	28011128
11409	13026	1005	66	2	28011148
11418	13026	1006	66	2	28011188
11426	13026	1006	66	2	28011218
11432	13026	1007	66	2	28011228
11441	13026	1013	66	2	28011238
11451	13026	1013	66	2	28011248
11464	13026	1014	66	2	28011258
11477	13034	1015	66	2	28011268
11490	13034	1016	66	2	28011278
11501	13034	1017	66	2	28011288
11508	13034	1016	66	2	28011298
11508	13041	1016	66	2	28011308
11516	13041	1020	66	2	28011428
11509	13041	895	66	2	28011478
11500	13041	86	66	2	28011498
93
12551	13386	259	56	0	28013603
12560	13386	407	56.5	0	28013623
12552	13386	528	57	0	28013633
12538	13386	630	58	357.5	28013693
12549	13386	695	58	355	28013703
12558	13386	712	58	355	28013713
12572	13386	723	58	355	28013723
12592	13393	740	58	355	28013733
12621	13393	751	59	353	28013743
12663	13405	770	59	353	28013753
12719	13405	780	60	353	28013763
12782	13415	786	60	351	28013773
12854	13415	796	60	351	28013783
12925	13424	799	60	351	28013793
12996	13433	802	60	351	28013803
13066	13443	807	60	351	28013813
13135	13453	806	60	351	28013823
13203	13466	808	60	351	28013833
13271	13474	812	60	351	28013843
13335	13482	815	60	351	28013853
13394	13489	822	60	351	28013863
13449	13489	822	60	351	28013873
13498	13496	828	61	351	28013883
13539	13496	827	61	351	28013893
13575	13496	831	62	351	28013903
13603	13496	832	62	351	28013913
13621	13496	837	62	351	28013923
13633	13496	856	62	351	28013943
13640	13496	895	62	351	28013993
13634	13496	905	62	350.231	28014123
13634	13502	904	62	351	28014142
13634	13510	903	62	351	28014152
13634	13521	905	62	351	28014162
13634	13535	905	62	351	28014172
13634	13552	906	62	351	28014182
13634	13570	906	62	351	28014192
13634	13589	906	62	351	28014202
13634	13614	907	62	351	28014212
13634	13645	911	62	351	28014222
13634	13681	910	62	351	28014232
13627	13722	911	62	351	28014242
13627	13764	913	62	351	28014252
13627	13805	911	62	351	28014262
13627	13844	911	62	351	28014272
13627	13883	912	62	351	28014282
13627	13920	912	62	351	28014292
13620	13956	913	62	351	28014302
13620	13992	913	62	351	28014312
13620	14026	913	62	351	28014322
13620	14057	913	62	351	28014332
13620	14086	912	62	349	28014342
13629	14122	913	62	349	28014352
13629	14153	915	62	349	28014362
13637	14186	917	62	349	28014372
13637	14218	914	62	349	28014382
13644	14240	918	61	347	28014392
13644	14262	918	61	347	28014402
13644	14283	918	61	347	28014412
13644	14297	919	61	345	28014422
13644	14311	917	61	345	28014432
13644	14323	920	61	345	28014442
13644	14332	919	60	346	28014452
13644	14343	920	60	344	28014462
13644	14356	920	60	344	28014472
13644	14366	921	60	344	28014482
13644	14377	923	61	343	28014492
13644	14385	925	61	342.5	28014512
13644	14397	931	61	342	28014892
13653	14397	942	61	342	28014902
13667	14397	948	61	342	28014912
13689	14397	949	61	342	28014922
13722	14397	950	61	342	28014932
13764	14397	951	61	342	28014942
13811	14397	951	61	342	28014952
13864	14397	956	61	342	28014962
13923	14397	956	61	342	28014972
13988	14397	956	61	342	28014982
14057	14397	959	61	342	28014992
14131	14397	960	61	342	28015002
14207	14397	963	61	342	28015012
14282	14397	965	61	342	28015022
14355	14404	968	61	342	28015032
14420	14404	971	62	341	28015042
14479	14404	976	61	339	28015052
14529	14404	977	62	338	28015062
14571	14397	981	62	338	28015072
14604	14397	981	62	338	28015082
14625	14388	982	62	338	28015092
14637	14388	984	62	338	28015112
14643	14388	966	62	338	28015132
14637	14388	870	62	338	28015142
14626	14388	697	62	338	28015152
14610	14382	88	62.5	339	28015172
115
12907	15754	349	56	359	28015847
12907	15773	454	56	359	28015857
12890	15773	575	56	359	28015867
12890	15782	647	56	359	28015877
12884	15782	702	56	357	28015897
12900	15789	740	56	357	28015907
12925	15789	762	56	357	28015917
12961	15796	786	56	357	28015927
13012	15796	808	57	357	28015937
13079	15807	813	57	357	28015947
13155	15814	819	58	357	28015957
13236	15814	826	58	357	28015967
13317	15814	828	58	357	28015977
13389	15814	832	58	357	28015987
13451	15814	836	58	357	28015997
13504	15814	837	59	355	28016007
13547	15821	840	59	355	28016017
13584	15821	843	60	355	28016027
13614	15821	846	60	355	28016037
13636	15821	847	60	355	28016047
13653	15821	851	60	355	28016057
13665	15821	858	60	355	28016067
13675	15821	874	60.5	355	28016087
13683	15821	893	61.5	354.5	28016107
13683	15811	905	62	354	28016117
13693	15799	905	62	354	28016127
13693	15779	912	62	354	28016137
13703	15754	914	62	354	28016147
13703	15726	915	62	354	28016157
13710	15690	922	62	354	28016167
13710	15651	924	62	354	28016177
13710	15609	932	62	354	28016187
13710	15564	936	62	354	28016197
13700	15518	939	62	354	28016207
13700	15469	941	62	354	28016217
13690	15419	941	62	354	28016227
13683	15365	943	62	356	28016237
13683	15318	942	62	356	28016247
13673	15275	944	62	356	28016257
13673	15233	945	62	356	28016267
13673	15196	946	62	358	28016277
13665	15161	947	62	358	28016287
13665	15126	949	62	358	28016297
13665	15099	950	62	358	28016307
13656	15074	951	62	0	28016317
13656	15055	951	62	0	28016327
13656	15037	952	62	0	28016337
13656	15021	951	62	0	28016347
13656	15009	950	62	0	28016357
13656	14993	952	62	0	28016367
13656	14978	951	62	0	28016377
13650	14962	952	62	2	28016387
13650	14944	953	62	2	28016397
13650	14930	953	62	2	28016407
13650	14917	955	62	2	28016417
13650	14904	954	62	4	28016427
13650	14892	954	62	4	28016437
13650	14878	954	62	4	28016447
13650	14867	951	62	4	28016457
13650	14856	951	62	6	28016467
13650	14846	951	62	6	28016477
13650	14834	954	62	6	28016487
13650	14825	952	62	6	28016497
13650	14817	951	62	6	28016517
13650	14811	951	62	6.33333	28016547
13650	14804	949	62	6.2	28016647
13650	14797	948	62	6	28016667
13650	14784	949	62	6	28016677
13650	14773	948	62	6	28016687
13650	14762	947	62	6	28016697
13650	14753	947	62	6	28016717
13650	14743	946	62	6	28016797
13650	14737	946	62	6	28016837
13656	14737	945	62	6	28016887
13663	14737	948	62	6	28016907
13673	14744	949	62	6	28016917
13680	14744	950	62	6	28016927
13692	14753	954	62	6	28016937
13708	14753	951	62	6	28016947
13726	14762	954	62	6	28016957
13751	14762	955	62	6	28016967
13781	14770	954	62	6	28016977
13815	14770	953	62	6	28016987
13853	14780	953	62	6	28016997
13893	14780	952	62	6	28017007
13931	14792	953	62	6	28017017
13971	14792	952	62	6	28017027
14016	14799	951	62	6	28017037
14060	14799	949	63	6	28017046
14105	14799	951	63	6	28017056
14145	14799	950	64	6	28017066
14178	14799	952	64	4	28017076
14208	14799	951	64	4	28017086
14235	14799	951	64	4	28017096
14253	14799	953	64	4	28017106
14267	14799	954	64	4	28017116
14278	14799	957	64	4	28017126
14286	14799	961	64	4	28017136
14296	14799	964	65	4	28017146
14310	14799	965	65	4	28017156
14326	14799	965	66	4	28017166
14344	14799	968	66	4	28017176
14364	14799	970	66	4	28017186
14385	14799	968	66	4	28017196
14407	14799	969	66	4	28017206
14429	14799	972	66	2	28017216
14446	14799	973	66	2	28017226
14460	14799	977	66	2	28017236
14469	14799	978	66	2	28017246
14476	14799	979	66	2	28017266
14489	14799	984	66	2	28017276
14495	14799	987	66	2	28017286
14504	14805	990	66	2	28017296
14511	14805	992	67	1	28017316
14520	14805	851	68	0	28017436
28
14395	15012	344	56	0	28018039
14380	15018	436	56	0	28018049
14367	15028	555	56	0	28018059
14355	15028	661	56	0	28018069
14340	15036	732	56.6667	0	28018099
14358	15026	808	58	0	28018109
14386	15009	827	58	0	28018119
14425	14982	850	58	0	28018129
14473	14944	874	58	0	28018139
14526	14895	884	58	0	28018149
14581	14838	902	59	0	28018159
14632	14774	907	59	0	28018169
14676	14705	920	60	2	28018179
14707	14636	931	60	2	28018189
14724	14563	946	60	2	28018199
14724	14490	956	60	2	28018209
14716	14417	973	60	2	28018219
14693	14344	978	60	2	28018229
14662	14272	988	60	3	28018239
14626	14206	993	60	3	28018249
14593	14146	1001	60	5	28018259
14565	14096	1002	60	5	28018269
14542	14058	1001	60	7	28018279
14530	14029	1000	60	7	28018289
14523	14013	995	60	9	28018299
14523	14006	931	59.6	10.6	28018349
14523	14022	620	59	14	28018359
14530	14043	13	59	14	28018379
30
14494	15145	415	56	356	28018723
14460	15173	488	56	356	28018733
14449	15182	596	57	355	28018743
14435	15182	642	57	355	28018753
14435	15190	716	58	355	28018763
14458	15190	753	58	357	28018773
14493	15171	803	58	357	28018783
14546	15142	838	58	357	28018793
14613	15097	867	58	357	28018803
14687	15039	883	59	357	28018813
14758	14970	896	59	357	28018823
14818	14896	905	60	358	28018833
14860	14816	921	60	358	28018843
14883	14730	939	60	358	28018853
14892	14644	946	60	0	28018863
14892	14560	961	60	0	28018873
14877	14481	976	60	0	28018883
14861	14410	978	60	0	28018893
14843	14346	980	61	0	28018903
14823	14286	986	61	2	28018913
14802	14233	986	62	2	28018923
14778	14184	989	62	2	28018933
14753	14142	992	62	4	28018943
14726	14105	994	62	4	28018953
14698	14075	994	62	6	28018963
14672	14052	994	62	7	28018973
14652	14034	994	62	7	28018983
14636	14024	987	62	7	28018993
14628	14024	878	62	10.2	28019043
14638	14039	201	61	13	28019063
68
14765	15147	374	60	350	28019835
14744	15147	461	60	350	28019845
14727	15147	557	60	350	28019855
14695	15147	618	60	350	28019865
14682	15147	656	60	350	28019875
14675	15147	694	60	351	28019895
14685	15140	746	60	351	28019905
14706	15133	780	60	351	28019915
14737	15125	803	60	351	28019925
14780	15116	822	61	351	28019935
14834	15103	844	61	351	28019945
14895	15092	861	62	351	28019955
14966	15077	877	62	351	28019965
15041	15060	892	62	351	28019975
15120	15041	899	63	350	28019985
15200	15017	912	63	350	28019995
15277	14994	919	64	350	28020005
15354	14970	923	64	350	28020015
15429	14946	927	64	350	28020025
15502	14925	933	64	350	28020035
15573	14905	936	65	349	28020045
15639	14885	936	65	349	28020055
15698	14868	936	66	349	28020065
15747	14849	940	66	349	28020075
15788	14831	941	66	349	28020085
15821	14815	942	67	348	28020095
15847	14799	944	67	348	28020105
15868	14786	945	68	348	28020115
15883	14772	944	68	348	28020125
15895	14761	944	67	345	28020135
15902	14754	944	67	345	28020155
15902	14747	945	67	345	28020165
15910	14747	944	68	345.6	28020215
15910	14740	942	69	346	28020235
15910	14725	943	69	346	28020245
15910	14709	944	69	346	28020255
15910	14692	944	69	346	28020265
15910	14675	943	69	346	28020275
15901	14654	944	69	346	28020285
15901	14635	942	69	346	28020295
15887	14611	944	69	346	28020305
15874	14583	944	69	346	28020315
15859	14555	947	69	346	28020325
15841	14523	944	70	349	28020335
15818	14490	947	70	349	28020345
15791	14459	950	70	349	28020355
15759	14427	949	70	349	28020365
15721	14397	948	70	349	28020375
15681	14370	949	70	352	28020385
15633	14345	956	69	352	28020395
15580	14321	956	69	352	28020405
15522	14298	964	68	353	28020415
15459	14278	968	68	353	28020425
15391	14260	970	68	353	28020435
15317	14240	973	68	355	28020445
15240	14222	980	68	355	28020455
15160	14203	984	68	355	28020465
15083	14184	988	68	355	28020475
15013	14167	988	68	355	28020485
14952	14152	986	68	355	28020495
14901	14140	981	68	355	28020505
14861	14130	978	68	355	28020515
14832	14122	970	68	355	28020525
14812	14114	954	68	355	28020535
14798	14108	921	68	355	28020545
14788	14108	869	68	355	28020555
14779	14097	745	68	355	28020565
14773	14097	232	68	355	28020585
23
15968	14722	359	66	349	28022831
15968	14712	415	66	349	28022841
15958	14712	549	66	349	28022851
15949	14705	650	66	349	28022871
15941	14705	764	66	349	28022911
15955	14705	821	66	349	28022921
15980	14697	840	66	349	28022931
16031	14697	862	66	349	28022941
16110	14697	883	66	349	28022951
16215	14697	898	66	349	28022961
16341	14705	907	67	348	28022971
16475	14718	910	67	348	28022981
16607	14730	914	68	348	28022991
16730	14740	914	68	348	28023001
16842	14750	914	68	348	28023011
16938	14750	918	68	345	28023021
17015	14762	921	68	345	28023031
17075	14772	934	69	344	28023041
17118	14779	947	69	344	28023051
17143	14787	970	70	343	28023061
17155	14787	995	70	343	28023071
17155	14793	974	71.8889	338.778	28023161
17146	14793	262	73	337	28023181
14
17388	15019	660	59	346	28023643
17379	15028	717	59	346	28023653
17372	15028	847	59.5	346	28023673
17372	15021	912	60	346	28023683
17385	14998	952	61	347	28023693
17412	14965	974	61	347	28023703
17446	14925	989	61	347	28023713
17488	14884	996	62	346	28023723
17524	14851	996	63	348	28023733
17559	14824	996	63	348	28023743
17584	14805	986	63	348	28023753
17600	14795	963	63	348	28023763
17610	14788	820	65.3333	349	28023793
17610	14797	226	66	349	28023813
19
17735	15079	626	65	347	28023911
17784	15128	702	65	347	28023921
17793	15141	864	64	347	28023941
17776	15132	932	64	347	28023951
17758	15096	990	65	347	28023961
17728	15036	1023	65	345	28023971
17691	14958	1023	65	345	28023981
17649	14869	1023	65	345	28023991
17609	14782	1023	65	347	28024001
17574	14702	1023	65	347	28024011
17543	14624	1023	65	347	28024021
17520	14556	1023	66	349	28024031
17502	14495	1023	66	349	28024041
17490	14442	1023	66	349	28024051
17490	14399	1023	66	351	28024061
17490	14370	1023	66	351	28024071
17490	14353	985	66	353	28024081
17490	14346	848	66	354.5	28024101
17490	14367	180	66	357	28024121
31
11437	16047	6	50	349	28027491
11445	16056	50	50	349	28027501
11445	16063	124	50	349	28027521
11445	16070	224	51	349.5	28027541
11445	16076	293	52	350	28027561
11445	16088	310	52	350	28027571
11438	16088	346	52	350	28027581
11438	16097	392	52	350	28027601
11429	16105	425	52	350	28027621
11420	16114	498	52	350	28027641
11410	16122	553	51	349	28027661
11398	16131	557	51	349	28027671
11391	16138	574	51	349	28027681
11383	16147	582	51	349	28027691
11373	16158	586	51	349	28027701
11364	16170	605	51	347	28027711
11355	16182	626	51	347	28027721
11348	16193	641	51	346	28027731
11341	16200	642	51	346	28027751
11331	16211	648	51	345	28027771
11325	16218	638	51	344.4	28027821
11337	16225	629	51	342	28027831
11346	16225	623	51	342	28027841
11359	16225	622	51	342	28027851
11377	16217	623	50	341	28027861
11399	16217	622	50	341	28027871
11424	16205	614	50	341	28027881
11453	16198	599	50	341	28027891
11484	16198	570	50	341	28027901
11517	16192	477	50	341	28027911
11550	16192	126	50	341	28027931
