65
18
2457	18742	356	52	320	28949645
2441	18784	504	52	320	28949655
2430	18800	581	52	319	28949665
2430	18815	606	52	319	28949675
2430	18808	637	52	319	28949685
2444	18782	659	52	317	28949695
2475	18731	670	52	317	28949705
2516	18663	680	52	317	28949715
2562	18585	694	52	317	28949725
2606	18501	703	52	317	28949735
2640	18420	716	52	317	28949745
2663	18340	721	52	317	28949755
2673	18255	722	52	316	28949765
2673	18177	716	52	316	28949775
2658	18109	692	53	315	28949785
2638	18056	640	53	315	28949795
2611	18024	530	54	316	28949805
2587	18009	122	54	316	28949825
13
2612	18785	108	50	323	28949953
2612	18803	498	49.6667	322.667	28949983
2629	18782	607	49	322	28949993
2657	18733	626	50	321	28950003
2694	18668	645	50	320	28950013
2735	18592	659	50	318	28950023
2775	18508	664	51	317	28950033
2802	18420	665	50	316	28950043
2816	18326	667	51	315	28950053
2816	18231	658	52	315	28950063
2809	18146	621	52	315	28950073
2798	18080	557	52	314	28950083
2787	18034	194	53.5	314.5	28950103
21
2476	18768	464	48	319	28950269
2399	18768	485	48	319	28950279
2385	18768	507	48	318	28950289
2392	18796	530	48	318	28950299
2450	18809	545	48	318	28950309
2550	18827	575	48	318	28950319
2691	18839	579	48	317	28950329
2866	18839	586	48	316	28950339
3057	18817	587	49	315	28950349
3244	18783	591	49	314	28950359
3408	18740	598	50	313	28950369
3528	18691	625	51	312	28950379
3599	18636	643	52	310	28950389
3627	18584	678	52	309	28950399
3627	18538	700	53	308	28950409
3627	18506	722	53	307	28950419
3615	18490	729	54	305	28950429
3607	18483	729	54	304.5	28950449
3597	18491	721	55	303	28950469
3585	18502	657	55	301	28950489
3585	18508	293	55	300.667	28950519
11
3643	18425	249	55	301	28950585
3643	18361	409	55	301	28950595
3619	18320	510	55	301	28950605
3575	18276	599	55	301	28950615
3504	18227	638	55	301	28950625
3411	18178	646	55	301	28950635
3296	18133	672	56	302	28950645
3167	18097	670	56	302	28950655
3044	18072	663	56	302	28950665
2936	18059	618	56	302	28950675
2853	18059	239	56	302	28950695
13
3655	18546	265	54	305	28951233
3665	18546	289	54	305	28951243
3665	18554	322	54	304	28951253
3665	18546	377	54	304	28951263
3665	18533	428	55	303	28951273
3665	18509	446	55	303	28951283
3665	18481	452	55	301	28951293
3674	18447	455	55	301	28951303
3674	18409	454	55	301	28951313
3664	18369	443	55	300	28951323
3646	18328	411	55	300	28951333
3620	18292	337	56	298	28951343
3587	18261	83	56	298	28951363
11
2005	18582	497	54	297	28951917
1922	18545	543	54	297	28951927
1891	18545	599	54	297	28951937
1878	18545	661	54	297	28951947
1891	18545	693	54	297	28951957
1941	18545	705	54	297	28951967
2024	18555	708	54	297	28951977
2137	18562	702	54	297	28951987
2264	18562	660	54	295	28951997
2383	18570	553	54	295	28952007
2487	18570	64	55	294	28952027
10
1990	18294	461	56	299	28952293
1946	18264	525	56	299	28952303
1931	18251	585	56	299	28952313
1918	18251	670	56	298	28952323
1918	18244	721	56	298	28952333
1961	18244	746	56	297	28952343
2026	18251	749	56	297	28952353
2121	18251	745	56	296	28952363
2236	18263	686	56	296	28952373
2360	18263	245	55.5	295.5	28952393
15
3764	18493	315	56	298	28952869
3731	18491	417	56	298	28952879
3712	18491	541	56	298	28952889
3702	18491	654	55	297	28952909
3721	18491	749	55	296	28952919
3769	18491	776	55	296	28952929
3849	18501	799	55	295	28952939
3956	18511	808	55	295	28952949
4080	18521	809	55	295	28952959
4209	18528	808	56	293	28952969
4329	18535	808	56	293	28952979
4435	18535	788	56	292	28952989
4521	18544	731	56	292	28952999
4582	18544	627	56	290	28953009
4617	18544	172	56.5	289.5	28953029
13
2069	17228	276	53	310	28954465
2003	17154	404	53	310	28954475
1968	17123	567	53	310	28954485
1943	17102	630	53	310	28954495
1931	17092	698	53	309	28954505
1950	17084	740	53	309	28954515
2011	17084	764	54	308	28954525
2112	17102	787	54	308	28954535
2249	17123	790	54	308	28954545
2396	17147	785	54	308	28954555
2536	17165	752	54	308	28954565
2656	17174	674	54	308	28954575
2748	17174	238	54	305.5	28954595
11
2125	16892	573	51	303	28954741
2075	16816	575	51	303	28954751
2066	16796	619	51	303	28954761
2066	16785	702	51	303	28954771
2083	16792	766	51	303	28954781
2134	16792	797	52	304	28954791
2217	16792	813	52	304	28954801
2330	16792	802	52	304	28954811
2465	16807	757	53	304	28954821
2605	16821	653	53	304	28954831
2743	16833	182	54	304	28954851
16
2714	17396	327	52	308	28955169
2684	17384	416	52	308	28955179
2684	17375	517	52	307	28955189
2684	17366	570	52	307	28955199
2713	17331	616	53	305	28955209
2761	17272	651	53	305	28955219
2828	17193	676	53	305	28955229
2902	17103	688	53	304	28955239
2970	17005	704	53	304	28955249
3021	16909	708	54	304	28955259
3042	16811	709	55	303	28955269
3042	16714	708	55	303	28955279
3010	16629	688	55	301	28955289
2968	16557	654	55	301	28955299
2915	16507	593	56	301	28955309
2861	16477	236	56	300	28955329
18
2851	17339	478	53	302	28955525
2788	17374	558	53	302	28955535
2775	17392	604	52	301	28955545
2775	17414	646	52	301	28955555
2796	17414	657	52	301	28955565
2838	17396	669	52	301	28955575
2897	17346	687	52	301	28955585
2968	17267	692	53	301	28955595
3039	17169	704	53	301	28955605
3095	17064	711	54	300	28955615
3131	16953	724	54	299	28955625
3142	16846	732	54	299	28955635
3142	16744	734	55	297	28955645
3130	16652	736	55	297	28955655
3121	16577	727	56	298	28955665
3121	16521	678	56	298	28955675
3121	16481	524	56	297	28955685
3121	16457	7	56.5	296.5	28955705
48
2966	17366	268	53	303	28956209
2900	17343	315	53	302	28956219
2850	17336	435	53	302	28956229
2811	17336	539	53	302	28956239
2780	17336	615	53	302	28956249
2761	17336	645	53	302	28956269
2788	17345	659	52	301	28956279
2856	17345	672	52	300	28956289
2974	17345	678	52	300	28956299
3141	17337	680	53	298	28956309
3345	17315	678	53	297	28956319
3546	17285	675	53	297	28956329
3735	17243	674	53	296	28956339
3899	17189	675	53	294	28956349
4022	17139	678	53	294	28956359
4119	17090	682	54	293	28956369
4180	17048	680	54	292	28956379
4212	17021	691	54	290	28956389
4223	17004	698	55	289	28956399
4223	16993	705	55	290	28956409
4215	16993	709	56	288	28956419
4202	16993	711	56	287	28956429
4190	16993	709	56	287	28956439
4178	16993	696	57	286	28956449
4168	16993	667	57	286	28956459
4161	16993	619	57	284	28956479
4153	16984	598	57	283	28956489
4153	16969	596	57	283	28956499
4143	16948	594	57	283	28956509
4143	16925	595	57	283	28956519
4135	16897	595	58	283	28956529
4135	16869	597	58	283	28956539
4125	16838	604	58	283	28956549
4118	16805	613	58	283	28956559
4108	16769	622	58	283	28956569
4092	16732	648	58	283	28956579
4070	16694	659	58	283	28956589
4035	16656	681	58	282	28956599
3986	16618	701	58	282	28956609
3920	16582	712	59	280	28956619
3836	16550	717	59	280	28956629
3731	16522	724	59	280	28956639
3605	16500	731	59	280	28956649
3470	16483	730	59	280	28956659
3338	16466	731	58	282	28956669
3221	16451	721	58	282	28956679
3130	16436	700	58	283	28956689
3072	16428	278	58	283	28956709
17
4225	17047	453	54	283	28957045
4191	17036	497	55	283	28957055
4175	17029	567	55	285	28957065
4166	17021	659	55	286	28957075
4166	17011	728	55	286	28957085
4205	16998	786	55	287	28957095
4278	16985	824	55	287	28957105
4395	16977	837	56	287	28957115
4546	16970	845	56	287	28957125
4721	16970	851	56	285	28957135
4906	16961	844	57	284	28957145
5087	16961	831	57	284	28957155
5250	16961	806	57	283	28957165
5386	16961	764	58	281	28957175
5481	16961	654	58	280	28957185
5532	16951	504	59	278	28957195
5547	16942	38	59	276	28957215
13
2263	15385	530	55	303	28958161
2181	15326	569	55	303	28958171
2131	15303	638	54	300	28958181
2083	15285	682	54	300	28958191
2049	15272	725	54	300	28958201
2065	15257	775	54	300	28958211
2130	15257	798	54	300	28958221
2240	15257	811	54	300	28958231
2399	15276	817	54	300	28958241
2574	15294	814	54	300	28958251
2745	15311	779	53	299	28958261
2897	15320	680	53	299	28958271
3014	15320	190	53.5	298.5	28958291
12
2085	14984	703	50	300	28958445
2007	14905	708	50	300	28958455
2007	14884	769	50	300	28958465
2022	14884	841	50	300	28958475
2084	14884	891	50	299	28958485
2187	14884	921	50	299	28958495
2336	14898	929	50	299	28958505
2510	14913	928	51	298	28958515
2695	14931	906	51	299	28958525
2882	14949	840	53	298	28958535
3049	14967	727	53	297	28958545
3202	14985	196	54	297.5	28958565
20
2927	15503	376	50	299	28958853
2869	15533	505	51	300	28958863
2837	15533	552	51	300	28958873
2815	15549	629	52	301	28958893
2844	15524	697	52	301	28958903
2910	15485	721	53	302	28958913
3010	15426	750	53	301	28958923
3134	15343	761	53	301	28958933
3255	15249	772	53	299	28958943
3353	15147	776	53	299	28958953
3413	15039	785	54	298	28958963
3431	14933	793	54	298	28958973
3419	14831	801	54	297	28958983
3381	14738	808	54	295	28958993
3332	14665	807	54	295	28959003
3279	14613	802	55	294	28959013
3227	14581	779	55	295	28959023
3182	14563	728	55	295	28959033
3149	14563	629	55	295	28959043
3128	14572	162	55.5	295.5	28959063
23
2888	15578	431	53	298	28959249
2824	15593	472	53	298	28959259
2824	15602	553	53	298	28959269
2835	15625	621	52	300	28959279
2888	15625	680	52	300	28959289
2981	15603	700	52	300	28959299
3105	15558	714	52	300	28959309
3241	15493	728	53	298	28959319
3374	15405	743	53	298	28959329
3480	15301	757	53	298	28959339
3550	15196	776	53	298	28959349
3582	15084	791	53	297	28959359
3582	14986	811	53	297	28959369
3555	14897	816	54	297	28959379
3509	14819	822	54	297	28959389
3458	14757	825	54	295	28959399
3407	14703	820	54	295	28959409
3360	14663	814	55	294	28959419
3319	14633	799	55	295	28959429
3287	14612	769	55	295	28959439
3264	14599	711	55	295	28959449
3254	14599	604	56	296	28959459
3254	14613	187	56	296	28959479
48
3123	15552	96	53	296	28959825
3090	15552	208	53	297	28959835
3075	15552	321	53	297	28959845
3061	15552	459	52	297	28959855
3047	15552	551	52	297	28959865
3038	15552	604	52	297	28959875
3038	15559	618	52	297	28959885
3038	15566	671	52	296	28959895
3067	15573	697	51	295	28959905
3123	15573	725	51	294	28959915
3218	15582	726	51	294	28959925
3359	15582	733	51	294	28959935
3537	15559	733	52	293	28959945
3745	15529	731	52	293	28959955
3967	15483	716	52	292	28959965
4174	15422	704	52	290	28959975
4357	15355	702	52	289	28959985
4500	15285	701	53	288	28959995
4598	15223	706	53	286	28960005
4660	15179	705	53	284	28960015
4690	15149	717	54	283	28960025
4699	15134	743	54.5	280.5	28960045
4686	15134	763	55	279	28960055
4670	15134	763	56	277	28960065
4650	15147	762	56	276	28960075
4631	15158	753	56	274	28960085
4614	15171	750	57	273	28960095
4604	15179	742	57	272	28960105
4604	15186	712	57	270	28960155
4604	15175	697	57	270	28960165
4604	15159	697	57	270	28960175
4614	15137	697	57	270	28960185
4614	15112	700	57	270	28960195
4623	15080	708	57	270	28960205
4623	15043	715	57	270	28960215
4623	14998	726	57	270	28960225
4600	14945	739	57	270	28960235
4564	14883	752	57	270	28960245
4495	14811	771	57	270	28960255
4385	14735	795	57	270	28960265
4231	14657	806	57	270	28960275
4038	14589	821	57	270	28960285
3825	14539	824	57	270	28960295
3614	14501	818	57	270	28960305
3420	14477	815	57	270	28960315
3259	14464	787	57	272	28960325
3137	14457	721	57	272	28960335
3060	14457	245	57	274	28960355
18
4575	15225	493	50	285	28960669
4532	15207	596	50	285	28960679
4515	15191	649	50	285	28960689
4515	15177	775	51	284	28960699
4553	15168	870	51	284	28960709
4628	15156	911	51	283	28960719
4742	15146	938	52	282	28960729
4892	15137	954	52	282	28960739
5063	15137	970	53	281	28960749
5240	15126	972	54	280	28960759
5412	15126	976	54	278	28960769
5555	15119	975	55	277	28960779
5663	15119	970	55	276	28960789
5728	15112	944	56	274	28960799
5754	15112	906	56	273	28960809
5760	15104	824	57	272	28960819
5753	15104	701	58	270	28960829
5733	15094	60	58	268	28960849
13
2304	13498	523	53	304	28961721
2212	13454	598	53	303	28961731
2183	13438	646	54	302	28961741
2160	13438	726	53.5	298.5	28961761
2205	13429	779	54	298	28961771
2287	13429	809	54	297	28961781
2413	13429	824	54	297	28961791
2577	13429	827	54	297	28961801
2758	13429	823	54	297	28961811
2933	13429	806	54	297	28961821
3084	13419	774	54	297	28961831
3196	13410	670	54	297	28961841
3270	13402	211	54	295	28961861
14
2392	13256	601	55	305	28962009
2288	13182	641	55	305	28962019
2252	13163	679	55	305	28962029
2235	13154	748	55	305	28962039
2223	13154	816	55	305	28962049
2245	13146	854	55	305	28962059
2306	13136	879	55	305	28962069
2409	13125	887	55	305	28962079
2544	13114	887	55	304	28962089
2701	13107	887	55	304	28962099
2864	13107	857	55	301	28962109
3015	13107	803	55	300	28962119
3156	13107	663	56	298	28962129
3279	13107	121	56	296.5	28962149
21
3071	13589	506	56	297	28962397
3012	13632	590	56	297	28962407
2984	13632	636	56	298	28962417
2971	13643	689	56	298	28962427
2993	13624	736	56	298	28962437
3049	13587	753	55	297	28962447
3138	13528	772	55	297	28962457
3249	13450	786	55	296	28962467
3360	13356	796	55	296	28962477
3455	13257	814	55	294	28962487
3518	13163	824	55	295	28962497
3545	13072	837	55	295	28962507
3539	12991	866	56	293	28962517
3503	12912	877	56	293	28962527
3450	12844	880	56	292	28962537
3390	12787	883	57	293	28962547
3337	12745	874	57	293	28962557
3297	12720	855	57	293	28962567
3272	12708	805	58	292	28962577
3261	12708	688	58	292	28962587
3261	12722	216	58.5	290.5	28962607
24
3236	13637	412	54	295	28962781
3146	13677	453	54	297	28962791
3107	13695	545	54	297	28962801
3083	13720	599	53	296	28962811
3072	13726	642	53	296	28962821
3095	13716	668	53	296	28962831
3150	13688	688	53	296	28962841
3236	13639	702	53	294	28962851
3346	13568	711	54	293	28962861
3461	13482	712	54	293	28962871
3561	13381	723	55	294	28962881
3635	13282	734	55	294	28962891
3673	13186	753	55	294	28962901
3685	13095	770	55	294	28962911
3678	13022	794	55	295	28962921
3658	12957	800	56	293	28962931
3630	12903	802	56	293	28962941
3597	12861	797	57	293	28962951
3560	12827	787	57	293	28962961
3527	12807	761	57	293	28962971
3499	12794	727	58	293	28962981
3479	12788	674	58	292	28962991
3465	12788	538	59	293	28963001
3465	12797	57	59	291	28963021
50
3114	13572	168	53	296	28963369
3094	13562	328	53	296	28963379
3078	13554	430	53	296	28963389
3078	13564	506	53	296	28963399
3071	13564	605	53	296	28963409
3071	13572	645	53	296	28963419
3096	13580	669	53	296	28963429
3140	13591	706	53	296	28963439
3215	13605	731	52	295	28963449
3330	13617	736	53	294	28963459
3474	13617	742	53	294	28963469
3641	13600	745	53	292	28963479
3825	13562	744	53	291	28963489
4011	13510	739	53	290	28963499
4199	13457	733	54	288	28963509
4372	13407	730	54	287	28963519
4515	13365	725	54	286	28963529
4625	13333	726	54	284	28963539
4699	13311	725	55	282	28963549
4744	13299	720	56	280	28963559
4766	13299	721	56	279	28963569
4766	13292	719	57	275.5	28963589
4748	13292	725	57	273	28963599
4733	13303	722	57	272	28963609
4717	13311	722	57	270	28963619
4703	13311	721	57	270	28963629
4694	13320	719	58	268	28963649
4686	13320	717	58	267	28963709
4686	13314	717	58	267	28963729
4686	13297	722	58	267	28963739
4695	13282	722	58	267	28963749
4695	13259	724	58	267	28963759
4708	13230	727	58	267	28963769
4708	13198	735	58	267	28963779
4708	13159	746	58	267	28963789
4695	13117	760	59	267	28963799
4664	13070	771	59	267	28963809
4607	13019	790	59	267	28963819
4525	12970	813	59	267	28963829
4412	12921	829	59	267	28963839
4264	12881	850	60	267	28963849
4095	12849	865	60	267	28963859
3919	12825	875	60	267	28963869
3750	12808	881	60	268	28963879
3605	12795	881	60	268	28963889
3494	12795	886	60	270	28963899
3419	12787	882	60	270	28963909
3376	12787	837	60	272	28963919
3366	12798	748	60	273	28963929
3386	12813	244	60	275	28963949
20
4741	13308	481	54	281	28964369
4712	13308	591	54	281	28964379
4698	13308	694	56	280	28964389
4690	13308	780	56	280	28964399
4697	13308	859	56	279	28964409
4737	13315	894	56	279	28964419
4810	13315	919	56	279	28964429
4920	13315	927	56	277	28964439
5055	13303	934	56	277	28964449
5200	13291	936	57	276	28964459
5344	13272	939	57	275	28964469
5475	13253	941	57	275	28964479
5580	13234	942	58	273	28964489
5657	13218	935	58	272	28964499
5700	13210	923	58	270	28964509
5712	13210	907	59	270	28964519
5712	13201	874	59	268	28964529
5703	13201	800	60	268	28964539
5694	13201	629	60	267	28964549
5684	13201	0	61	265	28964569
89
3284	13092	35	47	299	28967153
3277	13077	198	47	299	28967173
3277	13068	346	47	299	28967183
3269	13068	435	47.6667	299.667	28967213
3279	13068	495	48	300	28967223
3289	13068	533	48	300	28967233
3303	13068	557	48	300	28967243
3322	13062	587	48	300	28967253
3345	13062	613	48	300	28967263
3370	13062	625	48	300	28967273
3395	13062	633	48	300	28967283
3420	13068	640	48	300	28967293
3441	13068	650	48	300	28967303
3459	13068	658	48	300	28967313
3475	13068	661	48	300	28967323
3488	13068	663	48	300	28967333
3497	13068	666	48	300	28967343
3505	13068	668	48	299.5	28967363
3512	13068	673	48.9474	297.105	28967553
3512	13075	672	49	297	28967573
3505	13082	672	49	297	28967593
3493	13092	673	49	297	28967603
3483	13092	668	49	297	28967613
3475	13099	671	49	297	28967623
3464	13099	671	49	297	28967633
3447	13107	670	49	297	28967643
3427	13107	671	49	297	28967653
3404	13107	674	49	297	28967663
3378	13114	672	49	297	28967673
3353	13114	673	49	297	28967683
3329	13114	673	49	297	28967693
3303	13114	673	49	297	28967703
3280	13114	672	49	297	28967713
3260	13114	672	49	297	28967723
3243	13114	671	49	297	28967733
3233	13114	671	49	297	28967743
3226	13114	671	48.1667	297	28967803
3237	13114	670	48	297	28967813
3255	13114	670	48	297	28967823
3281	13122	672	48	297	28967833
3313	13122	672	48	297	28967843
3349	13122	671	48	297	28967853
3387	13122	675	48	297	28967863
3424	13122	672	48	297	28967873
3460	13122	673	48	297	28967883
3492	13122	670	48	297	28967893
3516	13115	667	48	297	28967903
3531	13115	666	48	297	28967913
3540	13115	665	48.1667	297	28967973
3532	13115	671	49	297	28967983
3521	13115	675	49	297	28967993
3501	13115	677	49	297	28968003
3477	13115	679	49	297	28968013
3449	13115	680	49	297	28968023
3415	13115	682	49	297	28968033
3385	13107	683	49	297	28968043
3353	13107	683	49	297	28968053
3322	13099	686	49	297	28968063
3296	13099	688	49	297	28968073
3275	13091	689	49	297	28968083
3261	13091	688	49	297	28968103
3255	13091	683	49	297	28968143
3263	13091	682	49	297	28968153
3272	13082	679	49	297	28968163
3290	13082	679	49	297	28968173
3315	13075	680	49	297	28968183
3345	13075	683	49	297	28968193
3379	13075	679	49	297	28968203
3414	13075	678	49	297	28968213
3447	13084	676	49	297	28968223
3478	13084	673	49	297	28968233
3501	13094	670	49	297	28968243
3516	13094	667	49	297	28968253
3525	13094	669	49	297	28968273
3515	13094	678	49	297	28968283
3498	13094	679	49	297	28968293
3472	13087	688	49	297	28968303
3439	13087	696	49	297	28968313
3404	13076	698	49	297	28968323
3369	13076	702	49	297	28968333
3336	13076	703	49	297	28968343
3306	13076	703	49	297	28968353
3283	13076	704	49	297	28968363
3268	13076	705	49	297	28968373
3259	13076	706	49	297	28968383
3259	13082	658	49	297	28968433
3270	13082	521	49	297	28968443
3283	13082	403	49	297	28968453
3300	13082	96	49	297	28968473
19
2338	11595	383	53	297	28969078
2295	11575	509	53	297	28969088
2273	11566	655	53	298	28969098
2249	11566	723	53	298	28969108
2235	11560	770	53	298	28969128
2248	11560	822	53	298	28969138
2285	11560	857	53	298	28969148
2357	11560	876	53	298	28969158
2463	11560	891	53	297	28969168
2592	11553	905	53	297	28969178
2732	11553	910	53	296	28969187
2869	11542	910	53	296	28969197
2993	11533	915	53	296	28969207
3098	11525	916	53	296	28969217
3175	11517	916	53	294	28969227
3222	11517	919	53	294	28969237
3244	11507	926	54	293	28969247
3251	11507	934	54	293	28969277
3244	11507	524	54	291.167	28969337
24
2450	11362	405	54	304	28969534
2395	11321	440	54	304	28969544
2369	11307	543	54	304	28969554
2346	11297	643	54	304	28969564
2330	11297	687	54	304	28969574
2322	11291	729	54	304	28969584
2337	11291	781	55	303	28969594
2378	11284	836	55	303	28969604
2451	11284	867	55	301	28969614
2554	11276	888	55	301	28969624
2678	11276	900	55	300	28969634
2814	11276	913	55	300	28969644
2951	11276	917	56	298	28969654
3083	11268	922	56	297	28969664
3202	11268	926	56	297	28969674
3300	11259	927	56	296	28969684
3373	11259	926	56	296	28969694
3420	11259	929	57	294	28969704
3446	11259	932	57	294	28969714
3457	11259	931	57	293	28969723
3457	11252	900	57.25	290.25	28969763
3449	11252	773	58	290	28969773
3441	11252	645	58	290	28969783
3434	11252	145	58	290	28969803
26
3076	11737	371	53	296	28970042
3065	11760	489	53	296	28970052
3059	11760	620	53	296	28970062
3044	11767	691	53	296	28970092
3070	11749	749	52	295	28970102
3116	11720	777	52	295	28970112
3183	11676	797	53	294	28970122
3264	11615	808	53	294	28970132
3345	11546	827	53	292	28970142
3413	11468	838	54	293	28970152
3465	11385	858	54	293	28970162
3497	11306	887	54	292	28970172
3511	11232	908	54	292	28970182
3511	11167	933	55	291	28970192
3498	11112	953	55	291	28970202
3479	11065	963	55	290	28970212
3457	11024	971	56	290	28970222
3435	10995	978	57	289	28970232
3421	10975	983	57	289	28970242
3411	10963	987	57.3333	288.667	28970272
3411	10957	983	59.4	287.8	28970322
3411	10964	938	60	288	28970332
3422	10974	890	60	288	28970342
3432	10985	822	60	288	28970352
3444	11000	688	60	288	28970362
3457	11016	216	60	288.5	28970382
29
3202	11744	74	54	293	28970686
3174	11762	315	53	294	28970696
3164	11771	461	53	294	28970706
3152	11771	562	53	296	28970716
3152	11779	620	52.5	295.5	28970736
3175	11779	681	52	295	28970746
3214	11760	701	53	294	28970756
3272	11734	715	53	294	28970766
3343	11693	729	53	292	28970776
3417	11637	743	53	292	28970786
3482	11566	764	53	292	28970796
3535	11489	780	53	291	28970806
3574	11409	809	54	292	28970816
3599	11329	824	54	290	28970826
3609	11255	850	54	290	28970836
3609	11187	862	55	289	28970846
3596	11127	880	55	290	28970856
3578	11073	890	56	288	28970866
3557	11027	902	56	288	28970876
3537	10989	911	57	289	28970886
3517	10960	913	57	287	28970896
3501	10939	920	57	287	28970906
3490	10926	934	58	286	28970916
3482	10919	948	58	286	28970936
3476	10919	949	59.3333	287.333	28970996
3476	10926	851	60	288	28971006
3484	10926	773	60	288	28971016
3494	10941	604	60	288	28971026
3508	10954	32	60	288	28971046
45
3266	11707	250	54	293	28971302
3222	11733	363	54	293	28971312
3195	11742	447	54	293	28971322
3173	11755	579	54	293	28971332
3161	11767	666	54	293	28971342
3161	11776	696	53	292	28971352
3161	11787	700	53	292	28971362
3187	11795	725	53	292	28971372
3238	11802	752	53	292	28971382
3321	11802	764	53	292	28971392
3436	11802	785	53	292	28971402
3577	11789	796	53	291	28971412
3735	11764	802	53	291	28971422
3902	11726	804	53	290	28971432
4061	11678	808	54	288	28971442
4206	11630	814	54	287	28971452
4328	11583	815	54	286	28971462
4421	11543	814	54	284	28971472
4488	11515	823	54	283	28971482
4532	11493	831	54	281	28971492
4556	11482	852	55	280	28971502
4566	11482	876	55	277	28971512
4566	11474	938	55.4815	268.111	28971782
4566	11457	925	56	267	28971792
4566	11437	922	56	266	28971802
4560	11408	921	56	266	28971812
4560	11372	920	56	264	28971822
4544	11333	927	56	264	28971832
4527	11292	929	56	264	28971842
4501	11250	933	56	264	28971852
4462	11211	937	56	264	28971862
4410	11177	941	56	264	28971872
4341	11143	948	57	265	28971882
4257	11113	952	57	265	28971892
4158	11089	962	57	267	28971902
4050	11068	966	57	267	28971912
3942	11056	972	58	268	28971922
3835	11047	981	58	268	28971932
3735	11039	983	58	270	28971942
3645	11039	991	59	270	28971952
3577	11026	991	59	272	28971962
3532	11026	991	59	272	28971972
3509	11018	885	59	275	28972012
3525	11018	546	59	277	28972022
3550	11027	11	59	278	28972041
16
4540	11472	383	58	280	28972442
4516	11459	616	57.6667	279.667	28972472
4548	11473	750	57	279	28972482
4602	11482	792	57	279	28972492
4692	11490	827	57	279	28972502
4814	11490	868	57	278	28972512
4962	11497	890	57	278	28972522
5124	11497	910	57	276	28972532
5280	11484	924	56	276	28972542
5420	11467	928	56	274	28972552
5534	11446	934	56	273	28972562
5612	11427	935	56	271	28972572
5662	11412	937	56	270	28972582
5688	11405	940	56	270	28972592
5698	11405	850	57	265.5	28972652
5705	11405	29	57	262	28972672
19
2391	10043	446	57	293	28973226
2327	10020	527	57	293	28973236
2295	10020	633	57	293	28973246
2264	10013	718	58	293	28973256
2241	10013	780	58	293	28973276
2264	10006	836	58	293	28973286
2325	10006	860	58	295	28973296
2434	10006	880	58	295	28973306
2581	10006	887	58	296	28973316
2748	10006	897	58	296	28973326
2916	10016	905	59	294	28973336
3062	10016	911	59	294	28973346
3183	10016	911	59	293	28973356
3272	10007	910	59	293	28973366
3326	10007	902	60	292	28973376
3352	9999	883	60	292	28973386
3360	9999	799	60	290	28973406
3344	9988	620	61	288	28973416
3324	9981	67	61	288	28973436
20
2411	9702	112	59	297	28973690
2358	9669	328	59	297	28973700
2326	9662	447	60	295	28973710
2295	9645	546	60	295	28973720
2262	9633	653	60	295	28973730
2241	9622	716	60	293	28973740
2230	9615	774	60	292.5	28973760
2254	9615	818	60	292	28973770
2304	9615	848	60	292	28973780
2386	9615	867	60	292	28973790
2503	9615	877	60	292	28973800
2636	9623	892	60	292	28973810
2775	9623	907	60	290	28973820
2911	9623	915	60	290	28973830
3034	9623	919	61	288	28973840
3140	9623	922	61	288	28973850
3224	9623	923	61	288	28973860
3280	9623	924	61	288	28973870
3312	9623	924	61	287	28973880
3326	9623	629	62	285.25	28973960
31
3198	10131	142	56	302	28974562
3144	10157	265	56	303	28974572
3117	10168	414	56	303	28974582
3093	10175	518	56	303	28974592
3076	10175	587	56	303	28974602
3068	10183	625	56	303	28974622
3085	10175	669	56	303	28974632
3113	10157	688	56	303	28974642
3156	10126	720	56	303	28974652
3209	10077	745	56	303	28974662
3265	10016	770	56	303	28974672
3316	9944	789	56	303	28974682
3357	9868	806	56	303	28974692
3380	9792	817	56	303	28974702
3380	9715	838	57	302	28974712
3372	9643	854	57	302	28974722
3345	9575	873	57	300	28974732
3310	9519	888	58	301	28974742
3270	9469	900	58	301	28974752
3230	9429	911	58	301	28974762
3195	9399	917	58	301	28974772
3166	9376	919	59	303	28974782
3145	9360	924	59	303	28974792
3133	9353	926	59	301	28974802
3125	9353	926	60	302	28974812
3125	9345	914	60	300	28974832
3125	9353	871	61	302	28974842
3134	9359	816	61	302	28974852
3143	9370	733	61	302	28974862
3158	9384	580	61	302	28974872
3178	9403	63	61	302	28974892
28
3158	10130	478	56	302	28975098
3150	10143	561	55	301	28975108
3150	10154	611	55	301	28975118
3150	10165	647	55	301	28975128
3171	10165	678	55	300	28975138
3205	10165	704	55	300	28975148
3255	10142	721	56	298	28975158
3317	10106	733	56	298	28975168
3387	10050	752	56	299	28975178
3454	9983	777	56	299	28975188
3510	9901	786	56	299	28975198
3549	9813	801	57	298	28975208
3570	9726	818	57	298	28975218
3570	9640	846	58	297	28975228
3555	9561	862	58	297	28975238
3526	9489	901	58	297	28975248
3491	9429	909	58	296	28975258
3452	9379	917	59	297	28975268
3414	9342	921	60	295	28975278
3381	9316	926	60	295	28975288
3352	9298	925	60	296	28975298
3329	9288	927	60	296	28975308
3314	9288	926	60	296	28975318
3303	9279	921	61	297	28975338
3297	9279	878	62	298	28975358
3297	9288	814	63	299	28975368
3310	9300	708	63	299	28975378
3323	9320	252	63.5	299.5	28975398
62
3265	10202	213	55	297	28975722
3242	10209	291	55	297	28975732
3232	10218	422	55	297	28975742
3218	10218	533	55	297	28975752
3210	10226	646	55.6667	297.667	28975782
3217	10233	708	56	298	28975792
3238	10233	716	56	298	28975802
3271	10233	733	56	298	28975812
3324	10233	753	56	298	28975822
3396	10233	765	56	298	28975832
3485	10233	778	56	298	28975842
3588	10233	794	56	298	28975852
3699	10220	801	56	297	28975862
3812	10208	806	56	297	28975872
3933	10189	810	56	296	28975882
4060	10170	814	57	294	28975892
4190	10152	820	57	294	28975902
4319	10130	821	57	293	28975912
4431	10112	822	57	291	28975922
4522	10094	823	57	289	28975932
4589	10081	828	58	288	28975942
4632	10071	828	58	286	28975952
4654	10063	836	58	285	28975962
4665	10063	843	58	283	28975972
4665	10057	876	58.9697	271.636	28976302
4665	10049	861	59	270	28976322
4665	10042	861	59	270	28976332
4672	10042	861	59	270	28976342
4672	10029	862	59	270	28976352
4672	10019	862	60	270	28976362
4679	10007	862	60	270	28976372
4679	9993	861	60	270	28976382
4679	9978	859	60	270	28976392
4679	9958	860	60	270	28976402
4679	9930	862	60	270	28976412
4663	9899	865	60	270	28976422
4642	9861	868	60	270	28976432
4607	9823	871	60	270	28976442
4558	9783	876	60	270	28976452
4492	9742	888	60	270	28976462
4410	9697	901	60	270	28976472
4323	9650	914	60	270	28976482
4232	9607	924	60	270	28976492
4138	9564	931	61	270	28976502
4043	9525	942	61	270	28976512
3947	9489	945	61	270	28976522
3854	9452	949	61	272	28976532
3768	9419	952	61	272	28976542
3690	9390	952	61	274	28976552
3623	9368	954	62	274	28976562
3565	9351	956	62	276	28976572
3520	9342	956	62	276	28976582
3485	9342	955	63	278	28976592
3462	9342	955	63	280	28976602
3449	9342	951	63	280	28976612
3441	9342	945	63	282	28976622
3441	9348	903	63	282.667	28976652
3441	9356	820	63	284	28976662
3453	9356	764	64	287	28976672
3468	9356	665	64	287	28976682
3493	9366	405	64	287	28976692
3528	9373	4	64	288	28976712
18
4659	10013	232	60	280	28977094
4609	10013	402	60	280	28977104
4584	10013	504	60	280	28977114
4564	10013	625	60	280	28977124
4551	10023	727	60	280	28977144
4560	10033	783	60	280	28977154
4590	10033	828	60	280	28977164
4648	10044	843	60	279	28977174
4727	10050	860	60	279	28977184
4824	10050	873	60	277	28977194
4930	10057	890	61	277	28977204
5037	10057	899	61	275	28977214
5139	10057	905	61	275	28977224
5231	10057	910	61	274	28977234
5302	10049	913	61	274	28977244
5349	10049	915	61	272	28977254
5374	10049	922	61	272	28977264
5385	10049	707	60.9	267.7	28977364
21
2333	8413	301	55	305	28978706
2305	8413	479	55	305	28978716
2291	8413	629	55	305	28978726
2271	8413	742	55	305	28978736
2259	8413	813	55	305	28978746
2252	8413	855	55.5	305.5	28978766
2276	8406	888	56	306	28978776
2324	8406	896	56	306	28978786
2407	8406	910	56	305	28978796
2520	8406	917	56	305	28978806
2653	8406	920	56	303	28978816
2793	8414	920	56	303	28978826
2929	8414	922	57	302	28978836
3054	8414	915	57	302	28978846
3160	8405	909	57	300	28978856
3238	8398	894	57	300	28978866
3287	8398	855	58	299	28978876
3312	8385	807	58	299	28978886
3322	8385	726	59	298	28978896
3322	8374	614	59	298	28978906
3310	8365	152	59	297	28978926
18
2444	8188	551	53	296	28979102
2339	8143	604	54	298	28979112
2303	8130	687	54	298	28979122
2282	8130	772	53.5	299.5	28979142
2319	8130	825	54	300	28979152
2397	8130	861	55	300	28979162
2514	8130	873	56	301	28979172
2659	8137	893	56	299	28979182
2820	8137	902	58	299	28979192
2979	8137	903	58	299	28979202
3121	8126	903	59	298	28979212
3242	8116	905	59	297	28979222
3331	8108	903	59	297	28979232
3386	8099	894	60	295	28979242
3413	8099	882	60	296	28979252
3421	8089	823	60.5	295	28979272
3406	8089	697	61	294	28979282
3392	8089	216	61	293	28979302
25
3211	8608	252	57	293	28979542
3180	8608	483	57	294	28979552
3167	8620	573	58	295	28979562
3157	8620	612	58	297	28979572
3157	8626	655	58	297	28979582
3175	8609	703	58	297	28979592
3214	8573	736	58	297	28979602
3269	8517	762	58	297	28979612
3333	8443	790	58	297	28979622
3394	8361	815	58	297	28979632
3443	8277	844	58	295	28979642
3471	8192	866	58	295	28979652
3479	8111	895	59	294	28979662
3467	8033	919	59	294	28979672
3444	7962	940	59	293	28979682
3415	7898	956	59	293	28979692
3381	7844	964	60	292	28979702
3349	7802	965	60	292	28979712
3319	7771	967	60	292	28979722
3295	7752	964	61	293	28979732
3279	7741	957	61	293	28979742
3270	7741	929	61	293	28979752
3270	7735	833	62	294	28979772
3270	7744	621	62	294	28979782
3285	7759	44	62	294	28979802
25
3373	8657	431	55	301	28980018
3322	8657	512	55	301	28980028
3300	8664	596	55	300	28980038
3285	8664	646	56	301	28980048
3285	8679	695	56	299	28980058
3295	8672	721	56	299	28980068
3333	8653	749	57	298	28980078
3393	8616	765	57	298	28980088
3469	8563	779	57	296	28980098
3548	8493	794	57	296	28980108
3618	8413	818	58	295	28980118
3672	8328	838	58	295	28980128
3705	8245	870	58	293	28980138
3716	8165	888	58	293	28980148
3708	8089	915	58	292	28980158
3685	8016	941	59	293	28980168
3653	7950	957	59	291	28980178
3615	7892	969	59	291	28980188
3579	7845	977	60	289	28980198
3544	7810	981	60	290	28980208
3518	7786	984	61	288	28980218
3504	7773	986	61	288	28980228
3497	7773	939	62.6667	289.667	28980288
3508	7787	691	63	290	28980298
3520	7803	137	63	290	28980318
45
3360	8607	108	58	299	28980642
3342	8607	373	58	297	28980652
3330	8607	501	58	297	28980662
3322	8619	605	57	296	28980672
3322	8634	652	57	296	28980682
3322	8645	681	57	296	28980692
3355	8659	733	57	296	28980702
3411	8673	766	56	296	28980712
3492	8688	791	56	296	28980722
3594	8697	807	56	296	28980732
3713	8697	825	57	294	28980742
3849	8676	834	57	294	28980752
4002	8650	833	56	292	28980762
4165	8613	835	56	290	28980772
4328	8572	838	57	289	28980782
4476	8530	843	57	287	28980792
4594	8487	843	57	286	28980802
4683	8447	842	57	284	28980812
4740	8416	844	57	283	28980822
4772	8393	846	58	280	28980832
4789	8379	854	59	278	28980842
4796	8372	882	59.7895	267.105	28981032
4796	8356	875	61	263	28981042
4796	8335	875	61	263	28981052
4786	8303	874	61	263	28981062
4778	8261	873	61	263	28981072
4769	8215	874	61	263	28981082
4753	8165	872	61	263	28981092
4730	8114	875	61	263	28981102
4699	8066	874	62	263	28981112
4650	8017	878	62	263	28981122
4575	7967	873	62	263	28981132
4469	7920	881	62	263	28981142
4325	7878	891	62	263	28981152
4156	7847	894	62	263	28981162
3981	7827	895	62	264	28981172
3814	7813	898	63	264	28981182
3669	7813	903	63	266	28981192
3560	7807	908	63	268	28981202
3486	7807	909	63	268	28981212
3446	7807	889	63	270	28981222
3433	7807	848	63	270	28981232
3433	7815	764	63	272	28981242
3442	7815	621	63	274	28981252
3466	7825	108	63	276	28981272
20
4805	8331	397	60	277	28981654
4761	8322	514	60	277	28981664
4741	8322	625	60	277	28981674
4729	8322	734	60.5	276	28981694
4742	8322	832	61	275	28981704
4782	8336	845	61	274	28981714
4855	8348	870	61	274	28981724
4962	8359	904	62	274	28981734
5088	8368	934	62	274	28981744
5226	8375	957	62	274	28981754
5356	8375	973	62	272	28981764
5472	8367	981	62	272	28981774
5566	8359	985	63	270	28981784
5636	8348	981	63	270	28981794
5677	8340	980	63	268	28981804
5698	8333	970	63	268	28981814
5706	8333	914	63	265.333	28981844
5706	8326	784	63	264	28981854
5696	8326	695	63	262	28981864
5686	8320	223	63	262	28981884
17
2386	6947	529	59	291	28982714
2315	6898	573	59	293	28982724
2284	6883	653	60	293	28982734
2260	6883	717	60	295	28982744
2249	6883	761	60	295	28982754
2262	6883	821	60	295	28982764
2303	6873	846	60	295	28982774
2381	6873	862	60	296	28982784
2492	6873	862	60	296	28982794
2626	6873	866	60	296	28982804
2772	6873	857	61	294	28982814
2906	6864	852	61	294	28982824
3023	6853	833	61	293	28982834
3118	6845	787	61	293	28982844
3184	6837	710	61	291	28982854
3225	6837	590	61	291	28982864
3242	6827	202	63	290	28982884
17
2445	6700	646	61	302	28983050
2306	6656	699	61	302	28983060
2255	6643	813	61	302	28983070
2224	6643	866	61	302	28983080
2211	6643	899	61	302	28983090
2234	6643	928	61	302	28983100
2289	6643	959	61	302	28983110
2382	6643	976	62	300	28983120
2505	6643	981	61	299	28983130
2639	6652	981	61	297	28983140
2772	6652	984	62	295	28983150
2889	6652	969	62	294	28983160
2985	6644	957	62	292	28983170
3059	6644	932	63	290	28983180
3105	6638	873	63	290	28983190
3130	6638	788	63	290	28983200
3139	6638	312	63	287.333	28983230
25
3007	7087	460	60	296	28983518
2967	7100	519	60	296	28983528
2955	7108	582	60	296	28983538
2947	7108	651	60	296	28983548
2947	7101	702	60	293	28983558
2971	7074	768	60	293	28983568
3007	7031	791	60	292	28983578
3054	6971	827	60	292	28983588
3108	6898	842	60	292	28983598
3157	6820	852	61	293	28983608
3193	6740	864	61	291	28983618
3210	6662	878	61	291	28983628
3210	6583	904	62	289	28983638
3188	6506	940	63	290	28983648
3154	6434	956	63	290	28983658
3113	6372	966	63	290	28983668
3064	6323	976	63	288	28983678
3014	6284	980	64	289	28983688
2967	6254	980	64	287	28983698
2931	6236	979	64	287	28983708
2910	6225	965	64	287	28983718
2901	6225	904	65	288	28983738
2914	6233	792	65	288	28983748
2937	6247	621	65	290	28983758
2971	6268	24	64.5	291	28983778
24
3131	7145	536	62	294	28983982
3094	7170	595	61	293	28983992
3086	7170	649	61	293	28984002
3086	7182	707	60	292	28984012
3098	7168	771	60	292	28984022
3138	7138	797	60	292	28984032
3196	7084	820	60	292	28984042
3263	7012	842	60	292	28984052
3327	6926	867	60	292	28984062
3376	6834	878	60	290	28984072
3404	6743	898	61	291	28984082
3410	6654	927	62	289	28984092
3395	6568	951	62	289	28984102
3366	6486	978	62	289	28984112
3328	6415	995	63	288	28984122
3285	6357	1002	63	288	28984132
3243	6313	1008	63	286	28984142
3204	6281	1009	64	287	28984152
3176	6260	1009	64	287	28984162
3155	6246	1006	64	287	28984172
3143	6238	984	65	288	28984192
3135	6238	875	65	288	28984222
3144	6248	633	66	288	28984232
3161	6268	26	66	288	28984252
45
3166	7123	379	60	293	28984530
3108	7130	489	60	293	28984540
3079	7138	598	60	293	28984550
3063	7138	686	60	293	28984560
3056	7138	739	60	295	28984570
3062	7146	761	60	295	28984580
3091	7153	770	60	295	28984590
3150	7160	779	60	293	28984600
3248	7160	786	60	293	28984610
3390	7160	780	60	292	28984620
3555	7145	775	60	292	28984630
3729	7112	776	60	290	28984640
3899	7068	773	60	290	28984650
4045	7017	774	61	288	28984660
4167	6965	773	61	287	28984670
4262	6919	775	61	285	28984680
4326	6883	786	61	283	28984690
4365	6858	794	61	283	28984700
4382	6845	834	62	280	28984720
4389	6845	883	62	274.75	28984760
4380	6845	895	62	272	28984770
4380	6852	894	62.6667	270	28984800
4374	6858	887	63	270	28984890
4374	6848	876	63	268	28984900
4374	6838	878	63	268	28984910
4374	6822	877	63	266	28984920
4374	6797	876	63	266	28984930
4374	6762	874	63	266	28984940
4361	6719	875	64	266	28984950
4343	6671	878	64	266	28984960
4311	6616	885	64	266	28984970
4262	6561	892	64	266	28984980
4182	6500	896	64	266	28984990
4072	6440	910	64	266	28985000
3934	6388	908	64	266	28985010
3773	6346	918	64	268	28985020
3604	6317	914	64	268	28985030
3439	6298	922	64	270	28985040
3286	6283	926	65	270	28985050
3160	6274	925	65	270	28985060
3065	6268	930	65	272	28985070
3003	6268	926	65	272	28985080
2971	6261	900	65	274	28985090
2959	6261	788	65	275	28985110
2988	6261	268	65	277.5	28985130
16
4381	6807	355	64	283	28985530
4369	6807	571	63.5	283.5	28985550
4369	6816	723	63	284	28985560
4381	6816	783	63	286	28985570
4420	6816	844	63	286	28985580
4488	6816	889	63	284	28985590
4580	6825	911	63	284	28985600
4692	6832	917	63	282	28985610
4806	6832	921	63	282	28985620
4911	6832	929	63	280	28985630
4998	6832	927	63	280	28985640
5061	6824	926	63	278	28985650
5102	6816	926	63	278	28985660
5123	6809	927	63	276	28985670
5131	6809	853	63	273.5	28985710
5138	6809	182	63	270	28985730
15
2470	5053	700	50	308	28990502
2417	5038	754	50	308	28990512
2399	5049	812	52	308	28990522
2386	5067	863	52.5	308	28990542
2430	5067	902	53	308	28990552
2504	5076	908	54	308	28990562
2610	5083	920	54	306	28990572
2742	5090	922	55	305	28990582
2878	5100	921	55	304	28990592
3003	5107	917	56	303	28990602
3109	5107	911	57	302	28990612
3192	5107	889	57	300	28990622
3247	5107	850	58	299	28990632
3281	5107	790	58	297	28990642
3296	5107	373	59.25	294.5	28990682
16
2687	4904	605	59	298	28990822
2559	4852	657	59	298	28990832
2507	4832	755	59	298	28990842
2473	4824	798	59	298	28990852
2461	4817	834	59	298	28990862
2482	4817	882	59	298	28990872
2540	4817	924	59	298	28990882
2633	4817	950	59	298	28990892
2756	4824	956	59	298	28990902
2887	4835	966	59	298	28990912
3011	4844	968	59	297	28990922
3115	4844	965	59	297	28990932
3194	4852	960	60	295	28990942
3246	4852	936	60	293	28990952
3275	4852	898	61	294	28990962
3286	4852	382	61	293	28991002
22
3215	5295	489	55	300	28991306
3156	5309	542	56	298	28991316
3127	5320	632	56	297	28991326
3107	5326	669	56	297	28991336
3107	5334	711	56	297	28991346
3132	5323	741	56	297	28991356
3178	5294	772	56	298	28991366
3241	5248	795	56	298	28991376
3315	5184	813	56	299	28991386
3383	5107	836	57	298	28991396
3436	5024	848	57	298	28991406
3467	4941	865	57	296	28991416
3467	4862	895	58	297	28991426
3454	4789	927	58	297	28991436
3413	4725	948	58	297	28991446
3360	4673	955	59	298	28991456
3302	4633	957	59	297	28991466
3252	4607	954	59	297	28991476
3212	4591	940	60	296	28991486
3187	4581	912	60	296	28991496
3174	4581	763	60.6667	296.667	28991526
3186	4599	196	61	297	28991546
26
3332	5376	567	56	292	28991742
3306	5383	664	55.3333	293	28991772
3336	5368	778	55	294	28991782
3393	5327	811	55	294	28991792
3475	5268	833	55	294	28991802
3571	5191	847	55	295	28991812
3662	5107	860	56	293	28991822
3735	5022	873	57	294	28991832
3782	4939	887	57	293	28991842
3804	4864	924	58	293	28991852
3804	4794	950	59	294	28991862
3777	4733	981	59	293	28991872
3735	4677	1002	60	293	28991882
3679	4626	1014	60	292	28991892
3618	4585	1023	61	291	28991902
3555	4547	1023	61	291	28991912
3497	4515	1023	63	290	28991922
3451	4490	1023	63	290	28991932
3419	4470	1023	63	290	28991942
3395	4454	1021	64	291	28991952
3382	4444	1019	64	291	28991962
3375	4438	1006	64	291.5	28991982
3367	4438	970	64	292	28992022
3375	4438	863	64	293	28992042
3390	4438	714	64	294	28992052
3407	4449	208	65	297	28992072
17
3237	4854	215	56	299	28992766
3217	4832	319	56	299	28992776
3207	4824	423	56	299	28992786
3199	4824	498	56	299	28992796
3199	4817	560	56	299	28992816
3212	4817	587	56	299	28992826
3234	4817	599	56	299	28992836
3265	4826	611	56	299	28992846
3301	4826	619	56	299	28992856
3336	4826	624	56	299	28992866
3367	4826	626	56	299	28992876
3395	4826	628	57	298	28992886
3419	4826	628	57	298	28992896
3440	4815	628	57	296	28992906
3456	4815	620	57	296	28992916
3467	4806	600	57	296	28992936
3476	4806	392	57	296	28992996
11
3255	5074	161	56	298	28993378
3234	5084	319	56	298	28993398
3225	5095	450	56	298	28993408
3225	5101	524	56	298	28993418
3240	5101	587	56	298	28993428
3262	5111	603	56	298	28993438
3294	5111	621	56	298	28993448
3332	5111	624	56	298	28993458
3375	5118	614	56	298	28993468
3419	5118	567	56	298	28993478
3462	5118	182	56	298	28993498
44
3410	5382	319	52	292	28994042
3382	5369	421	53	292	28994052
3364	5363	505	53	292	28994062
3346	5363	591	53	292	28994072
3332	5363	662	53	292	28994092
3341	5369	699	54	293	28994102
3379	5369	716	54	293	28994112
3458	5369	743	54	293	28994122
3576	5369	757	54	293	28994132
3729	5351	780	55	294	28994142
3909	5324	793	55	294	28994152
4095	5281	801	55	294	28994162
4284	5231	802	55	292	28994172
4454	5178	809	56	292	28994182
4589	5129	822	56	290	28994192
4685	5084	832	57	289	28994202
4742	5047	849	57	287	28994212
4775	5021	870	57	286	28994222
4789	5003	898	57	283	28994232
4796	4994	925	58.75	278.5	28994272
4796	4988	928	59.8333	270.167	28994332
4802	4981	921	60	267	28994482
4790	4972	913	60	267	28994492
4781	4959	912	60	267	28994502
4768	4938	912	60	267	28994512
4750	4909	912	60	267	28994522
4728	4874	914	60	267	28994532
4700	4831	913	60	267	28994542
4661	4784	913	60	267	28994552
4606	4737	914	60	267	28994562
4529	4684	917	60	267	28994572
4425	4634	920	60	267	28994582
4293	4588	924	60	267	28994592
4140	4544	931	60	267	28994602
3984	4513	939	60	268	28994612
3838	4484	940	60	268	28994622
3715	4462	943	60	270	28994632
3625	4447	945	60	270	28994642
3564	4435	943	60	272	28994652
3529	4435	940	60	272	28994662
3517	4428	900	60.8	277.3	28994762
3524	4428	701	60	280	28994772
3532	4435	519	60	280	28994782
3548	4443	25	60	280	28994802
17
4800	5023	140	61	277	28995194
4766	4985	519	61	277	28995204
4751	4979	621	61	277	28995214
4744	4979	702	61	277	28995224
4752	4991	806	61	277	28995234
4780	4991	859	61	277	28995244
4839	4991	898	61	277	28995254
4933	5001	929	61	277	28995264
5049	5009	945	61	275	28995274
5175	5009	951	61	275	28995284
5295	5016	951	61	274	28995294
5395	5016	956	61	274	28995304
5475	5003	962	61	272	28995314
5532	4994	965	61	272	28995324
5566	4986	971	61	270	28995334
5582	4986	977	61	270	28995344
5582	4979	770	61.3333	266.222	28995434
19
2519	2985	614	57	308	28996558
2423	2928	704	56	309	28996568
2378	2928	819	56	309	28996578
2342	2928	867	55	310	28996588
2323	2928	892	55	310	28996598
2336	2928	906	55	310	28996608
2391	2928	917	55	310	28996618
2489	2942	926	56	309	28996628
2622	2956	930	56	309	28996638
2775	2967	940	56	307	28996648
2924	2967	939	57	306	28996658
3056	2967	939	58	306	28996668
3163	2967	937	58	304	28996678
3240	2951	934	59	303	28996688
3285	2939	928	59	301	28996698
3306	2930	906	60	299	28996708
3313	2924	805	60	296.667	28996738
3306	2924	558	60	296	28996748
3297	2916	3	60	296	28996768
14
2564	2736	570	58	308	28996974
2501	2693	612	58	310	28996984
2489	2684	707	58	308	28997004
2522	2690	818	59	307	28997014
2581	2699	867	59	307	28997024
2676	2716	890	59	305	28997034
2803	2736	899	59	305	28997044
2944	2754	905	60	304	28997054
3088	2766	907	60	302	28997064
3215	2766	907	60	302	28997074
3313	2766	907	60	300	28997084
3377	2766	906	61	299	28997094
3413	2766	906	61	297	28997104
3427	2759	654	62	294.333	28997164
32
3055	3225	109	58	296	28997410
2985	3232	497	58	296	28997420
2944	3232	611	58	297	28997430
2915	3232	709	57	296	28997440
2894	3245	765	57	298	28997450
2882	3245	793	57	298	28997460
2882	3234	818	56	299	28997470
2910	3209	869	57	298	28997480
2967	3167	896	57	298	28997490
3059	3108	921	58	297	28997500
3180	3037	939	58	297	28997510
3313	2968	949	58	297	28997520
3430	2900	954	58	296	28997530
3520	2836	956	58	296	28997540
3573	2775	958	60	295	28997550
3596	2714	969	60	293	28997560
3589	2651	986	60	292	28997570
3558	2588	1013	60	290	28997580
3508	2528	1023	60	290	28997590
3443	2472	1023	62	289	28997600
3373	2425	1023	62	289	28997610
3305	2386	1023	62	287	28997620
3249	2354	1023	63	288	28997630
3212	2336	1023	63	286	28997640
3193	2325	1023	63	286	28997650
3186	2325	1008	64	287	28997680
3193	2325	994	64	287	28997690
3193	2333	976	65	288	28997700
3208	2339	937	65	288	28997710
3223	2350	880	65	288	28997720
3245	2360	756	65	288	28997730
3272	2371	228	65	288	28997750
38
3172	3211	306	57	296	28998255
3120	3231	395	57	296	28998265
3092	3251	525	57	296	28998275
3068	3264	630	57	296	28998285
3053	3275	689	57	296	28998295
3053	3287	712	57	296	28998305
3072	3297	734	57	296	28998315
3117	3303	769	57	296	28998325
3188	3303	787	58	295	28998335
3285	3281	799	58	295	28998345
3401	3242	802	58	293	28998355
3520	3188	815	58	293	28998365
3630	3119	831	58	292	28998375
3719	3046	845	58	292	28998384
3788	2970	857	58	290	28998394
3838	2891	871	60	289	28998404
3872	2816	878	60	288	28998414
3895	2743	885	60	286	28998424
3906	2674	887	60	284	28998434
3906	2612	896	60	282	28998444
3906	2555	912	61	283	28998454
3885	2505	919	62	281	28998464
3861	2459	932	62	279	28998474
3828	2421	935	63	280	28998484
3782	2388	944	63	278	28998494
3729	2359	949	64	278	28998504
3668	2337	952	64	278	28998514
3603	2317	956	64	278	28998524
3542	2304	956	64	278	28998534
3491	2294	958	65	279	28998544
3450	2286	958	65	279	28998554
3424	2286	958	65	279	28998564
3408	2277	961	65	279	28998574
3398	2277	940	65.8889	279	28998664
3405	2277	843	66	279	28998674
3412	2277	770	66	279	28998684
3422	2277	653	66	279	28998694
3436	2277	183	66	279	28998714
54
3291	3295	411	56	292	28999127
3238	3303	449	56	292	28999137
3208	3303	518	56	292	28999147
3178	3317	634	56	292	28999157
3161	3317	675	56	292	28999167
3161	3325	697	56	292	28999177
3186	3325	715	56	292	28999187
3248	3325	757	56	292	28999197
3356	3325	791	57	293	28999207
3507	3312	823	57	291	28999217
3693	3293	846	57	291	28999227
3910	3267	859	57	289	28999237
4138	3231	863	57	289	28999247
4365	3188	858	58	288	28999257
4570	3142	858	59	287	28999267
4740	3097	862	59	285	28999277
4869	3052	868	59	282	28999287
4961	3013	871	60	280	28999297
5020	2982	883	60	277	28999307
5053	2957	895	60	275	28999317
5066	2943	906	60	273	28999327
5066	2937	920	61	268.667	28999357
5066	2930	925	61.3333	263	28999386
5072	2930	923	61.375	257.25	28999466
5072	2923	917	61	256.333	28999496
5066	2915	914	62	259	28999516
5066	2906	914	63	258	28999526
5055	2894	914	63	258	28999536
5055	2877	914	63	258	28999546
5043	2852	914	63	258	28999556
5032	2820	915	63	258	28999566
5016	2780	912	63	258	28999576
4994	2736	912	63	258	28999586
4960	2686	913	63	258	28999596
4912	2632	912	63	258	28999606
4847	2572	911	63	258	28999616
4755	2506	906	63	258	28999626
4633	2441	900	63	258	28999636
4485	2378	903	63	258	28999646
4317	2328	909	63	258	28999656
4140	2293	909	64	260	28999666
3969	2272	911	64	260	28999676
3815	2261	918	64	262	28999686
3689	2261	920	64	264	28999696
3593	2254	921	64	264	28999706
3529	2254	924	64	266	28999716
3491	2254	922	65	268	28999726
3471	2254	915	65	270	28999736
3464	2254	877	65	272	28999776
3473	2254	822	65	276	28999786
3480	2254	775	65	276	28999796
3491	2254	693	64	278	28999806
3508	2254	560	64	278	28999816
3531	2254	128	64	278	28999836
19
5110	2924	462	62	277	29000347
5075	2915	491	62	277	29000357
5043	2915	573	62	277	29000367
5010	2922	695	62	277	29000377
4982	2922	780	62	277	29000387
4967	2922	820	62	277	29000397
4976	2928	844	62	277	29000407
5019	2928	869	61	275	29000417
5101	2941	900	61	275	29000427
5228	2951	924	61	274	29000437
5388	2957	942	61	274	29000447
5555	2957	955	61	272	29000457
5708	2957	957	61	272	29000467
5831	2957	955	61	270	29000477
5918	2957	957	62	270	29000487
5975	2944	956	62	270	29000497
6005	2938	951	62	268	29000507
6019	2938	940	62	268	29000517
6019	2930	633	62	264.6	29000567
