66
67
16687	18482	125	65	328	29335645
16680	18489	310	65	328	29335655
16667	18489	366	65	328	29335665
16658	18489	479	65	328	29335675
16650	18489	591	64	326	29335695
16641	18489	823	64.7917	322.5	29335935
16654	18489	873	65	320	29335945
16665	18482	873	65	320	29335955
16681	18482	874	65	320	29335965
16699	18472	874	65	320	29335975
16716	18472	874	65	320	29335985
16733	18462	874	65	320	29335995
16748	18462	870	65	318	29336005
16761	18452	872	65	318	29336015
16770	18452	869	66	317	29336025
16778	18444	868	65.5	316	29336045
16786	18444	868	65	315	29336055
16786	18434	868	65	315	29336065
16796	18434	869	65	315	29336075
16796	18425	868	65	315	29336085
16807	18425	870	65	315	29336095
16807	18416	871	65	315	29336105
16816	18416	870	65	315	29336115
16816	18410	871	65	315	29336135
16826	18410	873	65	315	29336145
16826	18402	873	65	315	29336185
16833	18402	874	65	315	29336245
16840	18402	875	65	315	29336305
16840	18396	874	65	315	29336345
16848	18396	874	65	315	29336355
16848	18386	874	65	315	29336365
16860	18378	873	65	315	29336375
16868	18369	873	65	315	29336385
16876	18358	873	65	315	29336395
16886	18346	873	66	317	29336405
16893	18337	870	66	317	29336415
16902	18326	872	66	317	29336425
16911	18311	872	66	317	29336435
16921	18297	872	66	317	29336445
16932	18281	873	66	317	29336455
16941	18260	873	66	317	29336465
16948	18241	873	66	317	29336475
16948	18222	872	66	317	29336485
16959	18202	873	66	317	29336495
16959	18185	875	66	317	29336505
16968	18163	874	67	319	29336515
16968	18141	873	67	319	29336525
16968	18119	873	67	319	29336535
16976	18096	874	67	319	29336545
16976	18072	875	67	320	29336555
16976	18052	874	67	320	29336565
16976	18031	874	67	320	29336575
16976	18011	874	68	322	29336585
16976	17992	873	68	322	29336595
16976	17969	878	68	322	29336605
16964	17945	881	68	322	29336615
16955	17921	881	68	325	29336625
16945	17899	884	68	325	29336635
16934	17877	886	68	325	29336645
16920	17858	888	68	325	29336655
16908	17842	891	69	327	29336665
16894	17828	891	69	327	29336675
16884	17818	898	69	327	29336685
16876	17818	899	69	327	29336695
16876	17811	902	69	327	29336705
16870	17811	814	69	328.333	29336795
16878	17818	104	68.5	330	29336815
26
16241	18310	308	59	333	29337422
16218	18292	424	60	332	29337432
16206	18292	493	60	332	29337441
16195	18292	580	61	331	29337451
16186	18292	670	61	329.5	29337491
16200	18292	699	62	327	29337501
16221	18292	708	62	327	29337511
16253	18302	710	62	327	29337521
16294	18302	709	63	326	29337531
16336	18311	715	62	324	29337541
16381	18311	717	63	323	29337551
16428	18318	718	64	321	29337561
16478	18318	725	64	321	29337571
16530	18318	726	65	320	29337581
16584	18326	727	64	318	29337591
16635	18326	729	64	318	29337601
16684	18340	731	64	318	29337611
16731	18347	729	64	318	29337621
16773	18354	730	64	318	29337631
16810	18354	730	64	318	29337641
16838	18362	732	64	318	29337651
16859	18362	731	64	318	29337661
16871	18362	732	64	318	29337671
16877	18362	727	64	318	29337821
16869	18362	483	64	318	29337831
16861	18353	110	64.5	319	29337851
26
16284	18007	430	60	330	29338126
16277	17997	441	60	330	29338136
16277	17988	525	60.5	329	29338156
16284	17988	589	61	328	29338166
16298	17988	608	62	327	29338176
16321	17988	619	62	327	29338186
16352	17996	629	63	328	29338196
16391	18004	638	63	328	29338206
16436	18011	645	65	328	29338216
16484	18018	649	65	328	29338226
16539	18026	655	66	329	29338236
16599	18033	661	66	329	29338246
16659	18041	663	67	328	29338256
16718	18049	666	67	328	29338265
16770	18056	670	67	328	29338275
16817	18063	673	67	328	29338285
16856	18063	675	67	328	29338295
16888	18063	680	67	328	29338305
16915	18071	686	67	328	29338315
16938	18071	694	67	328	29338325
16958	18071	698	67	328	29338335
16971	18071	704	67	328	29338345
16981	18071	711	67	328	29338355
16981	18078	718	67.5	326	29338435
16969	18078	579	68	325	29338445
16963	18078	165	67.6667	325.333	29338475
115
16726	18510	270	63	323	29339078
16711	18502	328	63	323	29339088
16703	18493	409	63	323	29339098
16694	18493	493	63	323	29339108
16687	18485	584	63	323	29339158
16700	18485	630	64	321	29339168
16712	18485	641	63	320	29339178
16728	18485	650	64	318	29339188
16748	18494	657	64	318	29339198
16770	18494	662	64	318	29339208
16796	18507	668	64	318	29339218
16821	18515	674	64	318	29339228
16847	18515	680	64	318	29339238
16875	18515	683	64	318	29339248
16903	18515	688	64	318	29339258
16933	18515	691	64	318	29339268
16965	18515	695	64	318	29339278
17002	18515	707	64	318	29339288
17040	18515	713	64	318	29339298
17081	18515	725	64	318	29339308
17123	18515	734	64	318	29339318
17165	18515	740	65	317	29339328
17208	18507	746	65	317	29339338
17249	18501	753	65	315	29339348
17288	18494	757	65	315	29339357
17325	18494	761	65	315	29339367
17358	18486	762	65	315	29339377
17390	18486	765	65	315	29339387
17420	18476	769	65	315	29339397
17448	18470	771	65	315	29339407
17476	18461	776	65	315	29339417
17504	18452	777	65	315	29339427
17530	18445	780	65	315	29339437
17556	18434	784	65	315	29339447
17580	18427	785	65	315	29339457
17604	18416	784	66	313	29339467
17627	18407	786	66	313	29339477
17649	18398	786	67	311	29339487
17669	18387	786	67	311	29339497
17686	18379	785	67	311	29339507
17701	18370	785	67	311	29339517
17715	18358	785	67	311	29339527
17730	18347	785	67	313	29339537
17744	18332	785	67	313	29339547
17756	18316	786	67	313	29339557
17767	18298	785	67	313	29339567
17775	18281	785	67	313	29339577
17783	18261	785	67	313	29339587
17790	18239	785	67	313	29339597
17790	18218	783	67	313	29339607
17790	18197	783	67	313	29339617
17796	18175	784	67	313	29339627
17796	18152	785	68	315	29339637
17796	18131	786	68	315	29339647
17796	18104	787	68	315	29339657
17796	18080	788	68	315	29339667
17788	18059	788	69	317	29339677
17780	18036	788	69	317	29339687
17771	18018	791	69	317	29339697
17760	18000	791	69	317	29339707
17746	17982	792	69	319	29339717
17733	17966	793	69	319	29339727
17718	17951	793	69	319	29339737
17703	17937	795	69	319	29339747
17687	17924	795	70	321	29339757
17670	17910	802	70	321	29339767
17652	17899	800	70	321	29339777
17631	17888	802	70	323	29339787
17610	17876	804	70	323	29339797
17586	17867	803	70	323	29339807
17561	17859	803	70	323	29339817
17535	17851	803	70	323	29339827
17508	17845	810	70	323	29339837
17481	17845	807	70	323	29339847
17455	17831	811	70	323	29339857
17430	17823	813	70	323	29339867
17405	17816	810	70	323	29339877
17381	17809	814	70	323	29339887
17356	17809	814	70	323	29339897
17332	17801	814	70	323	29339907
17308	17801	814	70	323	29339917
17283	17793	811	70	323	29339927
17256	17786	813	70	323	29339937
17227	17786	813	70	323	29339947
17198	17777	816	70	323	29339957
17171	17777	812	70	323	29339967
17145	17777	821	70	323	29339977
17124	17771	817	70	323	29339987
17105	17771	821	70	323	29339997
17088	17771	818	70	323	29340007
17072	17771	817	70	321	29340017
17055	17771	817	70	321	29340027
17039	17771	817	70	321	29340037
17023	17771	817	70	321	29340047
17008	17771	817	70	321	29340057
16993	17771	821	69	323	29340067
16977	17778	815	69	323	29340077
16962	17778	816	68	325	29340087
16947	17778	816	68	325	29340097
16935	17778	822	68	325	29340107
16927	17778	817	68	325	29340127
16920	17778	817	68	325	29340137
16920	17771	813	68	325	29340157
16912	17771	811	68	325	29340187
16905	17771	813	68	325	29340227
16897	17771	813	68	325	29340257
16890	17771	814	68	325	29340277
16880	17765	815	68	325	29340287
16873	17765	813	69	327	29340297
16863	17765	813	69	327	29340307
16855	17765	816	69	327	29340317
16848	17765	816	69	327	29340337
16841	17765	764	69	327	29340387
16847	17765	509	69	327	29340397
16856	17771	66	69	327	29340417
46
17933	18242	368	71	326	29340854
17925	18249	389	71	326	29340864
17918	18258	473	71	326	29340874
17901	18258	537	70	323	29340884
17889	18271	604	70	323	29340894
17877	18271	625	70	323	29340904
17864	18281	655	70	323	29340914
17854	18281	683	70	323	29340924
17846	18281	701	70	321	29340934
17839	18281	720	70	321	29340954
17832	18281	727	70	321	29340964
17832	18272	732	70	321	29340974
17832	18259	735	69	319	29340984
17832	18240	735	69	319	29340994
17825	18218	736	69	319	29341004
17825	18191	739	69	319	29341014
17825	18165	739	69	319	29341024
17835	18143	740	69	319	29341034
17848	18121	742	69	319	29341044
17862	18107	739	69	319	29341054
17878	18100	741	69	319	29341064
17898	18100	740	69	319	29341074
17918	18100	738	69	319	29341084
17941	18111	740	70	321	29341094
17967	18129	741	70	321	29341104
17992	18151	746	70	321	29341114
18015	18176	749	70	321	29341124
18033	18201	753	70	321	29341134
18046	18227	755	70	321	29341144
18053	18253	761	70	321	29341154
18053	18276	768	70	321	29341164
18045	18295	775	70	321	29341174
18030	18309	788	70	321	29341184
18013	18316	791	70	321	29341194
17992	18316	803	70	321	29341203
17970	18324	804	69	319	29341213
17948	18324	808	69	319	29341223
17926	18312	807	69	319	29341233
17908	18306	802	69	319	29341243
17890	18297	803	69	319	29341253
17874	18297	796	69	317	29341263
17861	18287	778	69	317	29341273
17850	18287	757	69	317	29341283
17840	18280	703	69	317	29341303
17832	18280	482	69	317	29341323
17832	18272	33	69	317	29341343
23
18104	18256	344	70	321	29341678
18081	18250	399	70	321	29341688
18069	18241	519	70	321	29341698
18060	18241	642	70	321	29341728
18066	18241	694	71	319	29341738
18087	18241	708	70	317	29341748
18123	18241	726	71	315	29341758
18175	18241	740	71	315	29341768
18239	18241	770	71	315	29341778
18314	18253	779	71	315	29341788
18388	18261	787	71	315	29341798
18463	18261	795	71	315	29341808
18535	18270	794	71	315	29341818
18598	18278	802	71	315	29341828
18658	18278	809	71	315	29341838
18706	18278	811	71	315	29341848
18746	18286	821	71	315	29341858
18778	18286	840	71	315	29341868
18801	18286	854	71	313	29341878
18817	18295	868	71	313	29341888
18828	18295	859	72	310	29341958
18821	18302	599	72	310	29341968
18813	18302	48	72	310	29341988
18
16230	16879	429	60	351	29343358
16200	16865	498	60	351	29343368
16182	16856	595	60	351	29343378
16167	16850	669	60	351	29343388
16157	16850	720	60.5	353	29343408
16185	16850	762	61	353	29343418
16228	16850	781	62	353	29343428
16287	16850	799	62	353	29343438
16359	16861	810	63	352	29343448
16438	16868	818	63	352	29343458
16520	16868	820	64	352	29343468
16602	16875	822	64	352	29343478
16680	16875	819	64	352	29343488
16751	16885	816	65	351	29343498
16811	16891	788	65	351	29343508
16860	16891	711	66	351	29343518
16893	16900	572	66	351	29343528
16912	16900	164	66	351	29343548
14
16279	16654	627	62	349	29343746
16211	16592	636	62	349	29343756
16192	16574	656	62	349	29343766
16192	16567	704	62	349	29343776
16203	16567	749	62	351	29343786
16245	16567	787	62	351	29343796
16314	16584	811	62	351	29343806
16407	16600	818	62	351	29343816
16517	16618	821	63	352	29343826
16635	16635	819	63	352	29343836
16753	16646	803	64	352	29343846
16864	16655	747	65	351	29343856
16966	16663	587	65	351	29343866
17059	16673	55	66	351	29343886
22
16868	17019	482	65	340	29344122
16843	17036	542	65	340	29344132
16833	17036	628	65	340	29344142
16820	17045	706	65	340	29344162
16835	17036	770	65	340	29344172
16862	17021	797	65	342	29344182
16903	16992	822	65	342	29344192
16950	16947	851	65	342	29344202
17004	16892	868	65	342	29344212
17053	16827	876	66	344	29344222
17091	16756	883	66	344	29344232
17118	16683	896	67	343	29344242
17129	16608	910	67	343	29344252
17129	16534	913	67	345	29344262
17106	16470	919	67	345	29344272
17079	16419	919	67	345	29344282
17047	16381	918	67	345	29344292
17014	16356	900	67	345	29344302
16983	16343	863	67	345	29344312
16958	16336	801	67	345	29344322
16942	16336	644	68	348	29344332
16935	16347	149	68	348	29344352
33
17012	17128	433	61	333	29344618
16971	17139	510	62	332	29344628
16946	17149	612	63	334	29344638
16924	17156	675	63	333	29344648
16905	17156	702	65	333	29344658
16905	17167	720	65	333	29344668
16943	17173	729	65	332	29344678
17011	17173	768	65	332	29344688
17115	17173	778	66	331	29344698
17239	17157	785	67	333	29344708
17375	17125	798	68	332	29344718
17503	17080	802	68	332	29344728
17615	17028	806	68	332	29344738
17714	16972	820	68	331	29344748
17790	16915	824	68	331	29344758
17847	16860	827	69	329	29344768
17881	16808	839	70	332	29344778
17892	16760	856	70	332	29344788
17883	16713	869	70	332	29344798
17850	16664	871	71	330	29344808
17790	16614	883	71	330	29344818
17706	16560	894	72	331	29344828
17603	16511	901	72	331	29344838
17490	16467	915	72	331	29344848
17377	16431	913	72	331	29344858
17268	16405	917	72	334	29344868
17165	16387	920	72	334	29344878
17073	16367	912	72	334	29344888
16997	16352	915	72	334	29344898
16938	16340	901	71	335	29344908
16896	16330	870	72	338	29344918
16870	16330	801	71	339	29344928
16859	16330	377	71	339	29344958
33
17005	17171	48	68	332	29345402
17005	17179	141	68	333	29345422
17005	17187	267	68	334	29345442
16998	17187	327	68	334	29345452
16998	17197	382	67	335	29345462
16991	17197	414	67	335	29345472
16984	17197	471	66	336	29345482
16975	17203	523	66	336	29345492
16963	17203	532	66	336	29345502
16945	17197	566	66	336	29345512
16923	17187	593	66	336	29345522
16897	17178	607	66	336	29345532
16868	17168	642	66	336	29345542
16838	17160	649	66	336	29345552
16806	17160	658	66	336	29345562
16774	17151	662	66	336	29345572
16744	17151	665	66	336	29345582
16719	17144	677	66	336	29345592
16699	17144	682	66	336	29345602
16687	17144	682	66	336	29345652
16694	17144	682	66	336	29345662
16701	17135	683	66	336	29345672
16711	17127	688	66	336	29345682
16726	17115	701	67	339	29345692
16748	17097	712	67	339	29345702
16779	17076	727	67	339	29345712
16816	17051	731	67	339	29345722
16858	17027	728	67	339	29345732
16897	17007	727	67	339	29345742
16935	16991	709	67	339	29345752
16966	16976	628	67	339	29345762
16992	16964	473	67	339	29345772
17009	16952	8	67	339	29345792
28
17979	16874	63	68	340	29346294
17972	16868	414	67	341	29346304
17963	16868	466	67	341	29346314
17951	16868	608	67	341	29346324
17930	16868	683	67	341	29346334
17915	16868	726	67	343	29346344
17902	16857	769	67	343	29346354
17895	16843	780	67	343	29346364
17895	16825	801	67	343	29346374
17907	16801	806	67	343	29346384
17926	16777	809	67	343	29346394
17955	16755	808	67	343	29346404
17989	16742	806	67	343	29346414
18030	16742	804	67	343	29346424
18074	16742	792	67	343	29346434
18116	16768	768	67	343	29346444
18150	16796	756	67	343	29346454
18172	16830	748	67	343	29346464
18172	16865	748	67	343	29346474
18158	16896	748	67	343	29346484
18122	16917	750	67	343	29346494
18075	16929	748	67	343	29346504
18021	16929	750	67	343	29346514
17971	16919	746	67	343	29346524
17932	16907	722	67	343	29346534
17908	16895	637	67	343	29346544
17899	16882	477	67	343	29346554
17908	16870	30	67	343	29346574
19
18277	16911	119	64	338	29346722
18237	16888	567	64	338	29346732
18215	16879	605	64	338	29346742
18199	16879	680	64	338	29346752
18193	16872	732	64	338	29346762
18205	16872	788	64	338	29346772
18240	16872	809	64	338	29346782
18300	16872	825	66	340	29346792
18385	16872	829	66	340	29346802
18493	16872	828	67	339	29346812
18614	16872	825	67	338	29346822
18738	16872	824	68	340	29346832
18861	16872	820	69	339	29346842
18976	16872	815	70	338	29346852
19081	16872	801	70	338	29346862
19172	16872	765	71	337	29346872
19245	16880	673	71	337	29346882
19292	16886	548	71	335	29346892
19317	16886	170	72.5	337.5	29346912
18
16410	15333	40	62	0	29347754
16380	15342	539	62	0	29347764
16362	15342	620	62	0	29347774
16337	15342	738	62	358	29347784
16320	15342	786	63	358	29347794
16312	15335	801	63	356	29347804
16319	15335	823	64	356	29347814
16343	15335	851	64	354	29347824
16392	15342	865	64	352	29347834
16466	15348	873	65	351	29347844
16560	15358	873	65	349	29347854
16665	15372	873	66	349	29347864
16769	15381	870	65	347	29347874
16863	15387	855	66	346	29347884
16947	15387	818	66	346	29347894
17016	15387	739	67	343	29347904
17074	15387	594	67	343	29347914
17118	15387	164	67	343	29347934
15
16456	15043	560	66	351	29348170
16394	14999	566	66	349	29348180
16376	14988	655	66	349	29348200
16387	14988	732	66	349	29348210
16430	14988	765	65	347	29348220
16502	14997	801	65	347	29348230
16601	15007	818	65	345	29348240
16715	15014	830	65	345	29348250
16836	15021	830	65	345	29348260
16951	15021	827	65	345	29348270
17057	15021	822	66	346	29348280
17148	15021	800	66	346	29348290
17217	15021	753	67	345	29348300
17264	15014	653	68	345	29348310
17286	15014	245	68.6667	344.333	29348340
24
16982	15524	391	64	356	29348626
16956	15548	492	65	354	29348636
16947	15554	555	65	351	29348646
16935	15554	672	66.5	349.5	29348666
16950	15554	763	67	348	29348676
16978	15532	800	67	345	29348686
17022	15498	829	67	345	29348696
17081	15450	850	67	345	29348706
17148	15392	867	67	343	29348716
17214	15326	874	67	343	29348726
17268	15256	877	67	343	29348736
17309	15188	881	67	343	29348746
17333	15124	885	67	343	29348756
17346	15063	888	67	343	29348766
17346	15012	896	68	342	29348776
17338	14967	898	68	342	29348786
17321	14926	905	69	344	29348796
17299	14896	905	69	344	29348806
17273	14871	901	69	344	29348816
17243	14848	892	69	344	29348826
17213	14831	866	69	346	29348836
17184	14817	835	69	346	29348846
17163	14807	754	69	346	29348856
17153	14807	352	69.6667	348	29348886
67
17040	15583	100	67	341	29349438
17015	15592	358	67	341	29349448
16996	15592	436	67	341	29349458
16979	15592	536	67	341	29349468
16960	15598	604	67	341	29349478
16953	15598	659	67	341	29349498
16968	15598	710	67	341	29349508
16997	15598	744	67	341	29349518
17047	15606	763	67	341	29349528
17115	15606	774	67	341	29349538
17197	15606	792	67	341	29349548
17287	15606	798	67	341	29349558
17382	15596	803	67	341	29349568
17476	15584	809	67	341	29349578
17568	15567	809	68	340	29349588
17655	15542	814	68	340	29349598
17734	15514	818	69	339	29349608
17807	15482	822	68	336	29349618
17871	15450	827	69	335	29349628
17929	15418	838	69	335	29349638
17981	15386	841	70	334	29349648
18026	15355	843	70	334	29349658
18067	15320	845	71	333	29349668
18100	15283	848	71	333	29349678
18127	15248	851	72	331	29349688
18146	15210	850	72	331	29349698
18158	15174	854	72	331	29349708
18158	15138	852	72	331	29349718
18158	15106	853	73	332	29349728
18150	15078	855	73	332	29349738
18132	15056	859	74	331	29349748
18110	15036	865	74	331	29349758
18084	15016	866	74	334	29349768
18052	14996	869	74	334	29349778
18020	14974	869	74	334	29349788
17986	14952	870	74	334	29349798
17950	14933	870	74	334	29349808
17915	14915	870	74	334	29349818
17879	14897	871	74	334	29349828
17844	14883	875	74	339	29349838
17809	14870	876	74	339	29349848
17775	14857	882	73	340	29349858
17740	14849	883	73	340	29349868
17704	14839	890	73	340	29349878
17667	14828	889	73	340	29349888
17630	14828	896	73	340	29349898
17594	14814	895	73	340	29349908
17557	14807	896	73	340	29349918
17522	14807	898	73	340	29349928
17486	14797	895	73	340	29349938
17448	14797	901	73	340	29349948
17412	14787	900	73	340	29349958
17375	14780	902	73	340	29349968
17340	14772	900	72	341	29349978
17309	14765	903	72	341	29349988
17280	14757	904	71	342	29349998
17258	14757	905	71	342	29350008
17240	14746	897	71	342	29350018
17226	14746	899	71	342	29350028
17217	14746	894	71	342	29350038
17208	14739	886	71	342	29350228
17201	14739	882	71	342	29350248
17190	14739	879	71	342	29350258
17181	14746	882	71	342	29350268
17172	14746	881	71	342	29350278
17163	14746	880	71	342	29350298
17156	14746	564	71	342	29350358
30
18337	15242	319	68	353	29350778
18337	15253	373	68	355	29350788
18325	15261	458	68	355	29350798
18308	15261	570	68	355	29350808
18290	15268	659	68	355	29350818
18270	15268	716	69	355	29350828
18245	15255	750	69	355	29350838
18218	15235	773	70	352	29350848
18194	15204	808	70	352	29350858
18176	15166	815	70	352	29350868
18165	15125	817	70	352	29350878
18165	15087	817	70	349	29350888
18185	15057	817	70	349	29350898
18209	15038	816	70	349	29350908
18242	15031	801	69	346	29350918
18280	15031	777	69	346	29350928
18319	15051	753	69	346	29350938
18357	15077	726	69	346	29350948
18389	15111	718	69	346	29350958
18409	15149	709	69	346	29350968
18417	15188	712	69	346	29350978
18408	15222	715	69	346	29350988
18386	15252	715	69	346	29350998
18353	15273	718	69	346	29351008
18312	15284	721	69	346	29351018
18268	15284	712	69	346	29351028
18227	15284	703	69	346	29351038
18196	15272	626	69	346	29351048
18178	15262	478	69	344	29351058
18178	15250	62	69	346	29351078
22
18462	15203	249	68	0	29351294
18434	15183	485	69	0	29351304
18418	15177	538	69	357	29351314
18403	15177	650	70	357	29351324
18393	15177	716	70	355	29351344
18406	15177	756	70	352	29351354
18438	15190	770	70	352	29351364
18499	15203	803	70	352	29351374
18586	15219	818	71	349	29351384
18691	15233	825	71	349	29351394
18800	15242	830	72	348	29351404
18903	15242	828	71	345	29351414
18998	15242	828	71	345	29351424
19082	15242	830	72	344	29351434
19161	15242	829	72	341	29351444
19231	15242	832	73	340	29351454
19290	15256	832	73	340	29351464
19335	15267	826	73	340	29351474
19364	15277	813	73	340	29351484
19377	15277	761	73	340	29351494
19377	15283	636	73	340	29351504
19370	15283	157	74	339	29351524
15
16574	13835	520	60	350	29352434
16519	13808	574	60	350	29352444
16500	13793	595	60	350	29352454
16475	13786	668	60	350	29352474
16483	13786	705	60	350	29352484
16513	13786	748	60	350	29352494
16567	13786	764	61	349	29352504
16642	13797	773	61	351	29352514
16732	13808	774	62	351	29352524
16831	13819	772	62	351	29352534
16929	13830	771	62	351	29352544
17023	13840	764	62	351	29352554
17108	13846	718	63	350	29352564
17181	13846	625	63	350	29352574
17239	13846	216	64.5	349.5	29352594
14
16531	13558	193	63	350	29352850
16490	13512	537	62	353	29352860
16490	13497	539	62	353	29352870
16505	13489	591	62	353	29352880
16543	13489	666	62	353	29352890
16610	13489	712	62	353	29352900
16705	13503	739	63	352	29352910
16819	13519	753	63	352	29352920
16948	13537	758	64	352	29352930
17079	13556	757	64	352	29352940
17199	13572	754	64	350	29352950
17304	13582	724	65	349	29352960
17389	13590	629	65	349	29352970
17454	13597	196	66	349	29352990
22
17229	14004	364	59	346	29353306
17182	14004	450	60	346	29353316
17160	14004	515	60	346	29353326
17146	14004	560	61	345	29353336
17146	13994	627	61	345	29353346
17169	13979	691	61	345	29353356
17216	13957	723	62	345	29353366
17280	13922	753	62	345	29353376
17357	13874	779	63	344	29353386
17433	13822	802	64	343	29353396
17500	13760	818	64	345	29353406
17552	13692	831	65	345	29353416
17587	13626	847	65	345	29353426
17603	13557	857	66	344	29353436
17603	13493	874	66	346	29353446
17587	13434	884	67	345	29353456
17562	13378	890	67	345	29353466
17532	13333	889	68	348	29353476
17502	13302	889	68	348	29353486
17473	13278	867	68	348	29353496
17450	13266	802	68	350	29353506
17437	13266	323	68	351	29353536
50
17244	13983	376	61	342	29354002
17194	13983	429	61	342	29354012
17167	13991	573	61	342	29354022
17143	13991	638	61	343	29354032
17129	13999	670	62	343	29354052
17156	14012	696	63	342	29354062
17207	14025	705	63	342	29354072
17285	14043	721	63	342	29354082
17392	14064	732	64	341	29354092
17520	14078	736	64	341	29354102
17655	14078	734	65	340	29354112
17792	14078	743	65	340	29354122
17922	14056	747	65	342	29354132
18037	14031	754	66	342	29354142
18135	14001	764	66	342	29354152
18213	13971	770	67	341	29354162
18273	13944	790	68	340	29354172
18315	13918	807	68	340	29354182
18343	13896	821	69	339	29354192
18360	13875	838	69	339	29354202
18373	13857	841	69	339	29354212
18380	13843	849	70	338	29354222
18380	13834	850	70	338	29354232
18388	13827	853	71	337	29354262
18388	13817	857	71	337	29354272
18388	13810	858	71	337	29354282
18388	13800	857	71	337	29354292
18388	13782	859	71	337	29354302
18388	13762	861	71	337	29354312
18376	13736	865	71	339	29354322
18366	13706	873	71	339	29354332
18354	13675	873	71	339	29354342
18338	13641	875	72	338	29354352
18315	13606	881	72	338	29354362
18285	13571	883	73	337	29354372
18247	13536	886	73	337	29354382
18197	13499	890	73	337	29354392
18139	13463	899	73	337	29354402
18073	13425	902	73	337	29354412
17998	13388	907	73	337	29354422
17921	13353	920	72	341	29354432
17843	13322	926	72	341	29354442
17765	13295	927	71	342	29354452
17687	13272	929	71	342	29354462
17615	13254	922	71	342	29354472
17549	13239	911	71	342	29354482
17490	13227	898	71	345	29354492
17442	13216	865	71	345	29354502
17407	13205	807	71	345	29354512
17387	13197	315	71	345	29354542
25
18500	13886	270	68	336	29355034
18465	13886	422	68	336	29355044
18439	13886	504	68	336	29355054
18410	13873	642	68	336	29355064
18382	13866	689	68	336	29355074
18360	13851	729	68	336	29355084
18346	13835	739	68	336	29355094
18346	13817	748	68	336	29355104
18346	13792	759	69	339	29355114
18360	13767	766	69	339	29355124
18381	13741	768	69	339	29355134
18408	13721	771	69	339	29355144
18442	13711	762	69	339	29355154
18480	13711	742	69	341	29355164
18515	13722	733	69	341	29355174
18547	13742	714	69	341	29355184
18568	13767	710	69	341	29355194
18576	13797	704	69	341	29355204
18576	13826	707	69	341	29355214
18552	13849	708	69	341	29355224
18523	13867	702	69	341	29355234
18488	13877	693	69	341	29355244
18452	13877	668	69	341	29355254
18421	13877	580	69	341	29355264
18401	13863	196	69	341	29355284
17
18645	13871	570	69	329	29355570
18591	13837	610	70	332	29355580
18565	13824	681	70	332	29355590
18547	13815	756	70	332	29355610
18556	13815	817	70	332	29355620
18595	13815	836	70	334	29355630
18659	13815	857	70	334	29355640
18752	13831	870	70	334	29355650
18873	13848	881	70	334	29355660
19019	13870	904	71	337	29355670
19178	13896	913	71	335	29355680
19343	13918	913	71	335	29355690
19498	13939	911	72	334	29355700
19628	13952	901	72	334	29355710
19726	13959	844	73	337	29355720
19788	13959	780	73	337	29355730
19815	13959	330	73.3333	336.333	29355760
18
16570	12459	506	59	348	29356858
16490	12430	543	59	348	29356868
16456	12414	628	59	348	29356878
16427	12401	680	59	348	29356888
16413	12388	693	59	348	29356898
16423	12377	725	59	346	29356908
16459	12371	749	59	346	29356918
16522	12371	772	59	346	29356928
16610	12371	784	60	346	29356938
16713	12371	791	60	346	29356948
16824	12381	791	61	343	29356958
16934	12381	796	61	343	29356968
17036	12393	796	62	343	29356978
17127	12400	792	62	343	29356988
17200	12400	762	63	342	29356998
17254	12413	663	63	342	29357008
17291	12413	485	64	339	29357018
17311	12413	5	64	338.5	29357038
16
16611	12055	93	61	345	29357386
16514	12030	424	61	345	29357396
16470	12019	440	61	345	29357406
16437	12012	525	61	345	29357416
16415	12012	584	61	347	29357436
16430	12012	640	61	347	29357446
16478	12023	677	61	347	29357456
16560	12036	688	61	347	29357466
16671	12053	705	61	347	29357476
16803	12071	716	61	347	29357486
16945	12090	716	61	347	29357496
17080	12105	715	63	348	29357506
17201	12116	716	63	348	29357516
17303	12124	704	63	348	29357526
17385	12124	638	63	348	29357536
17447	12132	182	64	346	29357556
20
17268	12536	168	59	346	29357910
17252	12536	500	59	346	29357920
17239	12536	536	59	346	29357930
17231	12536	636	60	344	29357950
17243	12520	740	61	343	29357960
17282	12490	785	61	343	29357970
17341	12438	827	62	341	29357980
17413	12364	846	62	341	29357990
17487	12282	857	63	340	29358000
17556	12192	867	64	339	29358010
17611	12109	873	64	339	29358020
17654	12033	875	64	338	29358030
17676	11956	876	66	340	29358040
17676	11884	880	66	340	29358050
17676	11817	876	67	339	29358060
17650	11759	873	67	341	29358070
17625	11715	867	67	341	29358080
17602	11687	855	67	341	29358090
17581	11671	795	67	343	29358100
17567	11665	412	67	344.333	29358130
6
17491	12094	259	63	344	29359250
17483	12087	299	63	344	29359260
17483	12079	329	63	344	29359270
17476	12079	350	64	343	29359290
17488	12091	327	65	342	29359300
17502	12098	101	65	342	29359320
103
17296	12529	150	62.6667	340.333	29359942
17284	12529	273	63	340	29359962
17275	12529	349	63	340	29359992
17265	12538	409	63	340	29360012
17252	12550	454	63	340	29360022
17243	12559	485	63	340	29360032
17231	12569	528	63	340	29360042
17217	12580	555	63	340	29360052
17198	12591	564	62	338	29360062
17176	12600	589	62	338	29360072
17155	12607	594	62	338	29360082
17133	12607	599	63	340	29360092
17115	12615	607	63	340	29360102
17100	12615	612	63	340	29360112
17089	12615	616	63	340	29360122
17083	12622	623	63	340	29360172
17083	12628	628	63	340	29360222
17076	12628	635	63	340	29360252
17076	12635	636	63	340	29360262
17069	12635	637	63	340	29360272
17069	12643	637	63	340	29360282
17062	12643	638	63	340	29360292
17062	12652	646	63	340	29360322
17062	12658	649	63	340	29360342
17071	12658	652	63	340	29360352
17085	12668	652	63	340	29360362
17107	12668	658	63	340	29360372
17137	12679	663	63	340	29360382
17175	12679	665	63	340	29360392
17218	12687	680	63	340	29360402
17269	12687	685	63	340	29360412
17327	12687	690	63	340	29360422
17389	12687	702	63	340	29360432
17456	12675	705	63	340	29360442
17530	12668	712	63	340	29360452
17608	12658	712	64	339	29360462
17690	12650	715	64	339	29360472
17775	12639	717	64	336	29360482
17854	12625	720	64	336	29360492
17932	12612	718	64	336	29360502
18006	12599	717	64	336	29360512
18077	12588	714	65	335	29360522
18143	12578	716	65	335	29360532
18200	12565	718	66	334	29360542
18249	12552	721	66	334	29360552
18285	12537	729	67	333	29360562
18310	12521	735	67	333	29360572
18330	12506	746	68	332	29360582
18343	12492	752	68	332	29360592
18355	12480	756	68	332	29360602
18366	12470	758	68	332	29360612
18375	12462	759	68	332	29360622
18381	12456	761	68	331	29360632
18389	12449	764	68	331	29360642
18395	12443	764	69	329	29360652
18403	12435	766	69	329	29360662
18412	12425	772	69	329	29360672
18422	12416	771	69	329	29360682
18433	12403	772	69	329	29360692
18444	12388	774	69	329	29360702
18455	12372	776	69	329	29360712
18465	12353	777	69	329	29360722
18476	12332	778	69	329	29360732
18486	12313	776	69	329	29360742
18495	12290	781	69	329	29360752
18502	12267	787	69	329	29360762
18502	12243	794	69	329	29360772
18502	12221	806	69	329	29360782
18502	12201	814	69	329	29360792
18492	12180	829	69	329	29360802
18477	12162	836	70	332	29360812
18458	12143	843	70	332	29360822
18436	12124	850	70	332	29360832
18412	12107	853	70	332	29360842
18387	12089	856	70	332	29360852
18360	12072	866	70	332	29360862
18333	12057	867	70	332	29360872
18304	12040	866	70	332	29360882
18273	12023	873	70	334	29360892
18239	12007	874	70	334	29360902
18201	11990	876	70	334	29360912
18161	11975	878	70	334	29360922
18119	11960	882	70	334	29360932
18075	11943	888	70	334	29360942
18030	11927	890	70	334	29360952
17989	11909	895	70	334	29360962
17950	11892	891	70	334	29360972
17914	11877	896	71	337	29360982
17881	11862	899	71	337	29360992
17852	11850	898	71	337	29361002
17824	11838	903	71	337	29361012
17798	11828	899	71	337	29361022
17771	11817	901	71	337	29361032
17743	11808	899	71	337	29361042
17714	11797	901	71	337	29361052
17687	11786	905	70	338	29361062
17666	11776	904	70	338	29361072
17647	11767	906	69	339	29361082
17634	11767	905	69	339	29361092
17625	11758	905	69	341	29361102
17618	11758	905	69	341	29361122
17618	11752	903	69	341	29361172
17611	11752	739	69	341	29361332
9
18547	12380	175	68	336	29361866
18525	12360	338	68	336	29361876
18514	12353	422	68	336	29361886
18502	12353	527	68	336	29361896
18490	12345	651	68	336	29361906
18482	12345	699	68	336	29361926
18475	12345	725	68	334.727	29362036
18481	12345	380	68	334	29362046
18489	12345	42	68	334	29362066
39
18659	12432	277	68	334	29362184
18647	12438	425	68	334	29362194
18634	12438	453	69	333	29362204
18618	12447	506	69	333	29362214
18602	12447	556	70	332	29362224
18583	12447	577	70	332	29362234
18562	12447	632	70	332	29362244
18541	12437	658	70	332	29362254
18522	12424	690	70	332	29362264
18505	12407	712	70	332	29362274
18491	12385	724	70	332	29362284
18481	12364	735	70	332	29362294
18481	12344	746	70	332	29362304
18481	12325	748	70	332	29362314
18481	12314	750	70	332	29362324
18489	12303	755	69	333	29362334
18495	12291	754	69	333	29362344
18504	12277	756	68	334	29362354
18516	12262	755	68	334	29362364
18532	12247	757	68	334	29362374
18553	12234	757	68	334	29362384
18581	12227	756	68	334	29362394
18614	12227	757	68	334	29362404
18648	12227	755	68	334	29362414
18683	12245	755	68	334	29362424
18715	12263	760	68	334	29362434
18740	12286	762	68	336	29362444
18760	12312	769	69	335	29362454
18770	12340	773	69	335	29362464
18770	12366	776	70	334	29362474
18770	12394	775	70	334	29362484
18745	12417	777	70	334	29362494
18714	12442	778	70	334	29362504
18674	12462	778	70	332	29362514
18631	12474	780	70	332	29362524
18591	12483	770	70	332	29362534
18557	12483	754	70	332	29362544
18536	12483	696	70	332	29362554
18525	12483	325	70	332	29362584
23
18811	12423	348	70	334	29362810
18789	12407	417	70	334	29362820
18778	12407	549	70	334	29362830
18769	12399	657	70	334	29362860
18778	12399	705	71	330	29362870
18802	12399	728	71	330	29362880
18843	12405	734	71	328	29362890
18908	12418	748	71	328	29362900
18997	12434	769	71	328	29362910
19099	12452	786	71	328	29362920
19214	12473	787	71	328	29362930
19326	12489	794	71	326	29362940
19428	12499	796	71	326	29362950
19521	12508	797	72	324	29362960
19600	12508	800	72	324	29362970
19665	12508	800	72	322	29362980
19719	12516	801	72	322	29362990
19756	12516	799	72	322	29363000
19779	12516	799	72	322	29363010
19789	12516	758	73.3333	319.333	29363040
19781	12516	654	74	318	29363050
19773	12516	509	74	318	29363060
19764	12516	61	74	318	29363080
18
16740	10767	527	59	348	29363934
16683	10747	549	59	348	29363944
16642	10739	612	60	348	29363954
16616	10739	671	60	348	29363964
16600	10729	695	61	347	29363984
16619	10729	732	61	347	29363994
16658	10729	761	61	347	29364004
16722	10739	768	62	346	29364014
16806	10751	769	62	346	29364024
16906	10766	771	63	346	29364034
17012	10776	772	63	346	29364044
17115	10787	768	64	345	29364054
17209	10796	768	64	345	29364064
17289	10796	762	65	345	29364074
17354	10807	732	65	342	29364084
17402	10807	663	65	342	29364094
17438	10813	528	65	342	29364104
17459	10813	97	66	342	29364124
16
16729	10528	638	60	346	29364342
16692	10470	596	61	345	29364352
16683	10457	600	61	345	29364362
16703	10457	619	62	345	29364372
16745	10457	652	62	345	29364382
16808	10468	679	63	346	29364392
16892	10481	697	64	345	29364402
16995	10499	702	65	345	29364412
17111	10519	704	65	345	29364422
17225	10535	705	65	345	29364432
17331	10548	708	65	342	29364442
17422	10555	703	65	342	29364452
17497	10555	674	66	342	29364462
17559	10563	611	66	342	29364472
17607	10563	449	67	341	29364482
17638	10573	12	67	341	29364502
24
17352	10994	392	64	334	29364918
17298	10994	418	64	334	29364928
17275	11004	504	64	334	29364938
17256	11004	587	64	334	29364948
17247	11004	633	64	334	29364968
17275	10986	689	65	333	29364978
17319	10963	716	65	333	29364988
17381	10928	736	65	332	29364998
17456	10884	759	66	334	29365008
17534	10832	773	66	334	29365018
17606	10776	785	66	334	29365028
17669	10721	804	67	333	29365038
17714	10663	812	67	333	29365048
17744	10605	830	68	332	29365058
17756	10551	839	68	334	29365068
17756	10495	855	68	334	29365078
17742	10443	858	68	334	29365088
17723	10397	877	68	334	29365098
17700	10359	870	68	334	29365108
17674	10330	872	68	336	29365118
17652	10310	854	68	336	29365128
17633	10298	833	68	336	29365138
17622	10291	739	69	339	29365158
17622	10300	276	69	339	29365178
89
17292	10984	285	62	336	29365878
17267	10992	299	62	336	29365888
17250	10992	380	62	336	29365898
17230	10992	458	62	336	29365908
17212	10992	542	63	335	29365918
17199	10992	575	63	335	29365928
17192	10992	590	64	334	29365938
17192	10998	614	64	334	29365948
17206	10998	661	64	334	29365958
17231	10998	673	64	334	29365968
17270	11007	703	65	333	29365978
17325	11007	727	65	333	29365988
17393	11015	749	66	334	29365998
17474	11015	763	66	334	29366008
17568	11015	773	66	334	29366018
17673	11003	778	66	334	29366028
17784	10989	785	66	331	29366038
17897	10974	790	66	331	29366048
18010	10950	792	67	330	29366058
18118	10924	795	67	330	29366068
18220	10894	795	68	328	29366078
18315	10864	798	68	328	29366088
18400	10834	800	69	327	29366098
18471	10806	802	69	329	29366108
18531	10779	802	69	329	29366118
18573	10757	801	69	329	29366128
18600	10738	806	70	328	29366138
18617	10724	810	70	328	29366148
18625	10715	823	71	326	29366168
18625	10707	842	71.8	323.6	29366218
18625	10700	848	72	322	29366238
18625	10693	851	72	322	29366248
18616	10683	853	72	322	29366258
18616	10671	854	72	322	29366268
18608	10656	854	72	322	29366278
18601	10639	855	72	322	29366288
18594	10621	854	72	322	29366298
18583	10601	860	72	322	29366308
18570	10580	862	72	322	29366318
18555	10556	868	73	325	29366328
18540	10536	871	73	325	29366338
18525	10518	874	73	325	29366348
18508	10499	877	73	325	29366358
18489	10484	878	73	325	29366368
18466	10469	879	73	325	29366378
18443	10455	881	73	325	29366388
18417	10443	882	73	325	29366398
18388	10430	888	73	325	29366408
18357	10418	886	73	325	29366418
18320	10404	890	73	325	29366428
18281	10389	895	73	325	29366438
18237	10373	895	74	328	29366448
18192	10357	898	74	328	29366458
18150	10343	906	73	329	29366468
18110	10332	907	73	329	29366478
18075	10322	911	72	331	29366488
18040	10314	909	72	331	29366498
18005	10306	914	72	331	29366508
17970	10296	917	72	331	29366518
17934	10288	919	72	331	29366528
17897	10279	919	72	331	29366538
17863	10271	919	72	331	29366548
17831	10264	919	72	331	29366558
17800	10256	920	72	331	29366568
17774	10247	920	72	331	29366578
17751	10239	920	71	335	29366588
17734	10232	921	71	335	29366598
17722	10232	921	71	337	29366608
17713	10232	919	71	337	29366618
17703	10226	919	71	337	29366628
17693	10226	921	71	337	29366638
17683	10226	918	71	337	29366648
17670	10226	918	71	337	29366658
17658	10219	918	71	337	29366668
17645	10219	917	71	337	29366678
17635	10219	918	71	337	29366688
17627	10219	912	71	338.714	29366758
17621	10219	906	71	339	29366808
17614	10219	902	71	339	29366818
17614	10213	896	69.6667	340.333	29366848
17606	10213	889	69	341	29366858
17599	10213	890	69	341	29366868
17593	10204	889	69	341	29366888
17583	10204	868	69	341.375	29366968
17592	10220	838	69	344	29366978
17600	10238	816	69	344	29366988
17612	10262	768	69	344	29366998
17624	10288	627	69	341	29367008
17636	10317	138	69	341	29367028
8
17522	10551	324	65	342	29367454
17522	10544	373	66	342	29367464
17531	10536	433	66	342	29367474
17542	10536	506	67	341	29367484
17560	10543	530	67	341	29367494
17587	10551	534	67	341	29367504
17625	10562	496	67	341	29367514
17669	10574	49	67	341	29367534
44
18722	10767	103	67	343	29368298
18714	10776	180	67	343	29368308
18706	10784	249	67	343	29368318
18699	10784	335	67	343	29368328
18699	10797	397	67	343	29368338
18690	10803	441	67	343	29368348
18690	10810	505	67	343	29368368
18690	10816	582	67	343	29368388
18684	10816	656	67	343	29368408
18674	10824	677	67	341	29368418
18663	10824	692	67	341	29368428
18650	10824	718	67	341	29368438
18638	10824	742	67	341	29368448
18628	10824	759	67	341	29368458
18618	10824	760	67	341	29368468
18605	10824	768	67	341	29368478
18591	10806	775	67	341	29368488
18577	10786	776	67	341	29368498
18569	10763	778	67	341	29368508
18569	10736	783	67	341	29368518
18569	10707	784	67	341	29368528
18588	10678	783	67	341	29368538
18608	10653	783	67	343	29368548
18635	10633	780	67	343	29368558
18668	10621	780	67	343	29368568
18705	10621	783	67	343	29368578
18742	10621	780	67	343	29368588
18780	10636	783	67	343	29368598
18817	10661	781	67	343	29368608
18845	10691	779	67	343	29368618
18867	10727	785	67	343	29368628
18877	10762	786	67	343	29368638
18877	10798	792	67	343	29368648
18861	10833	794	67	343	29368658
18833	10864	799	67	343	29368668
18792	10891	800	67	341	29368678
18743	10905	804	67	341	29368688
18692	10905	800	67	341	29368698
18647	10905	796	67	341	29368708
18614	10894	768	67	341	29368718
18593	10882	715	67	341	29368728
18593	10866	656	67	341	29368738
18593	10849	524	67	341	29368748
18616	10828	123	67	341	29368768
22
18946	10800	437	68	336	29369055
18911	10785	548	68	336	29369065
18892	10779	629	68	336	29369075
18876	10779	702	68	336	29369085
18870	10769	731	68.5	337.5	29369105
18894	10769	759	69	339	29369115
18933	10769	779	69	339	29369125
18993	10769	806	69	339	29369135
19072	10769	821	69	339	29369145
19160	10769	836	69	339	29369155
19254	10769	846	69	339	29369165
19347	10769	850	70	338	29369175
19432	10769	854	70	338	29369185
19512	10769	859	70	334	29369195
19583	10769	863	70	334	29369204
19642	10776	861	70	334	29369214
19694	10782	862	70	334	29369224
19732	10789	861	70	334	29369234
19758	10789	860	71	333	29369244
19774	10797	860	71	333	29369254
19782	10797	780	72	331	29369294
19782	10789	157	72	331	29369314
18
16773	9324	371	60	3	29370511
16750	9296	589	60	3	29370521
16716	9283	628	60	2	29370531
16697	9274	711	60	2	29370541
16671	9274	766	60	0	29370561
16705	9274	806	60	0	29370571
16757	9283	817	60	0	29370581
16831	9297	822	60	358	29370591
16919	9310	825	60	358	29370601
17011	9318	827	60	357	29370611
17102	9325	828	61	356	29370621
17187	9325	827	61	355	29370631
17261	9325	825	62	353	29370641
17323	9325	803	63	352	29370651
17369	9335	752	63	352	29370661
17402	9342	658	64	352	29370671
17425	9349	526	64	352	29370681
17437	9357	130	64	350	29370701
16
16835	9043	484	60	350	29370947
16782	9001	502	60	351	29370957
16759	8987	573	61	353	29370967
16745	8987	606	61	353	29370977
16735	8979	646	62	354	29370987
16761	8979	701	62	354	29370997
16811	8979	720	62	354	29371007
16885	8979	751	62	354	29371017
16979	8990	759	62	356	29371027
17083	8999	762	62	356	29371037
17183	8999	763	63	356	29371047
17273	9006	758	63	356	29371057
17347	9006	733	64	356	29371067
17401	9006	642	64	356	29371077
17443	9006	484	64	356	29371087
17471	9006	31	64	356	29371107
32
17320	9547	349	59	348	29381879
17300	9553	405	59	348	29381889
17291	9553	514	59	348	29381899
17283	9564	608	60	346	29381909
17283	9571	661	60	346	29381919
17277	9571	691	61	345	29381929
17277	9581	704	61	345	29381939
17285	9581	734	61	345	29381949
17297	9581	748	61	345	29381959
17318	9564	780	61	345	29381969
17345	9541	805	61	345	29381979
17377	9506	823	62	345	29381989
17410	9457	838	62	343	29381999
17442	9396	850	63	342	29382009
17471	9329	858	63	344	29382019
17496	9260	866	63	344	29382029
17517	9189	868	63	344	29382039
17529	9121	875	63	346	29382049
17529	9058	888	63	346	29382059
17529	8996	898	63	346	29382069
17516	8941	911	63	348	29382079
17497	8893	927	64	347	29382089
17475	8849	933	64	347	29382099
17449	8817	939	66	349	29382109
17425	8788	946	66	349	29382119
17400	8767	948	66	351	29382129
17380	8751	948	66	351	29382139
17364	8740	945	66	353	29382149
17354	8740	940	66	353	29382159
17354	8732	851	66	356	29382199
17370	8745	643	66	358	29382209
17387	8759	199	66	358	29382229
140
17336	9620	152	59	345	29382799
17318	9620	247	59	345	29382809
17310	9620	318	60	344	29382819
17300	9620	398	60	344	29382829
17292	9620	513	61	342.5	29382869
17292	9628	575	61	342	29382879
17303	9628	588	61	342	29382889
17311	9628	623	61	342	29382899
17324	9635	649	61	342	29382909
17340	9635	666	62	341	29382919
17361	9643	678	62	341	29382929
17385	9643	705	63	340	29382939
17412	9653	716	63	340	29382949
17439	9653	724	63	340	29382959
17467	9659	728	62	338	29382969
17494	9659	731	62	338	29382979
17521	9659	738	62	338	29382989
17549	9659	741	62	338	29382999
17577	9659	748	62	338	29383009
17608	9659	758	63	337	29383019
17640	9651	758	63	337	29383029
17672	9651	764	64	336	29383039
17706	9651	768	64	336	29383049
17738	9643	771	64	336	29383059
17772	9643	771	64	336	29383069
17805	9632	775	64	336	29383079
17842	9632	779	64	336	29383089
17880	9624	780	64	336	29383099
17917	9624	783	64	336	29383109
17954	9615	784	65	335	29383119
17988	9615	785	65	335	29383129
18021	9605	784	66	334	29383139
18051	9598	786	66	334	29383149
18080	9592	788	66	334	29383159
18112	9592	793	65	332	29383169
18144	9583	792	65	332	29383179
18177	9583	795	65	332	29383189
18209	9572	794	65	332	29383199
18237	9572	797	66	331	29383209
18261	9563	799	66	331	29383219
18282	9563	798	67	330	29383229
18300	9563	799	67	330	29383239
18315	9554	800	67	330	29383249
18327	9554	802	67	330	29383259
18337	9544	803	67	330	29383269
18345	9544	804	67	330	29383279
18354	9533	803	67	330	29383289
18365	9533	806	67	330	29383299
18377	9522	806	67	330	29383309
18389	9522	803	67	330	29383319
18397	9514	805	67	330	29383329
18405	9514	805	67	330	29383339
18405	9505	804	67	330	29383349
18416	9505	806	67	330	29383359
18416	9492	803	67	330	29383369
18426	9484	803	67	330	29383379
18435	9475	803	67	330	29383389
18448	9464	803	67	330	29383399
18463	9454	806	67	330	29383409
18477	9443	805	67	330	29383419
18492	9430	807	67	330	29383429
18504	9417	807	67	330	29383439
18512	9399	808	68	332	29383449
18519	9383	807	68	332	29383459
18519	9369	811	68	332	29383469
18519	9350	815	68	332	29383479
18519	9335	821	68	332	29383489
18519	9314	825	68	332	29383499
18508	9292	830	68	334	29383509
18498	9269	832	68	334	29383519
18485	9244	838	68	334	29383529
18473	9223	840	68	334	29383539
18460	9202	841	68	334	29383549
18444	9179	848	68	336	29383559
18429	9157	850	68	336	29383569
18411	9135	852	68	336	29383579
18393	9113	858	69	339	29383589
18376	9093	859	69	339	29383599
18359	9073	863	69	339	29383609
18342	9053	877	69	339	29383619
18323	9032	878	69	339	29383629
18305	9014	879	69	341	29383639
18286	8998	880	69	341	29383649
18264	8983	880	69	341	29383659
18240	8968	883	69	341	29383669
18211	8951	883	69	341	29383679
18180	8935	887	69	341	29383689
18148	8919	888	69	344	29383699
18117	8905	890	69	344	29383709
18085	8890	892	69	344	29383719
18054	8875	893	69	344	29383729
18024	8862	893	69	344	29383739
17994	8849	893	69	344	29383749
17964	8838	895	69	344	29383759
17934	8829	895	69	346	29383769
17907	8818	903	69	346	29383779
17880	8805	902	69	346	29383789
17853	8795	902	69	346	29383799
17828	8783	903	69	346	29383809
17801	8774	898	69	347	29383819
17775	8765	905	69	347	29383829
17750	8757	906	68	348	29383839
17728	8757	903	68	348	29383849
17707	8746	907	68	348	29383859
17687	8746	905	68	348	29383869
17668	8746	906	68	348	29383879
17649	8736	907	68	348	29383889
17629	8736	907	68	348	29383899
17609	8724	907	68	348	29383909
17589	8717	907	68	348	29383919
17571	8717	908	68	348	29383929
17558	8707	907	68	348	29383939
17545	8707	907	68	348	29383949
17531	8698	907	68	348	29383959
17516	8698	907	68	348	29383969
17502	8688	908	68	348	29383979
17490	8688	907	68	348	29383989
17480	8688	908	68	350	29383999
17471	8688	910	68	350	29384009
17460	8681	908	68	350	29384019
17450	8681	908	67	351	29384029
17442	8681	908	67	351	29384039
17435	8681	909	66	351	29384059
17428	8681	909	66	351	29384079
17420	8681	910	66	351	29384099
17408	8681	907	66	351	29384109
17400	8681	907	66	351	29384119
17391	8681	908	66	351	29384129
17384	8681	908	66	351	29384149
17375	8681	906	66	351	29384259
17368	8681	906	66	351	29384299
17360	8681	907	66	351	29384329
17360	8674	907	66	351	29384339
17354	8674	907	66	351	29384369
17344	8674	905	66	351	29384389
17335	8667	904	66	351	29384419
17328	8667	879	66	352.368	29384609
17340	8681	771	66	353	29384619
17353	8699	613	66	353	29384629
17372	8725	117	66	353	29384649
35
18630	9418	65	67	341	29385151
18630	9433	183	67	341	29385161
18623	9439	274	67	341	29385171
18623	9447	383	67	341	29385181
18613	9455	479	67	341	29385191
18606	9463	549	67	341	29385201
18598	9470	636	67	341	29385211
18586	9470	696	67	341	29385221
18574	9477	720	67	341	29385231
18561	9477	751	67	339	29385241
18544	9468	769	67	339	29385251
18525	9452	794	67	339	29385261
18507	9430	793	67	339	29385271
18493	9398	797	67	339	29385281
18493	9364	799	67	339	29385291
18493	9330	801	67	339	29385301
18510	9299	801	67	341	29385311
18536	9276	802	67	341	29385321
18573	9259	802	67	341	29385331
18617	9259	802	67	341	29385341
18667	9259	804	67	341	29385351
18716	9274	803	67	343	29385361
18757	9299	804	67	343	29385371
18788	9328	807	67	343	29385381
18806	9357	823	67	343	29385391
18806	9388	826	67	343	29385401
18789	9418	829	67	343	29385411
18755	9446	833	67	343	29385421
18706	9466	833	67	343	29385431
18647	9475	832	67	343	29385441
18589	9475	830	67	343	29385451
18540	9463	807	67	343	29385461
18509	9453	766	67	343	29385471
18496	9443	648	67	343	29385481
18496	9431	139	67	341	29385501
18
18848	9433	395	69	341	29385795
18821	9422	481	69	341	29385805
18801	9414	570	69	341	29385815
18791	9414	683	68	341	29385835
18808	9414	769	67	341	29385845
18849	9421	798	68	340	29385855
18920	9428	815	68	340	29385865
19024	9438	822	69	339	29385875
19152	9449	852	69	339	29385885
19297	9463	857	69	339	29385895
19451	9476	860	69	339	29385905
19600	9484	860	68	336	29385915
19740	9492	860	68	336	29385925
19858	9492	857	69	335	29385935
19947	9492	848	69	335	29385945
20004	9492	822	70	334	29385955
20035	9492	775	70	334	29385965
20045	9485	325	70	333.333	29385995
14
16901	7854	591	58	348	29387123
16888	7821	630	58	349	29387133
16867	7810	689	58	349	29387143
16857	7810	721	58	349	29387153
16846	7810	775	58	349	29387163
16870	7817	808	58	349	29387173
16917	7831	829	58	348	29387183
16992	7850	838	58	348	29387193
17090	7870	840	59	348	29387203
17196	7888	839	59	348	29387213
17302	7903	836	59	348	29387223
17396	7915	820	59	348	29387233
17475	7922	729	59	348	29387243
17539	7922	262	59	348	29387263
17
16996	7616	549	57	351	29387527
16919	7566	568	57	351	29387537
16884	7546	712	58	350	29387547
16857	7533	758	58	350	29387557
16847	7526	768	59	350	29387567
16860	7526	790	59	350	29387577
16901	7526	816	60	350	29387587
16972	7526	838	60	350	29387597
17076	7541	847	60	348	29387607
17200	7558	855	60	348	29387617
17331	7573	855	61	347	29387627
17455	7582	852	61	347	29387637
17558	7582	845	61	347	29387647
17640	7582	802	61	347	29387657
17699	7582	689	62	346	29387667
17730	7582	519	62	346	29387677
17744	7582	40	63	346	29387697
31
17408	8149	277	59	343	29388343
17390	8158	340	59	343	29388353
17376	8158	470	59	343	29388363
17360	8158	582	59	343	29388373
17341	8158	653	59	343	29388383
17332	8158	675	59.5	342.5	29388403
17332	8150	715	60	342	29388413
17356	8138	727	61	342	29388423
17387	8118	746	61	342	29388433
17430	8086	763	61	342	29388443
17479	8045	783	61	342	29388453
17531	7997	803	61	342	29388463
17580	7941	809	62	341	29388473
17623	7887	814	62	341	29388483
17660	7836	821	63	340	29388493
17690	7786	824	63	340	29388503
17715	7746	832	63	340	29388513
17735	7706	834	63	340	29388523
17751	7664	852	63	340	29388533
17759	7627	863	63	340	29388543
17759	7584	883	63	342	29388553
17759	7547	894	63	342	29388563
17738	7505	912	63	342	29388573
17718	7464	926	64	341	29388583
17692	7423	940	64	341	29388593
17661	7383	950	65	342	29388603
17632	7356	968	65	342	29388613
17610	7336	972	65	342	29388623
17595	7326	976	65	342	29388633
17589	7326	928	63.4615	346.923	29388763
17589	7337	118	63	348	29388783
75
17430	8159	220	59	341	29389135
17393	8166	295	59	341	29389145
17372	8166	377	59	341	29389155
17352	8166	513	59	341	29389165
17336	8166	580	59	341	29389175
17327	8159	623	59.3333	342	29389205
17352	8159	674	60	342	29389215
17386	8159	696	61	342	29389225
17444	8159	717	61	342	29389235
17525	8174	745	61	342	29389245
17625	8187	761	61	342	29389255
17738	8203	776	61	342	29389265
17854	8210	784	61	342	29389275
17968	8210	784	61	342	29389285
18077	8210	787	62	341	29389295
18177	8196	792	62	341	29389305
18267	8184	796	63	340	29389315
18347	8168	795	63	340	29389325
18419	8151	800	64	339	29389335
18483	8138	799	64	339	29389345
18541	8123	801	64	338	29389355
18588	8111	801	64	338	29389365
18624	8100	802	64	338	29389375
18648	8088	813	64	338	29389385
18662	8076	824	65	337	29389395
18669	8067	836	65	335	29389405
18669	8060	851	66	334	29389425
18669	8041	867	66	334	29389435
18669	8029	869	66	334	29389445
18669	8012	874	66	334	29389455
18675	7991	877	66	334	29389465
18675	7972	882	66	334	29389475
18675	7947	885	66	334	29389485
18675	7921	885	66	334	29389495
18675	7897	888	66	336	29389505
18675	7873	892	66	336	29389515
18662	7848	894	66	336	29389525
18653	7823	901	66	336	29389535
18640	7798	901	66	336	29389545
18623	7770	910	66	336	29389555
18602	7743	910	66	336	29389565
18578	7713	916	66	336	29389575
18552	7684	920	66	336	29389585
18521	7655	921	67	339	29389595
18490	7629	933	67	339	29389605
18457	7606	933	67	339	29389615
18425	7588	934	67	339	29389625
18394	7573	936	67	339	29389635
18360	7558	936	67	339	29389645
18320	7544	933	67	339	29389655
18275	7529	940	67	339	29389665
18223	7514	939	67	339	29389675
18165	7499	939	67	341	29389685
18105	7485	938	67	341	29389695
18042	7470	940	67	341	29389705
17982	7455	941	67	341	29389715
17927	7441	942	67	341	29389725
17880	7429	944	67	341	29389735
17839	7422	942	66	342	29389745
17805	7415	944	66	342	29389755
17773	7415	944	65	342	29389765
17745	7404	943	65	342	29389775
17720	7404	942	65	342	29389785
17700	7393	943	65	342	29389795
17683	7393	943	65	342	29389805
17670	7385	944	65	345	29389815
17660	7385	945	65	345	29389825
17660	7378	943	65	345	29389835
17653	7378	928	63.8	345.55	29390035
17640	7363	926	63	348	29390045
17629	7354	926	63	348	29390055
17618	7344	927	63	348	29390065
17610	7336	891	63	348	29390115
17617	7336	666	63	348	29390125
17633	7355	123	63	348	29390145
39
18778	8057	261	64	336	29390631
18778	8068	334	64	338	29390641
18778	8078	443	64	338	29390651
18769	8084	534	64	338	29390661
18763	8091	616	64	338	29390671
18756	8098	658	65	337	29390681
18749	8098	714	65	337	29390691
18741	8110	757	66	336	29390701
18734	8110	802	66	336	29390711
18727	8117	845	66	336	29390731
18716	8117	862	66	336	29390741
18706	8110	866	66	336	29390751
18691	8092	874	66	336	29390761
18675	8071	878	66	336	29390771
18657	8045	877	66	336	29390781
18643	8015	879	67	339	29390791
18636	7993	876	67	339	29390801
18636	7968	878	67	339	29390811
18636	7948	877	67	339	29390821
18646	7933	877	67	339	29390831
18665	7919	872	67	339	29390841
18691	7919	873	67	339	29390851
18722	7919	874	67	339	29390861
18755	7919	873	67	339	29390871
18787	7935	875	67	339	29390881
18813	7954	884	67	339	29390891
18834	7972	893	67	339	29390901
18847	7993	901	67	339	29390911
18847	8016	908	67	339	29390921
18847	8039	912	67	339	29390931
18840	8067	920	67	339	29390941
18819	8091	915	67	339	29390951
18789	8113	916	67	339	29390961
18751	8130	912	67	339	29390971
18717	8140	897	67	339	29390981
18684	8140	865	67	339	29390991
18660	8140	817	67	339	29391001
18650	8121	711	67	339	29391011
18650	8103	232	67	339	29391031
20
18913	8052	549	66	334	29391287
18875	8029	612	66	334	29391297
18858	8020	714	66	334	29391307
18845	8020	768	66	334	29391317
18845	8012	815	66	334	29391327
18870	8012	847	66	334	29391337
18919	8012	859	66	334	29391347
19002	8028	883	66	336	29391357
19110	8043	896	66	336	29391367
19235	8057	916	67	335	29391377
19370	8072	947	67	335	29391387
19509	8085	957	68	334	29391397
19647	8094	961	68	334	29391407
19775	8102	964	68	334	29391417
19884	8102	963	68	334	29391427
19962	8102	963	68	334	29391437
20008	8102	964	69	333	29391447
20029	8094	939	69.6667	332.333	29391477
20011	8085	846	70	332	29391487
19994	8085	339	70	332	29391507
20
17240	6394	538	58	354	29392211
17190	6368	619	59	353	29392221
17160	6361	748	59	353	29392231
17131	6361	854	60	355	29392241
17114	6361	870	60	355	29392251
17107	6361	874	60	355	29392261
17114	6361	881	60	355	29392271
17140	6361	892	61	353	29392281
17188	6375	903	61	353	29392291
17255	6388	905	62	351	29392301
17338	6403	908	62	351	29392311
17425	6420	910	62	349	29392321
17513	6432	907	62	349	29392331
17595	6438	907	62	346	29392341
17670	6438	905	62	346	29392351
17730	6438	903	63	346	29392361
17775	6438	889	63	344	29392371
17807	6438	860	63	344	29392381
17825	6438	808	63	344	29392391
17834	6438	382	63	344	29392431
19
17331	6212	515	59	346	29392595
17235	6148	558	59	346	29392605
17186	6120	603	59	346	29392615
17145	6103	704	59	346	29392625
17118	6093	738	59	345	29392645
17149	6093	787	59	346	29392655
17209	6093	808	59	346	29392665
17298	6116	825	60	346	29392675
17412	6138	839	60	348	29392685
17540	6163	844	61	347	29392695
17670	6183	844	62	349	29392705
17791	6195	844	63	348	29392715
17891	6195	844	63	348	29392725
17960	6195	840	63	348	29392735
18003	6195	842	64	350	29392745
18024	6195	840	64	350	29392755
18030	6195	794	64	350	29392775
18022	6195	658	64	350	29392785
18013	6195	214	65	349	29392805
27
17584	6602	497	62	353	29393091
17543	6602	515	61	353	29393101
17523	6602	629	61	351	29393111
17505	6602	690	61	349	29393121
17486	6602	735	62	349	29393141
17515	6602	788	61	347	29393151
17560	6587	815	61	347	29393161
17625	6569	832	61	347	29393171
17707	6542	851	62	345	29393181
17793	6505	870	62	345	29393191
17876	6457	882	63	344	29393201
17947	6403	896	63	344	29393211
18002	6343	917	64	343	29393221
18039	6279	933	64	341	29393231
18057	6216	951	65	340	29393241
18057	6151	970	65	342	29393251
18036	6090	984	65	342	29393261
18002	6026	1015	65	342	29393271
17960	5966	1023	66	344	29393281
17914	5916	1023	66	344	29393291
17870	5874	1023	67	343	29393301
17832	5848	1023	67	343	29393311
17800	5830	1023	67	345	29393321
17779	5819	1023	67	345	29393331
17767	5819	957	67.25	345.75	29393371
17775	5819	771	68	348	29393381
17790	5819	245	67	348	29393401
46
17560	6611	340	61	347	29393767
17534	6603	356	61	347	29393777
17517	6603	453	61	347	29393787
17503	6611	538	61	345	29393797
17486	6618	590	61	345	29393807
17486	6626	645	61	345	29393817
17502	6636	689	61	345	29393827
17538	6649	711	62	345	29393837
17600	6662	741	62	345	29393847
17688	6673	774	63	342	29393857
17801	6673	796	63	342	29393867
17935	6673	803	63	342	29393877
18084	6673	806	64	341	29393887
18241	6666	808	64	341	29393897
18403	6654	799	65	340	29393907
18556	6629	799	64	338	29393917
18696	6593	796	65	337	29393927
18813	6552	796	65	337	29393937
18902	6508	796	66	336	29393947
18963	6469	796	66	336	29393957
19004	6438	799	67	335	29393967
19028	6412	804	67	335	29393977
19041	6388	810	68	334	29393987
19041	6367	822	69	335	29393997
19041	6348	827	69	335	29394007
19041	6328	842	70	334	29394017
19026	6311	850	70	334	29394027
19013	6291	853	70	334	29394037
18991	6269	855	70	334	29394047
18963	6246	864	70	334	29394057
18927	6218	872	71	337	29394067
18881	6190	877	71	337	29394077
18826	6160	887	71	337	29394087
18761	6132	889	71	337	29394097
18683	6105	898	71	337	29394107
18593	6076	904	71	337	29394117
18495	6048	911	71	337	29394127
18394	6017	928	71	337	29394137
18294	5987	936	71	339	29394147
18197	5960	932	71	339	29394157
18112	5938	939	71	339	29394167
18039	5921	936	71	339	29394177
17983	5910	921	70	340	29394187
17940	5910	911	70	343	29394197
17915	5901	862	69	344	29394207
17902	5901	453	69	344	29394237
37
19182	6418	88	66	344	29394927
19192	6425	191	67	343	29394937
19192	6433	296	67	343	29394947
19192	6442	375	67	343	29394957
19192	6450	454	67	345	29394967
19192	6463	488	67	345	29394977
19192	6476	531	67	345	29394987
19185	6488	575	67	345	29394997
19185	6499	612	67	345	29395007
19173	6511	627	67	345	29395017
19159	6521	674	67	345	29395027
19139	6528	683	68	342	29395037
19111	6528	720	68	342	29395047
19080	6528	740	69	341	29395057
19048	6513	763	69	341	29395067
19021	6487	768	69	341	29395077
19003	6453	771	69	341	29395087
19003	6415	780	69	341	29395097
19003	6375	784	69	341	29395107
19025	6341	785	69	341	29395117
19060	6313	785	69	341	29395127
19105	6295	787	69	341	29395137
19156	6286	786	69	341	29395147
19210	6286	791	69	341	29395157
19260	6296	797	69	344	29395167
19300	6313	804	69	344	29395177
19330	6335	820	69	344	29395187
19347	6361	833	69	344	29395197
19347	6397	844	69	344	29395207
19347	6437	847	69	344	29395217
19328	6478	847	69	344	29395227
19301	6517	840	69	344	29395237
19263	6548	822	69	344	29395247
19221	6571	801	69	344	29395257
19178	6585	761	69	344	29395267
19138	6585	687	69	344	29395277
19108	6585	252	69	342.5	29395297
19
19400	6489	581	66	356	29395543
19364	6459	664	66	353	29395553
19347	6448	701	66	353	29395563
19337	6441	760	67	352	29395583
19364	6448	816	68	350	29395593
19406	6459	823	68	350	29395603
19472	6476	840	69	347	29395613
19563	6495	854	69	347	29395623
19669	6516	861	69	346	29395633
19780	6537	866	69	344	29395643
19883	6550	866	70	343	29395653
19972	6559	866	70	343	29395663
20043	6559	867	71	342	29395673
20099	6559	866	71	339	29395683
20136	6559	865	71	339	29395693
20159	6559	864	72	338	29395703
20169	6559	801	72.6667	337.333	29395733
20158	6559	564	73	337	29395743
20139	6559	47	73	337	29395763
18
17431	4608	557	53	345	29404860
17372	4581	627	54	343	29404870
17341	4568	720	54	343	29404880
17316	4561	769	55	343	29404890
17294	4561	797	55	341	29404910
17317	4561	815	54	340	29404920
17359	4561	827	54	340	29404930
17430	4571	838	55	339	29404940
17530	4571	840	55	338	29404950
17645	4580	843	56	337	29404960
17765	4580	839	55	335	29404970
17880	4580	831	55	335	29404980
17983	4580	808	56	334	29404990
18075	4580	766	56	333	29405000
18151	4580	704	57	332	29405010
18207	4580	603	57	332	29405020
18242	4587	431	57	332	29405030
18255	4587	33	57	332	29405050
13
17401	4233	621	55	333	29405256
17355	4220	625	55	333	29405266
17348	4210	698	55	333	29405286
17370	4220	775	55	334	29405296
17431	4231	815	55	335	29405306
17517	4249	844	55	335	29405316
17632	4270	849	56	337	29405326
17775	4286	846	56	337	29405336
17917	4297	837	57	337	29405346
18060	4304	803	57	337	29405356
18190	4304	718	58	338	29405366
18294	4304	572	59	337	29405376
18371	4304	64	59.5	338.5	29405396
31
18036	4779	295	56	340	29405744
17989	4805	366	56	338	29405754
17969	4823	481	56	338	29405764
17969	4841	587	56	337	29405774
17969	4854	659	57	336	29405784
17981	4863	721	57	336	29405794
18005	4863	770	58	335	29405804
18037	4863	814	57	334	29405814
18083	4852	837	57	334	29405824
18138	4829	860	58	333	29405834
18197	4796	874	58	333	29405844
18263	4747	888	59	332	29405854
18323	4686	896	58	330	29405864
18382	4615	902	58	330	29405874
18436	4535	906	58	330	29405884
18479	4454	911	59	332	29405894
18509	4371	913	59	332	29405904
18521	4290	927	59	332	29405914
18521	4216	945	59	333	29405924
18497	4147	976	59	333	29405934
18464	4085	991	60	332	29405944
18425	4033	1010	60	334	29405954
18380	3990	1021	61	333	29405964
18337	3959	1023	61	333	29405974
18296	3936	1023	62	335	29405984
18257	3918	1020	62	335	29405994
18231	3907	1010	62	336	29406004
18213	3899	986	62	336	29406014
18205	3899	864	61.6667	338.333	29406044
18215	3899	657	62	341	29406054
18233	3915	191	61	342	29406074
64
18020	4845	76	57	334	29406624
18011	4860	149	57	334	29406634
18004	4860	294	57	334	29406644
17998	4868	408	57	334	29406654
17990	4868	514	57	332	29406674
17984	4868	587	57	332	29406684
17984	4874	620	57	332	29406694
17993	4874	659	57	332	29406704
18009	4881	693	58	331	29406714
18037	4891	700	58	331	29406724
18085	4902	708	58	330	29406734
18152	4910	718	58	330	29406744
18238	4910	729	58	330	29406754
18344	4910	735	58	330	29406764
18462	4893	743	58	330	29406774
18591	4875	747	58	330	29406784
18723	4852	752	58	330	29406794
18847	4826	757	58	330	29406804
18961	4796	761	59	329	29406814
19063	4760	769	59	329	29406824
19153	4723	771	60	328	29406834
19233	4679	771	61	327	29406844
19304	4631	775	61	327	29406854
19364	4580	775	62	326	29406864
19412	4533	778	62	326	29406874
19451	4490	777	62	326	29406884
19474	4457	783	63	326	29406894
19486	4429	796	63	326	29406904
19486	4407	799	64	325	29406914
19486	4382	808	64	325	29406924
19486	4360	813	64	326	29406934
19472	4335	822	64	326	29406944
19459	4310	829	64	326	29406954
19444	4289	831	64	326	29406964
19427	4266	831	65	328	29406974
19406	4244	839	65	327	29406984
19380	4215	844	65	327	29406994
19350	4187	859	66	329	29407004
19316	4160	855	66	329	29407014
19278	4135	861	65	330	29407024
19237	4112	862	65	330	29407034
19191	4090	865	65	330	29407044
19140	4067	868	65	330	29407054
19090	4045	873	65	330	29407064
19043	4024	878	65	332	29407074
18998	4008	877	65	332	29407084
18955	3991	874	65	332	29407094
18909	3977	875	65	332	29407104
18857	3967	875	65	332	29407114
18802	3955	871	65	332	29407124
18744	3945	875	65	332	29407134
18683	3938	872	65	332	29407144
18620	3929	874	65	332	29407154
18559	3929	874	65	332	29407164
18501	3921	873	65	332	29407174
18447	3921	875	65	332	29407184
18398	3921	878	65	332	29407194
18354	3914	881	65	332	29407204
18317	3914	882	66	334	29407214
18289	3914	880	66	334	29407224
18271	3914	872	66	334	29407234
18263	3914	795	66	334	29407264
18283	3921	596	65	335	29407274
18306	3921	117	64.5	335.5	29407294
32
19623	4515	339	61	324	29407688
19603	4531	381	62	326	29407698
19581	4540	494	62	324	29407708
19551	4548	560	62	324	29407718
19515	4558	628	64	325	29407728
19483	4564	668	64	325	29407738
19452	4564	725	64	326	29407748
19428	4564	742	64	326	29407758
19416	4564	747	64	326	29407768
19416	4553	752	64	326	29407778
19416	4539	752	64	326	29407788
19426	4517	757	65	328	29407798
19440	4482	761	65	328	29407808
19460	4446	758	65	328	29407818
19485	4413	758	65	328	29407828
19516	4386	761	65	328	29407838
19552	4375	761	65	330	29407848
19591	4375	761	65	330	29407858
19630	4375	757	65	330	29407868
19666	4389	756	65	330	29407878
19696	4411	759	65	330	29407888
19718	4440	756	65	330	29407898
19728	4476	756	65	330	29407908
19728	4517	756	65	330	29407918
19708	4557	755	65	330	29407928
19677	4590	753	65	330	29407938
19634	4613	743	65	330	29407948
19582	4622	724	65	330	29407958
19531	4622	694	65	330	29407968
19487	4615	622	65	330	29407978
19458	4601	494	65	330	29407988
19445	4581	64	65	329	29408008
14
19735	4571	504	65	332	29408232
19704	4534	563	65	332	29408242
19695	4522	633	65	331	29408262
19724	4522	712	65	330	29408272
19775	4522	748	66	329	29408282
19846	4536	794	66	329	29408292
19939	4544	830	66	326	29408302
20042	4554	839	66	326	29408312
20146	4563	838	66	326	29408322
20244	4570	830	66	326	29408332
20325	4577	803	66	326	29408342
20392	4577	731	66	326	29408352
20441	4577	592	67	324	29408362
20473	4577	113	67	322	29408382
8
18362	4270	252	62	336	29408896
18355	4270	441	62	336	29408936
18373	4278	526	62	336	29408946
18393	4278	530	62	336	29408956
18420	4289	527	62	336	29408966
18450	4289	505	62	336	29408976
18488	4299	423	62	336	29408986
18527	4299	108	62	336	29409006
8
18235	4579	177	58	337	29409600
18215	4579	237	58	337	29409610
18207	4579	349	59	336	29409630
18207	4587	422	60	335	29409640
18216	4587	435	60	335	29409650
18240	4596	431	60	335	29409660
18274	4596	396	59	333	29409670
18321	4609	105	59	333	29409690
