63
18
1801	19091	763	50	7	29635843
1756	19056	793	51	7	29635853
1737	19044	825	51	7	29635863
1711	19037	846	52	9	29635873
1693	19037	847	52	9	29635883
1701	19037	869	53	8	29635893
1736	19037	876	53	7	29635903
1799	19057	878	54	5	29635913
1896	19077	883	55	4	29635923
2017	19099	880	56	3	29635933
2148	19119	880	57	2	29635943
2279	19129	878	57	0	29635953
2398	19129	875	58	0	29635963
2500	19129	867	59	358	29635973
2581	19129	828	60	357	29635983
2641	19129	747	61	355	29635993
2680	19122	589	62	353	29636003
2698	19122	143	62	351	29636023
11
1837	18738	754	58	350	29636243
1812	18686	757	58	350	29636253
1825	18686	788	58	349	29636263
1853	18693	840	58	349	29636273
1919	18712	870	58	349	29636283
2010	18731	883	58	350	29636293
2124	18751	876	58	350	29636303
2254	18769	869	58	352	29636313
2394	18786	823	59	353	29636323
2533	18803	645	59	353	29636333
2666	18816	44	60.5	355	29636353
18
2745	19242	495	56	353	29636679
2745	19273	578	57	354	29636689
2745	19284	706	57	354	29636699
2745	19290	802	58	355	29636719
2745	19273	871	59	355	29636729
2745	19230	902	59	355	29636739
2745	19153	953	60	355	29636749
2745	19048	981	60	355	29636759
2734	18929	987	61	355	29636769
2728	18810	993	61	355	29636779
2728	18707	992	62	354	29636789
2728	18615	988	62	354	29636799
2728	18541	986	62	354	29636809
2743	18486	984	62	354	29636819
2752	18444	978	63	354	29636829
2759	18421	957	63	356	29636839
2759	18409	863	64	356.667	29636869
2759	18419	292	64	179	29636889
67
2745	19263	414	58	352	29637371
2705	19256	542	58	352	29637381
2685	19256	664	59	352	29637391
2670	19256	724	59	352	29637401
2661	19256	772	60	351	29637421
2670	19256	806	60	351	29637431
2693	19256	846	60	351	29637441
2731	19270	852	60	350	29637451
2788	19281	861	61	349	29637461
2858	19291	871	61	349	29637471
2935	19291	880	62	349	29637481
3014	19291	885	61	347	29637491
3090	19291	891	61	347	29637501
3163	19278	897	62	346	29637511
3230	19266	898	62	346	29637521
3292	19251	902	63	344	29637531
3345	19235	906	63	344	29637541
3395	19211	923	63	344	29637551
3437	19186	925	63	344	29637561
3472	19158	926	64	343	29637571
3502	19123	927	64	341	29637581
3522	19095	930	65	340	29637591
3539	19063	936	65	340	29637601
3551	19031	935	65	342	29637611
3559	19003	941	65	342	29637621
3566	18970	940	65	342	29637631
3566	18938	945	65	342	29637641
3566	18903	948	65	342	29637651
3566	18872	949	65	345	29637661
3566	18842	956	65	345	29637671
3566	18815	962	65	345	29637681
3559	18793	967	65	347	29637691
3551	18772	968	65	347	29637701
3538	18750	968	65	347	29637711
3520	18729	972	65	347	29637721
3497	18704	975	66	349	29637731
3473	18680	976	66	349	29637741
3447	18658	979	66	349	29637751
3420	18637	977	66	351	29637761
3391	18616	978	66	351	29637771
3361	18596	988	66	351	29637781
3334	18578	991	66	351	29637791
3308	18562	992	66	351	29637801
3282	18542	997	66	353	29637811
3254	18524	995	66	353	29637821
3223	18505	1000	66	353	29637831
3193	18486	1000	66	353	29637841
3165	18474	1001	66	353	29637851
3139	18464	1002	66	353	29637861
3111	18454	1000	66	353	29637871
3080	18442	1004	66	353	29637881
3047	18430	1002	66	353	29637891
3012	18417	1001	66	353	29637901
2975	18408	1000	66	353	29637911
2938	18400	1001	66	353	29637921
2899	18391	1003	66	353	29637931
2865	18384	1004	66	353	29637941
2833	18384	1002	66	353	29637951
2804	18375	1006	66	353	29637961
2779	18375	1006	66	353	29637971
2758	18375	1007	66	353	29637981
2741	18375	1009	66	353	29637991
2730	18375	1008	66	353	29638001
2724	18375	983	66	353	29638091
2732	18375	853	66	353	29638101
2742	18375	711	66	353	29638111
2756	18385	163	66	356	29638131
40
3750	18997	110	59	348	29638511
3750	19008	406	59	348	29638521
3735	19015	479	59	348	29638531
3721	19015	575	59	348	29638541
3703	19027	645	59	348	29638551
3685	19034	698	60	348	29638561
3666	19034	735	60	348	29638571
3645	19041	761	61	347	29638581
3627	19041	787	61	347	29638591
3609	19041	792	62	349	29638601
3590	19027	811	62	349	29638611
3570	19011	822	62	349	29638621
3552	18988	828	62	349	29638631
3536	18963	829	62	349	29638641
3529	18938	831	62	349	29638651
3529	18911	832	62	349	29638661
3541	18885	832	62	351	29638671
3561	18862	832	62	351	29638681
3585	18842	834	62	351	29638691
3615	18826	832	62	351	29638701
3645	18816	836	62	353	29638711
3678	18816	837	62	353	29638721
3714	18816	836	62	353	29638731
3750	18827	834	62	354	29638741
3782	18846	836	62	354	29638751
3811	18871	837	62	354	29638761
3830	18898	841	62	354	29638771
3842	18929	845	63	354	29638781
3842	18959	846	63	354	29638791
3842	18986	862	64	354	29638801
3826	19010	864	64	354	29638811
3802	19029	864	64	354	29638821
3773	19044	861	64	354	29638831
3738	19057	851	64	354	29638841
3705	19057	844	64	354	29638851
3675	19057	828	64	354	29638861
3651	19057	796	64	352	29638871
3636	19050	732	64	352	29638881
3628	19050	572	64	352	29638891
3628	19042	118	64	351	29638911
21
3938	18990	204	63	344	29639187
3897	18974	553	63	346	29639197
3870	18966	687	63	346	29639207
3845	18959	771	63	346	29639217
3824	18953	839	63	346	29639227
3813	18953	868	63	348	29639247
3829	18953	894	63	348	29639257
3867	18953	903	63	348	29639267
3929	18973	906	64	350	29639277
4011	18987	913	64	350	29639287
4103	19000	915	65	349	29639297
4198	19012	918	65	349	29639307
4290	19020	917	66	349	29639317
4376	19031	918	66	349	29639327
4457	19041	919	66	349	29639337
4526	19048	919	67	348	29639347
4579	19048	919	67	348	29639357
4617	19055	919	68	348	29639367
4637	19055	914	68	348	29639377
4646	19055	824	68.75	347	29639417
4635	19048	74	69	345	29639437
19
1777	17348	509	61	11	29640183
1766	17331	689	61	11	29640193
1750	17321	769	60	9	29640203
1733	17313	822	60	9	29640213
1723	17313	853	60	8	29640233
1735	17313	874	60	7	29640243
1762	17321	885	61	7	29640253
1808	17331	893	61	5	29640263
1875	17346	898	62	6	29640273
1958	17361	903	63	6	29640283
2052	17376	903	63	6	29640293
2151	17387	903	64	4	29640303
2249	17387	903	65	4	29640313
2340	17396	900	65	4	29640323
2423	17396	895	66	2	29640333
2493	17396	871	66	2	29640343
2550	17387	810	66	2	29640353
2590	17387	709	66	2	29640363
2613	17374	238	66	2	29640383
14
1858	17021	673	59	5	29640667
1813	16987	684	59	5	29640677
1798	16975	720	59	3	29640687
1785	16967	764	59	2	29640697
1800	16967	792	60	0	29640707
1844	16967	821	60	0	29640717
1919	16981	836	60	0	29640727
2022	16996	838	61	0	29640737
2141	17012	844	61	0	29640747
2264	17026	840	62	2	29640757
2383	17036	838	62	2	29640767
2488	17036	834	63	2	29640777
2579	17045	767	63	4	29640787
2654	17045	238	64	4	29640807
21
2689	17534	148	57	6	29641095
2681	17544	496	58	5	29641105
2671	17544	656	59	4	29641125
2664	17544	827	60.8	2.4	29641175
2664	17519	906	62	2	29641185
2671	17478	941	63	2	29641195
2671	17416	964	63	2	29641205
2684	17332	982	64	2	29641215
2690	17234	994	64	2	29641225
2690	17136	1013	64	2	29641235
2704	17045	1023	64	2	29641245
2717	16969	1023	64	2	29641255
2730	16909	1023	64	2	29641265
2748	16866	1023	65	4	29641275
2761	16829	1023	65	4	29641285
2771	16804	1023	66	4	29641295
2777	16785	1023	66	7	29641305
2777	16773	1017	66	7	29641325
2777	16766	936	66	9	29641355
2777	16772	756	66	11	29641365
2777	16782	240	66	11	29641385
55
2709	17594	466	60	0	29641691
2667	17603	536	60	0	29641701
2648	17603	679	60	0	29641711
2632	17613	732	61	0	29641721
2625	17613	749	61	0	29641731
2625	17621	771	62	0	29641741
2645	17621	803	62	0	29641751
2680	17635	822	63	0	29641761
2733	17645	833	63	358	29641771
2805	17645	844	64	358	29641781
2892	17645	851	64	358	29641791
2985	17645	850	65	358	29641801
3077	17619	853	65	356	29641811
3165	17591	857	66	356	29641821
3243	17560	867	66	356	29641831
3311	17524	873	66	356	29641841
3370	17487	875	67	355	29641851
3421	17454	880	67	355	29641861
3462	17416	879	68	353	29641871
3493	17380	888	68	353	29641881
3512	17344	887	68	353	29641891
3522	17307	892	68	353	29641901
3522	17273	895	68	353	29641911
3522	17239	899	68	355	29641921
3513	17201	903	68	355	29641931
3504	17167	906	69	355	29641941
3492	17131	911	69	355	29641951
3477	17098	911	70	355	29641961
3460	17071	911	70	355	29641971
3441	17045	924	70	355	29641981
3422	17024	926	70	357	29641991
3398	17001	929	70	357	29642001
3371	16978	931	70	357	29642011
3340	16956	939	70	357	29642021
3305	16932	942	70	357	29642031
3271	16914	949	70	357	29642041
3237	16895	961	70	0	29642051
3199	16878	962	70	0	29642061
3163	16863	963	70	0	29642071
3124	16849	965	70	0	29642081
3085	16837	968	70	0	29642091
3046	16827	968	70	0	29642101
3008	16816	970	70	0	29642111
2972	16808	970	69	0	29642121
2939	16797	970	69	0	29642131
2909	16786	972	68	0	29642141
2882	16778	977	68	0	29642151
2861	16770	978	68	0	29642161
2843	16770	977	68	0	29642171
2828	16762	978	68	0	29642181
2814	16762	977	68	0	29642191
2800	16762	977	68	2	29642201
2789	16762	979	68	0	29642211
2780	16762	979	68	0	29642241
2774	16762	837	68	0	29642381
44
3682	17295	275	62	6	29642799
3691	17295	305	62	6	29642809
3691	17306	428	62	6	29642819
3691	17313	527	63	4	29642829
3691	17323	601	63	4	29642839
3691	17336	660	64	4	29642849
3691	17347	706	64	4	29642859
3680	17356	742	64	2	29642869
3672	17364	780	64	2	29642879
3661	17364	814	65	2	29642889
3646	17373	824	65	2	29642899
3628	17373	843	66	0	29642909
3605	17373	851	66	0	29642919
3580	17361	857	66	0	29642929
3555	17345	888	66	0	29642939
3535	17324	887	66	0	29642949
3520	17297	887	66	0	29642959
3513	17270	889	66	0	29642969
3513	17239	888	66	0	29642979
3513	17206	886	66	0	29642989
3521	17181	888	66	0	29642999
3534	17157	882	66	0	29643009
3549	17143	883	66	0	29643019
3573	17134	883	66	0	29643029
3600	17134	877	66	0	29643039
3631	17134	875	66	0	29643049
3668	17154	873	66	0	29643059
3705	17181	874	66	2	29643069
3741	17215	872	66	2	29643079
3770	17251	873	66	2	29643089
3789	17284	874	66	2	29643099
3797	17316	876	66	2	29643109
3797	17343	880	66	2	29643119
3780	17365	884	66	2	29643129
3760	17384	890	66	2	29643139
3733	17396	889	66	2	29643149
3702	17404	890	66	2	29643159
3671	17404	888	66	2	29643169
3642	17404	880	66	2	29643179
3617	17395	870	66	2	29643189
3600	17385	843	66	2	29643199
3586	17378	788	66	2	29643209
3580	17370	634	66	1	29643229
3580	17361	142	66	0	29643249
19
3802	17315	555	63	6	29643467
3780	17302	589	63	6	29643477
3768	17302	697	64	6	29643487
3759	17291	768	64	4	29643517
3785	17291	818	64	4	29643527
3824	17291	847	65	2	29643537
3886	17308	873	65	2	29643547
3968	17325	881	66	2	29643557
4065	17345	891	66	0	29643567
4171	17367	895	67	0	29643577
4280	17387	898	67	0	29643587
4384	17405	899	68	0	29643597
4480	17419	904	68	0	29643607
4560	17428	904	68	0	29643617
4624	17428	906	69	357	29643627
4672	17437	908	69	357	29643637
4704	17437	910	70	357	29643647
4724	17437	912	70	357	29643657
4731	17437	753	71.2	354.9	29643757
19
1773	15581	660	55	3	29644667
1756	15552	680	56	3	29644677
1743	15544	726	57	3	29644687
1735	15544	771	58	3	29644697
1748	15544	809	59	3	29644707
1784	15544	828	59	2	29644717
1844	15544	845	60	2	29644727
1931	15553	855	61	2	29644737
2038	15553	866	62	2	29644747
2155	15561	874	63	2	29644757
2271	15561	873	63	0	29644767
2381	15570	874	64	0	29644777
2476	15570	874	65	0	29644787
2552	15580	873	65	0	29644797
2607	15580	869	66	0	29644807
2641	15580	850	66	0	29644817
2659	15580	807	66	0	29644827
2667	15570	726	66	0	29644837
2667	15563	244	66	179	29644857
19
1874	15240	437	64	15	29645183
1803	15240	558	64	15	29645193
1769	15232	632	64	15	29645203
1748	15232	702	64	13	29645213
1740	15232	763	65	13	29645223
1754	15232	800	65	13	29645233
1793	15232	833	66	11	29645243
1859	15232	873	66	11	29645253
1954	15242	895	66	11	29645263
2066	15242	913	66	9	29645273
2188	15242	920	67	7	29645283
2310	15251	921	67	7	29645293
2425	15251	920	68	5	29645303
2529	15251	919	68	5	29645313
2613	15260	913	68	2	29645323
2676	15260	903	68	2	29645333
2713	15260	877	68	2	29645343
2731	15260	785	68	2	29645363
2725	15260	260	68	2	29645383
20
2670	15717	410	60	0	29645727
2670	15743	521	60	0	29645737
2662	15751	711	61.3333	0	29645767
2662	15718	821	62	0	29645777
2670	15670	867	62	0	29645787
2678	15595	913	63	0	29645797
2686	15502	945	63	0	29645807
2696	15404	966	64	0	29645817
2705	15304	975	64	0	29645827
2715	15218	986	64	0	29645837
2727	15142	994	65	0	29645847
2740	15081	998	65	0	29645857
2754	15035	1003	66	0	29645867
2766	15001	1002	66	0	29645877
2776	14978	1001	66	2	29645887
2776	14962	1000	66	2	29645897
2783	14952	935	66	3.6	29645947
2783	14968	754	66	7	29645957
2783	14992	575	66	7	29645967
2783	15025	0	66	8	29645987
57
2691	15713	350	59	2	29646164
2667	15744	436	59	2	29646174
2651	15759	564	60	2	29646184
2635	15770	670	60	0	29646194
2624	15781	723	60	0	29646204
2617	15790	768	61	0	29646224
2617	15797	801	62	0	29646234
2628	15797	815	63	0	29646243
2647	15797	844	63	0	29646253
2672	15808	853	64	0	29646263
2700	15808	874	64	358	29646273
2729	15815	884	65	358	29646283
2756	15815	890	65	358	29646293
2783	15815	896	66	358	29646303
2813	15815	901	66	356	29646313
2850	15815	903	66	356	29646323
2891	15815	903	66	356	29646333
2942	15805	905	66	356	29646343
3000	15794	906	66	353	29646353
3061	15781	906	66	353	29646363
3121	15762	909	67	353	29646373
3179	15738	920	67	353	29646383
3232	15709	928	68	353	29646393
3284	15674	928	68	350	29646403
3331	15635	933	68	350	29646413
3375	15595	935	68	350	29646423
3413	15554	935	68	350	29646433
3443	15515	934	68	350	29646443
3467	15482	935	68	353	29646453
3487	15450	936	68	353	29646463
3501	15415	936	68	353	29646473
3510	15382	936	69	352	29646483
3510	15345	936	69	352	29646493
3510	15311	935	70	352	29646503
3503	15279	938	70	355	29646513
3494	15244	936	70	355	29646523
3479	15207	939	70	355	29646533
3464	15172	942	70	355	29646543
3446	15136	943	70	355	29646553
3426	15103	944	70	357	29646563
3407	15075	946	70	357	29646573
3387	15049	948	70	357	29646583
3362	15026	954	70	357	29646593
3338	15007	955	70	357	29646603
3309	14990	954	70	357	29646613
3270	14971	952	70	357	29646623
3225	14956	956	70	0	29646633
3171	14939	951	70	0	29646643
3109	14926	951	70	0	29646653
3045	14914	951	70	0	29646663
2980	14904	954	70	0	29646673
2922	14895	955	70	0	29646683
2871	14886	955	70	0	29646693
2832	14886	952	70	0	29646703
2803	14876	954	70	0	29646713
2784	14876	944	69	0	29646723
2774	14876	637	68.1111	1.33333	29646813
4
3481	15373	366	62	6	29647204
3467	15357	436	63	6	29647214
3458	15357	528	63	6	29647224
3451	15346	420	64.3333	4	29647284
39
3683	15423	400	64	4	29647434
3668	15423	543	64	4	29647444
3658	15423	616	64	4	29647454
3645	15432	657	64	4	29647464
3635	15432	704	64	4	29647473
3623	15443	739	64	2	29647483
3609	15443	780	64	2	29647493
3597	15443	799	64	2	29647503
3583	15443	824	65	2	29647513
3566	15429	858	65	2	29647523
3547	15418	869	66	2	29647533
3527	15402	889	66	2	29647543
3510	15387	899	66	2	29647553
3498	15370	898	66	2	29647563
3489	15347	900	66	2	29647573
3489	15326	900	66	2	29647583
3489	15300	896	66	2	29647593
3504	15274	897	66	2	29647603
3527	15252	892	66	2	29647613
3559	15233	895	66	2	29647623
3600	15221	889	66	2	29647633
3640	15221	887	66	2	29647643
3683	15221	887	66	2	29647653
3725	15246	882	66	2	29647663
3762	15272	882	66	2	29647673
3790	15304	882	66	4	29647683
3806	15338	884	66	4	29647693
3806	15370	888	66	4	29647703
3795	15399	889	66	4	29647713
3771	15423	895	66	2	29647723
3736	15444	895	66	2	29647733
3695	15455	892	66	2	29647743
3653	15455	891	66	2	29647753
3615	15455	888	66	2	29647763
3586	15455	876	66	2	29647773
3569	15442	832	66	2	29647783
3560	15442	755	66	2	29647793
3560	15430	622	66	0	29647803
3571	15430	204	66	0	29647823
20
3836	15377	548	64	4	29648040
3786	15351	673	64	4	29648050
3766	15342	746	65	4	29648060
3754	15342	789	65.5	4	29648080
3775	15342	828	66	4	29648090
3818	15349	843	66	4	29648100
3889	15362	861	66	2	29648110
3986	15376	874	66	2	29648120
4094	15384	884	67	2	29648130
4202	15390	890	67	2	29648140
4300	15390	896	68	2	29648150
4385	15382	902	68	0	29648160
4461	15375	908	69	0	29648170
4525	15363	918	69	0	29648180
4575	15357	922	70	0	29648190
4609	15350	931	70	0	29648200
4630	15350	934	71	0	29648210
4639	15350	913	72	285.6	29648260
4631	15350	701	73	357	29648270
4620	15350	150	74	357	29648290
18
1797	13674	394	55	325	29649852
1784	13646	469	55	325	29649862
1771	13637	569	55	325	29649872
1760	13637	628	54	324	29649882
1745	13637	670	54	324	29649902
1770	13637	735	54	324	29649912
1815	13648	755	55	323	29649922
1889	13662	775	55	323	29649932
1983	13678	786	56	321	29649942
2087	13696	793	56	321	29649952
2186	13706	793	56	321	29649962
2278	13706	792	55	320	29649972
2357	13706	791	56	319	29649982
2427	13706	780	56	319	29649992
2487	13706	749	57	318	29650002
2534	13706	681	57	318	29650012
2571	13716	579	57	318	29650022
2599	13724	170	57	318	29650042
18
1909	13416	476	57	322	29650256
1838	13364	565	56	323	29650266
1811	13349	649	56	321	29650276
1791	13342	686	56	321	29650286
1783	13342	707	56	321	29650296
1789	13335	736	56	321	29650306
1809	13335	752	56	321	29650316
1850	13335	777	56	320	29650326
1916	13342	790	56	320	29650336
2006	13349	799	57	319	29650346
2114	13358	804	57	318	29650356
2233	13367	801	57	318	29650366
2355	13381	802	57	316	29650376
2475	13392	798	57	316	29650386
2583	13402	785	58	315	29650396
2675	13408	720	58	315	29650406
2745	13408	558	58	315	29650416
2791	13408	42	58	315	29650436
24
2678	13828	401	52	327	29650712
2678	13886	470	53	326	29650722
2678	13911	597	53	326	29650732
2666	13934	671	53	323	29650742
2657	13958	733	53	323	29650752
2657	13966	764	54.5	321.5	29650772
2657	13948	797	55	321	29650782
2657	13904	823	55	319	29650792
2666	13833	855	55	318	29650802
2674	13737	881	55	318	29650812
2683	13625	899	56	316	29650822
2691	13512	910	56	316	29650832
2700	13400	926	56	316	29650842
2710	13299	931	57	315	29650852
2723	13212	935	57	316	29650862
2739	13141	937	58	315	29650872
2754	13088	938	58	315	29650882
2767	13049	938	58	316	29650892
2775	13026	936	58	316	29650902
2775	13012	939	58	316	29650912
2783	13012	916	59.25	318.25	29650952
2776	13023	792	60	319	29650962
2776	13038	604	60	321	29650972
2767	13059	121	60	321	29650992
64
2718	13873	299	54	322	29651228
2694	13898	393	54	322	29651238
2680	13907	548	53	321	29651248
2666	13925	642	54	320	29651258
2656	13933	711	54	320	29651268
2656	13941	749	55	319	29651278
2656	13953	759	54	317	29651288
2656	13965	771	54	317	29651298
2656	13978	776	54	317	29651308
2680	13993	780	54	317	29651318
2707	14006	781	55	316	29651328
2745	14016	791	55	316	29651338
2793	14016	790	55	315	29651348
2850	14016	800	55	314	29651358
2915	14009	803	55	314	29651368
2989	13995	813	55	314	29651378
3069	13977	815	55	312	29651388
3150	13951	821	55	312	29651398
3232	13921	824	56	311	29651408
3310	13888	825	56	311	29651418
3383	13854	824	56	311	29651428
3448	13819	824	56	310	29651438
3506	13778	824	56	310	29651448
3553	13736	825	57	308	29651458
3590	13692	827	57	307	29651468
3617	13647	829	57	307	29651478
3634	13605	832	58	306	29651488
3643	13564	833	58	306	29651498
3643	13522	839	58	304	29651508
3636	13482	840	58	304	29651518
3625	13444	847	60	304	29651528
3609	13407	851	60	304	29651538
3589	13368	850	60	304	29651548
3569	13332	852	60	304	29651558
3541	13290	854	61	303	29651568
3511	13250	859	61	303	29651578
3479	13214	859	61	302	29651588
3443	13182	860	62	303	29651598
3405	13157	865	62	303	29651608
3368	13139	862	62	304	29651618
3327	13127	867	62	304	29651628
3285	13119	868	61	306	29651638
3241	13119	871	61	306	29651648
3197	13109	875	62	307	29651658
3153	13109	876	62	307	29651668
3105	13109	877	62	307	29651678
3059	13100	877	62	307	29651688
3014	13100	881	61	309	29651698
2972	13091	881	61	309	29651708
2936	13091	884	61	311	29651718
2903	13080	883	61	311	29651728
2875	13080	886	61	311	29651738
2851	13073	886	61	311	29651748
2832	13073	887	61	311	29651758
2818	13073	889	61	311	29651768
2805	13064	889	60	312	29651778
2795	13064	888	60	312	29651788
2785	13064	888	60	314	29651798
2775	13058	887	60	314	29651808
2768	13058	887	60	314	29651828
2761	13058	829	60	314	29651888
2761	13065	663	60	314	29651908
2770	13065	465	60	314	29651918
2778	13075	41	60	314	29651938
46
3780	13606	120	58	315	29652312
3807	13618	222	58	315	29652322
3813	13625	348	58	315	29652332
3813	13633	449	58	315	29652342
3813	13649	552	58	314	29652352
3813	13657	615	58	314	29652362
3813	13663	707	59	312	29652372
3805	13670	756	59	312	29652382
3798	13670	803	59	312	29652392
3792	13679	832	59	312	29652402
3782	13679	838	58	311	29652412
3771	13679	847	58	311	29652422
3758	13679	853	59	309	29652432
3740	13679	855	59	309	29652442
3720	13672	862	59	308	29652452
3700	13662	860	59	308	29652462
3676	13647	862	59	308	29652472
3654	13631	865	59	308	29652482
3636	13613	865	59	308	29652492
3620	13590	865	59	308	29652502
3612	13566	861	59	308	29652512
3612	13541	859	59	308	29652522
3612	13514	859	59	308	29652532
3626	13489	855	59	308	29652542
3647	13468	853	59	308	29652552
3677	13452	852	59	308	29652562
3713	13445	854	59	308	29652572
3756	13445	852	59	308	29652582
3800	13455	855	59	308	29652592
3841	13471	855	59	308	29652602
3875	13491	855	59	308	29652612
3898	13515	859	59	308	29652622
3910	13542	865	59	308	29652632
3910	13572	868	59	308	29652642
3910	13604	877	59	308	29652652
3903	13637	883	59	308	29652662
3891	13668	882	59	308	29652672
3873	13693	881	59	308	29652682
3857	13710	882	59	308	29652692
3842	13721	868	59	308	29652702
3829	13721	844	59	308	29652712
3818	13721	792	59	308	29652722
3806	13712	716	59	308	29652732
3796	13698	598	59	308	29652742
3796	13682	439	59	308	29652752
3796	13664	32	59	308	29652772
19
3978	13636	449	59	312	29652924
3956	13615	549	59	312	29652934
3945	13605	637	59	312	29652944
3938	13599	714	60	311	29652964
3945	13590	776	60	309	29652974
3965	13590	800	60	309	29652984
4002	13590	808	60	309	29652994
4059	13590	817	61	308	29653004
4131	13590	821	60	306	29653014
4215	13603	834	60	305	29653024
4308	13616	837	60	305	29653034
4412	13632	856	61	303	29653044
4515	13647	858	61	303	29653054
4612	13662	862	61	302	29653064
4692	13671	862	62	300	29653074
4744	13671	854	62	300	29653084
4775	13678	844	62	298	29653094
4789	13678	772	63	295.667	29653124
4789	13672	272	63	294	29653144
18
1648	12102	359	50	317	29653936
1596	12049	514	50	317	29653946
1565	12036	591	50	317	29653956
1534	12036	664	50	318	29653966
1506	12036	707	50	318	29653976
1494	12036	717	50	318	29653986
1500	12036	742	51	320	29653996
1530	12029	759	51	320	29654006
1579	12029	776	51	320	29654016
1649	12022	786	52	320	29654026
1736	12022	799	52	320	29654036
1832	12022	802	53	320	29654046
1940	12032	802	54	319	29654056
2048	12032	801	54	319	29654066
2147	12032	792	54	317	29654076
2235	12032	742	55	319	29654086
2307	12032	608	55	319	29654096
2363	12024	151	55	318	29654116
15
1561	11727	483	52	323	29654364
1504	11661	558	52	323	29654374
1479	11637	595	52	323	29654384
1462	11622	613	52	323	29654394
1452	11608	656	52	323	29654404
1459	11599	701	52	323	29654414
1503	11599	740	53	322	29654424
1574	11586	762	53	322	29654434
1671	11586	776	53	321	29654444
1789	11586	784	55	321	29654454
1912	11596	785	55	321	29654464
2036	11605	784	55	320	29654474
2154	11613	766	56	319	29654484
2259	11623	679	56	319	29654494
2346	11633	204	57	318	29654514
20
2396	12075	398	55	314	29654772
2402	12101	550	55	315	29654782
2402	12116	633	55	315	29654792
2388	12122	716	55	315	29654822
2388	12096	775	55	315	29654832
2388	12048	806	55	315	29654842
2388	11985	831	56	316	29654852
2388	11900	857	56	316	29654862
2378	11803	887	56	316	29654872
2368	11712	896	57	315	29654882
2358	11620	906	57	315	29654892
2358	11540	910	57	314	29654902
2352	11476	912	58	315	29654912
2352	11426	913	58	315	29654922
2360	11389	913	58	315	29654932
2360	11366	910	58	314	29654942
2367	11350	904	58	314	29654952
2367	11343	839	59.3333	312.667	29654982
2367	11351	634	60	314	29654992
2367	11367	144	60	314	29655012
55
2415	12143	59	57	312	29655196
2400	12166	405	56	314	29655206
2389	12180	510	55	312	29655216
2378	12195	626	55	314	29655226
2366	12211	689	55	314	29655236
2366	12224	721	55	314	29655246
2366	12236	728	55	314	29655256
2382	12244	731	55	314	29655266
2409	12244	738	55	314	29655276
2455	12244	745	55	314	29655286
2517	12227	758	55	315	29655296
2589	12204	763	55	315	29655306
2670	12171	770	55	315	29655316
2760	12134	771	56	314	29655326
2856	12101	777	56	314	29655336
2958	12066	777	57	312	29655346
3057	12026	779	57	311	29655356
3142	11990	784	57	311	29655366
3209	11947	787	58	310	29655376
3253	11898	795	58	308	29655386
3279	11852	808	58	308	29655396
3288	11795	827	59	307	29655406
3288	11735	840	59	305	29655416
3270	11679	857	60	304	29655426
3247	11623	862	60	302	29655436
3220	11574	876	61	303	29655446
3185	11531	882	61	302	29655456
3145	11492	885	61	302	29655466
3096	11457	896	61	302	29655476
3038	11426	909	61	302	29655486
2973	11396	913	61	302	29655496
2904	11367	922	61	302	29655506
2833	11341	928	61	302	29655516
2760	11316	936	62	303	29655526
2689	11293	943	62	303	29655536
2625	11276	949	62	304	29655546
2567	11262	951	62	304	29655556
2520	11252	955	61	306	29655566
2484	11252	956	61	306	29655576
2455	11243	957	61	306	29655586
2436	11243	957	61	306	29655596
2422	11243	956	61	308	29655606
2412	11243	952	61	309.5	29655626
2400	11243	956	61	311	29655646
2393	11243	946	59.8947	313.895	29655836
2386	11243	945	58	316	29655926
2386	11249	948	58	316	29655946
2386	11261	944	58	316	29655956
2386	11273	940	58	316	29655966
2380	11294	934	58	316	29655976
2380	11327	914	58	316	29655986
2380	11370	869	58	316	29655996
2386	11432	794	58	316	29656006
2400	11512	641	58	316	29656016
2419	11606	136	58	316	29656036
9
2378	12186	182	54	316	29656376
2370	12200	392	54	316.333	29656406
2363	12200	514	54	317	29656416
2363	12192	550	54	317	29656426
2370	12169	594	54	317	29656436
2376	12133	605	54	317	29656446
2376	12079	597	54	317	29656456
2385	12023	514	55	319	29656466
2385	11968	62	55	319	29656486
30
3442	11845	206	58	315	29657000
3442	11851	331	58	315	29657010
3426	11851	457	58	315	29657020
3410	11869	581	58	315	29657030
3390	11869	643	58	315	29657040
3368	11869	673	58	315	29657050
3343	11869	716	58	315	29657060
3319	11847	738	58	315	29657070
3296	11822	743	58	315	29657080
3279	11786	753	58	315	29657090
3271	11745	754	58	315	29657100
3271	11707	754	58	315	29657110
3283	11675	757	58	315	29657120
3301	11653	757	58	315	29657130
3329	11643	760	58	315	29657140
3363	11643	759	58	315	29657150
3404	11660	763	58	315	29657160
3445	11690	763	58	315	29657170
3480	11731	763	58	315	29657180
3503	11778	761	58	315	29657190
3511	11826	764	58	315	29657200
3504	11868	762	58	315	29657210
3481	11897	760	58	315	29657220
3450	11912	757	58	315	29657230
3411	11912	750	58	315	29657240
3371	11892	733	58	315	29657250
3333	11864	706	58	315	29657260
3304	11833	610	58	315	29657270
3288	11802	468	58	315	29657280
3288	11774	78	58	315	29657300
15
3519	11817	566	56	320	29657440
3491	11777	605	57	319	29657450
3472	11758	681	57	319	29657460
3457	11744	738	57	319	29657470
3447	11735	788	57	319	29657480
3455	11735	833	57	319	29657490
3485	11735	850	57	318	29657500
3540	11735	863	57	318	29657510
3628	11746	878	57	316	29657520
3730	11766	883	57	316	29657530
3840	11783	881	58	315	29657540
3950	11798	877	58	314	29657550
4048	11809	830	59	312	29657560
4135	11809	671	60	312	29657570
4202	11809	45	61	311	29657590
15
1643	10483	391	55	323	29658420
1576	10402	523	54	324	29658430
1545	10368	604	54	324	29658440
1521	10345	667	54	324	29658450
1502	10333	710	54	324	29658460
1502	10322	744	54	324	29658480
1527	10312	776	54	324	29658490
1564	10305	794	54	324	29658500
1617	10297	803	54	324	29658510
1680	10290	804	54	324	29658520
1753	10290	805	55	323	29658530
1826	10283	804	56	324	29658540
1905	10283	775	56	323	29658550
1987	10283	672	56	323	29658560
2073	10283	163	56	323	29658580
14
1636	10019	542	50	323	29658804
1577	9984	607	50	324	29658814
1545	9984	695	51	325	29658824
1516	9972	734	51	327	29658834
1499	9972	750	51	327	29658844
1499	9965	764	51	328	29658854
1526	9965	777	52	327	29658864
1574	9954	808	53	328	29658874
1644	9954	813	53	327	29658884
1733	9954	816	55	327	29658894
1836	9971	815	55	327	29658904
1946	9985	808	55	326	29658914
2057	9995	735	56	327	29658924
2165	10004	216	56.5	326.5	29658944
17
2220	10390	459	51	310	29659192
2220	10418	563	51	310	29659202
2213	10427	674	51	312	29659212
2196	10437	746	51.5	311.5	29659232
2196	10425	803	52	311	29659242
2196	10390	851	54	311	29659252
2205	10333	869	54	311	29659262
2212	10254	888	54	313	29659272
2212	10158	904	55	314	29659282
2212	10048	914	55	314	29659292
2212	9946	916	56	314	29659302
2212	9853	915	57	315	29659312
2220	9774	909	58	315	29659322
2227	9729	881	58	316	29659332
2236	9694	825	59	318	29659342
2244	9677	658	59.5	318	29659362
2255	9693	72	60.5	318	29659382
40
2257	10473	376	57	318	29659588
2239	10495	478	57	318	29659598
2225	10504	605	56	316	29659608
2210	10513	684	57	318	29659618
2196	10524	735	57	318	29659628
2189	10524	745	57	318	29659638
2189	10531	745	57	318	29659648
2206	10531	748	57	318	29659658
2246	10531	755	57	318	29659668
2310	10523	762	57	318	29659678
2409	10511	763	57	316	29659688
2521	10493	768	57	316	29659698
2637	10468	770	57	314	29659708
2748	10436	774	57	314	29659718
2844	10402	784	58	312	29659728
2926	10361	788	58	312	29659738
2996	10314	795	58	311	29659748
3048	10261	808	59	309	29659758
3082	10202	816	59	309	29659768
3099	10142	835	60	309	29659778
3099	10079	840	61	308	29659788
3086	10022	858	61	308	29659798
3063	9968	874	62	307	29659808
3024	9916	882	62	307	29659818
2970	9870	881	63	309	29659828
2903	9824	887	63	309	29659838
2824	9778	893	63	307	29659848
2743	9733	904	64	309	29659858
2658	9691	905	64	307	29659868
2575	9656	910	65	308	29659878
2495	9627	914	65	308	29659888
2422	9605	918	65	310	29659898
2364	9592	929	65	310	29659908
2321	9585	926	64	312	29659918
2290	9585	927	64	312	29659928
2271	9585	923	64	312	29659938
2259	9585	915	64	312	29659948
2252	9585	905	64	312	29659958
2252	9593	798	62.1379	316.31	29660248
2252	9599	154	62	320	29660268
8
2215	10488	197	56	316	29660680
2205	10504	260	56	316	29660690
2197	10514	454	56	316	29660700
2190	10523	533	56	316	29660710
2183	10535	574	55	315	29660740
2183	10515	563	55	315	29660750
2183	10483	506	55	314	29660760
2190	10440	150	55	314	29660780
36
3255	10207	64	59	318	29661176
3269	10207	232	59	318	29661196
3275	10218	382	59	318	29661206
3275	10226	449	59	318	29661216
3275	10234	527	59	318	29661226
3263	10243	592	59	318	29661236
3252	10252	629	59	318	29661246
3238	10258	666	60	319	29661256
3222	10258	697	60	319	29661266
3204	10258	703	60	319	29661276
3181	10247	709	60	319	29661286
3154	10222	728	60	319	29661296
3125	10188	731	60	319	29661306
3095	10150	734	60	319	29661316
3074	10111	739	60	319	29661326
3062	10078	746	60	319	29661336
3062	10047	748	60	319	29661346
3077	10020	749	60	319	29661356
3102	10002	752	60	319	29661366
3140	9993	756	60	319	29661376
3187	9993	758	60	318	29661386
3240	10014	758	60	318	29661396
3293	10038	760	61	316	29661406
3341	10069	761	61	316	29661416
3378	10102	762	61	316	29661426
3403	10138	761	61	316	29661436
3412	10172	763	61	318	29661446
3404	10208	762	61	318	29661456
3383	10238	764	61	318	29661466
3352	10260	764	61	318	29661476
3316	10274	757	61	316	29661486
3282	10274	739	61	316	29661496
3250	10274	685	61	316	29661506
3224	10258	612	61	316	29661516
3206	10241	444	61	316	29661526
3197	10219	24	61	316	29661546
20
3523	10190	547	57	318	29661752
3491	10175	646	57	318	29661762
3478	10175	707	57	318	29661772
3469	10167	767	57.5	318	29661792
3478	10167	799	58	318	29661802
3503	10159	821	58	316	29661812
3543	10159	845	60	316	29661822
3601	10151	865	60	316	29661832
3672	10151	866	60	315	29661842
3744	10151	878	61	314	29661852
3825	10151	886	62	313	29661862
3915	10162	889	63	312	29661872
3992	10162	891	63	312	29661882
4063	10173	892	63	310	29661892
4110	10173	894	64	309	29661902
4132	10180	895	64	307	29661912
4145	10180	916	64.4444	303.667	29662002
4138	10180	891	65	302	29662022
4131	10180	705	65	302	29662072
4131	10173	44	65	302	29662092
18
1598	8605	327	55	326	29664712
1560	8589	495	55	325	29664722
1533	8589	599	55	325	29664732
1505	8578	677	55	325	29664742
1485	8578	731	55	325	29664752
1472	8571	753	54.5	324.5	29664772
1479	8571	772	54	324	29664782
1505	8571	779	54	324	29664792
1548	8571	787	54	324	29664802
1609	8578	809	55	323	29664812
1683	8584	820	55	321	29664822
1763	8591	822	55	320	29664832
1845	8597	821	55	320	29664842
1921	8597	821	55	320	29664852
1989	8597	793	55	319	29664862
2044	8597	717	55	318	29664872
2092	8587	565	55	318	29664882
2131	8587	87	56	316	29664902
13
1617	8309	382	56	328	29665100
1558	8272	417	55	329	29665110
1531	8259	565	55	329	29665120
1513	8259	614	54	330	29665130
1500	8250	650	54	329	29665150
1522	8250	713	55	327	29665160
1564	8250	740	55	327	29665170
1629	8250	752	55	325	29665180
1712	8250	759	55	325	29665190
1808	8259	761	56	324	29665200
1905	8268	756	56	324	29665210
2003	8278	708	56	323	29665220
2094	8287	258	56	323	29665240
20
2245	8719	364	58	322	29665504
2245	8758	468	58	322	29665514
2232	8769	582	58	320	29665524
2232	8782	623	58	320	29665534
2221	8782	681	58	320	29665544
2221	8760	732	57	319	29665554
2221	8724	762	58	318	29665564
2221	8666	797	58	318	29665574
2221	8585	831	58	315	29665584
2211	8486	852	58	315	29665594
2211	8385	869	58	315	29665604
2211	8291	868	58	315	29665614
2211	8212	870	58	315	29665624
2211	8151	870	58	315	29665634
2225	8103	861	58	315	29665644
2235	8068	839	58	315	29665654
2241	8046	805	58	315	29665664
2241	8036	755	58	316	29665674
2248	8036	563	58	316	29665694
2248	8055	36	59	318	29665714
34
2219	8746	357	57	319	29665872
2175	8737	406	57	318	29665882
2154	8737	512	57	318	29665892
2134	8748	623	57	316	29665902
2121	8755	667	57	314.5	29665922
2130	8765	684	57	314	29665932
2161	8765	702	57	314	29665942
2222	8773	717	57	314	29665952
2310	8773	733	57	312	29665962
2420	8759	747	57	311	29665972
2539	8740	758	57	311	29665982
2652	8708	763	57	308	29665992
2755	8671	772	57	308	29666002
2840	8630	785	57	307	29666012
2909	8584	786	57	307	29666022
2958	8533	791	58	306	29666032
2987	8473	802	58	304	29666042
2995	8411	821	58	304	29666052
2981	8345	837	59	303	29666062
2949	8283	844	59	303	29666072
2897	8230	847	59	301	29666082
2831	8186	847	60	302	29666092
2752	8151	857	60	300	29666102
2664	8123	858	60	300	29666112
2572	8098	864	60	300	29666122
2487	8079	873	61	302	29666132
2409	8060	878	61	302	29666142
2342	8044	877	61	303	29666152
2285	8030	883	62	304	29666162
2238	8016	885	61	306	29666172
2206	8007	886	61	306	29666182
2187	8007	889	61	306	29666192
2179	8000	873	59.5455	310.727	29666412
2186	8000	257	60	314	29666432
32
3222	8484	217	61	311	29666764
3222	8503	356	61	311	29666774
3215	8512	479	60	309	29666784
3206	8520	565	60	309	29666794
3192	8527	614	61	311	29666804
3173	8527	651	61	311	29666814
3150	8527	685	61	311	29666824
3123	8520	709	61	311	29666834
3092	8501	727	61	309	29666844
3063	8473	739	61	309	29666854
3039	8433	753	62	307	29666864
3021	8394	759	62	307	29666874
3021	8358	758	62	307	29666884
3021	8329	761	61	306	29666894
3039	8312	765	61	306	29666904
3069	8304	775	61	306	29666914
3108	8304	780	61	306	29666924
3153	8314	780	61	306	29666934
3199	8336	786	61	306	29666944
3240	8366	787	62	307	29666954
3270	8403	785	62	307	29666964
3288	8442	785	62	307	29666974
3288	8477	791	62	307	29666984
3288	8511	793	62	307	29666994
3269	8537	797	62	307	29667004
3238	8555	794	62	307	29667014
3197	8564	788	62	307	29667024
3152	8564	769	61	306	29667034
3108	8548	747	61	306	29667044
3072	8530	683	61	306	29667054
3045	8509	563	61	306	29667064
3035	8488	168	61	306	29667084
18
3402	8484	337	63	309	29667252
3321	8468	444	63	309	29667262
3283	8468	524	63	309	29667272
3253	8468	650	63	309	29667282
3235	8468	738	63	309	29667302
3243	8474	799	63	309	29667312
3278	8487	817	62	307	29667322
3339	8501	842	62	307	29667332
3423	8516	847	62	307	29667342
3523	8525	867	62	307	29667352
3632	8533	875	62	306	29667362
3744	8533	876	62	306	29667372
3857	8539	875	63	304	29667382
3964	8539	866	63	301	29667392
4056	8539	829	63	301	29667402
4125	8539	739	63	299	29667412
4166	8531	578	63	299	29667422
4185	8531	88	63	298	29667442
15
1691	6944	550	50	321	29668252
1658	6925	606	50	322	29668262
1637	6913	700	52	322	29668272
1618	6924	771	52	321	29668282
1605	6924	806	53	321.5	29668302
1613	6917	820	55	321	29668312
1634	6917	830	55	321	29668322
1671	6917	834	55	320	29668332
1729	6917	839	56	319	29668342
1812	6917	838	57	318	29668352
1911	6935	837	57	318	29668362
2019	6950	830	57	316	29668372
2124	6963	779	57	316	29668382
2218	6972	646	58	315	29668392
2298	6972	130	58	315	29668412
13
1778	6691	642	56	323	29668592
1701	6649	683	56	323	29668602
1675	6649	736	56	323	29668612
1652	6649	779	56	323	29668632
1679	6649	817	56	323	29668642
1724	6649	836	56	323	29668652
1792	6649	847	56	320	29668662
1885	6657	854	56	320	29668672
1994	6664	849	57	319	29668682
2110	6676	844	58	318	29668692
2225	6688	794	58	318	29668702
2333	6699	620	58	316	29668712
2429	6712	32	58	316	29668732
21
2406	7002	19	57	322	29668948
2427	7084	458	57	322	29668958
2427	7116	538	58	320	29668968
2417	7141	627	58	318	29668978
2405	7166	712	58	318	29668988
2397	7175	746	58	318	29669008
2397	7165	786	57	319	29669018
2405	7134	821	57	319	29669028
2416	7080	843	57	318	29669038
2423	7002	865	57	318	29669048
2423	6907	884	57	318	29669058
2423	6805	903	57	318	29669068
2414	6707	908	57	316	29669078
2414	6622	907	57	316	29669088
2414	6549	906	58	315	29669098
2414	6488	905	58	315	29669108
2414	6442	895	58	315	29669118
2422	6411	872	58	315	29669128
2422	6391	841	58	315	29669138
2432	6383	679	58	315	29669168
2432	6391	52	58	315.5	29669188
41
2430	7148	449	57	318	29669376
2400	7170	522	57	318	29669386
2388	7181	601	55	318	29669396
2377	7197	630	55	318	29669406
2384	7205	663	55	319	29669416
2411	7205	680	55	319	29669426
2468	7205	688	55	316	29669436
2552	7193	707	55	316	29669446
2660	7165	718	55	315	29669456
2784	7126	735	56	314	29669466
2910	7079	748	56	314	29669476
3032	7027	757	57	312	29669486
3140	6975	763	57	312	29669496
3224	6919	772	57	311	29669506
3281	6858	785	57	311	29669516
3308	6799	808	58	310	29669526
3308	6737	827	58	308	29669536
3294	6678	847	58	308	29669546
3253	6623	865	59	307	29669556
3189	6570	868	59	305	29669566
3103	6521	878	59	305	29669576
3002	6475	883	60	305	29669586
2896	6433	897	60	305	29669596
2797	6398	899	60	305	29669606
2708	6370	906	60	305	29669616
2633	6350	911	60	305	29669626
2575	6336	919	60	305	29669636
2535	6328	926	60	305	29669646
2512	6328	929	60	305	29669656
2502	6328	914	59.7368	310	29669846
2492	6328	895	59	312	29669856
2485	6328	894	59	312	29669866
2474	6328	897	59	312	29669876
2460	6328	899	59	312	29669886
2445	6328	904	59	312	29669896
2432	6328	908	58	311	29669906
2421	6328	907	58	311	29669916
2413	6336	908	58	311	29669936
2405	6336	874	58	311	29669986
2414	6336	722	59	312	29669996
2426	6336	236	58	314	29670016
32
3550	6825	218	62	307	29670364
3541	6816	408	61	306	29670374
3525	6816	549	61	308	29670384
3506	6826	619	61	308	29670394
3483	6842	702	60	309	29670404
3459	6850	739	60	309	29670414
3435	6850	761	60	309	29670424
3410	6850	783	60	309	29670434
3389	6850	787	60	309	29670444
3372	6839	794	60	309	29670454
3357	6821	796	60	309	29670464
3345	6793	800	61	308	29670474
3338	6763	799	61	308	29670484
3338	6727	802	61	306	29670494
3354	6696	803	61	306	29670504
3375	6672	810	61	306	29670514
3405	6654	809	61	306	29670524
3444	6647	813	61	306	29670534
3486	6655	813	61	306	29670544
3530	6673	816	61	306	29670554
3569	6703	817	61	306	29670564
3593	6740	817	61	306	29670574
3604	6776	820	61	306	29670584
3604	6814	818	61	306	29670594
3583	6850	818	61	306	29670604
3553	6879	813	62	304	29670614
3517	6901	807	62	304	29670624
3478	6910	785	62	303	29670634
3441	6910	740	62	303	29670644
3412	6896	646	62	303	29670654
3393	6877	441	62	303	29670664
3393	6855	1	62	304	29670684
16
3688	6805	100	60	309	29670812
3656	6786	551	60	309	29670822
3636	6786	640	61	308	29670832
3622	6786	703	61	308	29670842
3614	6786	743	61	306	29670852
3620	6786	786	61	306	29670862
3648	6786	809	61	306	29670872
3705	6786	814	62	304	29670882
3783	6794	832	62	304	29670892
3889	6794	839	62	303	29670902
4011	6794	841	63	301	29670912
4132	6801	838	63	301	29670922
4252	6801	829	63	299	29670932
4349	6801	768	63	297	29670942
4415	6801	591	64	296	29670952
4454	6801	67	64	294	29670972
12
1635	5234	468	49	312	29674176
1611	5188	515	49	312	29674186
1603	5173	555	49	312	29674196
1595	5164	631	50	312.5	29674216
1605	5164	710	50	312	29674226
1637	5164	733	51	312	29674236
1694	5164	753	51	312	29674246
1773	5171	759	52	310	29674256
1873	5181	756	52	310	29674266
1980	5191	744	53	310	29674276
2085	5191	689	53	309	29674286
2181	5191	261	53.5	308.5	29674306
13
1735	4960	564	51	309	29674512
1676	4883	581	51	309	29674522
1650	4858	621	51	309	29674532
1633	4842	680	52	309	29674542
1622	4842	716	52	309	29674552
1634	4833	744	52	309	29674562
1667	4833	763	53	309	29674572
1726	4827	777	53	309	29674582
1813	4827	777	54	308	29674592
1918	4845	778	54	306	29674602
2033	4859	763	55	307	29674612
2147	4871	689	56	306	29674622
2253	4871	231	56	304	29674642
18
2437	5352	449	53	299	29674920
2448	5381	520	53	299	29674930
2448	5389	604	53	301	29674940
2435	5389	673	53	301.5	29674960
2435	5347	758	53	303	29674970
2435	5292	794	53	303	29674980
2428	5206	836	53	303	29674990
2419	5100	868	54	304	29675000
2409	4996	884	54	304	29675010
2399	4890	891	54	304	29675020
2399	4799	895	55	304	29675030
2392	4724	892	55	304	29675040
2392	4665	883	56	302	29675050
2405	4627	855	56	303	29675060
2415	4603	805	56	303	29675070
2425	4592	714	56	303	29675080
2432	4592	550	56	303	29675090
2432	4602	32	57.5	302.5	29675110
33
2438	5377	443	54	300	29675284
2414	5411	473	54	300	29675294
2401	5424	563	54	302	29675304
2393	5433	632	53	301.5	29675324
2401	5433	667	53	302	29675334
2435	5426	708	53	303	29675344
2497	5413	739	53	303	29675354
2584	5395	764	53	303	29675364
2691	5367	770	53	303	29675374
2804	5324	784	54	304	29675384
2913	5279	788	54	304	29675394
3012	5228	793	55	303	29675404
3094	5174	794	55	303	29675414
3162	5121	796	55	301	29675424
3203	5060	800	55	300	29675434
3222	4996	814	55	300	29675444
3222	4937	828	56	298	29675454
3200	4881	846	56	297	29675464
3164	4831	859	56	296	29675474
3111	4791	865	56	296	29675484
3040	4756	866	57	294	29675494
2952	4725	880	58	295	29675504
2850	4694	884	58	293	29675514
2741	4664	896	58	293	29675524
2634	4630	914	58	293	29675534
2537	4602	924	58	293	29675544
2459	4579	925	58	293	29675554
2401	4561	926	58	293	29675564
2364	4553	924	58	295	29675574
2343	4553	909	58	295	29675584
2335	4545	821	57	296	29675614
2350	4555	636	57	296	29675624
2372	4564	104	57	296	29675644
30
3419	5044	359	58	297	29675920
3419	5054	457	58	296	29675930
3419	5061	567	58	296	29675940
3409	5081	625	59	294	29675950
3396	5087	664	59	294	29675960
3380	5087	687	59	294	29675970
3356	5087	718	59	294	29675980
3325	5087	748	59	294	29675990
3291	5065	772	59	294	29676000
3256	5042	795	59	294	29676010
3234	5015	796	59	294	29676020
3222	4985	806	58	296	29676030
3222	4955	807	58	296	29676040
3239	4928	816	58	297	29676050
3268	4901	821	58	296	29676060
3309	4882	824	58	296	29676070
3362	4874	826	59	294	29676080
3419	4874	828	59	294	29676090
3471	4894	827	59	294	29676100
3515	4922	829	59	294	29676110
3546	4955	829	59	294	29676120
3564	4995	824	59	294	29676130
3564	5037	821	59	294	29676140
3535	5074	810	59	294	29676150
3495	5105	803	59	294	29676160
3446	5122	785	59	294	29676170
3395	5122	752	59	294	29676180
3351	5114	701	59	294	29676190
3314	5094	547	59	294	29676200
3287	5069	119	59	294	29676220
14
3649	5024	520	56	299	29676408
3606	5003	632	56	299	29676418
3590	5003	733	56	299	29676428
3579	5003	798	56.5	299.5	29676448
3596	5003	846	58	299	29676458
3630	5011	864	58	299	29676468
3688	5020	870	58	297	29676478
3780	5029	882	58	296	29676488
3888	5037	882	59	294	29676498
4009	5037	880	59	293	29676508
4130	5037	874	59	291	29676518
4232	5037	834	60	289	29676528
4320	5037	746	60	288	29676538
4383	5037	236	60	287	29676558
14
1548	3143	537	51	316	29677389
1518	3125	570	51	316	29677399
1507	3110	626	52	317	29677409
1497	3110	695	52	316	29677419
1504	3110	742	52	316	29677429
1538	3096	772	53	315	29677439
1592	3086	796	54	315	29677449
1668	3078	810	54	315	29677459
1758	3078	810	55	314	29677469
1858	3078	812	55	312	29677479
1960	3096	801	56	314	29677489
2060	3110	759	57	312	29677499
2156	3123	642	57	311	29677509
2238	3133	163	58	310	29677528
13
1594	2859	576	57	315	29677704
1507	2789	598	57	315	29677714
1475	2768	622	56	316	29677724
1455	2759	670	56	316	29677734
1447	2759	723	56	316	29677744
1465	2759	759	56	316	29677754
1510	2759	793	56	316	29677764
1580	2767	816	56	316	29677774
1673	2781	819	57	315	29677784
1782	2800	821	57	315	29677794
1901	2821	802	57	314	29677804
2027	2845	705	58	312	29677814
2157	2868	150	58	311.5	29677834
19
2346	3307	449	59	307	29678065
2346	3373	537	58	308	29678075
2336	3392	627	58	308	29678085
2322	3403	679	58	310	29678095
2314	3396	733	58	310	29678105
2314	3364	770	58	310	29678115
2308	3314	808	57	308	29678125
2308	3235	859	58	310	29678135
2308	3134	889	58	310	29678144
2308	3025	904	58	308	29678154
2308	2908	918	58	308	29678164
2308	2800	924	59	307	29678174
2314	2706	924	59	307	29678184
2324	2632	924	59	308	29678194
2334	2574	915	59	308	29678204
2341	2534	891	60	306	29678214
2341	2510	846	61	308	29678224
2349	2499	709	61.5	306.5	29678244
2349	2514	116	62	307	29678264
29
2339	3396	473	59	307	29678461
2288	3424	532	58	306	29678471
2274	3431	591	58	306	29678481
2267	3431	639	57	307	29678491
2280	3431	688	57	306	29678501
2324	3418	705	56	307	29678511
2406	3397	729	56	307	29678521
2523	3361	754	56	307	29678531
2663	3323	762	57	306	29678541
2810	3277	778	57	306	29678551
2946	3227	784	57	304	29678561
3063	3176	788	58	304	29678571
3151	3114	790	58	304	29678581
3202	3045	795	59	303	29678591
3220	2972	801	59	301	29678601
3206	2904	814	60	299	29678611
3163	2836	818	60	298	29678621
3097	2779	822	60	298	29678631
3008	2729	822	61	297	29678641
2897	2684	823	62	295	29678651
2774	2641	829	62	295	29678661
2648	2602	832	62	294	29678671
2527	2562	837	62	294	29678681
2421	2526	847	62	294	29678691
2338	2498	852	63	295	29678701
2275	2476	853	63	295	29678711
2238	2466	845	63	296	29678721
2220	2466	744	62.3333	297.333	29678751
2235	2475	230	62	300	29678770
30
3479	3050	192	64	292	29679045
3486	3066	433	64	292	29679055
3479	3080	520	64	292	29679065
3465	3094	638	64	292	29679075
3445	3119	684	64	292	29679085
3423	3127	720	64	292	29679095
3397	3127	752	64	292	29679105
3364	3118	772	64	292	29679115
3330	3094	794	64	292	29679125
3295	3058	814	64	292	29679135
3266	3015	830	64	292	29679145
3248	2972	833	64	292	29679155
3239	2930	838	64	294	29679165
3245	2897	844	64	294	29679175
3265	2871	844	64	296	29679185
3299	2856	847	64	296	29679195
3349	2856	851	64	296	29679205
3407	2863	852	64	296	29679215
3466	2884	853	64	296	29679225
3518	2915	858	64	296	29679235
3554	2948	854	64	296	29679245
3570	2986	852	64	296	29679255
3570	3029	845	64	296	29679265
3547	3074	832	64	296	29679275
3508	3122	815	64	296	29679285
3453	3164	794	64	296	29679295
3394	3194	738	64	296	29679305
3341	3209	642	64	296	29679315
3300	3209	509	64	296	29679325
3273	3186	88	64	296	29679345
14
3700	3076	394	62	303	29679521
3647	3053	490	62	303	29679531
3620	3045	614	62	303	29679541
3599	3045	710	62	303	29679551
3585	3045	791	63	301	29679571
3605	3053	850	63	299	29679581
3656	3067	864	63	297	29679591
3734	3085	898	63	297	29679601
3841	3106	903	64	296	29679611
3960	3126	902	64	294	29679621
4081	3141	897	64	294	29679631
4191	3151	851	65	293	29679641
4277	3151	765	66	290	29679651
4336	3151	273	66	288	29679671
